/group/IMA/4
4
center_x -0.273438 radius 1.7 center_y -0.492188 center_x_in_pixels -0.5 pathId 700 center_y_in_pixels -0.9 creation_method make_circle shifted_origin {-131.875 45.125 -773.375} creation_type levelset pos {129.686954 132.176263 280.268952} bulk_scale_factor 0.1 nrm {-0.671722 0.726628 -0.144226} xhat {0.000000 0.194689 0.980865} posId 4
-0.255300 17.725500 -49.164200
-0.233400 17.744400 -49.170601
-0.212200 17.761801 -49.181900
-0.192300 17.777000 -49.197701
-0.174300 17.789700 -49.217499
-0.158800 17.799500 -49.240799
-0.146200 17.805901 -49.266899
-0.136900 17.808901 -49.294800
-0.131200 17.808399 -49.323898
-0.129300 17.804399 -49.353199
-0.131200 17.796900 -49.381802
-0.136900 17.786301 -49.408901
-0.146200 17.772800 -49.433601
-0.158800 17.756901 -49.455200
-0.174300 17.739000 -49.473000
-0.192300 17.719700 -49.486500
-0.212200 17.699600 -49.495300
-0.233400 17.679199 -49.499100
-0.255300 17.659300 -49.497700
-0.277100 17.640301 -49.491299
-0.298300 17.622999 -49.480099
-0.318200 17.607700 -49.464298
-0.336200 17.594999 -49.444401
-0.351700 17.585300 -49.421101
-0.364300 17.578800 -49.395100
-0.373600 17.575800 -49.367100
-0.379300 17.576300 -49.338001
-0.381200 17.580400 -49.308800
-0.379300 17.587799 -49.280102
-0.373600 17.598400 -49.253101
-0.364300 17.611900 -49.228401
-0.351700 17.627800 -49.206799
-0.336200 17.645700 -49.188999
-0.318200 17.665001 -49.175499
-0.298300 17.685200 -49.166698
-0.277100 17.705500 -49.162899

/group/IMA/19
19
center_x -0.273438 radius 1.7 center_y -0.492188 center_x_in_pixels -0.5 pathId 700 center_y_in_pixels -0.9 creation_method make_circle shifted_origin {-131.875 45.125 -773.375} creation_type levelset pos {122.070787 141.679271 277.643300} bulk_scale_factor 0.1 nrm {-0.467824 0.796165 -0.383746} xhat {0.000000 0.434190 0.900821} posId 19
-1.023900 18.721600 -49.434700
-0.997800 18.732901 -49.443001
-0.972500 18.741699 -49.455700
-0.948800 18.747601 -49.472401
-0.927300 18.750401 -49.492699
-0.908800 18.750099 -49.515800
-0.893800 18.746799 -49.541100
-0.882700 18.740400 -49.567902
-0.876000 18.731199 -49.595200
-0.873700 18.719500 -49.622299
-0.876000 18.705500 -49.648399
-0.882700 18.689899 -49.672600
-0.893800 18.672899 -49.694302
-0.908800 18.655199 -49.712700
-0.927300 18.637300 -49.727299
-0.948800 18.619699 -49.737701
-0.972500 18.603001 -49.743500
-0.997800 18.587601 -49.744598
-1.023900 18.573999 -49.740898
-1.050000 18.562700 -49.732601
-1.075300 18.553900 -49.719898
-1.099000 18.548100 -49.703201
-1.120500 18.545200 -49.682899
-1.139000 18.545500 -49.659801
-1.154000 18.548901 -49.634499
-1.165100 18.555201 -49.607700
-1.171900 18.564400 -49.580399
-1.174200 18.576200 -49.553299
-1.171900 18.590099 -49.527199
-1.165100 18.605700 -49.502998
-1.154000 18.622700 -49.481300
-1.139000 18.640400 -49.462898
-1.120500 18.658300 -49.448299
-1.099000 18.675900 -49.437901
-1.075300 18.692699 -49.432098
-1.050000 18.708099 -49.431000

/group/IMA/32
32
center_x 0.0 radius 1.7 center_y 0.0 center_x_in_pixels 0 pathId 700 center_y_in_pixels 0 creation_method make_circle shifted_origin {-131.875 45.125 -773.375} creation_type levelset pos {118.502926 147.865289 271.992770} bulk_scale_factor 0.1 nrm {-0.327106 0.348073 -0.878548} xhat {0.000000 0.929693 0.368336} posId 32
-1.337200 19.457100 -50.075600
-1.309300 19.458200 -50.085499
-1.282300 19.454599 -50.097099
-1.256900 19.446100 -50.109798
-1.233900 19.433300 -50.123501
-1.214100 19.416300 -50.137600
-1.198100 19.395800 -50.151699
-1.186200 19.372299 -50.165401
-1.179000 19.346600 -50.178299
-1.176600 19.319500 -50.189899
-1.179000 19.291800 -50.200001
-1.186200 19.264200 -50.208199
-1.198100 19.237700 -50.214298
-1.214100 19.213100 -50.218102
-1.233900 19.191099 -50.219398
-1.256900 19.172400 -50.218300
-1.282300 19.157499 -50.214699
-1.309300 19.146900 -50.208900
-1.337200 19.141001 -50.200802
-1.365100 19.139799 -50.190899
-1.392200 19.143499 -50.179401
-1.417500 19.151899 -50.166599
-1.440500 19.164801 -50.153000
-1.460300 19.181700 -50.138901
-1.476300 19.202299 -50.124802
-1.488200 19.225700 -50.111099
-1.495400 19.251400 -50.098202
-1.497900 19.278500 -50.086498
-1.495400 19.306299 -50.076401
-1.488200 19.333799 -50.068199
-1.476300 19.360300 -50.062099
-1.460300 19.384899 -50.058399
-1.440500 19.406900 -50.056999
-1.417500 19.425699 -50.058102
-1.392200 19.440500 -50.061699
-1.365100 19.451099 -50.067600

/group/IMA/38
38
center_x 0.0 center_y 0.0 center_x_in_pixels 0 pathId 700 center_y_in_pixels 0 replaced_with_circle 1 creation_method threshold shifted_origin {-131.875 45.125 -773.375} creation_type threshold threshold_value 120 pos {117.221881 148.451407 267.811730} bulk_scale_factor 0.1 nrm {-0.251600 -0.036438 -0.967145} xhat {0.000000 0.999291 -0.037649} scale_factor 1.12684 posId 38
-1.429200 19.444901 -50.569000
-1.408900 19.442801 -50.574200
-1.389200 19.437201 -50.579102
-1.370800 19.428101 -50.583599
-1.354100 19.415899 -50.587502
-1.339700 19.400900 -50.590599
-1.328000 19.383499 -50.592999
-1.319400 19.364401 -50.594501
-1.314100 19.344000 -50.595200
-1.312300 19.323000 -50.594799
-1.314100 19.302099 -50.593601
-1.319400 19.281799 -50.591400
-1.328000 19.262800 -50.588501
-1.339700 19.245701 -50.584801
-1.354100 19.231001 -50.580502
-1.370800 19.219101 -50.575699
-1.389200 19.210400 -50.570599
-1.408900 19.205099 -50.565300
-1.429200 19.203501 -50.559898
-1.449500 19.205500 -50.554699
-1.469200 19.211100 -50.549801
-1.487700 19.220200 -50.545300
-1.504400 19.232401 -50.541500
-1.518800 19.247499 -50.538300
-1.530400 19.264799 -50.535900
-1.539100 19.284000 -50.534401
-1.544300 19.304300 -50.533798
-1.546100 19.325300 -50.534100
-1.544300 19.346201 -50.535301
-1.539100 19.366501 -50.537498
-1.530400 19.385500 -50.540401
-1.518800 19.402599 -50.544102
-1.504400 19.417400 -50.548401
-1.487700 19.429300 -50.553200
-1.469200 19.438000 -50.558300
-1.449500 19.443199 -50.563702

/group/IMA/48
48
center_x 0.0 center_y 0.0 center_x_in_pixels 0 pathId 700 center_y_in_pixels 0 replaced_with_circle 1 creation_method threshold shifted_origin {-131.875 45.125 -773.375} creation_type threshold threshold_value 120 pos {115.973995 147.627618 262.320996} bulk_scale_factor 0.1 translation_in_x 0.0 translation_in_y -0.2 nrm {-0.181935 -0.232827 -0.955349} xhat {0.000000 0.971563 -0.236779} scale_factor 1.0303 posId 48
-1.562200 19.397800 -51.140598
-1.537300 19.394501 -51.144501
-1.513200 19.387100 -51.147301
-1.490500 19.375700 -51.148800
-1.470100 19.360600 -51.149101
-1.452400 19.342400 -51.147999
-1.438100 19.321600 -51.145599
-1.427600 19.298700 -51.142101
-1.421100 19.274599 -51.137402
-1.418900 19.249901 -51.131802
-1.421100 19.225500 -51.125401
-1.427600 19.201900 -51.118500
-1.438100 19.180000 -51.111099
-1.452400 19.160400 -51.103600
-1.470100 19.143801 -51.096199
-1.490500 19.130501 -51.089100
-1.513200 19.121099 -51.082500
-1.537300 19.115700 -51.076599
-1.562200 19.114700 -51.071602
-1.587100 19.117901 -51.067600
-1.611200 19.125401 -51.064899
-1.633800 19.136801 -51.063301
-1.654300 19.151800 -51.063099
-1.671900 19.170000 -51.064201
-1.686200 19.190901 -51.066502
-1.696800 19.213699 -51.070099
-1.703300 19.237801 -51.074699
-1.705400 19.262501 -51.080299
-1.703300 19.287001 -51.086700
-1.696800 19.310499 -51.093700
-1.686200 19.332399 -51.101002
-1.671900 19.351999 -51.108501
-1.654300 19.368700 -51.116001
-1.633800 19.381901 -51.123100
-1.611200 19.391399 -51.129700
-1.587100 19.396700 -51.135601

/group/IMA/71
71
center_x 0.0 center_y 0.0 center_x_in_pixels 0 pathId 700 center_y_in_pixels 0 replaced_with_circle 1 creation_method threshold shifted_origin {-131.875 45.125 -773.375} creation_type threshold threshold_value 120 pos {115.263833 146.137360 255.668686} bulk_scale_factor 0.1 translation_in_x 0.0 translation_in_y -0.2 nrm {-0.000781 -0.226730 -0.973957} xhat {0.000000 0.973958 -0.226730} scale_factor 1.0303 posId 71
-1.682700 19.260000 -51.801800
-1.657500 19.257900 -51.801300
-1.633100 19.251499 -51.799801
-1.610200 19.241100 -51.797401
-1.589500 19.226999 -51.794102
-1.571700 19.209600 -51.790100
-1.557200 19.189400 -51.785400
-1.546500 19.167101 -51.780201
-1.540000 19.143400 -51.774700
-1.537800 19.118900 -51.769001
-1.540000 19.094299 -51.763302
-1.546500 19.070601 -51.757801
-1.557200 19.048300 -51.752602
-1.571700 19.028099 -51.747898
-1.589500 19.010700 -51.743801
-1.610200 18.996599 -51.740501
-1.633100 18.986200 -51.738098
-1.657500 18.979900 -51.736599
-1.682700 18.977699 -51.736000
-1.707800 18.979900 -51.736500
-1.732200 18.986300 -51.737999
-1.755100 18.996700 -51.740398
-1.775800 19.010799 -51.743698
-1.793700 19.028200 -51.747700
-1.808200 19.048300 -51.752399
-1.818900 19.070601 -51.757599
-1.825400 19.094400 -51.763100
-1.827600 19.118900 -51.768799
-1.825400 19.143400 -51.774502
-1.818900 19.167200 -51.779999
-1.808200 19.189501 -51.785198
-1.793700 19.209600 -51.789902
-1.775800 19.226999 -51.793999
-1.755100 19.241100 -51.797298
-1.732200 19.251499 -51.799702
-1.707800 19.257900 -51.801201

/group/IMA/86
86
center_x 0.0 center_y 0.0 center_x_in_pixels 0 pathId 700 center_y_in_pixels 0 replaced_with_circle 1 creation_method threshold shifted_origin {-131.875 45.125 -773.375} creation_type threshold threshold_value 90 pos {115.262485 144.424872 250.244980} bulk_scale_factor 0.1 nrm {0.018401 -0.294300 -0.955536} xhat {0.000000 0.955698 -0.294350} scale_factor 1.05101 posId 86
-1.661500 19.117399 -52.362999
-1.631800 19.115101 -52.361698
-1.602900 19.107901 -52.359001
-1.575900 19.096001 -52.354801
-1.551400 19.079700 -52.349300
-1.530300 19.059601 -52.342701
-1.513200 19.036400 -52.335201
-1.500600 19.010599 -52.327000
-1.492800 18.983000 -52.318401
-1.490200 18.954599 -52.309601
-1.492800 18.926201 -52.300900
-1.500600 18.898500 -52.292500
-1.513200 18.872601 -52.284801
-1.530300 18.849100 -52.277901
-1.551400 18.828800 -52.271999
-1.575900 18.812300 -52.267399
-1.603000 18.800100 -52.264198
-1.631800 18.792601 -52.262402
-1.661500 18.789900 -52.262199
-1.691300 18.792299 -52.263500
-1.720100 18.799500 -52.266201
-1.747200 18.811399 -52.270401
-1.771700 18.827600 -52.275902
-1.792800 18.847700 -52.282501
-1.809900 18.871000 -52.290001
-1.822500 18.896799 -52.298199
-1.830200 18.924299 -52.306801
-1.832800 18.952801 -52.315601
-1.830200 18.981199 -52.324299
-1.822500 19.008801 -52.332699
-1.809900 19.034800 -52.340401
-1.792800 19.058201 -52.347301
-1.771700 19.078501 -52.353199
-1.747200 19.094999 -52.357800
-1.720100 19.107201 -52.361000
-1.691300 19.114799 -52.362801

/group/IMA/99
99
center_x 0.0 center_y 0.0 center_x_in_pixels 0 pathId 700 center_y_in_pixels 0 replaced_with_circle 1 creation_method threshold shifted_origin {-131.875 45.125 -773.375} creation_type threshold threshold_value 90 pos {115.494441 142.225447 244.961039} bulk_scale_factor 0.1 nrm {0.045598 -0.545282 -0.837011} xhat {0.000000 0.837883 -0.545850} scale_factor 1.05101 posId 99
-1.622100 18.843000 -52.910900
-1.593000 18.841600 -52.908401
-1.564900 18.836000 -52.903198
-1.538500 18.826300 -52.895401
-1.514600 18.812901 -52.885399
-1.494000 18.796101 -52.873299
-1.477300 18.776501 -52.859699
-1.465000 18.754700 -52.844799
-1.457400 18.731300 -52.829102
-1.454900 18.707001 -52.813099
-1.457400 18.682600 -52.797401
-1.465000 18.658800 -52.782299
-1.477300 18.636299 -52.768299
-1.494000 18.615900 -52.755901
-1.514600 18.598101 -52.745499
-1.538500 18.583500 -52.737202
-1.564900 18.572500 -52.731499
-1.593000 18.565500 -52.728500
-1.622100 18.562599 -52.728199
-1.651100 18.563999 -52.730701
-1.679200 18.569599 -52.735901
-1.705700 18.579300 -52.743599
-1.729500 18.592699 -52.753700
-1.750100 18.609501 -52.765701
-1.766800 18.629101 -52.779400
-1.779200 18.650999 -52.794300
-1.786700 18.674400 -52.810001
-1.789200 18.698700 -52.825901
-1.786700 18.723101 -52.841702
-1.779200 18.746901 -52.856800
-1.766800 18.769300 -52.870701
-1.750100 18.789801 -52.883099
-1.729500 18.807600 -52.893600
-1.705700 18.822201 -52.901798
-1.679200 18.833200 -52.907600
-1.651100 18.840200 -52.910599

/group/IMA/110
110
center_x 0.0 center_y 0.0 center_x_in_pixels 0 pathId 700 center_y_in_pixels 0 replaced_with_circle 1 creation_method threshold shifted_origin {-131.875 45.125 -773.375} creation_type threshold threshold_value 70 pos {115.742962 139.461625 241.204177} bulk_scale_factor 0.1 nrm {0.078383 -0.584941 -0.807280} xhat {0.000000 0.809771 -0.586746} posId 110
-1.606000 18.589199 -53.311001
-1.578600 18.588499 -53.307800
-1.552100 18.584000 -53.301899
-1.527100 18.575701 -53.293499
-1.504600 18.563900 -53.282799
-1.485100 18.549000 -53.270100
-1.469400 18.531401 -53.255798
-1.457700 18.511700 -53.240398
-1.450600 18.490499 -53.224300
-1.448200 18.468300 -53.208000
-1.450600 18.445900 -53.192101
-1.457700 18.424000 -53.176899
-1.469400 18.403200 -53.162998
-1.485100 18.384199 -53.150700
-1.504600 18.367500 -53.140499
-1.527100 18.353600 -53.132599
-1.552100 18.343100 -53.127399
-1.578600 18.336000 -53.124901
-1.606000 18.332800 -53.125198
-1.633400 18.333500 -53.128399
-1.660000 18.338100 -53.134201
-1.684900 18.346399 -53.142700
-1.707500 18.358101 -53.153400
-1.726900 18.372999 -53.166100
-1.742700 18.390600 -53.180401
-1.754300 18.410299 -53.195801
-1.761500 18.431601 -53.211899
-1.763900 18.453699 -53.228100
-1.761500 18.476101 -53.244099
-1.754300 18.497999 -53.259300
-1.742700 18.518801 -53.273201
-1.726900 18.537800 -53.285500
-1.707500 18.554501 -53.295700
-1.684900 18.568399 -53.303600
-1.660000 18.579000 -53.308800
-1.633400 18.586000 -53.311298

/group/IMA/125
125
center_x 0.0 center_y 0.0 center_x_in_pixels 0 pathId 700 center_y_in_pixels 0 replaced_with_circle 1 creation_method threshold shifted_origin {-131.875 45.125 -773.375} creation_type threshold threshold_value 70 pos {116.219709 137.772200 238.468548} bulk_scale_factor 0.1 nrm {0.192363 -0.505804 -0.840927} xhat {0.000000 0.856931 -0.515430} posId 125
-1.595000 18.406900 -53.567902
-1.568600 18.407499 -53.562199
-1.542900 18.404100 -53.554298
-1.518900 18.396799 -53.544399
-1.497100 18.385700 -53.532700
-1.478400 18.371201 -53.519699
-1.463200 18.353701 -53.505699
-1.452000 18.333900 -53.491199
-1.445100 18.312201 -53.476601
-1.442800 18.289301 -53.462299
-1.445100 18.266001 -53.448799
-1.452000 18.242901 -53.436501
-1.463200 18.220800 -53.425800
-1.478400 18.200300 -53.416901
-1.497100 18.181999 -53.410198
-1.518900 18.166500 -53.405899
-1.542900 18.154301 -53.403999
-1.568600 18.145700 -53.404701
-1.595000 18.141001 -53.408001
-1.621400 18.140400 -53.413601
-1.647100 18.143801 -53.421501
-1.671100 18.151100 -53.431400
-1.692800 18.162201 -53.443100
-1.711600 18.176701 -53.456100
-1.726800 18.194201 -53.470100
-1.738000 18.214001 -53.484600
-1.744900 18.235701 -53.499199
-1.747200 18.258600 -53.513500
-1.744900 18.281900 -53.527000
-1.738000 18.305000 -53.539299
-1.726800 18.327101 -53.549999
-1.711600 18.347601 -53.558899
-1.692800 18.365900 -53.565601
-1.671100 18.381399 -53.569901
-1.647100 18.393600 -53.571800
-1.621400 18.402201 -53.571098

