/group/LPA_001/0
0
posId 0
-2.55435340556 9.39829930046 -6.4263483657
-2.5355099789 9.40115115719 -6.4695652656
-2.51882670754 9.39465262345 -6.51003037319
-2.50583020675 9.37895221106 -6.54414979364
-2.49726773767 9.35551616536 -6.56982421462
-2.49305246116 9.32670420086 -6.58668004289
-2.49249641642 9.29516318194 -6.59567445947
-2.49470335844 9.26326213032 -6.59831785031
-2.49893988669 9.23273479495 -6.59589616502
-2.50483309496 9.20458312351 -6.58903387189
-2.51233787987 9.17918386668 -6.57774412234
-2.52152976387 9.15648101226 -6.56186458937
-2.53235624048 9.13615799817 -6.54159490198
-2.54448686453 9.11774752996 -6.51781919254
-2.55733980145 9.10070963177 -6.49202517507
-2.5702640333 9.08454510466 -6.46585183651
-2.58277214815 9.06898923767 -6.44049965976
-2.59469080609 9.05426140778 -6.41631905259
-2.606138281 9.04127070733 -6.39281249456
-2.61732960131 9.03164401311 -6.36908178871
-2.62830386842 9.02748067892 -6.34452339764
-2.63871727103 9.03084114203 -6.31943562792
-2.647822548 9.04310307127 -6.29522364298
-2.65466951678 9.06440834393 -6.27406713195
-2.65845177444 9.09342774692 -6.25816978488
-2.65884480715 9.12757415256 -6.24891932523
-2.65617123194 9.16363062209 -6.24634911934
-2.6512981688 9.19859310866 -6.24917165292
-2.64529086629 9.23043009266 -6.25540031359
-2.63896192269 9.25847963997 -6.26330297715
-2.63251274542 9.28333639306 -6.27226513926
-2.625434253 9.30627634474 -6.28316172346
-2.6167273673 9.3284469767 -6.29804091559
-2.60536608849 9.35014063796 -6.31922236297
-2.59081768335 9.37043289423 -6.34817319256

/group/LPA_001/3
3
posId 3
-2.57800731454 9.44963966664 -6.46247897428
-2.56085958201 9.44395068802 -6.50240396327
-2.54612999423 9.43291881202 -6.53804213915
-2.53403224423 9.4174637339 -6.56871041191
-2.52437448009 9.39852967048 -6.59463514784
-2.51673405775 9.37691288441 -6.61659567061
-2.51067366591 9.35317967876 -6.63545465952
-2.5059299979 9.32769040886 -6.65172729977
-2.50251810441 9.3007090324 -6.66532193875
-2.50072315756 9.27254928712 -6.67552670957
-2.50098763883 9.24369669757 -6.68123733842
-2.50373483858 9.21485404064 -6.68134535045
-2.50918910834 9.18688408185 -6.67515605744
-2.5172537407 9.16065918248 -6.66269690917
-2.52748868577 9.13686149229 -6.64481143825
-2.53919835631 9.11579888267 -6.62300142917
-2.55160436256 9.09730319857 -6.59905951042
-2.56405006563 9.08075743679 -6.57460178749
-2.57617205455 9.06526224809 -6.55064463217
-2.58798190992 9.04990999684 -6.52736033238
-2.59982775303 9.03409897365 -6.504095141
-2.61224148272 9.01780224477 -6.47965510359
-2.62571343179 9.0017112707 -6.45278298662
-2.64046055857 8.98720333137 -6.42268830535
-2.65625956112 8.97612668778 -6.38947074407
-2.67240033513 8.97044618943 -6.35430261553
-2.68778211798 8.97183114762 -6.31930207359
-2.70113374403 8.98128556863 -6.28711709954
-2.71130245528 8.99891272319 -6.26032547681
-2.71753354719 9.02387323266 -6.24081313629
-2.71966257586 9.05454697151 -6.22930518883
-2.7181635878 9.08885724222 -6.22518626433
-2.71403513645 9.12467488583 -6.2266692932
-2.70855016111 9.16020123602 -6.23127600755
-2.70293370904 9.19423701386 -6.2365051457
-2.69805323332 9.22627686313 -6.24051040364
-2.69420380666 9.25641703129 -6.24260512492
-2.69104554621 9.28511343264 -6.2434563437
-2.68770971507 9.31286540337 -6.24491457594
-2.68304466212 9.33991677204 -6.24952438194
-2.67593553848 9.36605658497 -6.25984672096
-2.6656128332 9.39057032665 -6.27777362846
-2.65186925758 9.41234827293 -6.3040152885
-2.63513083945 9.43011352619 -6.33788981216
-2.6163686261 9.44270071398 -6.37746149165

/group/LPA_001/6
6
posId 6
-2.68342016179 9.47625223936 -6.46698294085
-2.66732207698 9.48203847834 -6.50042280346
-2.65178325745 9.48467881857 -6.53323016633
-2.6370350952 9.48382199771 -6.56497254873
-2.6232345719 9.4791786207 -6.59536572754
-2.61047750094 9.47056518386 -6.62423746285
-2.59882040842 9.45793650067 -6.65147480474
-2.58830569409 9.4414024957 -6.6769671841
-2.57898433908 9.42122764323 -6.70055787693
-2.57093115227 9.39781377438 -6.72201443855
-2.56424922069 9.37166919376 -6.74102472192
-2.55906252812 9.34336871405 -6.7572198696
-2.5554981961 9.31351011995 -6.77022017522
-2.55366201145 9.28267262235 -6.77969496617
-2.55361241825 9.2513821108 -6.78542455374
-2.55533867604 9.22008663214 -6.78735142179
-2.55874830974 9.18914377671 -6.78560937408
-2.56366738873 9.15881984548 -6.7805230863
-2.56985484904 9.12929909138 -6.77257576912
-2.57702942899 9.10070020692 -6.76234851298
-2.58490530444 9.07309670166 -6.75044030046
-2.59323064654 9.04653789735 -6.73738164819
-2.60182244066 9.02106787526 -6.72355662461
-2.61059119038 8.996740663 -6.70914720831
-2.61955057147 8.97363101925 -6.69411067257
-2.6288094774 8.95184113475 -6.6781954184
-2.6385468217 8.93150422616 -6.66099429828
-2.64897243755 8.91278624242 -6.64202805684
-2.66027992732 8.89588671274 -6.62084616787
-2.67259891747 8.88103922169 -6.59712901197
-2.68595456901 8.8685112569 -6.57077462644
-2.70024128273 8.85860244424 -6.54195534212
-2.71521544412 8.85163967059 -6.51113419915
-2.73050910295 8.8479674626 -6.47903737637
-2.74566315206 8.84793233205 -6.44658594071
-2.76017540752 8.85186060518 -6.41479685077
-2.77355652466 8.86003041478 -6.38466822648
-2.78538532775 8.87263985247 -6.35706656445
-2.79535512205 8.88977450508 -6.33263337858
-2.80330390801 8.91137847705 -6.31172569338
-2.80922391744 8.93723331417 -6.29439940665
-2.81324913634 8.96694886058 -6.28043765675
-2.81562294201 8.99996898518 -6.26941911023
-2.81665109743 9.03559341118 -6.26081471768
-2.81664760872 9.07301479655 -6.25409701536
-2.81588199525 9.11136804735 -6.24884420247
-2.81453618575 9.14978693894 -6.24482228771
-2.81267760282 9.18746179083 -6.24203237329
-2.81025231559 9.22369143283 -6.24071598183
-2.80709887602 9.25792313826 -6.24131824448
-2.80298015016 9.28977556556 -6.24441560003
-2.79762765281 9.31904187685 -6.25062027622
-2.7907910432 9.34567280185 -6.26047732082
-2.78228482612 9.36974211456 -6.27437077909
-2.77202500113 9.39139939204 -6.29245368643
-2.76005026637 9.41081666813 -6.31461224008
-2.74652507325 9.42813641415 -6.34046860506
-2.73172487258 9.44342804449 -6.36942033137
-2.71600677045 9.45665888615 -6.40070842201

/group/LPA_001/9
9
posId 9
-2.76447948754 9.45177495196 -6.57727184085
-2.74295828625 9.45303682516 -6.61905240545
-2.72207379694 9.45055374619 -6.66001788196
-2.70243431309 9.44418826634 -6.69899890652
-2.68457728804 9.43389495921 -6.73495366449
-2.66893075791 9.41974192388 -6.76704059776
-2.65578434052 9.40192334733 -6.79467347332
-2.64527258638 9.38076073111 -6.81755367648
-2.63737220275 9.3566916475 -6.83567689532
-2.63191325764 9.33024634698 -6.84931395122
-2.62860305348 9.30201401725 -6.85896812368
-2.62706009292 9.27260181425 -6.86531363613
-2.62685457924 9.24259078252 -6.86912176541
-2.62755130421 9.21249332579 -6.87118212433
-2.6287506367 9.18271690192 -6.87222693731
-2.63012364338 9.15353808275 -6.87286556988
-2.63143810602 9.12509008928 -6.87353526174
-2.63257325876 9.09736549395 -6.87447211128
-2.63352232977 9.07023413322 -6.87570409041
-2.63438328983 9.04347458018 -6.87706549278
-2.63533943838 9.01681598538 -6.87823000162
-2.63663246024 8.98998588301 -6.87875774749
-2.63853125875 8.96275882403 -6.87815049973
-2.64130014787 8.93500052753 -6.87590861575
-2.64516984919 8.90670266326 -6.87158358985
-2.65031422094 8.87800434926 -6.86482094478
-2.65683481842 8.84919786415 -6.85538965967
-2.66475435809 8.82071777533 -6.84319613668
-2.67401905912 8.79311448313 -6.82828264373
-2.68450879965 8.76701487259 -6.81081199786
-2.69605317279 8.74307415956 -6.79104175562
-2.70845095451 8.72192395899 -6.76929218604
-2.72149026123 8.70412198605 -6.74591271466
-2.73496679446 8.69010858417 -6.7212513187
-2.74869801432 8.68017448642 -6.69563057752
-2.76253178434 8.67444295031 -6.66933286081
-2.77634888779 8.67286780892 -6.64259564815
-2.7900597135 8.67524723608 -6.61561642193
-2.80359622864 8.6812513296 -6.58856517259
-2.81690098929 8.69046016527 -6.56160148519
-2.82991530755 8.70240792541 -6.53489257932
-2.84256875101 8.7166281728 -6.50862862358
-2.85477189359 8.73269537377 -6.48303214202
-2.86641370483 8.75025835834 -6.45835930052
-2.8773642313 8.76906246249 -6.43489216908
-2.88748239116 8.78895849367 -6.41292251968
-2.89662788516 8.8098982275 -6.39272913481
-2.90467553781 8.83191769355 -6.37455176831
-2.911529919 8.85511086056 -6.35856565026
-2.91713792639 8.8795973323 -6.34486064423
-2.92149716449 8.90548820628 -6.33342880147
-2.92465842396 8.93285427563 -6.32416314184
-2.92672129253 8.96170028191 -6.31686912748
-2.92782282751 8.99194802398 -6.31128864706
-2.92812017689 9.02342991665 -6.30713460171
-2.92776892698 9.05589323106 -6.30413260296
-2.92689966155 9.08901390706 -6.30206506764
-2.92559564096 9.12241767471 -6.30081230116
-2.92387458414 9.15570539538 -6.30038510922
-2.92167723706 9.18847913144 -6.30094410637
-2.91886476041 9.22036551705 -6.30280215123
-2.91522603188 9.25103351568 -6.30640810503
-2.91049483799 9.28020453613 -6.31231219275
-2.90437575536 9.30765401895 -6.32111540565
-2.89657642992 9.33320484534 -6.33340736899
-2.88684308834 9.35671409707 -6.34969866822
-2.87499556962 9.37805565374 -6.37035458268
-2.86095802064 9.39710172458 -6.39553738697
-2.84478168796 9.41370659579 -6.42516379744
-2.82665693871 9.42769560173 -6.45888280749
-2.80691268734 9.43886163369 -6.49607720078

/group/LPA_001/12
12
posId 12
-2.85577565689 9.42341270348 -6.6097934341
-2.8338265749 9.42851534223 -6.64424196638
-2.81136700071 9.43097899375 -6.67944437209
-2.78903154422 9.4305513926 -6.71440284937
-2.76747199325 9.4269338581 -6.74809190789
-2.74730520147 9.41981219481 -6.77954047994
-2.72906396743 9.40889382491 -6.80790945588
-2.71315609075 9.39394681914 -6.83255645086
-2.6998358853 9.3748361991 -6.85308102374
-2.68919104021 9.35155314756 -6.86934574714
-2.68114601071 9.32423355232 -6.8814712176
-2.67548128742 9.29316352916 -6.88980598444
-2.67186614981 9.25877107261 -6.89487513151
-2.66990105419 9.22160458961 -6.89731355093
-2.6691648069 9.18230058626 -6.89779153967
-2.66926123903 9.14154402071 -6.89694105037
-2.66986027516 9.10002565603 -6.89529066705
-2.67072904709 9.05840104905 -6.89321619295
-2.67174994948 9.01725555844 -6.89091178424
-2.67292411464 8.97707898175 -6.888384075
-2.67436050912 8.93825223059 -6.88546901752
-2.67625252058 8.90104697394 -6.88186852917
-2.6788453128 8.86563760078 -6.8772018029
-2.68239821817 8.83212336874 -6.87106456146
-2.68714689852 8.80055739429 -6.86308879148
-2.69326989072 8.77097835013 -6.85299565999
-2.70086348599 8.74344046187 -6.84063535525
-2.70992776118 8.71803767219 -6.82600936934
-2.72036513018 8.69491863038 -6.80927302319
-2.73199119572 8.67429037322 -6.79071854137
-2.74455615199 8.65641003878 -6.77074140448
-2.7577737031 8.64156551834 -6.74979474558
-2.7713535771 8.63004740919 -6.72833796865
-2.78503333333 8.62211580312 -6.70678638466
-2.79860532514 8.61796618527 -6.68546841646
-2.81193536363 8.61769893256 -6.66459585755
-2.82497074114 8.62129655938 -6.64425092086
-2.83773667396 8.62861199803 -6.62439160648
-2.85032173396 8.63936992378 -6.60487453093
-2.86285426926 8.65318159063 -6.58549209497
-2.87547298425 8.66957201892 -6.56601900663
-2.88829561393 8.68801686686 -6.54626195405
-2.90138988905 8.70798510628 -6.52610579145
-2.91475071541 8.72898285819 -6.50555001699
-2.92828671526 8.75059352082 -6.48473053082
-2.9418180974 8.77250967265 -6.46392351688
-2.95508638292 8.79455311814 -6.44353056148
-2.96777499458 8.81668076268 -6.42404652183
-2.97953830973 8.83897560192 -6.40601388941
-2.99003565836 8.86162380117 -6.38996917314
-2.99896606008 8.88488042434 -6.37638793107
-3.00609932791 8.90902766157 -6.36563536076
-3.0112995488 8.93433024837 -6.35792877582
-3.0145378382 8.96099306742 -6.35331691107
-3.01589255571 8.98912564263 -6.35167897558
-3.01553670475 9.0187174076 -6.35274395377
-3.01371383532 9.04962635681 -6.35612813451
-3.0107052285 9.08158211919 -6.36138653606
-3.00679228312 9.11420281673 -6.36807207846
-3.00221870487 9.14702348495 -6.37579526374
-2.99715722517 9.17953252422 -6.38427690264
-2.99168512913 9.21121177475 -6.39338711306
-2.98577189361 9.2415754659 -6.40316534097
-2.97928083965 9.27020351822 -6.41381834517
-2.97198504961 9.29676544411 -6.4256956894
-2.96359608483 9.32103230455 -6.4392449906
-2.9538024676 9.34287568486 -6.45495165835
-2.9423136526 9.3622542709 -6.47326982777
-2.92890445915 9.3791901394 -6.49455239473
-2.91345476124 9.39373813945 -6.51898835607
-2.89597966656 9.40595258268 -6.54655499308

/group/LPA_001/15
15
posId 15
-2.97889371825 9.66402297107 -6.59514958981
-2.98123072942 9.70866529181 -6.60010248618
-2.99404639583 9.73965375616 -6.59095034696
-3.01372646186 9.75247557375 -6.5709920298
-3.03472229112 9.75012999662 -6.54697791032
-3.05327299411 9.73981486661 -6.52436057432
-3.06949277794 9.72821756369 -6.50414726979
-3.08616191124 9.71864214064 -6.48377191655
-3.10543474556 9.71087864357 -6.46077567822
-3.12637167176 9.7025201983 -6.43580665681
-3.14525031909 9.69024720447 -6.41248795357
-3.15804324977 9.67090967355 -6.39481460911
-3.16271118007 9.64304161623 -6.3848314108
-3.15954032347 9.60863441525 -6.38255462345
-3.14983661059 9.57364252948 -6.38752659269
-3.13471276077 9.54579688991 -6.39980868039
-3.11516119417 9.5304147196 -6.41918764311
-3.09288812042 9.52719373941 -6.44369302788
-3.07044442951 9.53092813209 -6.46957153924
-3.05005292545 9.53612985115 -6.49339097708
-3.0322243538 9.54203535388 -6.51444719178
-3.0158436438 9.5536947896 -6.53485205541
-3.00007695001 9.57783411509 -6.55668572181

/group/LPA_001/18
18
posId 18
-2.93681338207 9.67998605605 -6.7470964042
-2.92519170374 9.71663218324 -6.76673979412
-2.91893983023 9.74915482818 -6.78052977467
-2.9201222264 9.77559284127 -6.78612138964
-2.930001022 9.79503673192 -6.78215386321
-2.94858544772 9.8076308681 -6.76865524114
-2.97448498752 9.81432368206 -6.74711124042
-3.00513357273 9.81646492092 -6.72016284567
-3.03734090311 9.8153850496 -6.69100603126
-3.06802471387 9.81208219311 -6.66265626037
-3.09491794135 9.80709252846 -6.63728165358
-3.11704760647 9.80054994808 -6.61578851469
-3.13484809497 9.79237537338 -6.59776736842
-3.14988021295 9.78249773396 -6.58180052556
-3.16424482506 9.77100923982 -6.56602702884
-3.17986910602 9.75819466794 -6.54879014622
-3.19787676019 9.7444323908 -6.52917728665
-3.21822151179 9.73002106611 -6.50730509752
-3.23967735918 9.71501878047 -6.48428773217
-3.26016811071 9.69917854177 -6.46192507534
-3.2773184509 9.6820264372 -6.44222818531
-3.2890504573 9.66307071944 -6.42693691644
-3.29404955746 9.64207366874 -6.41717042912
-3.29197910605 9.61928523859 -6.41329353394
-3.28341185034 9.59554187668 -6.415003021
-3.26953815084 9.57217569352 -6.42156648798
-3.25177437152 9.55074463351 -6.43210566345
-3.23141098925 9.53266053558 -6.4458184162
-3.20940671386 9.51883478937 -6.46207424237
-3.18636763072 9.50946397484 -6.48037903623
-3.1626756986 9.50403735762 -6.50026173309
-3.1386768296 9.50157651678 -6.52116592238
-3.11482445032 9.50103822289 -6.54242246291
-3.0917035676 9.50175200142 -6.56333799441
-3.06992006928 9.50374489079 -6.58337593016
-3.04990587879 9.50783576578 -6.60235493647
-3.03173592876 9.51545194703 -6.62056693702
-3.01505872087 9.52820948308 -6.63873378527
-2.99920447031 9.54737666208 -6.65777528987
-2.983466241 9.57338211451 -6.67843331302
-2.96747523729 9.6055200732 -6.70086103124

/group/LPA_001/21
21
posId 21
-2.962902714 9.61186304862 -6.82116716406
-2.94278944697 9.6421335498 -6.84703812719
-2.92608105538 9.67202313458 -6.86972239361
-2.91455505257 9.70004917106 -6.88723350811
-2.90955316311 9.72528828085 -6.89812125958
-2.91173307673 9.74741300785 -6.90170625704
-2.92097252642 9.76655759541 -6.89813325239
-2.93643501409 9.78306944256 -6.88824897177
-2.95676750118 9.79723518001 -6.87335376861
-2.98037211953 9.80907450145 -6.85490312067
-3.00568301185 9.8182700447 -6.83423868427
-3.03138720829 9.82425564549 -6.81240997918
-3.05655115642 9.8264324532 -6.79011387479
-3.08064443086 9.82443904481 -6.76774099459
-3.1034800935 9.81838131191 -6.7454876682
-3.12510929262 9.80893712853 -6.72347793469
-3.14571166728 9.79728730279 -6.70184566792
-3.16551330349 9.78487742682 -6.68074916535
-3.18474502015 9.77306910928 -6.66032130788
-3.2036329615 9.7627773099 -6.64058689739
-3.22239839004 9.75420105538 -6.62139512544
-3.24123955753 9.74673365344 -6.60241345134
-3.26027700313 9.7390909189 -6.58320950597
-3.27946162863 9.7296350853 -6.56341599677
-3.29846602831 9.71681537934 -6.5429401523
-3.31659600937 9.69961022556 -6.52215524789
-3.33276437795 9.67785160114 -6.5020059707
-3.34555961392 9.65234114582 -6.48397527676
-3.35341936738 9.62472262836 -6.46989482102
-3.3548885868 9.59714114485 -6.46162492733
-3.34891323223 9.57177759249 -6.46067088941
-3.33510200464 9.55038112682 -6.46782779901
-3.31388702186 9.53392274807 -6.48294757064
-3.28653203715 9.5224596342 -6.50489736358
-3.25497032715 9.51524168363 -6.53173353834
-3.22149568773 9.51102523266 -6.56106106014
-3.18836827889 9.50850267246 -6.59049934763
-3.15742180827 9.50672634807 -6.61814546839
-3.12976240728 9.50540892744 -6.64292303194
-3.10563058712 9.50501894371 -6.66473153124
-3.08446000735 9.50664878409 -6.68435979529
-3.06511970906 9.51169625479 -6.70318601319
-3.04628192869 9.52145194381 -6.72274006785
-3.02682710061 9.53670875415 -6.74423768544
-3.00618907705 9.55750088821 -6.76820140919

/group/LPA_001/24
24
posId 24
-3.10368574146 9.76572376839 -6.88504278726
-3.06555386244 9.76404618379 -6.92311180375
-3.02981459914 9.75630418116 -6.95742670761
-2.99951919373 9.74247173378 -6.98490581805
-2.97703094908 9.72359344347 -7.00339790355
-2.96361632301 9.70148841758 -7.0120288585
-2.95930704526 9.67825566407 -7.01123123801
-2.96304149789 9.65574377113 -7.00248436631
-2.97301990142 9.63515029082 -6.98786761554
-2.98716010869 9.61686466453 -6.96956616245
-3.00353057701 9.60058187805 -6.94945966795
-3.0206632088 9.58562279309 -6.9288778003
-3.03769868099 9.57133239733 -6.90854186888
-3.05437174189 9.55741012141 -6.8886527503
-3.07088538209 9.54406086482 -6.86905115947
-3.087739193 9.53192733942 -6.84937570591
-3.10556727144 9.52184689879 -6.82917248292
-3.12501323142 9.51453923672 -6.80795194981
-3.14663867725 9.51035286362 -6.7852250905
-3.17084127107 9.50917119254 -6.76056522412
-3.1977579573 9.51051418725 -6.73372805953
-3.22714759553 9.51379333556 -6.70482644105
-3.25827601342 9.51861548686 -6.67451346898
-3.28985106619 9.52500830786 -6.64409786207
-3.32006215327 9.53346590678 -6.61551421851
-3.34676068221 9.54477894602 -6.59110349392
-3.36777788342 9.55969586782 -6.57321764029
-3.38132643224 9.57853068653 -6.56372793423
-3.38639041038 9.6008622827 -6.56356531086
-3.38299140998 9.62544790847 -6.5724329649
-3.37223701376 9.65040555192 -6.58879783844
-3.35610993543 9.67362833212 -6.6101948976
-3.33702829919 9.6933106383 -6.63378685199
-3.31727822503 9.70841986743 -6.65704056109
-3.2984660939 9.71895669557 -6.67833680112
-3.2811429629 9.72590963385 -6.69733883013
-3.26471320998 9.7309064471 -6.715007336
-3.24766353103 9.73566405219 -6.73324784159
-3.2280584994 9.74140656901 -6.75428234315
-3.20417177374 9.74843497195 -6.77991775481
-3.17508120674 9.75598591376 -6.81091474221

/group/LPA_001/27
27
posId 27
-3.24296560071 9.5791145189 -6.91333900714
-3.2806008012 9.60720092502 -6.87908079728
-3.30647500154 9.60279524495 -6.8505253866
-3.32294040175 9.61633120995 -6.83580072986
-3.341758002 9.60041851708 -6.81235218317

/group/LPA_001/30
30
posId 30
-3.29067160696 9.00991068726 -6.99003294727
-3.26163099229 9.01544131467 -7.02337256529
-3.23162677789 9.01742362667 -7.05702095432
-3.20158515283 9.01619971021 -7.09002561332
-3.17233326305 9.01212145348 -7.12154580981
-3.14453694274 9.00548979512 -7.15090855014
-3.11866353427 8.99650934648 -7.17764005329
-3.09497376828 8.98526562022 -7.20146987623
-3.07354203681 8.97172816122 -7.22230913377
-3.05429997675 8.95577843638 -7.24020819694
-3.03709482555 8.93725716831 -7.25530218854
-3.02175207704 8.91602260729 -7.26775405444
-3.00813184229 8.89200955815 -7.27770476693
-2.99616997749 8.86527907424 -7.28523840163
-2.98589814121 8.83605054132 -7.29036678359
-2.97744090298 8.8047110451 -7.29303469078
-2.97099212751 8.77180085843 -7.29314290343
-2.96677637914 8.7379778862 -7.29058334438
-2.96500343055 8.70396726647 -7.28527868325
-2.9658247467 8.67050447377 -7.27721836477
-2.96929996906 8.63828086981 -7.26648408655
-2.97537916289 8.60789965233 -7.25326004378
-2.98390338061 8.57984780787 -7.23782631176
-2.99462256427 8.55448646395 -7.22053696021
-3.00722662664 8.53205858886 -7.20178728144
-3.02138329635 8.51270995499 -7.1819763627
-3.0367753785 8.49651721871 -7.16147182678
-3.05313059746 8.48351622973 -7.14058283549
-3.07023900538 8.47372435502 -7.1195455831
-3.087955662 8.46715250099 -7.09852289798
-3.10618935917 8.46380522192 -7.07761675153
-3.12488096041 8.46367024064 -7.05689000418
-3.14397690168 8.46670126921 -7.03639207786
-3.16340417205 8.47279967699 -7.01618274336
-3.18305252596 8.4818009655 -6.99634892712
-3.20276790196 8.49347108459 -6.97701121163
-3.22235840993 8.50751554065 -6.958319152
-3.2416113399 8.5236014196 -6.94043714768
-3.26031704541 8.54138944866 -6.92352484691
-3.27829380923 8.56057066731 -6.90771744848
-3.29540729156 8.58090071396 -6.89311149287
-3.31157903118 8.60222452129 -6.87976072593
-3.32678058408 8.62448545496 -6.86768454228
-3.34101285678 8.64771545025 -6.85688876249
-3.35427345371 8.67200606834 -6.84739560549
-3.36651776508 8.69746399815 -6.83927726828
-3.37762147673 8.72415769565 -6.83268603725
-3.3873527499 8.75206396417 -6.82787367904
-3.39536131289 8.78102389658 -6.82519410473
-3.40118923565 8.81071654887 -6.82508581301
-3.40430460962 8.84065611939 -6.82803399233
-3.40415533368 8.87021468204 -6.83451581982
-3.40023642453 8.89866829418 -6.84493577896
-3.39216142176 8.92526030459 -6.85956011881
-3.37972709162 8.94927263581 -6.87846043779
-3.3629610475 8.97009426257 -6.90147558526
-3.34214408982 8.98727635672 -6.92819870804

/group/LPA_001/33
33
posId 33
-3.36626447493 8.97059042162 -7.15585107145
-3.33783087267 8.97756938795 -7.18984051351
-3.30811734842 8.98135819389 -7.22456177079
-3.27798631347 8.9818587383 -7.25900978935
-3.2482917195 8.97896611978 -7.29218760592
-3.21982070015 8.97260134207 -7.32318029629
-3.19324346929 8.96274526638 -7.35121979924
-3.16907597755 8.94946611854 -7.37573373454
-3.14765824801 8.93293429649 -7.39637346196
-3.12914952689 8.91342091657 -7.41301927591
-3.11353961939 8.89127994071 -7.4257634174
-3.1006742301 8.86691715989 -7.43487413401
-3.09029093999 8.84075208626 -7.44074600448
-3.08206171276 8.81318036956 -7.44384294239
-3.07563755323 8.78454438165 -7.4446406084
-3.07069110276 8.75511808148 -7.44357442568
-3.06695347522 8.72510946564 -7.44099816389
-3.06424241016 8.69468035923 -7.43715636687
-3.06247974425 8.66397969766 -7.4321720249
-3.06169718501 8.63318349976 -7.4260491005
-3.06203033826 8.60253303274 -7.41868802713
-3.06370184233 8.57236258556 -7.40991125381
-3.06699526415 8.54310986404 -7.3994953579
-3.07222209374 8.51530504088 -7.38720616047
-3.07968471132 8.48953840571 -7.37283355629
-3.089638572 8.46641064941 -7.35622328001
-3.10225702044 8.44647332015 -7.33730343673
-3.11760207573 8.43016923269 -7.31610421903
-3.13560417873 8.41778314399 -7.2927697497
-3.15605325199 8.40941167878 -7.26756141867
-3.17860249391 8.40495849006 -7.24085245728
-3.20278516236 8.40415647075 -7.21311387273
-3.22804328775 8.40661421685 -7.18489231316
-3.25376592166 8.4118796966 -7.15678098594
-3.27933333198 8.41951096564 -7.12938540503
-3.30416266417 8.42914235937 -7.10328643753
-3.3277501484 8.4405351626 -7.07900375036
-3.34970505044 8.45360423078 -7.05696318726
-3.36977127924 8.46841600266 -7.03747169454
-3.3878338382 8.4851581224 -7.02070305055
-3.403909018 8.50408565333 -7.00669678956
-3.41811918356 8.52545279091 -6.99537137773
-3.43065496193 8.5494413888 -6.98655101939
-3.44172933215 8.57609809021 -6.98000365136
-3.45152930912 8.60529033393 -6.97548597773
-3.46017141911 8.63668826264 -6.97279008437
-3.46766688364 8.66977517898 -6.97178549307
-3.47390137093 8.70388444671 -6.97245063983
-3.47863245236 8.73825644887 -6.97488874686
-3.48150572826 8.77210612724 -6.97932483135
-3.48208823974 8.80469024827 -6.98608295458
-3.47991557017 8.83536407109 -6.99554545789
-3.47454725483 8.86361938621 -7.00809848827
-3.46562399822 8.88909949554 -7.02407021191
-3.45291989441 8.91159093268 -7.04366942374
-3.43638339328 8.93099579906 -7.06693256561
-3.41616207841 8.94729178569 -7.0936863861

/group/LPA_001/36
36
posId 36
-3.57449092042 9.53638570498 -7.30971297003
-3.57372341749 9.58268516431 -7.3217047495
-3.55545870167 9.60952898669 -7.34949849987
-3.54022811792 9.61974184498 -7.36975861452
-3.53029639803 9.63669883826 -7.38543745039
-3.51371897648 9.65408648443 -7.40899196245
-3.49053426842 9.64753026872 -7.43453666967
-3.472357337 9.62195944279 -7.44966830143
-3.46133256281 9.59982611784 -7.45725880772
-3.45100557736 9.57685004673 -7.46383127832
-3.44388140632 9.53686203825 -7.46258154291
-3.44859556881 9.49554294777 -7.44716732734
-3.46427891048 9.48156365049 -7.42547518591
-3.48521237635 9.48868749233 -7.4026994333
-3.51357063907 9.49310612545 -7.3705917906

/group/LPA_001/39
39
posId 39
-3.76330789991 9.51637015646 -7.34263378737
-3.74188530677 9.47875858375 -7.35975987163
-3.71647992347 9.45096207064 -7.38386533975
-3.68996334983 9.43477572971 -7.4119214071
-3.66470177418 9.42909451317 -7.44084881646
-3.6419486024 9.43076039171 -7.46843549663
-3.62170993891 9.43607645077 -7.49383933608
-3.60310865147 9.44229930231 -7.51748980408
-3.58505708836 9.44848802089 -7.54047514945
-3.56692800675 9.45543356217 -7.56372409952
-3.54893961848 9.46483632611 -7.58735966726
-3.53212348364 9.47822226433 -7.61049279029
-3.51794331387 9.49614314286 -7.63149761275
-3.50778072401 9.51798994379 -7.64858433821
-3.50253400891 9.54239281281 -7.6603693656
-3.50248436218 9.5678813859 -7.6661843884
-3.50742808933 9.59338844863 -7.66603201384
-3.51693921845 9.61832980826 -7.66028974318
-3.53058271668 9.64228365092 -7.64938258088
-3.54795987354 9.66454996201 -7.63362927215
-3.56859147174 9.68394540958 -7.61333570096
-3.59175555481 9.69903877242 -7.58904206627
-3.61642934641 9.70874395445 -7.56172625104
-3.64142010311 9.71293091477 -7.53278529144
-3.665645319 9.71264608897 -7.50375005431
-3.68841255837 9.70970848439 -7.47585937849
-3.70952164411 9.70578471821 -7.44972899944
-3.729090819 9.70136754373 -7.42532878077
-3.74715770863 9.69520573387 -7.40233118275
-3.76324658276 9.68457184697 -7.3806892392
-3.77614528864 9.66636904971 -7.36115325766
-3.78406057415 9.63865234554 -7.34542858173
-3.78514700285 9.60188934019 -7.33582775907

/group/LPA_001/42
42
posId 42
-3.83199520966 9.42646980302 -7.50447758527
-3.79949593391 9.41458712095 -7.54180926628
-3.77091318871 9.41038624539 -7.57579784286
-3.74744249472 9.41351614528 -7.60492427583
-3.72881632503 9.42260235505 -7.62925977879
-3.71372323986 9.43584858697 -7.6500672778
-3.70053941607 9.45172260853 -7.66903848572
-3.68807982746 9.46944314388 -7.68747027819
-3.67608819842 9.48907615895 -7.70568656471
-3.66530497027 9.51121894017 -7.7228971968
-3.65712831092 9.53642646958 -7.73750420387
-3.65304154894 9.56464242205 -7.74769298372
-3.65405821437 9.59489175976 -7.75205045559
-3.66040571501 9.62537666114 -7.74996754773
-3.67154909518 9.65394222461 -7.74169642266
-3.68650254097 9.67871810241 -7.72809024877
-3.70425579089 9.69866534062 -7.71018568102
-3.72410602999 9.71379694112 -7.68883996402
-3.745745704 9.72497922501 -7.66458738876
-3.76908282108 9.73339984447 -7.63775947985
-3.79390380078 9.73993095414 -7.60877730587
-3.81956838088 9.74466156003 -7.5784360835
-3.84491476225 9.74680159816 -7.5480028119
-3.86845527486 9.74500180795 -7.5190374369
-3.88880192725 9.73795508991 -7.49298646134
-3.90514121923 9.72502269776 -7.47072122859
-3.91753486194 9.70661482269 -7.45224253605
-3.92688107182 9.68415658262 -7.43672142396
-3.93450933515 9.65964495432 -7.42291012986
-3.94154305693 9.63497633179 -7.40979294882
-3.94827966138 9.61132434847 -7.39722516276
-3.95385383365 9.58883038694 -7.38628540794
-3.95635417976 9.56674098531 -7.37915919138
-3.95339092281 9.54394011016 -7.37854683061
-3.94293040839 9.51965772203 -7.38677947336
-3.92409543731 9.49405911864 -7.40495463364
-3.89762855907 9.46846493221 -7.4324133681

/group/LPA_001/45
45
posId 45
-3.96754078231 9.40879176847 -7.60728045312
-3.93719210183 9.40841947208 -7.64453468151
-3.91250626186 9.416629777 -7.67586181509
-3.89408942472 9.43178567482 -7.70031991146
-3.88048648685 9.45120135974 -7.71937416988
-3.86931830726 9.47230854163 -7.73563958572
-3.85872421013 9.49373258117 -7.75123756806
-3.84838125624 9.51569861444 -7.76659210206
-3.83962303163 9.53953804055 -7.78022437801
-3.83466333537 9.56654800109 -7.78956966836
-3.83538920379 9.5968142595 -7.79231909352
-3.84238661615 9.62864696842 -7.78754915899
-3.85470535046 9.65897114391 -7.77605773184
-3.87044957219 9.68451456675 -7.7597811217
-3.88782736662 9.70320474404 -7.74067226587
-3.90604898458 9.71505213552 -7.71970303739
-3.92555834224 9.7220366006 -7.69656606576
-3.94746117951 9.72701169034 -7.67024570783
-3.97246940868 9.73214488686 -7.64012779562
-3.99996573968 9.73766235489 -7.60699819998
-4.02774792141 9.74153235603 -7.57331907177
-4.05265632838 9.74026620081 -7.54255389526
-4.07180855856 9.73046755091 -7.51783655404
-4.08381696589 9.71039579 -7.50066306284
-4.08934081059 9.68080952669 -7.49031445324
-4.09064679084 9.64471841854 -7.4843670277
-4.09035956329 9.60620865486 -7.48008667636
-4.0900150287 9.5689467277 -7.47602689158
-4.0891555178 9.53508898795 -7.47300960086
-4.0854537482 9.50507783153 -7.47394829962
-4.07584297855 9.47832626536 -7.48254143789
-4.05812060912 9.45433452708 -7.50143591692
-4.03224209522 9.43358209729 -7.53074417227

/group/LPA_001/48
48
posId 48
-4.09815306759 9.43704711868 -7.72183392434
-4.06750097354 9.43824163471 -7.75952252338
-4.04254702854 9.44937469319 -7.7908155894
-4.02465222794 9.46948791478 -7.81398528258
-4.01339635852 9.49552223787 -7.82936343663
-4.00717317176 9.52358572846 -7.83868735097
-4.00419789537 9.55053977979 -7.84395869
-4.00340709414 9.57506654561 -7.84640331382
-4.00482635518 9.5976934406 -7.84602152082
-4.00929219169 9.61984505575 -7.84187234937
-4.01776174792 9.64252531824 -7.83284151403
-4.03063625904 9.66540247588 -7.81841667233
-4.04746643494 9.68679129358 -7.79904791314
-4.06715041019 9.70447636787 -7.77595431272
-4.08843885391 9.71682727969 -7.75057107906
-4.11040163178 9.72350862131 -7.72401953076
-4.13257147515 9.72536406003 -7.6969238155
-4.15471207739 9.72357881025 -7.66964516828
-4.17640951086 9.71867801465 -7.64272313139
-4.19679855457 9.7100244808 -7.61718122235
-4.2146407779 9.69617311267 -7.59445241068
-4.2287310536 9.67590530972 -7.57594240849
-4.23837754305 9.64932799748 -7.56250667927
-4.24362804974 9.61834843332 -7.55420119004
-4.24505695477 9.58618110668 -7.55051425117
-4.24320280057 9.55610966087 -7.55098231127
-4.23798975587 9.53018074963 -7.55582144238
-4.22852081113 9.50857393621 -7.56614326316
-4.21344787194 9.49002153328 -7.58352598739
-4.19179661725 9.47305133574 -7.60907683517
-4.16383696047 9.4573400707 -7.64244513413

/group/LPA_001/51
51
posId 51
-4.22729173444 9.46862862075 -7.82473013151
-4.19283273392 9.47678490453 -7.86640035479
-4.16684118013 9.49575008281 -7.89796196751
-4.15213196351 9.52229570105 -7.91598484943
-4.14807257954 9.55108497449 -7.92117785451
-4.15154530512 9.57725718937 -7.91725399094
-4.1589652419 9.59859706941 -7.90851708743
-4.16809694511 9.61604513692 -7.89767459973
-4.17866629316 9.63236523218 -7.88508556984
-4.19161703811 9.64991771319 -7.8696351258
-4.20773225474 9.66897221899 -7.85038096429
-4.22666532161 9.68754875471 -7.82772119164
-4.24702413473 9.70272622842 -7.80330604989
-4.26733759567 9.7124115367 -7.77888956913
-4.28708418777 9.71633643809 -7.75509840473
-4.30692785837 9.71566427563 -7.73114314697
-4.32790208818 9.71159947177 -7.70578883306
-4.35008439812 9.70409796488 -7.67894145678
-4.37173906589 9.69169393291 -7.6526808146
-4.38965112172 9.67264875053 -7.63086915219
-4.40058075524 9.64665397444 -7.61741329567
-4.40296654219 9.61586147761 -7.61421962436
-4.39775625559 9.58440570495 -7.62018652619
-4.38774777133 9.55658191785 -7.63198122859
-4.37577738052 9.53478390101 -7.64620518426
-4.36287916107 9.51853942384 -7.66160559184
-4.34762514118 9.50532402498 -7.67988002994
-4.32715415531 9.49269058504 -7.70445652112
-4.29933437944 9.48036738232 -7.73790508963

/group/LPA_001/54
54
posId 54
-4.33468346747 9.51268257752 -7.9275183711
-4.30235210535 9.53967039024 -7.96410938809
-4.30299727067 9.57210517034 -7.96221348165
-4.32150152771 9.5963163487 -7.93986924851
-4.33668800179 9.61455660021 -7.92158892342
-4.34509640249 9.63541388505 -7.91108718697
-4.35667703012 9.65720155989 -7.89686877445
-4.37645849232 9.67092127281 -7.87341228883
-4.40066951722 9.6749750283 -7.84515365623
-4.42590877588 9.67500058092 -7.81584338933
-4.45058641518 9.66965657257 -7.7873751448
-4.4682309125 9.64900965462 -7.76761523285
-4.47078698931 9.61139710542 -7.76597671722
-4.46113178077 9.57160007887 -7.77859591961
-4.45181916647 9.54467290109 -7.7903622793
-4.44582433513 9.52908702887 -7.79787486624
-4.4281653302 9.51528028664 -7.8188697021

/group/LPA_001/57
57
posId 57
-4.09310686292 9.98814949726 -8.33444095896
-4.08225576558 9.96066259081 -8.34861824432
-4.07030766518 9.93735548675 -8.36362755346
-4.05742670695 9.91861172037 -8.37925721311
-4.04379340257 9.90471317361 -8.39528653199
-4.0295990411 9.89583112109 -8.41149265334
-4.01504016043 9.89202115524 -8.42765700678
-4.00031325651 9.89322218321 -8.44357114943
-3.98560988637 9.89925953054 -8.45904182408
-3.9711122936 9.9098520272 -8.47389510487
-3.95698965547 9.92462279769 -8.48797954697
-3.94339501809 9.94311333378 -8.50116830407
-3.93046295435 9.96480030262 -8.51336022356
-3.91830794737 9.98911443939 -8.52447997234
-3.90702347366 10.015460796 -8.5344772846
-3.89668173455 10.0432395693 -8.5433254542
-3.88733396397 10.071866716 -8.55101921883
-3.87901122492 10.1007935746 -8.55757219823
-3.87172559741 10.1295247629 -8.56301405576
-3.86547165656 10.1576336933 -8.56738755024
-3.86022814123 10.184775147 -8.57074563447
-3.85595972073 10.2106944729 -8.57314873889
-3.85261877827 10.2352331144 -8.57466235427
-3.85014714515 10.2583303136 -8.57535499822
-3.84847773705 10.2800209987 -8.575296618
-3.84753606299 10.3004300097 -8.57455744822
-3.84724159643 10.3197629602 -8.57320730909
-3.84750901632 10.3382941616 -8.57131529993
-3.84824934178 10.3563521478 -8.56894981575
-3.84937099699 10.3743034209 -8.56617879345
-3.85078085194 10.392535102 -8.56307007883
-3.85238528926 10.4114371977 -8.55969179843
-3.85409134712 10.4313851982 -8.55611262005
-3.85580798353 10.4527236889 -8.55240179363
-3.85744749764 10.4757516066 -8.54862887922
-3.85892713041 10.5007096859 -8.54486309067
-3.86017085047 10.5277705403 -8.54117221023
-3.86111131156 10.5570317051 -8.53762106068
-3.86169194823 10.5885118341 -8.53426955442
-3.86186915595 10.6221501133 -8.53117037301
-3.86161448284 10.6578088117 -8.52836636285
-3.86091674363 10.6952787668 -8.52588776197
-3.85978395363 10.7342874793 -8.52374939708
-3.85824497176 10.7745093955 -8.52194800814
-3.85635073878 10.8155778697 -8.5204598679
-3.85417499964 10.8570982487 -8.51923886581
-3.85181440752 10.8986614835 -8.51821521871
-3.84938792244 10.9398576729 -8.51729495467
-3.84703543801 10.9802889654 -8.51636029201
-3.84491559557 11.0195812912 -8.51527100301
-3.84320277541 11.0573944681 -8.51386681325
-3.84208328779 11.0934303117 -8.51197084382
-3.84175082125 11.1274384847 -8.50939405664
-3.84240124082 11.1592199319 -8.50594061536
-3.84422686259 11.188627866 -8.50141402764
-3.84741036141 11.2155663834 -8.49562389105
-3.85211849531 11.2399869011 -8.48839302668
-3.85849585009 11.2618827028 -8.47956475418
-3.86665882124 11.2812819656 -8.46901003982
-3.87669005588 11.2982397017 -8.45663423816
-3.88863357402 11.3128290915 -8.44238314726
-3.90249077678 11.3251327006 -8.42624810929
-3.91821752848 11.3352340677 -8.40826991101
-3.93572247085 11.3432101197 -8.38854127282
-3.95486669089 11.3491248159 -8.367207759
-3.975464822 11.3530243545 -8.34446699443
-3.99728760995 11.3549341826 -8.32056613181
-4.0200659256 11.3548579558 -8.29579757722
-4.04349615384 11.3527784839 -8.27049304699
-4.06724683794 11.3486605937 -8.24501609353
-4.09096640991 11.3424557354 -8.21975329935
-4.11429179415 11.3341080637 -8.19510439365
-4.13685763463 11.3235616431 -8.17147159382
-4.15830586678 11.3107683619 -8.14924851059
-4.17829533571 11.2956960953 -8.1288089813
-4.19651115321 11.2783366371 -8.1104962074
-4.21267348713 11.2587129206 -8.09461257056
-4.22654548994 11.2368850785 -8.08141048556
-4.23794009609 11.2129549372 -8.07108461868
-4.24672545163 11.1870686152 -8.0637657576
-4.25282878178 11.15941698 -8.05951656532
-4.25623855221 11.1302338221 -8.05832938716
-4.25700483556 11.0997917129 -8.06012621004
-4.25523785418 11.0683956311 -8.06476079814
-4.25110473136 11.0363745527 -8.07202295315
-4.24482454378 11.0040713077 -8.08164477194
-4.23666182565 10.971831102 -8.09330870357
-4.22691872776 10.9399891797 -8.10665714371
-4.21592608028 10.9088581602 -8.12130324928
-4.20403364546 10.8787156204 -8.1368426133
-4.19159987337 10.8497924974 -8.15286540912
-4.1789814899 10.8222628758 -8.16896859767
-4.1665232507 10.796235676 -8.1847677898
-4.15454818757 10.7717486949 -8.19990836992
-4.14334865484 10.748765359 -8.21407551492
-4.13317845431 10.7271744455 -8.22700278386
-4.12424627775 10.7067928993 -8.23847900677
-4.11671065946 10.6873717501 -8.24835326343
-4.11067657764 10.6686049933 -8.25653781247
-4.1061937861 10.6501411729 -8.2630089053
-4.10325689765 10.631597277 -8.26780549462
-4.10180718152 10.6125744513 -8.27102592185
-4.10173597932 10.5926749433 -8.27282273763
-4.10288959156 10.5715196242 -8.27339587305
-4.10507543979 10.5487653938 -8.27298443343
-4.10806927094 10.5241217627 -8.27185742973
-4.11162314047 10.4973659209 -8.27030379351
-4.11547389181 10.4683556513 -8.26862203853
-4.11935184017 10.4370395166 -8.26710993537
-4.12298937089 10.403463851 -8.26605455532
-4.12612917435 10.3677762039 -8.26572301596
-4.12853186126 10.3302250217 -8.26635422583
-4.12998273239 10.2911554998 -8.2681518796
-4.13029751437 10.2510016875 -8.27127890164
-4.12932691601 10.2102750815 -8.27585347579
-4.12695990655 10.1695500833 -8.2819467363
-4.12312566581 10.1294468271 -8.28958213041
-4.1177942045 10.0906119935 -8.29873640141
-4.11097569984 10.0536983114 -8.30934208232

/group/LPA_001/60
60
posId 60
-4.10977299789 9.9689911668 -8.42607329537
-4.11996520558 9.98020383698 -8.4132621543
-4.12931130995 9.99556891007 -8.40065636948
-4.13769229824 10.0148918201 -8.38841627789
-4.14499754516 10.0378923501 -8.37670769136
-4.15112893964 10.0642130863 -8.3656960486
-4.1560050975 10.0934302925 -8.35554006657
-4.15956548418 10.1250668402 -8.34638514132
-4.16177426276 10.1586067578 -8.33835676958
-4.16262368146 10.1935109098 -8.33155427299
-4.16213682142 10.2292332788 -8.32604510583
-4.16036954018 10.265237305 -8.3218600147
-4.15741146856 10.301011737 -8.31898929463
-4.15338594763 10.3360854698 -8.31738035161
-4.14844882768 10.3700408819 -8.31693673764
-4.14278609093 10.4025252374 -8.31751877236
-4.13661030271 10.4332597925 -8.31894580735
-4.13015594084 10.4620463224 -8.32100012751
-4.12367369771 10.4887708806 -8.3234324202
-4.11742389274 10.5134046961 -8.32596868058
-4.11166917219 10.5360022169 -8.32831836205
-4.10666670822 10.5566964029 -8.33018352755
-4.1026601366 10.5756914686 -8.33126871123
-4.09987149268 10.5932533602 -8.3312911647
-4.09849341655 10.6096983251 -8.3299911367
-4.09868189981 10.6253799959 -8.3271418235
-4.1005498386 10.6406754536 -8.32255862794
-4.10416163954 10.655970765 -8.31610737931
-4.10952909795 10.6716464982 -8.30771119401
-4.1166087322 10.6880637128 -8.29735569621
-4.12530071436 10.7055508962 -8.28509236886
-4.13544948818 10.724392275 -8.27103986491
-4.14684611134 10.7448178732 -8.25538317669
-4.15923230246 10.7669956208 -8.23837063279
-4.17230611608 10.7910257367 -8.2203087672
-4.18572911281 10.8169375242 -8.20155517935
-4.19913483965 10.844688629 -8.18250957512
-4.21213838765 10.8741667186 -8.16360324472
-4.22434675425 10.905193459 -8.14528729098
-4.23536970558 10.9375305819 -8.12801996903
-4.24483081192 10.9708877685 -8.11225353382
-4.25237831827 11.0049320144 -8.09842101425
-4.25769551174 11.0392980976 -8.08692334008
-4.26051025838 11.0735997421 -8.07811724114
-4.26060340449 11.1074410537 -8.07230431696
-4.25781576987 11.1404278114 -8.06972163916
-4.2520535026 11.1721782126 -8.0705342013
-4.24329161469 11.2023327063 -8.07482947121
-4.23157557466 11.2305625954 -8.0826142328
-4.21702089369 11.2565771464 -8.09381382909
-4.19981070557 11.2801290115 -8.1082738393
-4.18019140402 11.3010178431 -8.12576414201
-4.15846646301 11.3190920538 -8.14598523799
-4.13498862319 11.3342487528 -8.16857663097
-4.11015067963 11.3464319616 -8.1931269974
-4.08437515012 11.3556292776 -8.21918581732
-4.05810313801 11.3618672146 -8.24627609139
-4.03178272863 11.3652054931 -8.27390773495
-4.00585727105 11.3657305927 -8.30159121951
-3.9807538993 11.3635488934 -8.32885102693
-3.9568726368 11.3587797467 -8.35523849098
-3.93457640706 11.3515488017 -8.38034362472
-3.91418224179 11.3419818964 -8.40380557008
-3.89595393689 11.3301997829 -8.42532135536
-3.88009635797 11.3163139145 -8.4446527066
-3.86675154216 11.3004234638 -8.46163072689
-3.85599668382 11.2826136788 -8.47615833158
-3.84784403071 11.2629556197 -8.48821040402
-3.84224265549 11.2415072494 -8.49783171372
-3.83908200868 11.2183157849 -8.50513271338
-3.8381971036 11.193421156 -8.51028340068
-3.8393751348 11.1668603635 -8.5135054927
-3.8423632896 11.1386724824 -8.51506321336
-3.84687747935 11.1089040237 -8.5152530349
-3.85261169421 11.0776143473 -8.51439274307
-3.85924767212 11.0448808107 -8.51281021018
-3.86646457108 11.0108033468 -8.51083226106
-3.87394834227 10.9755081831 -8.50877400433
-3.88140052032 10.9391504522 -8.50692897537
-3.88854617482 10.901915486 -8.50556039994
-3.89514080314 10.8640186444 -8.50489383924
-3.90097598716 10.8257035921 -8.50511142116
-3.90588368371 10.7872390071 -8.50634780001
-3.9097390692 10.7489137728 -8.50868792083
-3.91246191058 10.7110307788 -8.51216659738
-3.91401648567 10.6738995215 -8.51676984667
-3.91441012469 10.6378277538 -8.52243786103
-3.91369048886 10.6031124867 -8.52906944247
-3.91194174081 10.5700306834 -8.53652767604
-3.90927979309 10.5388300145 -8.54464658061
-3.90584684456 10.5097200535 -8.55323844793
-3.90180543015 10.4828642879 -8.56210156548
-3.89733221492 10.4583733051 -8.57102801476
-3.89261176135 10.4362994756 -8.57981124558
-3.88783048742 10.41663341 -8.58825314655
-3.88317101393 10.399302405 -8.59617036262
-3.87880707423 10.384171026 -8.60339964968
-3.87489912775 10.3710438932 -8.60980210304
-3.87159078362 10.359670659 -8.61526614835
-3.86900610233 10.3497530777 -8.61970923858
-3.86724780435 10.3409539892 -8.62307825637
-3.86639637618 10.3329079586 -8.6253486754
-3.8665100279 10.3252332482 -8.62652258489
-3.86762542355 10.3175447343 -8.62662572638
-3.86975907786 10.3094673417 -8.62570372956
-3.87290929084 10.3006495352 -8.62381776224
-3.87705847628 10.2907763946 -8.62103982864
-3.88217573211 10.2795818022 -8.61744795836
-3.88821949952 10.2668592968 -8.61312152559
-3.89514016397 10.2524711791 -8.60813692552
-3.90288246382 10.2363555151 -8.60256381189
-3.91138759144 10.2185307452 -8.59646206805
-3.92059489507 10.1990976894 -8.58987964543
-3.93044311737 10.1782388265 -8.58285135838
-3.94087113655 10.1562148184 -8.57539867704
-3.95181820695 10.1333583484 -8.5675305099
-3.96322372658 10.1100654349 -8.55924491916
-3.97502658779 10.0867844765 -8.55053166587
-3.98716419284 10.0640033624 -8.54137544037
-3.99957123723 10.0422350577 -8.53175959923
-4.01217837949 10.0220021287 -8.5216702027
-4.02491092556 10.0038207154 -8.51110012972
-4.03768765914 9.98818448397 -8.50005304016
-4.05041994523 9.97554909568 -8.48854695705
-4.0630112237 9.96631771792 -8.47661725517
-4.07535699266 9.96082806858 -8.46431886602
-4.08734535901 9.95934143777 -8.45172754147

/group/LPA_001/63
63
posId 63
-4.09889147098 9.94878917217 -8.56675216856
-4.11385773754 9.96420137878 -8.54480706503
-4.12868367837 9.98198352085 -8.52233712981
-4.14308522587 10.0019937409 -8.49971511285
-4.15678257478 10.0240605902 -8.47731738754
-4.16950720972 10.047985918 -8.45551490945
-4.18100872355 10.0735483098 -8.43466425969
-4.19106125573 10.1005070117 -8.41509899064
-4.19946938842 10.1286062629 -8.39712148562
-4.20607335018 10.1575799539 -8.38099553234
-4.21075339331 10.1871565159 -8.36693979355
-4.21343323011 10.2170639429 -8.35512233736
-4.21408243573 10.2470348438 -8.34565636494
-4.21271774981 10.2768114211 -8.33859724481
-4.20940323572 10.3061502721 -8.33394093203
-4.20424928339 10.3348269118 -8.33162381773
-4.19741047014 10.3626399228 -8.33152401993
-4.18908232146 10.3894146437 -8.33346409234
-4.17949704071 10.4150063172 -8.33721509353
-4.16891830218 10.4393026288 -8.34250192608
-4.15763522513 10.4622255824 -8.34900982459
-4.145955667 10.4837326696 -8.35639184334
-4.13419899151 10.503817305 -8.36427716994
-4.12268848054 10.5225085183 -8.37228007098
-4.11174356912 10.5398699039 -8.38000925959
-4.10167208754 10.5559978498 -8.38707746417
-4.09276269622 10.57101908 -8.39311097174
-4.08527769535 10.5850875589 -8.39775891911
-4.07944638352 10.598380822 -8.40070211005
-4.0754591279 10.6110958071 -8.40166114731
-4.07346229232 10.6234442717 -8.40040368348
-4.07355415041 10.6356478914 -8.39675061482
-4.07578188842 10.6479331402 -8.3905810669
-4.08013977693 10.6605260592 -8.38183604836
-4.08656856397 10.6736470209 -8.37052068048
-4.09495611321 10.6875055974 -8.35670494336
-4.10513928182 10.7022956398 -8.34052291419
-4.11690700346 10.7181906673 -8.32217050859
-4.13000451343 10.7353396636 -8.30190177116
-4.14413862562 10.7538633643 -8.28002379535
-4.15898394619 10.7738511114 -8.25689038555
-4.17418988612 10.7953583384 -8.23289460361
-4.18938831558 10.818404735 -8.20846036865
-4.2042016874 10.8429731281 -8.18403330152
-4.21825144501 10.869009098 -8.16007102333
-4.23116652322 10.8964213366 -8.13703313045
-4.2425917467 10.9250827347 -8.11537107653
-4.25219593316 10.9548321761 -8.09551819436
-4.25967951403 10.9854769949 -8.07788008763
-4.26478149608 11.016796046 -8.06282561417
-4.26728560204 11.0485433203 -8.05067866867
-4.26702544688 11.0804520304 -8.04171095452
-4.26388862812 11.1122390798 -8.03613591134
-4.25781963328 11.1436098252 -8.0341039382
-4.24882149487 11.1742630322 -8.03569902196
-4.23695615169 11.2038959267 -8.04093684814
-4.22234350502 11.232209239 -8.04976443655
-4.20515918854 11.258912143 -8.06206130904
-4.1856310999 11.2837269939 -8.0776421608
-4.16403477094 11.306393775 -8.09626097175
-4.14068767976 11.3266741706 -8.1176164614
-4.11594263258 11.344355192 -8.14135875921
-4.09018036457 11.3592522938 -8.16709713468
-4.06380152654 11.3712119303 -8.19440860674
-4.03721823887 11.3801135128 -8.22284723242
-4.01084540344 11.3858707437 -8.25195385891
-3.98509196985 11.3884323163 -8.28126611336
-3.96035235323 11.3877819823 -8.3103283994
-3.93699819688 11.3839380028 -8.33870167043
-3.9153706649 11.3769520118 -8.36597275504
-3.89577343748 11.3669073308 -8.39176302177
-3.87846656483 11.3539167868 -8.41573618613
-3.86366131581 11.3381200928 -8.4376050839
-3.85151613388 11.3196808581 -8.45713725945
-3.84213378733 11.298783303 -8.47415924637
-3.835559773 11.2756287536 -8.48855944886
-3.8317820033 11.2504319988 -8.50028956554
-3.83073177717 11.2234175876 -8.50936453203
-3.83228600555 11.1948161473 -8.51586099356
-3.83627063317 11.1648607959 -8.51991435369
-3.8424651714 11.1337837207 -8.5217144783
-3.85060823097 11.1018129859 -8.52150016585
-3.86040392153 11.069169626 -8.51955252331
-3.87152896469 11.0360650708 -8.51618741248
-3.88364035241 11.0026989404 -8.51174715291
-3.89638336991 10.9692572366 -8.5065916839
-3.90939979547 10.9359109454 -8.50108940047
-3.92233608627 10.9028150585 -8.49560788442
-3.93485136066 10.8701080045 -8.49050475325
-3.94662499352 10.8379114779 -8.48611884554
-3.95736365148 10.8063306381 -8.48276195245
-3.96680760882 10.775454646 -8.4807112905
-3.97473620313 10.7453574969 -8.48020289229
-3.98097231089 10.7160991032 -8.48142606868
-3.9853857468 10.6877265747 -8.48451906929
-3.98789551728 10.6602756427 -8.48956603884
-3.98847088562 10.6337721707 -8.49659533486
-3.98713123509 10.6082336981 -8.50557923919
-3.98394474481 10.58367096 -8.51643506157
-3.97902592125 10.5600893345 -8.52902760016
-3.97253205539 10.5374901698 -8.54317289068
-3.96465870054 10.5158719517 -8.55864314505
-3.9556342885 10.4952312773 -8.57517275186
-3.9457140218 10.4755636093 -8.59246518548
-3.93517319585 10.4568637937 -8.61020064928
-3.92430011761 10.4391263324 -8.62804426102
-3.9133887958 10.4223454105 -8.64565457599
-3.90273158198 10.4065146885 -8.66269223598
-3.8926119418 10.3916268762 -8.67882852973
-3.88329753116 10.3776731133 -8.69375365344
-3.87503374352 10.3646421914 -8.70718446793
-3.86803788196 10.3525196529 -8.71887156199
-3.86249409327 10.3412868129 -8.72860544903
-3.85854918197 10.3309197493 -8.73622174595
-3.85630939971 10.3213883105 -8.74160520841
-3.85583828112 10.3126551908 -8.74469252538
-3.85715557103 10.3046751209 -8.74547380624
-3.86023726088 10.2973942208 -8.74399272639
-3.86501672468 10.2907495568 -8.74034533018
-3.87138691804 10.2846689392 -8.73467752319
-3.87920357742 10.2790709924 -8.72718131813
-3.88828933275 10.273865519 -8.71808992922
-3.89843862403 10.2689541731 -8.70767183838
-3.90942329349 10.264231449 -8.69622398151
-3.92099870843 10.2595859804 -8.68406422504
-3.93291025764 10.2549021376 -8.67152332007
-3.9449000553 10.2500618985 -8.65893653442
-3.95671368231 10.2449469637 -8.64663517063
-3.9681067941 10.239441073 -8.63493818085
-3.97885142851 10.2334324765 -8.62414408698
-3.98874185493 10.2268165056 -8.6145234072
-3.99759981818 10.2194981838 -8.60631177731
-4.00527904598 10.2113948144 -8.59970393826
-4.01166890779 10.2024384777 -8.59484874028
-4.01669713418 10.1925783738 -8.5918452886
-4.0203315298 10.1817829426 -8.59074032806
-4.02258063835 10.1700417011 -8.5915269333
-4.02349334427 10.1573667387 -8.59414453918
-4.02315742268 10.143793819 -8.59848031299
-4.02169707551 10.129383043 -8.60437183717
-4.01926951726 10.11421904 -8.61161103875
-4.01606069756 10.0984106592 -8.61994927099
-4.01228026971 10.0820901481 -8.62910342431
-4.00815593302 10.065411815 -8.63876291783
-4.00392729288 10.0485501851 -8.64859740116
-3.99983939464 10.0316976692 -8.65826497803
-3.99613609563 10.0150617817 -8.66742075035
-3.99305344428 9.99886194796 -8.67572547281
-3.99081323501 9.98332595938 -8.682854105
-3.98961690376 9.96868613881 -8.68850404998
-3.98963992081 9.95517528958 -8.69240287548
-3.99102682524 9.9430225077 -8.69431532582
-3.99388703003 9.93244894178 -8.69404944982
-3.99829150749 9.92366358849 -8.6914616908
-4.00427044332 9.91685921287 -8.6864608099
-4.01181192352 9.91220848172 -8.67901054205
-4.02086169273 9.90986039601 -8.6691309146
-4.03132399617 9.90993710324 -8.65689819093
-4.04306349 9.91253116414 -8.64244343499
-4.05590817863 9.91770333965 -8.62594972632
-4.06965331136 9.92548095423 -8.6076480878

/group/LPA_001/66
66
posId 66
-4.24268507588 9.91465274964 -8.58239425861
-4.25478198508 9.93712294148 -8.5553738251
-4.26507646045 9.9614246442 -8.53007429055
-4.27345393183 9.98739373507 -8.50672989569
-4.27983630108 10.0148498943 -8.4855307739
-4.28418364252 10.0435995782 -8.46661923566
-4.28649509182 10.073439252 -8.45008707907
-4.28680889928 10.10415882 -8.43597398826
-4.28520164168 10.1355451865 -8.4242670577
-4.28178660516 10.167385876 -8.41490145617
-4.27671137038 10.199472641 -8.40776221882
-4.27015464835 10.2316049849 -8.40268713132
-4.26232243241 10.263593528 -8.39947064586
-4.25344354708 10.2952631482 -8.39786874627
-4.24376468792 10.3264558314 -8.39760465822
-4.23354505847 10.3570331722 -8.3983752819
-4.22305071921 10.3868784746 -8.39985820848
-4.21254877062 10.4158984046 -8.4017191685
-4.20230149638 10.4440241637 -8.40361975047
-4.19256059417 10.471212154 -8.4052252218
-4.18356162003 10.497444122 -8.40621228161
-4.17551876826 10.5227267754 -8.40627657596
-4.16862010173 10.5470908793 -8.40513981088
-4.16302333812 10.5705898489 -8.40255630729
-4.15885228597 10.5932978672 -8.39831885344
-4.15619401051 10.6153075629 -8.39226372572
-4.15509679333 10.636727298 -8.38427476666
-4.1555689335 10.6576781176 -8.37428642913
-4.15757841886 10.6782904258 -8.36228571823
-4.16105347786 10.6987004548 -8.34831298628
-4.16588400305 10.7190466002 -8.33246156105
-4.17192381834 10.7394656967 -8.31487621291
-4.17899374368 10.7600893139 -8.29575049176
-4.1868853937 10.7810401455 -8.27532298908
-4.1953656303 10.8024285702 -8.25387260405
-4.2041815752 10.8243494527 -8.23171291417
-4.21306607594 10.8468792557 -8.20918577054
-4.22174350878 10.870073519 -8.18665425463
-4.22993579441 10.8939647635 -8.16449514747
-4.23736849763 10.9185608608 -8.14309107279
-4.24377687992 10.9438439066 -8.12282248263
-4.24891177481 10.9697696213 -8.10405965762
-4.25254515943 10.9962672917 -8.08715489358
-4.25447530198 11.023240259 -8.07243504222
-4.25453137402 11.050566942 -8.060194566
-4.25257742756 11.0781023804 -8.05068925589
-4.24851565085 11.1056802653 -8.04413074665
-4.24228883181 11.1331154202 -8.04068194668
-4.23388197547 11.160206683 -8.04045347977
-4.22332303946 11.1867401331 -8.04350121405
-4.2106827709 11.2124925995 -8.04982493008
-4.19607364706 11.2372353829 -8.0593681551
-4.1796479415 11.2607381166 -8.07201916546
-4.16159495604 11.2827726922 -8.08761313404
-4.14213747698 11.303117174 -8.10593537458
-4.12152753015 11.3215596234 -8.12672561178
-4.10004152478 11.3379017631 -8.14968318345
-4.07797488887 11.3519624073 -8.17447306166
-4.05563630947 11.3635805951 -8.20073256224
-4.03334169981 11.3726183665 -8.22807859748
-4.01140802046 11.3789631303 -8.25611531576
-3.99014708492 11.3825295809 -8.28444196405
-3.96985947987 11.3832611302 -8.31266080479
-3.95082872755 11.381130831 -8.3403849184
-3.93331581221 11.3761417782 -8.36724572574
-3.91755418452 11.3683269866 -8.39290007162
-3.90374534705 11.3577487503 -8.4170367207
-3.89205511116 11.3444975049 -8.43938213062
-3.88261060105 11.3286902175 -8.45970538361
-3.8754980643 11.3104683432 -8.47782217659
-3.87076153053 11.2899953925 -8.49359779105
-3.86840234181 11.2674541615 -8.50694898632
-3.86837955911 11.2430436843 -8.51784478418
-3.87061123078 11.2169759689 -8.52630613659
-3.87497648998 11.1894725854 -8.53240449328
-3.88131843096 11.1607611717 -8.53625930973
-3.88944769697 11.1310719285 -8.53803455912
-3.89914669811 11.1006341687 -8.53793433336
-3.91017436414 11.0696729881 -8.53619763774
-3.92227132614 11.0384061185 -8.53309250091
-3.93516541281 11.0070410187 -8.52890953616
-3.94857734063 10.9757722555 -8.5239551012
-3.96222647418 10.9447792158 -8.5185442115
-3.97583653208 10.9142241869 -8.51299336659
-3.98914111622 10.8842508301 -8.5076134497
-4.00188894685 10.8549830663 -8.50270285804
-4.01384869335 10.826524382 -8.49854101497
-4.02481330033 10.7989575539 -8.4953824056
-4.03460372077 10.7723447835 -8.49345126439
-4.04307198161 10.7467282231 -8.49293702806
-4.05010352255 10.7221308656 -8.49399064867
-4.05561876571 10.6985577658 -8.49672184177
-4.05957389094 10.6759975514 -8.50119732285
-4.06196080974 10.6544241801 -8.5074400624
-4.06280634866 10.6337988904 -8.51542956636
-4.06217067049 10.6140722956 -8.52510316563
-4.06014497881 10.5951865655 -8.53635827493
-4.05684856668 10.5770776407 -8.54905555967
-4.0524252851 10.5596774255 -8.5630229288
-4.04703951883 10.5429159086 -8.57806025313
-4.04087176799 10.5267231612 -8.59394469259
-4.03411394172 10.5110311702 -8.61043650225
-4.02696447602 10.4957754662 -8.62728517674
-4.0196233909 10.4808965156 -8.64423578548
-4.01228740245 10.4663408495 -8.66103534737
-4.00514520325 10.4520619125 -8.67743909344
-3.9983730198 10.4380206207 -8.6932164692
-3.99213054834 10.4241856268 -8.70815673501
-3.98655736104 10.4105332965 -8.72207403278
-3.98176986283 10.3970474113 -8.73481180016
-3.97785886584 10.3837186156 -8.74624642922
-3.97488783354 10.3705436368 -8.75629008417
-3.9728918307 10.3575243085 -8.76489261313
-3.97187719846 10.3446664377 -8.77204250999
-3.97182195664 10.3319785527 -8.777766905
-3.9726769185 10.3194705804 -8.78213058544
-3.97436748603 10.307152495 -8.78523407077
-3.97679607831 10.2950329869 -8.78721078867
-3.97984513028 10.2831181946 -8.78822341976
-3.9833805864 10.2714105455 -8.78845949824
-3.98725580167 10.2599077442 -8.78812637342
-3.99131575345 10.2486019444 -8.78744565218
-3.99540145995 10.2374791368 -8.78664725475
-3.99935449686 10.2265187759 -8.78596322584
-4.00302150094 10.2156936665 -8.78562144873
-4.0062585503 10.2049701188 -8.78583941319
-4.00893531335 10.1943083784 -8.78681818671
-4.01093886458 10.1836633248 -8.78873673464
-4.01217707265 10.1729854293 -8.79174672711
-4.01258147647 10.1622219523 -8.79596795959
-4.01210957709 10.1513183536 -8.80148450033
-4.01074648678 10.1402198852 -8.80834166143
-4.0085058918 10.1288733278 -8.81654387152
-4.00543030158 10.1172288275 -8.82605350745
-4.00159057383 10.1052417883 -8.83679072057
-3.99708472201 10.092874769 -8.84863427005
-3.99203602879 10.0800993363 -8.86142335281
-3.98659050554 10.0668978208 -8.87496039625
-3.98091375324 10.0532649287 -8.88901475784
-3.97518729505 10.039209159 -8.90332725431
-3.96960446295 10.024753984 -8.91761542359
-3.96436593227 10.0099387535 -8.93157940565
-3.95967500642 9.99481928698 -8.9449083129
-3.95573276059 9.97946812866 -8.9572869496
-3.95273315737 9.96397444411 -8.96840273014
-3.95085824834 9.94844354643 -8.97795264119
-3.95027357457 9.93299604852 -8.98565009037
-3.95112387525 9.91776664611 -8.99123148589
-3.95352920696 9.90290254506 -8.99446239646
-3.95758156774 9.88856155495 -8.99514314972
-3.96334210893 9.87490987916 -8.9931137386
-3.9708390049 9.86211963904 -8.98825792052
-3.98006603625 9.85036617697 -8.98050641096
-3.99098192622 9.83982518887 -8.96983909336
-4.00351045306 9.83066974163 -8.95628618835
-4.01754134372 9.82306723499 -8.9399283485
-4.03293193641 9.81717636966 -8.92089566835
-4.04950958224 9.81314418467 -8.89936562389
-4.06707473907 9.81110322698 -8.87555997925
-4.08540469477 9.81116891439 -8.84974072159
-4.10425784269 9.81343715026 -8.82220510732
-4.12337841873 9.81798224391 -8.79327992245
-4.142501599 9.82485518518 -8.76331507824
-4.16135884773 9.83408231498 -8.73267667835
-4.17968339928 9.84566442588 -8.70173970607
-4.19721575384 9.85957631832 -8.67088048934
-4.21370906582 9.87576682894 -8.64046910691

/group/LPA_001/69
69
posId 69
-4.34859501453 9.95697082482 -8.64587165167
-4.35314066502 9.98937186317 -8.6190034079
-4.35591818681 10.0242638061 -8.59371402314
-4.35693829517 10.0612397813 -8.5702242124
-4.35628368398 10.0997624129 -8.54870752274
-4.35409810281 10.1391920953 -8.52929251256
-4.35057067164 10.178823636 -8.51206820832
-4.34591689806 10.2179283857 -8.49709201025
-4.34035813175 10.2557985229 -8.48439902205
-4.33410131346 10.2917899662 -8.47401167936
-4.32732084099 10.3253604891 -8.46594855574
-4.32014418546 10.3560999789 -8.46023133115
-4.31264256341 10.3837504067 -8.45688910763
-4.30482753065 10.4082138898 -8.45595953182
-4.29665384825 10.4295481882 -8.45748651032
-4.28802842201 10.4479499823 -8.4615146533
-4.27882457989 10.4637272766 -8.46808092389
-4.2689004707 10.4772631596 -8.47720427508
-4.25811998339 10.4889738702 -8.48887429551
-4.24637433107 10.4992646054 -8.50304003848
-4.23360234117 10.5084867206 -8.51960025967
-4.21980755172 10.5168998971 -8.5383962314
-4.20507043297 10.5246424904 -8.55920813828
-4.18955441614 10.5317126478 -8.58175580005
-4.17350489129 10.5379619512 -8.60570413352
-4.15724089616 10.5431023496 -8.63067338101
-4.14113981415 10.5467260924 -8.65625372888
-4.12561598506 10.5483373219 -8.68202354946
-4.11109465965 10.5473930253 -8.70757015439
-4.09798315554 10.5433502597 -8.73251167755
-4.08664136226 10.5357160029 -8.75651853468
-4.07735387083 10.5240957042 -8.77933285147
-4.0703059565 10.5082366283 -8.8007843205
-4.06556542149 10.4880624128 -8.8208011376
-4.06307192195 10.4636958668 -8.83941496993
-4.06263488716 10.43546788 -8.85675929994
-4.06394052575 10.4039113367 -8.87306094515
-4.06656774909 10.3697400439 -8.88862503949
-4.07001217582 10.3338138182 -8.90381424222
-4.07371676422 10.2970919388 -8.9190233792
-4.07710709786 10.260578079 -8.93465108406
-4.0796289659 10.2252605154 -8.95107026609
-4.08078566271 10.1920518209 -8.96859936491
-4.08017240047 10.1617323433 -8.98747634806
-4.07750538837 10.1349015514 -9.00783726354
-4.07264347164 10.1119408019 -9.02970088374
-4.0656007214 10.092990287 -9.05296058802
-4.05654898523 10.0779419209 -9.07738415464
-4.04581010489 10.0664487832 -9.10262160292
-4.03383823056 10.0579505549 -9.12822068035
-4.02119335767 10.051713227 -9.15364906575
-4.00850783144 10.0468803405 -9.17832189725
-3.99644806075 10.0425321889 -9.20163286498
-3.98567401928 10.0377488505 -9.22298686061
-3.97679926455 10.0316726572 -9.24183206718
-3.97035416222 10.0235657654 -9.25768941087
-3.96675476809 10.0128588756 -9.2701774792
-3.96627941025 9.99918780845 -9.27903132439
-3.9690544605 9.98241554973 -9.28411399338
-3.9750501268 9.96263844489 -9.2854201279
-3.98408638762 9.94017638337 -9.28307152098
-3.99584847486 9.91554797048 -9.27730506416
-4.0099106491 9.88943275819 -9.26845403021
-4.025766445 9.86262351353 -9.25692407629
-4.04286313868 9.83597217864 -9.24316568896
-4.06063793126 9.81033357143 -9.22764500374
-4.07855327131 9.78651096263 -9.21081500371
-4.09612885654 9.7652074407 -9.1930890311
-4.11296815119 9.74698646098 -9.17481833913
-4.12877770504 9.73224421151 -9.15627508666
-4.14337812804 9.72119547624 -9.13764176006
-4.1567062167 9.71387361172 -9.11900752737
-4.16880839524 9.71014415875 -9.10037152541
-4.17982627605 9.70973056982 -9.08165258819
-4.18997571157 9.7122496272 -9.06270448068
-4.1995211621 9.71725342195 -9.04333533753
-4.20874750816 9.72427431569 -9.02332974646
-4.21793157181 9.73286914416 -9.00247177834
-4.22731557021 9.74265905615 -8.9805672572
-4.23708451391 9.7533617986 -8.95746368144
-4.24734920009 9.76481392282 -8.93306644025
-4.2581359683 9.77698124416 -8.90735029608
-4.26938382275 9.7899568676 -8.88036549781
-4.28094892597 9.80394711677 -8.85223831785
-4.29261588159 9.8192466923 -8.82316623599
-4.30411469487 9.836205258 -8.79340839018
-4.31514186985 9.85518834314 -8.76327224922
-4.32538380348 9.87653590048 -8.73309771012
-4.33454049283 9.90052203919 -8.70323996606

/group/LPA_001/72
72
posId 72
-4.4627079396 10.0455730367 -8.67434837507
-4.46384909798 10.0808521065 -8.64896328141
-4.46390911156 10.1170282509 -8.62511189463
-4.46288333914 10.1535337297 -8.6031757946
-4.46076587438 10.1898354084 -8.58351634138
-4.45755023961 10.2254639191 -8.56645418208
-4.45323079941 10.2600371072 -8.55225109363
-4.44780476302 10.293276002 -8.54109557472
-4.44127458993 10.3250121652 -8.53309330231
-4.43365057466 10.3551859814 -8.52826317984
-4.4249533673 10.3838361884 -8.52653925798
-4.4152161876 10.4110816596 -8.5277783402
-4.40448651245 10.4370970723 -8.53177263341
-4.39282705683 10.4620845846 -8.53826640394
-4.38031592432 10.4862439545 -8.54697528543
-4.36704586946 10.509743649 -8.55760668121
-4.35312268584 10.5326953893 -8.5698796278
-4.33866280431 10.5551342858 -8.58354254239
-4.32379025002 10.5770062369 -8.59838746288
-4.3086331584 10.5981636616 -8.6142596867
-4.29332008665 10.6183699341 -8.63106210178
-4.27797637325 10.6373121662 -8.64875394649
-4.26272079433 10.6546212876 -8.66734419949
-4.24766274126 10.6698977648 -8.68688024709
-4.23290010142 10.682740828 -8.70743286816
-4.21851796693 10.6927787836 -8.7290788827
-4.20458822891 10.6996978883 -8.75188300485
-4.1911700433 10.7032673783 -8.77588050827
-4.17831108412 10.7033585534 -8.80106224548
-4.16604943755 10.6999563025 -8.82736336891
-4.15441593961 10.6931620711 -8.8546567948
-4.14343672708 10.6831879759 -8.88275205746
-4.13313575696 10.6703424934 -8.91139975239
-4.12353705667 10.6550088467 -8.94030129895
-4.11466649374 10.6376178142 -8.96912330565
-4.10655289863 10.6186171475 -8.9975154293
-4.09922843337 10.5984400724 -9.02513031685
-4.09272816687 10.5774754275 -9.0516440297
-4.08708888989 10.5560418714 -9.07677529124
-4.08234727235 10.5343682646 -9.10030197481
-4.07853752692 10.5125818333 -9.12207345497
-4.07568879095 10.4907050933 -9.14201776468
-4.07382246896 10.4686617998 -9.16014290886
-4.07294978815 10.4462914495 -9.17653214806
-4.07306980789 10.4233711659 -9.19133354831
-4.07416809222 10.399643185 -9.20474455437
-4.07621620395 10.3748456992 -9.21699274771
-4.07917211434 10.3487445282 -9.22831426409
-4.0829815484 10.3211630107 -9.23893154279
-4.08758020851 10.2920076364 -9.24903214502
-4.09289674501 10.261287278 -9.25875030594
-4.09885627693 10.2291243853 -9.26815267961
-4.10538421571 10.1957571482 -9.27722941394
-4.11241011228 10.1615323624 -9.2858912799
-4.11987123825 10.1268894759 -9.29397310778
-4.12771562368 10.0923370142 -9.30124329102
-4.13590430899 10.0584231944 -9.30741864427
-4.14441262209 10.0257030189 -9.31218348492
-4.15323036218 9.99470442784 -9.31521147839
-4.16236085082 9.96589617552 -9.31618857539
-4.17181889572 9.93965996825 -9.31483528825
-4.18162779404 9.91626906558 -9.31092661214
-4.19181557498 9.89587503773 -9.30430808843
-4.20241074023 9.87850372315 -9.29490681808
-4.21343780027 9.86406069749 -9.28273663586
-4.22491292174 9.85234580573 -9.26789712029
-4.2368399951 9.84307558525 -9.25056660198
-4.24920740233 9.83591177571 -9.23098980437
-4.26198571415 9.83049362454 -9.20946116976
-4.27512647903 9.82647139221 -9.18630525507
-4.28856218727 9.82353836473 -9.16185580036
-4.3022074083 9.82145880018 -9.13643516195
-4.31596101561 9.82008956061 -9.11033575309
-4.32970933688 9.81939368631 -9.08380495507
-4.34333000299 9.819444814 -9.05703466305
-4.35669622416 9.82042207325 -9.03015624057
-4.36968119647 9.82259585704 -9.00324120499
-4.38216234074 9.82630559231 -8.97630749053
-4.39402509664 9.83193127539 -8.94933067498
-4.40516603699 9.83986103477 -8.92225914713
-4.41549512631 9.85045729992 -8.89503186843
-4.42493701951 9.8640242643 -8.86759716987
-4.43343137446 9.88077922541 -8.83993094094
-4.44093223078 9.90083007302 -8.81205261808
-4.44740657933 9.92416070439 -8.78403756098
-4.45283230781 9.95062551168 -8.756024702
-4.45719575158 9.97995336411 -8.72821874129

/group/LPA_001/75
75
posId 75
-4.55178564248 9.96980413532 -8.8759417408
-4.55732554359 9.99665827766 -8.84701964114
-4.5618058308 10.0246590928 -8.81960034485
-4.56523521301 10.0535878465 -8.79380572393
-4.56762838137 10.0832792543 -8.76971073901
-4.56900349837 10.1136186462 -8.74735056113
-4.56938041994 10.14453442 -8.72672916652
-4.56877974358 10.1759865271 -8.70782873083
-4.56722268484 10.2079520445 -8.6906191421
-4.56473169732 10.2404091154 -8.67506698966
-4.56133167425 10.2733206722 -8.66114346395
-4.55705150989 10.3066193806 -8.64883071367
-4.55192576027 10.340195157 -8.63812634198
-4.5459961301 10.3738864262 -8.62904587277
-4.53931252533 10.4074760002 -8.62162316957
-4.53193344905 10.4406921165 -8.61590893383
-4.52392557892 10.4732147736 -8.61196753479
-4.51536244143 10.5046870928 -8.60987252346
-4.50632218694 10.5347310388 -8.6097012513
-4.49688456122 10.5629664764 -8.61152904677
-4.4871272566 10.5890322563 -8.61542340035
-4.47712190186 10.6126078338 -8.62143857166
-4.46693000723 10.6334338343 -8.62961096651
-4.45659921385 10.6513300109 -8.6399555433
-4.44616020287 10.6662091794 -8.65246340522
-4.43562459548 10.6780859663 -8.66710062646
-4.42498412278 10.6870795368 -8.68380825596
-4.41421126625 10.6934098756 -8.70250334966
-4.40326147087 10.6973876304 -8.72308080922
-4.39207691964 10.6993979745 -8.74541575732
-4.38059173946 10.6998793716 -8.76936615955
-4.36873839179 10.6992984895 -8.79477541293
-4.3564548965 10.6981228014 -8.82147465749
-4.34369245206 10.6967925976 -8.84928462881
-4.33042295643 10.6956942025 -8.87801694718
-4.31664590683 10.6951361401 -8.90747482849
-4.30239416504 10.6953298191 -8.93745329238
-4.28773812016 10.6963760322 -8.9677390273
-4.2727878596 10.698258193 -8.99811014192
-4.25769306902 10.7008427986 -9.02833607976
-4.24264051468 10.7038871366 -9.0581779947
-4.22784911036 10.7070537795 -9.08738987603
-4.21356272555 10.709930963 -9.11572067109
-4.20004104164 10.7120575575 -9.14291758536
-4.18754889847 10.7129510425 -9.16873064611
-4.17634468546 10.7121366949 -9.19291850484
-4.16666841127 10.7091761317 -9.21525533339
-4.15873012796 10.7036933942 -9.23553854762
-4.15269938592 10.695396934 -9.25359698193
-4.14869635367 10.6840961417 -9.26929904664
-4.14678515387 10.6697114328 -9.28256033626
-4.14696984818 10.652277338 -9.2933501282
-4.14919335579 10.6319385206 -9.30169622138
-4.15333942233 10.6089391133 -9.30768761521
-4.1592375789 10.5836062112 -9.31147462055
-4.16667085452 10.5563287407 -9.31326611992
-4.17538584239 10.5275332192 -9.3133238501
-4.18510457996 10.4976581103 -9.3119537542
-4.19553759448 10.4671285497 -9.3094946339
-4.20639739665 10.4363331657 -9.30630451239
-4.21741167879 10.4056045465 -9.30274528278
-4.22833549306 10.3752046305 -9.29916635377
-4.23896174827 10.3453159331 -9.29588810438
-4.24912946592 10.3160391009 -9.29318601358
-4.25872937219 10.2873968321 -9.29127633494
-4.26770656216 10.2593437512 -9.29030413696
-4.27606014688 10.2317814078 -9.29033443023
-4.28383997133 10.2045772149 -9.29134695538
-4.29114066019 10.1775858737 -9.29323502054
-4.29809339955 10.150671668 -9.2958085635
-4.30485598515 10.1237299647 -9.29880138429
-4.31160175616 10.0967063265 -9.30188226316
-4.31850808125 10.069611826 -9.30466945988
-4.3257450696 10.0425334327 -9.30674789743
-4.33346514403 10.0156387038 -9.30768817823
-4.34179403903 9.98917441828 -9.30706647335
-4.35082368007 9.96345923316 -9.30448427292
-4.36060726878 9.93887085866 -9.29958699094
-4.37115675149 9.91582864121 -9.29208048131
-4.38244269574 9.89477275962 -9.28174463957
-4.39439645064 9.87614147324 -9.26844342957
-4.40691433334 9.86034798781 -9.25213087619
-4.41986347124 9.84775851987 -9.23285279163
-4.43308884782 9.83867304288 -9.2107442403
-4.44642105014 9.83330999502 -9.18602298068
-4.45968420318 9.83179593644 -9.15897933879
-4.47270359771 9.83416078319 -9.12996315299
-4.48531257208 9.84033884298 -9.09936857387
-4.49735828965 9.85017546379 -9.06761759762
-4.5087061546 9.86343870984 -9.03514325148
-4.51924272242 9.87983512959 -9.00237333474
-4.52887707823 9.89902840161 -8.96971555044
-4.53754076795 9.92065945718 -8.93754474673

/group/LPA_001/78
78
posId 78
-4.66622210861 10.1039830198 -8.90487449595
-4.67070997146 10.1297251057 -8.88111105542
-4.67425217091 10.1552409888 -8.85951578429
-4.67676116509 10.1807361846 -8.84016570489
-4.67817039168 10.20648104 -8.82305706901
-4.67843948521 10.2327710691 -8.80811574212
-4.67755802225 10.2598855289 -8.79521173156
-4.67554735761 10.2880478669 -8.78417681985
-4.67246025752 10.3173914974 -8.77482405068
-4.66837821245 10.3479338957 -8.76696768872
-4.66340650849 10.3795612778 -8.76044224331
-4.65766733469 10.4120252258 -8.75511921468
-4.65129138775 10.4449515881 -8.75092038371
-4.64440858761 10.4778609384 -8.74782671163
-4.63713862425 10.5101988796 -8.74588222644
-4.62958210565 10.5413736421 -8.74519262625
-4.62181306416 10.570797792 -8.74591869998
-4.6138735014 10.5979305134 -8.74826502764
-4.60577051524 10.6223168689 -8.75246474822
-4.59747636571 10.6436206906 -8.75876145189
-4.58893161351 10.6616482892 -8.76738944481
-4.58005122281 10.6763609332 -8.77855373784
-4.57073327822 10.6878749993 -8.79241111763
-4.5608697435 10.6964497287 -8.80905357266
-4.55035850667 10.7024635663 -8.82849517397
-4.53911582601 10.7063810213 -8.85066326616
-4.52708822843 10.7087127828 -8.87539452679
-4.51426292005 10.7099723892 -8.90243612463
-4.50067585079 10.7106330391 -8.93145187307
-4.48641672523 10.7110881138 -8.96203295842
-4.47163045955 10.7116186699 -8.9937125454
-4.45651483518 10.7123705683 -9.0259833422
-4.44131437383 10.7133430957 -9.0583170582
-4.42631073548 10.7143899685 -9.09018461613
-4.41181020002 10.7152325696 -9.12107598813
-4.39812901285 10.7154842472 -9.15051860804
-4.38557754003 10.7146835831 -9.17809345861
-4.37444427424 10.7123337978 -9.20344812922
-4.36498075325 10.7079449613 -9.22630636827
-4.35738839477 10.7010754633 -9.24647389652
-4.35180812048 10.6913692843 -9.26384048401
-4.34831344745 10.6785859848 -9.27837850664
-4.34690748214 10.6626209745 -9.29013837487
-4.34752397901 10.6435144621 -9.29924135618
-4.35003234372 10.621448467 -9.30587039025
-4.35424619086 10.5967322954 -9.31025951883
-4.35993482863 10.569777873 -9.31268252823
-4.36683685503 10.5410671861 -9.31344133631
-4.37467492566 10.5111147517 -9.31285456186
-4.3831707001 10.4804284478 -9.31124660329
-4.39205899466 10.4494721607 -9.30893744116
-4.40110026073 10.4186335294 -9.30623327625
-4.41009066162 10.3881996116 -9.30341803381
-4.41886922242 10.3583425907 -9.30074571169
-4.42732176078 10.3291167582 -9.29843352964
-4.43538155241 10.3004670119 -9.29665584877
-4.44302692321 10.2722480949 -9.29553886946
-4.45027617306 10.2442528476 -9.29515617537
-4.45718040721 10.2162469436 -9.29552526016
-4.46381496875 10.1880069906 -9.29660524065
-4.47027022207 10.1593585598 -9.29829601243
-4.47664243064 10.1302106816 -9.30043913159
-4.48302540591 10.1005836202 -9.30282070019
-4.48950348584 10.0706272929 -9.30517648696
-4.49614624423 10.0406284773 -9.30719942953
-4.50300514967 10.0110058999 -9.30854954073
-4.51011220394 9.98229332646 -9.30886608861
-4.51748040946 9.95511180307 -9.30778174747
-4.52510576073 9.93013313347 -9.30493824082
-4.53297033753 9.90803744428 -9.30000283123
-4.54104600781 9.88946822018 -9.29268487394
-4.54929822977 9.87498843951 -9.28275155499
-4.55768947586 9.86504138463 -9.27004189344
-4.56618188104 9.85991934547 -9.25447810956
-4.57473883496 9.85974280672 -9.23607355023
-4.58332537996 9.86445186207 -9.21493651803
-4.59190742942 9.8738106031 -9.1912695639
-4.60044996934 9.88742416895 -9.16536406324
-4.60891453399 9.90476710527 -9.137590184
-4.61725634323 9.92522075426 -9.10838265403
-4.6254215428 9.94811665912 -9.07822302025
-4.63334499625 9.97278247931 -9.04761934419
-4.64094903489 9.99858671717 -9.01708447501
-4.64814348596 10.0249786699 -8.98711416704
-4.65482717502 10.0515204323 -8.9581663518

/group/LPA_001/81
81
posId 81
-4.72919924423 9.98175460341 -9.16730294591
-4.73411129198 10.0199423118 -9.13938758957
-4.73048339772 10.0580840882 -9.13002824301
-4.71951533988 10.0901861772 -9.13932901085
-4.70610056085 10.1090915769 -9.15990278107
-4.69392534192 10.1140972539 -9.18406642476
-4.68254377349 10.1128447021 -9.20933513664
-4.66979806866 10.1126506064 -9.23708636011
-4.65625871332 10.1112109165 -9.26712292838
-4.6459857177 10.0990535518 -9.2949126367
-4.64276395137 10.0715443402 -9.31433456406
-4.64657480897 10.0355526125 -9.3223253582
-4.65432110048 10.0023748887 -9.32050317316
-4.6632299597 9.97610882508 -9.31303486939
-4.67252634147 9.95223937269 -9.30364263076
-4.68215625093 9.92752963893 -9.29390615709
-4.69147862073 9.90770043523 -9.28263202916
-4.70010592832 9.90293047827 -9.26606233727
-4.70904077555 9.91741991763 -9.24012328321

/group/LPA_001/84
84
posId 84
-4.83816583878 10.1831363892 -9.14196572002
-4.84478381541 10.2172956402 -9.11423723801
-4.84937116715 10.2542690424 -9.08982903322
-4.85216791183 10.2916144495 -9.06917177288
-4.85357285727 10.3274004045 -9.05215135256
-4.85404118345 10.3604849378 -9.03822295702
-4.85397837807 10.3906406751 -9.02659302455
-4.85365220854 10.4185024541 -9.01643122261
-4.85314015912 10.4453476866 -9.00707051842
-4.85232208173 10.4727520285 -8.99815752508
-4.85091829097 10.5021872425 -8.98972652411
-4.84856392301 10.5346396544 -8.98218654732
-4.84490297746 10.5703240183 -8.97622840354
-4.83968155454 10.6085495341 -8.97267408757
-4.83282015533 10.6477656514 -8.97230159289
-4.82444943099 10.6857807523 -8.97568179788
-4.81490150436 10.7201134989 -8.98306025504
-4.8046583497 10.7484109992 -8.99430634343
-4.79426777983 10.768854941 -9.0089375971
-4.78424449296 10.7804789666 -9.02621117521
-4.77497694714 10.7833373731 -9.04526066354
-4.76665985975 10.7784934525 -9.06524749547
-4.75926704295 10.767829938 -9.08549402065
-4.75257109146 10.7537175057 -9.10557001614
-4.74620678382 10.7386036395 -9.1253151567
-4.73976589919 10.7245983946 -9.14479434015
-4.73290436139 10.7131330474 -9.16419775045
-4.72543961399 10.7047525687 -9.18370995923
-4.71741756803 10.6990763814 -9.20337956969
-4.70913412409 10.6949292302 -9.22302132319
-4.70110507797 10.690611638 -9.24217604931
-4.69398845729 10.6842536383 -9.2601416262
-4.68847297975 10.6741811907 -9.2760727056
-4.68515344365 10.6592245342 -9.28913152722
-4.68441700543 10.6389114884 -9.2986599375
-4.68636278558 10.6135134292 -9.30433637541
-4.69077130536 10.5839422458 -9.30628258086
-4.6971309945 10.5515268025 -9.30509314093
-4.70471819435 10.5177212285 -9.30177523826
-4.71271679788 10.4838100055 -9.29760340507
-4.7203559209 10.4506738779 -9.29391131123
-4.72704030818 10.4186664144 -9.29185618446
-4.73244928903 10.3876265985 -9.29219858485
-4.73658582305 10.3570232123 -9.29513935083
-4.7397664404 10.3261981097 -9.30024656375
-4.74255391486 10.2946536804 -9.30648987496
-4.74564520142 10.2623193918 -9.31238033393
-4.74973547744 10.2297354856 -9.31619453752
-4.75538346341 10.1981081329 -9.31624615117
-4.76290275225 10.1692164044 -9.31115865983
-4.77229875632 10.1451820554 -9.30009239094
-4.7832620997 10.128142135 -9.2828866373
-4.79521855446 10.1198858828 -9.26009268423
-4.80742501894 10.1215267782 -9.23289293904
-4.81909260003 10.1332758928 -9.2029215586

/group/LPA_001/87
87
posId 87
-4.91468909863 10.2607491299 -9.17679601502
-4.91958297005 10.2990691818 -9.15269078293
-4.9231917013 10.3409527814 -9.13013646771
-4.92572061191 10.3844862853 -9.10935677541
-4.92740631835 10.4281843532 -9.09035698832
-4.92843131871 10.4710169227 -9.07310065267
-4.92885411057 10.512332304 -9.05768884772
-4.92857234411 10.5517207767 -9.04448832757
-4.92732879587 10.588872577 -9.03416830998
-4.92475988944 10.6234781269 -9.02762972613
-4.92047646735 10.6551992525 -9.02583928596
-4.91415889653 10.6837138486 -9.0296065471
-4.90564515134 10.7088105942 -9.03935873317
-4.89499204515 10.730492294 -9.05497104526
-4.88249586625 10.7490413504 -9.07569872663
-4.86866783836 10.7650103192 -9.1002338549
-4.85416987524 10.779122024 -9.12688038652
-4.83972466611 10.7920914685 -9.15381257069
-4.82601924072 10.8044080899 -9.17936148255
-4.813621711 10.8161342218 -9.20226715532
-4.80292688096 10.8267786 -9.22184147921
-4.79413896254 10.8352906471 -9.23800787389
-4.78729064216 10.8401945971 -9.25121269508
-4.78228944388 10.8398484617 -9.26223336754
-4.77897672853 10.8327798005 -9.27193204263
-4.77718303071 10.8180267809 -9.28101538204
-4.77676601649 10.7954056047 -9.28985804161
-4.77762332665 10.7656367957 -9.29843038934
-4.77968028761 10.7302912789 -9.30634419859
-4.78285985343 10.69155656 -9.31300016185
-4.78704723535 10.6518646482 -9.31779547178
-4.79206315233 10.6134568977 -9.3203347389
-4.79765712495 10.5779784463 -9.32058684769
-4.80352641612 10.5461917789 -9.31894413919
-4.80935864738 10.5178752777 -9.31616511713
-4.81488881843 10.4919333941 -9.31321154325
-4.81995640895 10.4666989962 -9.3110179521
-4.82454686908 10.4403659211 -9.31024952195
-4.82880459519 10.4114605097 -9.3111084165
-4.83301085894 10.3792516412 -9.31323807467
-4.83752858711 10.3440116668 -9.31575203768
-4.84272428796 10.3070727221 -9.31738434683
-4.84888364964 10.2706668783 -9.316729546
-4.85613975236 10.2375844774 -9.31251896226
-4.8644307089 10.2107225155 -9.30387141495
-4.87349726318 10.1926158804 -9.2904628568
-4.88292185815 10.1850443683 -9.27257906169
-4.89220106345 10.1887883353 -9.2510434801
-4.90083535 10.2035708418 -9.22704188204

/group/LPA_001/90
90
posId 90
-4.93958357745 10.2812888619 -9.23682012891
-4.9451150063 10.313497355 -9.21378077815
-4.95003738892 10.3493932447 -9.19081224811
-4.95447181128 10.386214535 -9.16859210153
-4.95853491357 10.4221985325 -9.14746693539
-4.96228076966 10.4567187816 -9.12753241433
-4.96566100896 10.4900959693 -9.10878467479
-4.96851331595 10.5231635926 -9.09129346047
-4.97058077004 10.5567327067 -9.07534242292
-4.97155647886 10.5911215216 -9.06149217114
-4.97114173132 10.6258900133 -9.05054395628
-4.96910303318 10.6598550713 -9.0434101594
-4.96531451825 10.6913766656 -9.04092427342
-4.95977688871 10.7188242234 -9.04364062348
-4.95261081664 10.7410777932 -9.05167790796
-4.94402968628 10.7579060795 -9.06464975513
-4.93430172792 10.7700967454 -9.08170285914
-4.92371359048 10.7792844061 -9.10165503507
-4.91254574652 10.7875090741 -9.1231993653
-4.90106539342 10.7966180478 -9.1451235703
-4.88953616071 10.8076746328 -9.16649040913
-4.87823787116 10.8205428959 -9.18673615254
-4.86748566969 10.8337762013 -9.20566687538
-4.85763726523 10.8448589154 -9.22336027201
-4.84908009984 10.8507560147 -9.24000627067
-4.84219619063 10.8486398941 -9.255735919
-4.83730955003 10.8366108946 -9.27049039291
-4.83462743696 10.814223018 -9.28396986641
-4.83419033147 10.782671429 -9.29567865793
-4.83584524984 10.7445827071 -9.30505491116
-4.83925265434 10.7034507673 -9.31164782255
-4.84392970895 10.6628542764 -9.3152901154
-4.84932382904 10.625650591 -9.31621247066
-4.85490263236 10.5933506962 -9.31506049681
-4.86024161361 10.5658361748 -9.31280006658
-4.86509049282 10.5414936062 -9.31052684828
-4.86940348144 10.517735847 -9.30922261716
-4.87332672011 10.4917806874 -9.30951720274
-4.87714594648 10.4614910423 -9.31151616496
-4.88120663898 10.4260643475 -9.31473988432
-4.88582516493 10.3863964755 -9.31819321856
-4.89121127059 10.3450275222 -9.32055297069
-4.89741913882 10.3056819936 -9.32043134169
-4.90433700156 10.2725171169 -9.31665482494
-4.91171576377 10.2492642882 -9.30849447783
-4.91922766974 10.2384720998 -9.29579606661
-4.92653907311 10.2410296217 -9.27898392523

/group/LPA_001/93
93
posId 93
-4.92963224665 10.3075719556 -9.27294565323
-4.9372196686 10.3351564935 -9.24700012328
-4.94310298511 10.3711715428 -9.22189594805
-4.94708273279 10.4110988997 -9.19960823516
-4.94928316524 10.450554672 -9.18136053948
-4.95013108952 10.4861875323 -9.1673647927
-4.95025839832 10.5162723631 -9.15683143091
-4.95034761433 10.540865439 -9.14825323705
-4.95095563326 10.5615084202 -9.13989052338
-4.95235830954 10.5805887118 -9.13032801587
-4.95445527067 10.6005498583 -9.11895155127
-4.95676088966 10.6231746453 -9.10621214682
-4.95848694508 10.649129286 -9.09360117012
-4.95870030952 10.6778714424 -9.08333790269
-4.95652070933 10.7079142354 -9.07784838507
-4.95131387769 10.7373356638 -9.07917064593
-4.94283671415 10.7643576455 -9.08844083335
-4.9313029107 10.7878091055 -9.10559227188
-4.91735671639 10.8073342864 -9.12934164864
-4.90196405044 10.8232950158 -9.15745972493
-4.88624853741 10.8364164159 -9.1872495876
-4.87131074356 10.8473083451 -9.21610388819
-4.85806964204 10.8560343978 -9.241997406
-4.84715655127 10.8618846611 -9.26379574985
-4.83887639711 10.8634426079 -9.28131701023
-4.833233654 10.8589408781 -9.29515391836
-4.8300054997 10.8468048402 -9.30632905611
-4.82883628082 10.8262166524 -9.31589661681
-4.82932698278 10.7975172127 -9.32461031953
-4.83110027624 10.7623048756 -9.33274794326
-4.83383306752 10.7231768586 -9.34012851406
-4.83726040484 10.6831665814 -9.34629559751
-4.84116329899 10.645025777 -9.35078857776
-4.84535599477 10.6105548527 -9.35339868558
-4.84968495968 10.5801809538 -9.35431503972
-4.85404390632 10.5529197567 -9.35410491974
-4.858399624 10.5267509962 -9.353529432
-4.86281584803 10.4993188573 -9.35325270945
-4.86745974449 10.4687708236 -9.353541813
-4.87257909729 10.434501194 -9.3540630064
-4.8784471271 10.3975831813 -9.35385476082
-4.88528335352 10.3607528605 -9.35150576315
-4.89316927148 10.3279281056 -9.3455027501
-4.90198320116 10.3033730801 -9.33465737061
-4.91137711592 10.2907182397 -9.31849078239

/group/LPA_001/96
96
posId 96
-4.92259621505 10.2955186956 -9.26670326401
-4.92803391881 10.3275861676 -9.24391632585
-4.93269365262 10.3630868695 -9.22165513972
-4.93674780062 10.3993359895 -9.20045911642
-4.94038528878 10.4346795974 -9.18048017883
-4.94373708435 10.4686069333 -9.16160690878
-4.94681935203 10.5015357856 -9.14366164158
-4.94950849499 10.5343579082 -9.12660984705
-4.95155368366 10.5678935212 -9.11071877289
-4.95262273659 10.6024227839 -9.09661713449
-4.95236893802 10.6374334434 -9.08523546529
-4.95050167144 10.6716564416 -9.0776399832
-4.94684372023 10.7033744854 -9.07480247388
-4.94136255648 10.730907003 -9.07736675495
-4.93417052633 10.7531215156 -9.08547394757
-4.92549735881 10.7698113205 -9.09869366159
-4.91564550044 10.7818155634 -9.11608044277
-4.90494249823 10.7908303957 -9.13634196295
-4.89370408959 10.7989488904 -9.15807633209
-4.88221710691 10.808047889 -9.1800183913
-4.87074418945 10.8191892073 -9.20123356661
-4.85954475947 10.832206217 -9.22121306965
-4.84890101531 10.8456027099 -9.23985170429
-4.83913554752 10.8568102126 -9.25732174278
-4.83060930182 10.8627538344 -9.27388447112
-4.82369447292 10.8605911914 -9.28969738977
-4.81872489565 10.8484374033 -9.30467522183
-4.81593432527 10.8258863391 -9.31844678353
-4.81539836021 10.7941860036 -9.33042181541
-4.81699696334 10.7560125483 -9.33994973217
-4.82041099741 10.7148905835 -9.34652478934
-4.8251586167 10.674400266 -9.34997704328
-4.83066760156 10.637369409 -9.35059005429
-4.83637030488 10.6052559372 -9.34910440327
-4.84180132331 10.5778798972 -9.34659610618
-4.84667616059 10.5535763858 -9.34425297975
-4.85093268342 10.5297336668 -9.34310081762
-4.85472535836 10.5035820577 -9.34374702654
-4.85837315318 10.4730344725 -9.34620767397
-4.86227289672 10.4373656099 -9.34986484767
-4.86679807854 10.3975572899 -9.35356956853
-4.87220644963 10.3562218377 -9.35586935727
-4.87857748189 10.3171218098 -9.35530830848
-4.88579331624 10.2844052686 -9.35072931939
-4.89356613898 10.2617453531 -9.34150772126
-4.90150365908 10.2515935543 -9.3276630815
-4.90919533681 10.2547232465 -9.30982681684

/group/LPA_001/99
99
posId 99
-4.92636481059 10.3148946443 -9.22077933835
-4.92924440485 10.3469250936 -9.20358220105
-4.93082600722 10.3787850524 -9.18927305995
-4.93163644433 10.4094021043 -9.17706891245
-4.93222820201 10.4387789607 -9.16576430684
-4.93304829547 10.4677446081 -9.15410206407
-4.9343333838 10.4975050769 -9.1411550898
-4.93605372315 10.5291216208 -9.12662645413
-4.93791707732 10.5630589734 -9.11099486332
-4.93942998849 10.5989244858 -9.0954700046
-4.94000109608 10.6354663202 -9.08176790667
-4.93906241259 10.6708291849 -9.07175935538
-4.93618155457 10.7029972896 -9.06707420658
-4.93114137015 10.7303039196 -9.06875407052
-4.92397215396 10.7518681946 -9.07703318777
-4.91493340395 10.7678370947 -9.09129569692
-4.904453901 10.7793603879 -9.11021482019
-4.89304791007 10.7882951701 -9.13203628226
-4.881229424 10.7967078065 -9.15493506208
-4.86944479311 10.8062959474 -9.17735930598
-4.85803745456 10.817877765 -9.19828134193
-4.84724870222 10.8310829168 -9.21730135029
-4.83724817853 10.8443326156 -9.23458767984
-4.82817974256 10.8551258802 -9.25067926457
-4.82020465434 10.8605728529 -9.26620966738
-4.81352553107 10.8580529589 -9.28163048705
-4.8083807992 10.8458416007 -9.2970098159
-4.80500865174 10.8235529565 -9.31195987159
-4.80358927827 10.7922878998 -9.32571252204
-4.80418167732 10.7544454106 -9.33732133574
-4.80667455686 10.7132364478 -9.34593434759
-4.81076866478 10.6720114985 -9.35106181757
-4.81600075579 10.6335591873 -9.3527630797
-4.82180900075 10.5995419154 -9.35169632541
-4.82762859426 10.5702030992 -9.3490099614
-4.83299748163 10.5444165141 -9.34609528313
-4.83764789581 10.5200668299 -9.34425718313
-4.84156106194 10.494671242 -9.34438297293
-4.84496983235 10.4660942609 -9.34669296901
-4.84830555465 10.4331852011 -9.35063901331
-4.85209846311 10.3961861349 -9.35498256975
-4.85685219677 10.3568126184 -9.35804077999
-4.86291988509 10.3179871673 -9.35804747823
-4.87040982343 10.2832874926 -9.35354693133
-4.87914277664 10.2562382047 -9.3437283809
-4.88867166908 10.2396101364 -9.32862197312
-4.8983604014 10.2348874168 -9.30910859527
-4.90750503431 10.2420203227 -9.28673992338
-4.91547076927 10.2595123716 -9.26341008783

