/group/LPA_010/0
0
posId 0
-3.47081107146 7.9633923287 -8.36454948339
-3.45969569938 8.00210173392 -8.35319015354
-3.44599542369 8.03784241129 -8.33936845626
-3.43051942904 8.06964203418 -8.32388369589
-3.41405571687 8.09699723874 -8.30750761035
-3.39729006231 8.11993638417 -8.29090483613
-3.38073500394 8.13900108641 -8.27456431941
-3.36467847967 8.15514469084 -8.2587510239
-3.34916005625 8.1695604945 -8.24348545079
-3.33397967555 8.1834655128 -8.22855535912
-3.31873978352 8.19787448651 -8.2135600066
-3.30291714565 8.21340190516 -8.19798276071
-3.28595624835 8.23012635633 -8.18128371033
-3.26737262928 8.24754193835 -8.16300060264
-3.24685237678 8.26460734379 -8.14284460201
-3.22433380305 8.27988692209 -8.12077738376
-3.20005907124 8.29176238 -8.09705803152
-3.17458717902 8.29868151818 -8.07225190355
-3.14876471084 8.29940371118 -8.04719859228
-3.12365647844 8.29320193339 -8.02294163432
-3.10044375123 8.27998805429 -8.00062793845
-3.0803024134 8.26034071409 -7.98138920553
-3.06427637379 8.23543119462 -7.96622027222
-3.05316244046 8.20685955233 -7.95586991691
-3.04742150672 8.17642798725 -7.9507581224
-3.04712747057 8.14588847366 -7.95093031756
-3.05196032229 8.11670539149 -7.95605422855
-3.06124401319 8.0898707057 -7.96545937152
-3.07402390354 8.06579978657 -7.97821372133
-3.08917360402 8.04432197446 -7.99322746719
-3.1055175554 8.02476396201 -8.0093706411
-3.12195417123 8.00610880222 -8.02559015968
-3.13756493326 7.98720147447 -8.04101254592
-3.1516972992 7.96696542005 -8.05502108984
-3.16401320745 7.94459427219 -8.06730001699
-3.17449970486 7.91968898187 -8.07784274147
-3.18344306337 7.89232141619 -8.08692581208
-3.19137201162 7.86301917075 -8.09505408602
-3.19897884838 7.83268024297 -8.10288550291
-3.20702890507 7.80243783971 -8.11114530668
-3.21626901092 7.77350291572 -8.12053963357
-3.22734444935 7.74701389057 -8.13167722751
-3.24073173137 7.72391925289 -8.14500600214
-3.25669180773 7.70491036881 -8.16076867247
-3.27524557569 7.69041055443 -8.17897916511
-3.29617111439 7.68061463847 -8.19941934468
-3.31902028232 7.67556317167 -8.22165399857
-3.34315123796 7.67522908265 -8.24506107762
-3.36777304837 7.67959311776 -8.26887382749
-3.39199864651 7.68868803569 -8.29223148457
-3.41490273888 7.70259944057 -8.31423542205
-3.43558160218 7.72142166833 -8.334007801
-3.45321186125 7.7451781041 -8.35074976625
-3.46710524021 7.77372442567 -8.36379599274
-3.47675598389 7.80665861441 -8.37266202221
-3.48187732741 7.84326195811 -8.37708051477
-3.48242328809 7.88249047093 -8.37702251107

/group/LPA_010/3
3
posId 3
-3.46214314791 7.96530676761 -8.38293940704
-3.45079095643 8.00716299631 -8.37239109483
-3.43597026368 8.0440926792 -8.35866384664
-3.4183961535 8.07483359687 -8.34241869952
-3.39893872003 8.09895115895 -8.32445725284
-3.3785219482 8.11689821291 -8.30562848589
-3.35800659851 8.12993031104 -8.28672121744
-3.33807643757 8.13988638401 -8.26835997749
-3.31914803145 8.14886866753 -8.25092280771
-3.30132145471 8.15887411565 -8.2344968262
-3.28438302232 8.1714390206 -8.21888162269
-3.26786253029 8.18735732328 -8.2036426211
-3.25113797486 8.20652123048 -8.18820782071
-3.2335720075 8.22791225402 -8.17199336247
-3.21465807877 8.24974521432 -8.15453762984
-3.19415154408 8.26974159366 -8.1356211931
-3.1721625472 8.28548649223 -8.11535138029
-3.14919312 8.2948092376 -8.09419546608
-3.12610976568 8.29612392001 -8.07295460247
-3.10405337079 8.28867341178 -8.05268032878
-3.08429882123 8.27263744885 -8.03454514472
-3.06808536527 8.24908905182 -8.01968654566
-3.05644405346 8.21980971703 -8.00904871914
-3.05004954669 8.18699778354 -8.00324692585
-3.04912001263 8.15292197591 -8.00247625996
-3.05338130486 8.11958031187 -8.00647953881
-3.06210139712 8.08842204117 -8.01457967358
-3.07418985001 8.06017767368 -8.02577160438
-3.08834680579 8.03482189034 -8.0388594733
-3.10323835647 8.0116699816 -8.05261773085
-3.1176713653 7.98958483848 -8.06595146504
-3.13074151509 7.96725267798 -8.07803192771
-3.14193330966 7.94347492322 -8.08838781556
-3.15115903952 7.91742275342 -8.09694048872
-3.15873385941 7.88880972631 -8.1039806127
-3.16529434486 7.85795469184 -8.11009307119
-3.17167646397 7.82572866403 -8.11604482702
-3.17877441789 7.79340129902 -8.1226554307
-3.18740344797 7.76242101134 -8.13067134307
-3.19818736385 7.73417415842 -8.14066305421
-3.21148581226 7.70977111365 -8.15295869854
-3.2273683594 7.68990013907 -8.16762057213
-3.24563383406 7.6747752415 -8.18446305854
-3.26586566951 7.6641846047 -8.20310342536
-3.2875085528 7.65762559624 -8.22303200968
-3.30994942668 7.65449477691 -8.24368627165
-3.33258704691 7.6542902191 -8.26451428798
-3.35487847157 7.65678093938 -8.28501710365
-3.37635707769 7.6621048746 -8.30476506478
-3.39662362519 7.67077131852 -8.3233895911
-3.41531808134 7.68356329664 -8.34055749552
-3.43208412203 7.70135619717 -8.35593877388
-3.44653960754 7.72488701963 -8.36918001397
-3.45826464105 7.75452026514 -8.37989398972
-3.46681443778 7.79005937236 -8.38767196916
-3.47175809188 7.83064594538 -8.3921196315
-3.47273772349 7.8747738859 -8.3929114497

/group/LPA_010/6
6
posId 6
-3.35937471788 8.08725099389 -8.3693980363
-3.33326499549 8.10131039282 -8.34724477623
-3.30624582592 8.11464099196 -8.32430325254
-3.27867079804 8.12804199954 -8.30088697744
-3.25081195433 8.14192475262 -8.2772343819
-3.22290720347 8.15623205942 -8.25354829148
-3.1952222488 8.17043650792 -8.2300489025
-3.16811038032 8.18361623852 -8.207025987
-3.14205310769 8.19459367601 -8.18487556005
-3.11766802872 8.20211255624 -8.16410902937
-3.09567692751 8.20502301757 -8.14532841877
-3.07683559004 8.20244443407 -8.12916852522
-3.06183549785 8.19388089505 -8.11621436248
-3.05119460729 8.17927365606 -8.10690840401
-3.04515831741 8.15898662495 -8.10146563175
-3.04363154038 8.13373275974 -8.09981439657
-3.04615837599 8.10445895598 -8.10157745264
-3.05195795777 8.07221288821 -8.10610081819
-3.06001500491 8.03801642578 -8.11252954384
-3.06921335601 8.00276669997 -8.11992064302
-3.07849225039 7.96717859554 -8.12737605512
-3.08700004085 7.93177301282 -8.13417403511
-3.09421943131 7.89690568535 -8.1398767271
-3.10004245788 7.86282357624 -8.14439510377
-3.10478160536 7.82973140647 -8.14799938794
-3.10911423093 7.79785044997 -8.1512722917
-3.11396890115 7.76745525707 -8.155012243
-3.12037224608 7.7388805061 -8.16010241448
-3.1292816601 7.71249818974 -8.16736723503
-3.14143140018 7.68867299178 -8.17744006931
-3.15721695688 7.66770928922 -8.19066353758
-3.17663552093 7.64980547927 -8.20703794281
-3.19929026817 7.63502977279 -8.22622460748
-3.22445492585 7.62332654542 -8.24760121714
-3.25118474473 7.61455489915 -8.27035731818
-3.27845246424 7.60855290572 -8.29361155556
-3.30528444948 7.60521392096 -8.31652922228
-3.33087342348 7.60455702269 -8.33841969855
-3.3546497545 7.60677313436 -8.3587980899
-3.37630191852 7.61223205553 -8.37740283528
-3.39574680659 7.62144285728 -8.39416975518
-3.41306002739 7.63496955823 -8.40917125285
-3.42838346841 7.65331379765 -8.42253560282
-3.44183083117 7.67678433492 -8.4343643257
-3.45341109977 7.70537786038 -8.44466506506
-3.46298523088 7.73869566126 -8.45331338493
-3.47026382231 7.77591588563 -8.46005039606
-3.47484472334 7.8158321856 -8.46451547068
-3.47628129977 7.85695794431 -8.46630608705
-3.47416601529 7.89768321584 -8.46505150115
-3.46821130881 7.93646121757 -8.46048450749
-3.45831089587 7.97199472642 -8.45249644522
-3.44456926952 8.00339139245 -8.44116456476
-3.4272942753 8.03026120273 -8.42674700324
-3.40695565023 8.05273847931 -8.40964760175

/group/LPA_010/9
9
posId 9
-3.27715061461 8.08721587119 -8.41165382204
-3.2443315655 8.09929498981 -8.38679824216
-3.2117727615 8.10761564321 -8.36201110912
-3.18073735617 8.11165929846 -8.3382471915
-3.15220321084 8.11103078976 -8.31624583616
-3.12678150348 8.1054893296 -8.29646936366
-3.10471496145 8.09496356642 -8.27910223581
-3.08594775503 8.07955358619 -8.26410496358
-3.07024417899 8.05952398894 -8.25130528194
-3.05732408829 8.03529189618 -8.24050205205
-3.04698145427 8.00741226189 -8.23155606671
-3.03915848629 7.97656077844 -8.22444654441
-3.03395993844 7.94351273925 -8.21928140701
-3.03160758633 7.90911514128 -8.21626123428
-3.03234983864 7.8742495414 -8.2156083348
-3.03635259444 7.83978481832 -8.21748101633
-3.04360221512 7.80652173178 -8.22189689975
-3.05384875386 7.77513436422 -8.22868713291
-3.06660797966 7.74611633303 -8.23749606054
-3.08122642501 7.71974122883 -8.24782993951
-3.09699794127 7.69604643326 -8.25914615071
-3.11330670181 7.67484704629 -8.27096384072
-3.12976344761 7.65578232519 -8.28297050016
-3.14630106441 7.63839148626 -8.29509824741
-3.16320272848 7.62220997032 -8.30754889
-3.18104952428 7.60687249289 -8.32075719513
-3.20059180178 7.59220646494 -8.33529508018
-3.22256588708 7.57829941906 -8.35173279692
-3.24749126651 7.56552714247 -8.37048369464
-3.27548993823 7.55453494716 -8.3916644124
-3.30616758076 7.54617199701 -8.41500103886
-3.3385856446 7.54138656722 -8.43980393602
-3.37133636413 7.54109708546 -8.46502098971
-3.40271238782 7.54605847508 -8.48936357776
-3.43094336608 7.55674475521 -8.51148468516
-3.45445744461 7.57326669746 -8.53017743492
-3.47211926933 7.59533790169 -8.54455722689
-3.48339929051 7.62229485666 -8.55419285396
-3.48844139845 7.65316776266 -8.55916108808
-3.48801490823 7.686790673 -8.56001356374
-3.48335890927 7.72193331146 -8.55766151364
-3.47594763268 7.75743382254 -8.55319969865
-3.46722063659 7.79231220513 -8.54770255932
-3.45832823131 7.82584810208 -8.54203085429
-3.4499393425 7.85761317543 -8.53668479834
-3.44214660886 7.88745623892 -8.53173043886
-3.43448444601 7.91544718042 -8.52681160032
-3.42605392207 7.94179209534 -8.52124309258
-3.4157279624 7.96673590605 -8.51416535547
-3.40239564916 7.99046952516 -8.50472937704
-3.38519804448 8.01305639482 -8.49227576306
-3.36371113904 8.0343886248 -8.47647411808
-3.338043356 8.05417699193 -8.45739779941

/group/LPA_010/12
12
posId 12
-3.20841442751 8.06989228812 -8.48179785941
-3.17327637322 8.07636009259 -8.45935437882
-3.13933300134 8.07617659454 -8.43725497783
-3.10827763467 8.06891431009 -8.41657367663
-3.08150821187 8.05456655772 -8.39821969897
-3.05996412476 8.03353963689 -8.38283079031
-3.04404324804 8.00660328489 -8.3707160002
-3.03360915019 7.97480920204 -8.36185506659
-3.02808204301 7.93939037698 -8.35595103935
-3.02659236397 7.90165465593 -8.35252328476
-3.02816568498 7.86288466277 -8.35102128838
-3.03190368783 7.82425331366 -8.35093691436
-3.0371287788 7.78676051155 -8.35189438405
-3.0434687551 7.75119292928 -8.35370274968
-3.0508708597 7.7181057591 -8.35636385103
-3.05954890431 7.68782334817 -8.36003794898
-3.06988003504 7.66045487766 -8.36497757092
-3.08227665966 7.63592150301 -8.37144594005
-3.09706240679 7.61399225421 -8.37963859904
-3.11437826812 7.59432698576 -8.38962513349
-3.13413705016 7.57652528449 -8.40132271931
-3.15603275988 7.56018016277 -8.41450572804
-3.17959907148 7.54493449935 -8.42884744902
-3.20430022645 7.53053672514 -8.44398286721
-3.22963086901 7.51689060055 -8.45957687046
-3.25519982144 7.50409264294 -8.47538120162
-3.28077692622 7.49245038438 -8.49126612886
-3.30629090193 7.48247557634 -8.50721860781
-3.33177776056 7.47484885411 -8.52330641388
-3.35729120107 7.47035604859 -8.5396156849
-3.38279594168 7.46980078322 -8.55617581681
-3.40807005885 7.47390246695 -8.57288926861
-3.43264185409 7.48319242503 -8.5894837139
-3.45578053532 7.49792289052 -8.60550004804
-3.47654923747 7.51800332779 -8.62032274111
-3.49391575552 7.54297585937 -8.63325029254
-3.506903511 7.57203664071 -8.64359485982
-3.51475541945 7.60410352391 -8.65079329751
-3.51707862916 7.63792326397 -8.65450832515
-3.51393972585 7.67220501307 -8.65469917515
-3.50588786036 7.70576206173 -8.65164587648
-3.49389601251 7.73764162116 -8.64591948917
-3.47922589413 7.76722339331 -8.63830061647
-3.4632368882 7.7942717233 -8.62965847628
-3.44717098972 7.81893272078 -8.62081077154
-3.43195160713 7.84167587469 -8.61238896377
-3.41803300087 7.86318808218 -8.60473339667
-3.40532909872 7.88423531456 -8.59783796312
-3.39323680051 7.90551215866 -8.59135546786
-3.38075212341 7.92750138258 -8.58466405591
-3.36666073861 7.95036417172 -8.57698404669
-3.34977075326 7.9738770202 -8.56752529727
-3.32914758743 7.99742421936 -8.5556395508
-3.30431002215 8.0200466126 -8.54095118416
-3.2753531386 8.04053911601 -8.52344355952

/group/LPA_010/15
15
posId 15
-3.17310509052 7.98669569335 -8.56608614081
-3.13405338853 7.98636445893 -8.54581752507
-3.09783768859 7.97919089805 -8.52637765447
-3.06629695514 7.96491467564 -8.50869514083
-3.04080869641 7.94382484093 -8.49351092024
-3.02215363916 7.91675737063 -8.48130789395
-3.01047643177 7.88501073575 -8.47228265453
-3.00534216685 7.85019144588 -8.46636030896
-3.00587213201 7.81401399155 -8.46324608809
-3.01092964327 7.77808781369 -8.46250169498
-3.01932024306 7.74372632489 -8.46363116297
-3.0299709 7.7118091153 -8.46616081397
-3.04205972057 7.68271900274 -8.46970058161
-3.05507942748 7.65636228021 -8.47397880402
-3.06883194879 7.63226583991 -8.47884851768
-3.08336501293 7.60973151777 -8.48426905734
-3.09887199799 7.58801844603 -8.49027123692
-3.11558152634 7.56652013136 -8.4969167221
-3.13366262689 7.54490505063 -8.50426205311
-3.15316514781 7.52319727236 -8.51233531712
-3.17400505362 7.50178540846 -8.52112936737
-3.19599261715 7.48136177677 -8.53061073412
-3.21889092506 7.46280641515 -8.54073907889
-3.24248488368 7.447040148 -8.55148919135
-3.26663860474 7.43487554709 -8.56286676702
-3.29132214174 7.42689361674 -8.57491071147
-3.31659633041 7.423367744 -8.5876781604
-3.34255521759 7.42424627844 -8.601213013
-3.36923683714 7.42919315566 -8.61550349915
-3.3965223462 7.43767466191 -8.63043803667
-3.42404859686 7.44907197201 -8.64577046567
-3.45115877126 7.46279507532 -8.66110513811
-3.47690958904 7.47837479977 -8.67590927316
-3.50014285728 7.49551546961 -8.68955496876
-3.5196158493 7.51409995709 -8.70138724053
-3.53417186289 7.53414951084 -8.7108086463
-3.54292209212 7.55575051554 -8.71736667612
-3.54540492972 7.57896722174 -8.72082813187
-3.54169030734 7.60376207209 -8.72122573582
-3.53240472221 7.62994304622 -8.71886616762
-3.51866591781 7.65715096407 -8.71429502485
-3.50193241616 7.6848903417 -8.70822173719
-3.48378921082 7.71259720162 -8.70141485909
-3.46570381307 7.73972840743 -8.69458401492
-3.44879391724 7.7658515525 -8.68826791742
-3.43364767007 7.79071344143 -8.68274764159
-3.42022971433 7.81426907509 -8.67800064918
-3.40789207195 7.83666107858 -8.67370450161
-3.39549099382 7.85815010213 -8.66929089487
-3.38159235261 7.87900771197 -8.66404206615
-3.36473237686 7.89939236773 -8.65721429515
-3.34369042944 7.91923428398 -8.64816847957
-3.31772800884 7.93815506817 -8.6364864638
-3.28675369617 7.95544279132 -8.62205418349
-3.2513864018 7.97009343401 -8.60509832395

/group/LPA_010/18
18
posId 18
-3.14856289981 7.89164574382 -8.64441384223
-3.11286551406 7.87837833304 -8.62781969029
-3.08201333258 7.85681031237 -8.61248414113
-3.05799046803 7.82837007625 -8.59939749597
-3.04212470173 7.79516847606 -8.58933608974
-3.03487991382 7.75960407011 -8.5827345567
-3.03580100193 7.72393770884 -8.57962038948
-3.04362394595 7.68993122615 -8.57962553556
-3.05652928126 7.65862524163 -8.58207309969
-3.07248742437 7.63029422576 -8.58612082438
-3.08962579099 7.60457283267 -8.59093075229
-3.10654454096 7.58070737195 -8.59582919629
-3.12252054371 7.55786004628 -8.60042402594
-3.13756456119 7.53538715524 -8.60465652675
-3.15232861423 7.51302641763 -8.60878015353
-3.1678916181 7.49095811328 -8.61327473415
-3.18547469916 7.46974120638 -8.61871825757
-3.20614831627 7.45015883973 -8.62564623623
-3.23058978225 7.43302875156 -8.63442920382
-3.25893383121 7.41903809986 -8.64519246504
-3.29073514962 7.40864869453 -8.65779072512
-3.32503645178 7.40209243653 -8.67183679753
-3.36051480506 7.3994460146 -8.68677162238
-3.39566695444 7.40074788335 -8.70195514756
-3.42899318349 7.40610697364 -8.71675576953
-3.45914769033 7.41575547121 -8.73061993063
-3.48503806047 7.43001649428 -8.74311154291
-3.5058724064 7.44918613946 -8.7539205741
-3.52116547334 7.47335960978 -8.76284855805
-3.53072126131 7.50225379898 -8.76978369868
-3.53460853021 7.53508656441 -8.77467850248
-3.53313838429 7.57056284573 -8.7775388125
-3.52684326956 7.60699172355 -8.77842632866
-3.516448208 7.64252307948 -8.77746956888
-3.5028214348 7.67545728913 -8.77487319322
-3.48689462921 7.70455630148 -8.77091444154
-3.46955217406 7.72927711241 -8.76591867188
-3.45150166314 7.74986207874 -8.76021278417
-3.4331500491 7.76725227603 -8.7540636517
-3.41451698892 7.7828326898 -8.74761594082
-3.39521580979 7.79806077384 -8.74084741833
-3.37452199004 7.81406171365 -8.73355846559
-3.35153074198 7.83128598285 -8.72540588264
-3.32538326726 7.84931367386 -8.71598054307
-3.29552110061 7.8668577238 -8.70491664527
-3.26191529183 7.88197212326 -8.69201035217
-3.22521614255 7.89242268136 -8.67732039643

/group/LPA_010/21
21
posId 21
-3.1891104095 7.80663811791 -8.74356541607
-3.1473318399 7.79355993065 -8.72691644124
-3.11328324151 7.77260412114 -8.71254076331
-3.08963204561 7.74483992453 -8.70151972723
-3.07751742684 7.7121313519 -8.69442545472
-3.07641096695 7.67682358004 -8.69124415522
-3.08435490545 7.64132201819 -8.69143223035
-3.0985053832 7.60766307058 -8.69408578506
-3.11583289198 7.57717904178 -8.69817630816
-3.13379826681 7.55033631419 -8.7027907881
-3.15083807644 7.52678191434 -8.70731688376
-3.1665524354 7.50558059893 -8.71153174364
-3.18157338095 7.48557679217 -8.71558115266
-3.19717859887 7.46578577749 -8.71986574039
-3.21477933426 7.44571420595 -8.72487459811
-3.23543583014 7.42553189324 -8.73101753396
-3.2595334526 7.40605854663 -8.73850291363
-3.2866956263 7.38857874796 -8.74729059875
-3.31593403969 7.374542572 -8.75712465265
-3.34596532776 7.36523591689 -8.76762592933
-3.37557759296 7.36150739352 -8.77840773364
-3.40392248459 7.36361774834 -8.78917324708
-3.43064010508 7.37124015703 -8.79976226192
-3.4557838418 7.38359665398 -8.81013376432
-3.47958100276 7.39967987768 -8.82029380061
-3.50212106162 7.41849013469 -8.83019747246
-3.52308875683 7.43922014146 -8.83966360491
-3.54164613816 7.46134184647 -8.84833744082
-3.55651980545 7.48458387586 -8.85572149756
-3.56628178455 7.50882346503 -8.86127213508
-3.56974589234 7.53394233409 -8.86453648709
-3.56635722564 7.55970423271 -8.86528851933
-3.55644527874 7.58570076006 -8.86361944073
-3.5412448078 7.61138558648 -8.85994818849
-3.52265418607 7.63618417969 -8.8549396611
-3.5027798706 7.65963742405 -8.84934562056
-3.48338434191 7.68152263864 -8.84380772482
-3.4653923436 7.70189967583 -8.83867649029
-3.4486038933 7.72105226971 -8.83389936971
-3.43171233029 7.73932901918 -8.82901503718
-3.41264442658 7.75692382735 -8.82326336927
-3.38914955171 7.77366099281 -8.815788929
-3.35949147327 7.78885683307 -8.80588883118
-3.32306094882 7.80131446442 -8.79324142332
-3.28074089828 7.80947444081 -8.77805465613

/group/LPA_010/24
24
posId 24
-3.20892954451 7.73314830065 -8.83511812954
-3.17947534067 7.71746747673 -8.82424927778
-3.15572490711 7.69250897676 -8.81514913271
-3.13939309314 7.66007487589 -8.80847475085
-3.13133519666 7.62318644272 -8.80461176375
-3.13139546466 7.58536483073 -8.80360104574
-3.13849484864 7.54977800229 -8.80514654262
-3.15093690306 7.51852265352 -8.8087041119
-3.1668479912 7.49226308803 -8.81362771287
-3.18462967105 7.47032681119 -8.81933237732
-3.20329933883 7.45120256301 -8.82542855156
-3.22263025803 7.43325499049 -8.83179123605
-3.24306256133 7.41540670469 -8.83854704947
-3.26542338519 7.397563335 -8.84598662063
-3.29054636086 7.38065849178 -8.85443093235
-3.31890310759 7.36633426523 -8.86409197423
-3.35034724696 7.35639784003 -8.87496717265
-3.3840311691 7.35226175614 -8.88679461174
-3.4185021906 7.35456312547 -8.89907672868
-3.45193561851 7.36307471183 -8.91116050391
-3.48243205906 7.37690296189 -8.9223482553
-3.50830169054 7.39486136727 -8.9320085958
-3.52827644232 7.41585213531 -8.93966206194
-3.54162207518 7.4391036797 -8.94502732481
-3.5481532306 7.46418643524 -8.94802695633
-3.54817510965 7.49083186088 -8.94876181643
-3.54238108854 7.51866614831 -8.94746749318
-3.53172881473 7.54700538592 -8.94446479156
-3.5173057087 7.57482861974 -8.94011132136
-3.5001869272 7.60096243091 -8.93475618462
-3.48129018493 7.62441020506 -8.92869749786
-3.46124207719 7.64468392722 -8.92214406009
-3.44028369477 7.66197937489 -8.91518667577
-3.41825041757 7.67708713389 -8.90778856387
-3.39465418296 7.6910342253 -8.89980474103
-3.36887392362 7.7045650747 -8.89103536478
-3.34042618229 7.7176503098 -8.88130825727
-3.30925424044 7.72922307493 -8.87057420036
-3.27595387129 7.73727620442 -8.85898961238

/group/LPA_010/27
27
posId 27
-3.32112290844 7.60221855866 -8.97117514597
-3.27579059765 7.59631218633 -8.95525306803
-3.24146321364 7.57600337973 -8.94406823478
-3.22372486765 7.54422453622 -8.9394605513
-3.22211482963 7.50767889977 -8.94089579384
-3.23161204332 7.4735451976 -8.94617911681
-3.24637532647 7.4461237416 -8.95298023009
-3.26301987972 7.42544079004 -8.96008456111
-3.28138353227 7.40846481149 -8.96760091027
-3.30278905692 7.39187980085 -8.97618595195
-3.32763495956 7.37448499457 -8.98604862923
-3.35440103268 7.35778302665 -8.99656135463
-3.38075298299 7.34472269688 -9.00672513962
-3.40556785504 7.33780879469 -9.01599959261
-3.42989407916 7.33800791733 -9.0247072525
-3.45575439743 7.34501853207 -9.03358968188
-3.48357426341 7.35829809872 -9.04282923868
-3.51034735336 7.3776986743 -9.05135658953
-3.53030466256 7.40304878864 -9.05711353971
-3.53800749667 7.43308270686 -9.05822053191
-3.53181895663 7.46484033869 -9.05425388382
-3.51517440337 7.49439967723 -9.04666079844
-3.49448824453 7.51871899537 -9.03790771174
-3.47494522532 7.53731583257 -9.02987942425
-3.45706684157 7.55238471265 -9.02264200678
-3.43655300527 7.56696378586 -9.0144870016
-3.40767382902 7.58222029962 -9.00329652093

/group/LPA_010/30
30
posId 30
-3.10549252294 8.39839220124 -8.88326194875
-3.06833132983 8.39930930964 -8.87082758596
-3.03191462634 8.4046886278 -8.85809901933
-2.99694309398 8.41387078953 -8.84538855895
-2.96397464512 8.42610989668 -8.83297166356
-2.93340421426 8.44064462413 -8.82107161692
-2.90545222839 8.45676426924 -8.80984769527
-2.88016269313 8.47386361928 -8.79938787943
-2.85741161092 8.49148213771 -8.78970689472
-2.83692606402 8.50932497691 -8.78074999107
-2.81831372379 8.52726545104 -8.77240242891
-2.80110180104 8.54533058931 -8.76450414738
-2.78478358118 8.56367301114 -8.75686860647
-2.7688697835 8.58253345605 -8.74930436205
-2.75294116006 8.60219877569 -8.74163760226
-2.73669813472 8.62296005339 -8.73373368689
-2.72000299748 8.64507483769 -8.72551571916
-2.70291030683 8.66873640531 -8.71697835469
-2.68568176537 8.69405169438 -8.70819541033
-2.66878291674 8.72102826752 -8.6993203496
-2.65286049878 8.74956956265 -8.6905793486
-2.63870105641 8.77947690634 -8.68225732739
-2.62717329479 8.81045638315 -8.67467800047
-2.61915843929 8.84212868469 -8.66817958896
-2.61547435479 8.87404044855 -8.66308828255
-2.61680017492 8.90567622659 -8.65969179429
-2.62360855631 8.93647094434 -8.65821538431
-2.63611232236 8.96582336862 -8.65880253317
-2.65423119186 8.99311154196 -8.66150203696
-2.67758257732 9.01771126505 -8.66626271478
-2.70549824072 9.03901846232 -8.67293621994
-2.7370661262 9.05647566833 -8.68128770053
-2.77119420482 9.06960200752 -8.69101333585
-2.80669092998 9.07802504324 -8.70176315453
-2.84235515905 9.08151191523 -8.713167078
-2.87706734278 9.07999644776 -8.72486187305
-2.90987354393 9.07359855284 -8.73651666067
-2.94005445664 9.06263238842 -8.74785481458
-2.96717300321 9.04760040887 -8.75867046637
-2.99109614134 9.02917163353 -8.76883837228
-3.01198900994 9.00814405189 -8.77831653055
-3.03028221213 8.98539290442 -8.78714160351
-3.04661560225 8.96180840446 -8.79541782844
-3.06176414391 8.93822805665 -8.8033006381
-3.07655301595 8.9153698541 -8.81097660925
-3.09177000885 8.89377311731 -8.81864158598
-3.1080833046 8.8737534613 -8.82647887507
-3.12597198681 8.8553773253 -8.83463929072
-3.14567518885 8.83845974781 -8.84322456117
-3.16716383107 8.82258678899 -8.8522752375
-3.19013664542 8.80716143613 -8.86176380877
-3.21403988291 8.79146926498 -8.87159327527
-3.23810798379 8.77475787182 -8.88160100337
-3.26142076486 8.75632241209 -8.89156731716
-3.28297149382 8.73558869587 -8.90122799677
-3.30173965623 8.71218532299 -8.91028966169
-3.31676228329 8.68599731027 -8.91844692129
-3.32719833649 8.65719547825 -8.92540016215
-3.33238171895 8.62623833278 -8.93087289921
-3.33185984529 8.59384602528 -8.93462772362
-3.3254161805 8.56094888554 -8.93648001782
-3.31307658609 8.52861566553 -8.9363087612
-3.29510055027 8.4979687125 -8.93406390795
-3.27195932895 8.47009457505 -8.92976997824
-3.24430363849 8.44595889758 -8.92352566457
-3.21292381942 8.42633384872 -8.91549942153
-3.17870537928 8.41174484189 -8.9059211839

/group/LPA_010/33
33
posId 33
-3.05777847776 8.40289236138 -8.91759464567
-3.01886936877 8.40735069976 -8.90627714731
-2.98088327792 8.41576209271 -8.89462066631
-2.94482451754 8.42750420208 -8.88299324609
-2.91156377197 8.44194896963 -8.87172720936
-2.88175575755 8.45851205739 -8.86108922045
-2.85577147558 8.47668960005 -8.85125624103
-2.8336562933 8.4960805657 -8.84230070932
-2.81512255051 8.51639498384 -8.83418728498
-2.79958128447 8.53744991211 -8.82678213646
-2.78621252285 8.55915608411 -8.81987418009
-2.77406813233 8.58149862419 -8.81320611814
-2.76219623037 8.60451505379 -8.80651178468
-2.7497724358 8.62827317278 -8.79955538197
-2.73622136282 8.6528504711 -8.79216781729
-2.72131211527 8.67831574093 -8.78427559375
-2.70521416219 8.70471273437 -8.77591855045
-2.68850459363 8.73204521973 -8.76725408513
-2.67212378935 8.76026272045 -8.75854715408
-2.65728318668 8.78924657541 -8.75014711261
-2.64533520052 8.81879664173 -8.74245409947
-2.63762054136 8.848619803 -8.73587896451
-2.63531145631 8.87832223463 -8.73080151806
-2.63927029949 8.90740789731 -8.7275320441
-2.64994116461 8.93528580118 -8.72628055069
-2.66728828261 8.96128810253 -8.72713719961
-2.69078902627 8.98470005447 -8.73006590906
-2.71948245466 9.00480133212 -8.73491145634
-2.7520673025 9.02091648728 -8.74141874838
-2.78703711808 9.03247052097 -8.74926149458
-2.82283570646 9.03904409136 -8.75807649218
-2.85801373802 9.04042197471 -8.76749924048
-2.89136761505 9.03662828439 -8.77719668053
-2.92204438067 9.02794273658 -8.78689347643
-2.94960119437 9.01489391561 -8.79638930308
-2.97401400374 8.9982278856 -8.80556591746
-2.99563665266 8.9788533479 -8.81438417373
-3.01511787502 8.95776749794 -8.8228723992
-3.03328860154 8.9359693949 -8.83110851339
-3.05103512322 8.91436964281 -8.83919882766
-3.06917455851 8.89370618437 -8.8472565607
-3.08834773545 8.87447584186 -8.85538276396
-3.10894131644 8.8568898637 -8.86365165868
-3.13104632039 8.84085927658 -8.8721014748
-3.1544548682 8.82601257462 -8.88073091271
-3.17869178953 8.8117445908 -8.88950048032
-3.2030734191 8.79729174791 -8.89833732447
-3.22678305322 8.78182574063 -8.9071418641
-3.24895145584 8.764555461 -8.91579457181
-3.26873154063 8.74482593975 -8.9241616079
-3.28535866728 8.72220337596 -8.93209859882
-3.29819140107 8.69653693269 -8.93945254531
-3.3067314692 8.66799068614 -8.94606250323
-3.31062533029 8.63704258564 -8.95176016876
-3.30965264755 8.60445107323 -8.9563717192
-3.30370857102 8.57119364997 -8.95972215764
-3.29278687149 8.53838471396 -8.96164299312
-3.27696966972 8.50718207215 -8.96198342115
-3.25642706147 8.47869241747 -8.96062436784
-3.23142683955 8.45388569581 -8.95749396718
-3.20235136052 8.43352676338 -8.95258240638
-3.16971600833 8.41813029596 -8.94595372815
-3.13418218658 8.4079419113 -8.93775221233

/group/LPA_010/36
36
posId 36
-3.04661399621 8.41626193387 -8.98649505986
-3.00590939481 8.42537633524 -8.97701601658
-2.96684553644 8.43799067413 -8.96738294363
-2.93095186303 8.45280158522 -8.95808521492
-2.89932290158 8.46882508575 -8.949480149
-2.87247798543 8.4855139979 -8.94174841824
-2.85031856569 8.50278108615 -8.93488222541
-2.83219644307 8.52093165031 -8.92870841955
-2.81708385733 8.540526259 -8.92294185452
-2.80381494203 8.56220593993 -8.91725835594
-2.79135229861 8.58651641847 -8.91137289004
-2.77902595597 8.61376454733 -8.90510769628
-2.76669639951 8.64393020461 -8.89843740544
-2.7548079742 8.67664327117 -8.89150300961
-2.74432085461 8.71122110956 -8.88459293595
-2.73653438832 8.74675042201 -8.87809604376
-2.73283677538 8.78219080822 -8.87243674556
-2.73443105863 8.81647679509 -8.86800555877
-2.74209209018 8.84860009884 -8.86509864972
-2.75600254075 8.87766262765 -8.86387738727
-2.77569957585 8.90290064892 -8.86435423006
-2.8001410752 8.92368889544 -8.86640552258
-2.82787607262 8.93953798275 -8.86980625359
-2.85728354515 8.95009825342 -8.8742777188
-2.8868310272 8.95517829814 -8.87953715029
-2.9153022433 8.95477844131 -8.88533901829
-2.94195123922 8.94913080521 -8.89150058602
-2.96655726456 8.93873082045 -8.89790861865
-2.98937606426 8.92434243571 -8.90450883
-3.01100452495 8.90696197757 -8.91128357379
-3.03219223081 8.88773342952 -8.91822555392
-3.05364202914 8.86781926709 -8.92531547773
-3.07584071576 8.84824327555 -8.93250967243
-3.09895112634 8.82973191594 -8.93974029649
-3.12278092258 8.81258600557 -8.94692682824
-3.14682514226 8.79661293761 -8.95399405004
-3.17036343546 8.7811410527 -8.96088968154
-3.19258247816 8.76512340151 -8.96759470245
-3.21269149337 8.74732073085 -8.97412130177
-3.23000432289 8.7265366843 -8.98049683737
-3.24397333313 8.70186562404 -8.98673632452
-3.25417536904 8.67290811224 -8.99280972939
-3.26026407126 8.63991248016 -8.9986127197
-3.26191250438 8.6038127887 -9.00394982291
-3.25877273422 8.56615175957 -9.00853695135
-3.25047403309 8.52889842695 -9.0120263184
-3.2366700194 8.49419011898 -9.0140517212
-3.2171301351 8.46404289934 -9.01428714447
-3.19185626623 8.44008079231 -9.01250783515
-3.16119487696 8.42333066811 -9.00864136918
-3.12591168733 8.4141172382 -9.00279728051

/group/LPA_010/39
39
posId 39
-3.38095746416 8.19551466044 -9.14867928147
-3.36160727151 8.23881326396 -9.14139320162
-3.39019807352 8.2558556054 -9.14344946545
-3.43093292243 8.25741586298 -9.14882157824
-3.46924849649 8.26090800011 -9.15365700304
-3.50799932677 8.25656281468 -9.1593941161
-3.53412194749 8.23982544397 -9.16474595644
-3.54896518432 8.22095821502 -9.16879278391
-3.5687463223 8.19577604859 -9.17418999506
-3.57582512175 8.16113901012 -9.17887609758
-3.54728322619 8.13771107343 -9.17751292201
-3.50799932677 8.13517648232 -9.17244287336
-3.47902648588 8.13966298331 -9.16802035114

/group/LPA_010/42
42
posId 42
-3.33729272463 8.1925032797 -9.22198973345
-3.32604813389 8.23240884186 -9.21734356395
-3.33287113236 8.26799391248 -9.21469015144
-3.35539741999 8.29303122679 -9.21439036763
-3.38744127641 8.30472028959 -9.21615362441
-3.4222571951 8.30452170358 -9.21924988044
-3.4553026552 8.29671981961 -9.22288544009
-3.48513336476 8.2857525759 -9.22652646692
-3.51238514011 8.27397510533 -9.23001363913
-3.53795977507 8.26108175844 -9.23345465656
-3.5618097822 8.24525050799 -9.23701206713
-3.58302200727 8.22498695422 -9.24074190151
-3.600805572 8.20033243796 -9.24457045461
-3.6153057609 8.17271303661 -9.2483800609
-3.62737184437 8.14376620155 -9.25209595007
-3.63732536199 8.11422692003 -9.25567928575
-3.6437051488 8.08386538002 -9.25902191775
-3.64318293058 8.05261996077 -9.26183523203
-3.63212348678 8.02207952664 -9.26365243014
-3.60905973092 7.99606514641 -9.26399411432
-3.57650643168 7.97957361594 -9.26262532452
-3.54070110849 7.97646426604 -9.25974432706
-3.50903517096 7.98724171064 -9.2559584172
-3.48642407571 8.00841541932 -9.25202161389
-3.47269808701 8.03404706835 -9.24846236771
-3.46267553515 8.05874253147 -9.24531621991
-3.44908797709 8.08037329696 -9.24213536084
-3.42683886008 8.10087796096 -9.23829178899
-3.39623114725 8.12460424402 -9.23341439951

/group/LPA_010/45
45
posId 45
-3.37039441647 8.11931808936 -9.31490687852
-3.35689721762 8.16601991481 -9.31010593109
-3.3524835718 8.20899197866 -9.30608618411
-3.36001195956 8.24394037088 -9.30336942169
-3.38008012349 8.26763833478 -9.30227071817
-3.41075574551 8.27876946511 -9.3028104838
-3.44808269226 8.27821071011 -9.30471459023
-3.48719699423 8.26866237174 -9.30750254367
-3.52368079841 8.25375761942 -9.31063351419
-3.55470747633 8.23696006255 -9.31366073201
-3.5796124641 8.22062144982 -9.31634318815
-3.59973114329 8.20550136049 -9.31868005759
-3.61760118764 8.19087510484 -9.32086152295
-3.63583984948 8.17514164995 -9.32315922461
-3.65610181745 8.15666995241 -9.32579962947
-3.67847049495 8.13455236374 -9.32886715398
-3.70145965929 8.10899030252 -9.3322701377
-3.72257268603 8.08119468406 -9.33577743593
-3.73916960249 8.05287868032 -9.33910636181
-3.74929954591 8.02557736316 -9.34202421993
-3.75219735276 8.00008807493 -9.34442247423
-3.74829582037 7.97626629074 -9.34633541117
-3.73880559809 7.95325993095 -9.34789854293
-3.72508247162 7.93008202879 -9.3492665226
-3.70807208719 7.90628042132 -9.35052632637
-3.68807029273 7.88241979907 -9.35164271312
-3.66488782868 7.86016329182 -9.352459192
-3.63832443904 7.84189955356 -9.35275456055
-3.6087161473 7.83004434926 -9.35233186511
-3.57727955422 7.82628026261 -9.35110274831
-3.54605650244 7.83103012189 -9.34913126974
-3.51743063083 7.84337470915 -9.34661716246
-3.4933766739 7.86145476045 -9.34382297951
-3.47473596256 7.88320673258 -9.34097302415
-3.4608301682 7.90714579245 -9.33816491022
-3.44961654747 7.93288254498 -9.33533157653
-3.43838882409 7.96115532927 -9.33227325583
-3.4248126657 7.99334352466 -9.32875196841
-3.40793702502 8.03063047772 -9.32461580391

/group/LPA_010/48
48
posId 48
-3.41256135292 7.95238134359 -9.41573377791
-3.4010454566 8.00412612129 -9.41061246415
-3.39035554013 8.05604639311 -9.40548523937
-3.38301093209 8.10486510228 -9.40070015246
-3.38184848822 8.14798323601 -9.39654434924
-3.38887386856 8.18356232388 -9.39322093483
-3.4044749715 8.21041315951 -9.39084924043
-3.42729411997 8.22786105376 -9.38947606934
-3.4547741048 8.23572801377 -9.38908464104
-3.4841162818 8.23446448176 -9.38959463167
-3.51323151843 8.22533547549 -9.39085689608
-3.54128913638 8.21048609022 -9.39265444915
-3.56865944855 8.1927255311 -9.3947224429
-3.59631644421 8.1749791806 -9.39679286963
-3.62500050483 8.15951982795 -9.39865729236
-3.65453685282 8.14722888714 -9.40022875853
-3.68362462119 8.13718666895 -9.40157835
-3.71019180596 8.12681347643 -9.40292633605
-3.73215084109 8.11259939531 -9.40458210368
-3.74820352734 8.09123724737 -9.406846028
-3.75831541697 8.06079959239 -9.40990273458
-3.76362276595 8.02155182153 -9.41374178992
-3.76578888182 7.97609767226 -9.41813520276
-3.76608079433 7.92877885255 -9.4226828447
-3.76457922812 7.88451500712 -9.42691337762
-3.75989899168 7.8474736835 -9.43040826606
-3.7495930036 7.820023198 -9.43290767965
-3.7311240113 7.80231839441 -9.43436314163
-3.70303514031 7.79263829247 -9.43492061117
-3.66584293155 7.78832302744 -9.43484234295
-3.62226472935 7.78694785669 -9.43439716553
-3.57664516807 7.78730176448 -9.43375891446
-3.53376345395 7.78982967805 -9.43294817009
-3.49745495655 7.79641016955 -9.43183534561
-3.46956299175 7.80958914528 -9.43020038731
-3.44961372112 7.8315785664 -9.42782461593
-3.43532679525 7.86338975709 -9.42458071434

/group/LPA_010/51
51
posId 51
-3.40579732592 7.92259785854 -9.50053706775
-3.3950267691 7.97136935143 -9.49527644103
-3.39085860426 8.01853409081 -9.49003581291
-3.39433698272 8.06071521195 -9.48517209842
-3.40530998495 8.09563914912 -9.48094657941
-3.42265680408 8.12241090352 -9.47748814677
-3.44487027074 8.14136902314 -9.47479543388
-3.47069298336 8.15363765147 -9.47277195126
-3.49949391877 8.16057870826 -9.47127890287
-3.53120579889 8.16334459914 -9.47018739294
-3.56586025581 8.1626523426 -9.46941542003
-3.60295939041 8.1587858453 -9.4689430407
-3.64101619538 8.15173722567 -9.46880763778
-3.67753695297 8.14136082865 -9.46908690522
-3.70952812262 8.1274454503 -9.46987822773
-3.734369451 8.10968893012 -9.47128013357
-3.75070985687 8.0876409202 -9.4733767935
-3.75899801404 8.06072013433 -9.4762230466
-3.76138216261 8.02838807291 -9.47982717903
-3.76095884816 7.99048051737 -9.484131807
-3.76061917757 7.94759834098 -9.48899791695
-3.76192140174 7.90139013233 -9.49420051536
-3.76443142483 7.85456009804 -9.49944391694
-3.76580694449 7.81051559913 -9.50439960758
-3.76261874784 7.77270333014 -9.50876128934
-3.75161575677 7.74381853277 -9.51230341898
-3.73096412468 7.7251493315 -9.51492507646
-3.70099693211 7.71629949408 -9.51666297419
-3.6641984376 7.71541633094 -9.51766602664
-3.62444100637 7.71987500858 -9.51813655515
-3.58577656054 7.72720153731 -9.51825538703
-3.55124542844 7.73592025193 -9.51811508117
-3.52214208992 7.74602807945 -9.51768422018
-3.49798286358 7.75892482992 -9.51681610007
-3.47713704365 7.77682081598 -9.51530034863
-3.45782646448 7.80182915298 -9.51294122293
-3.4390710889 7.83506072898 -9.50963692877

/group/LPA_010/54
54
posId 54
-3.40845366397 7.92092806546 -9.58658548748
-3.40673851725 7.96847904339 -9.58099565063
-3.41104773989 8.01349027903 -9.57541963003
-3.4214586217 8.05253425752 -9.57026256993
-3.4375164628 8.0831593692 -9.56583873574
-3.45841485045 8.10436058866 -9.56230671636
-3.48323574239 8.11668297489 -9.55964555535
-3.51114477364 8.12194222062 -9.55767871164
-3.54146260278 8.12265247203 -9.55613888827
-3.57359000525 8.12132746116 -9.55475499249
-3.60683047091 8.11984544738 -9.55333640358
-3.6402033459 8.11903700832 -9.55183111183
-3.67235315224 8.11858025101 -9.55034257047
-3.70163019896 8.11719596985 -9.54910254726
-3.72635369456 8.11305486544 -9.54840992096
-3.74519398796 8.10426351113 -9.54855436688
-3.7575530302 8.08929558005 -9.54974665738
-3.76380445063 8.06727461808 -9.55207340867
-3.76528619139 8.03807638022 -9.55548522705
-3.76401159147 8.00227884111 -9.55981653839
-3.76215617696 7.96102586845 -9.56482648147
-3.76145661821 7.91587575254 -9.57024582313
-3.76269758042 7.8686810955 -9.57581591439
-3.76544623982 7.82150614453 -9.58131129326
-3.76812589938 7.77655105258 -9.58654518617
-3.76841989444 7.73603684387 -9.59136384457
-3.76389645365 7.70201788569 -9.59563892424
-3.75267675764 7.67612584413 -9.59926596433
-3.73395447752 7.6592950599 -9.60217221095
-3.70822039952 7.65155369376 -9.6043307497
-3.67713593613 7.65197050647 -9.60577292487
-3.64310547309 7.6588164672 -9.60658958705
-3.60868574544 7.66993988693 -9.60691469194
-3.57601314677 7.68328207687 -9.60689127587
-3.54641467032 7.69740250613 -9.60662748481
-3.52030175753 7.71186052491 -9.60615613492
-3.4973518975 7.72732667306 -9.60541271921
-3.47689203415 7.74536651764 -9.60424279105
-3.45834006972 7.76793464612 -9.60244113368
-3.44155334547 7.79670700034 -9.59981467796
-3.42697579084 7.83243684552 -9.59625226374

/group/LPA_010/57
57
posId 57
-3.45126181302 7.9267005299 -9.68037380458
-3.46341404431 7.97331038185 -9.67478369218
-3.47868902948 8.0085376055 -9.67025822773
-3.49760177312 8.03227720008 -9.66678324206
-3.52129380808 8.0469212965 -9.664046285
-3.55085144141 8.05593744371 -9.66162248696
-3.58645266088 8.06221542581 -9.65919365791
-3.6267144145 8.06685268665 -9.65671053819
-3.66856769557 8.06883133421 -9.65443354505
-3.70779743624 8.0656489644 -9.65283859106
-3.74011977841 8.05456877684 -9.65243007974
-3.7624378157 8.03391671208 -9.65354006047
-3.77381624162 8.00386815637 -9.656195905
-3.77579301998 7.96641840184 -9.66010809164
-3.77187825274 7.92460352513 -9.6647783525
-3.76638950134 7.88136678777 -9.66967851534
-3.76302256721 7.83860780177 -9.6744228301
-3.76365858855 7.79684884129 -9.6788625573
-3.76782145463 7.75565416649 -9.68306784383
-3.77295762041 7.71457921663 -9.68721228655
-3.77540801997 7.67416874131 -9.69141810642
-3.77169630647 7.6364839128 -9.69563614603
-3.75966211106 7.60483980829 -9.69961805952
-3.73905427712 7.58279161418 -9.70299558762
-3.71142629138 7.57276499345 -9.70543236314
-3.67944911634 7.5749237341 -9.70677905774
-3.64596554183 7.58681185164 -9.70715836238
-3.61317569751 7.60401116963 -9.70693476929
-3.58224797614 7.62163686504 -9.70657364261
-3.55344256071 7.63612677798 -9.7064435429
-3.52660916972 7.64662319863 -9.70664371994
-3.50177297007 7.65537239035 -9.7069324257
-3.47951170835 7.66693456148 -9.70679289367
-3.46095035516 7.68646139406 -9.70561802723
-3.44739580042 7.7176724968 -9.70294508477
-3.43981179251 7.76129291431 -9.69864888251
-3.43841216151 7.81454509465 -9.6930162606

/group/LPA_010/60
60
posId 60
-3.45452398301 7.77165909777 -9.80324111597
-3.46442759479 7.82178014619 -9.79895852344
-3.4779750233 7.86309996668 -9.79526583409
-3.49418237609 7.89295739059 -9.79240422701
-3.51322280962 7.91210664701 -9.7903085305
-3.53620410591 7.92393500194 -9.78867611389
-3.56438914406 7.93267497945 -9.78713248242
-3.59819136205 7.94137485208 -9.78542286509
-3.63640415138 7.95047903641 -9.78354827316
-3.67605214961 7.95760257658 -9.78178790603
-3.71300657392 7.95857552605 -9.78059759703
-3.74318519771 7.94929838985 -9.78042617686
-3.7638949485 7.92761316194 -9.78152630198
-3.77478509462 7.89439559659 -9.78383891824
-3.77800579001 7.8534100128 -9.78700002813
-3.77746502595 7.80999413623 -9.79046761652
-3.77742917098 7.7691347586 -9.79371677209
-3.78097605512 7.73374705142 -9.79642306042
-3.78887667335 7.70387601174 -9.79855968428
-3.79932262539 7.67713972482 -9.80037045563
-3.80859348231 7.65020179302 -9.80223264718
-3.81239994989 7.6206214325 -9.80446946831
-3.80738755683 7.5882711383 -9.80719208233
-3.79224004303 7.55570072074 -9.81023743672
-3.76799611712 7.52728216989 -9.81322670144
-3.73751325786 7.50749771733 -9.81571750653
-3.70434581642 7.49910795742 -9.81738335404
-3.67151736824 7.50199699174 -9.81814239544
-3.64067726523 7.51320963104 -9.81817987665
-3.61194213661 7.52818965404 -9.8178544774
-3.58442017371 7.54271201176 -9.81752892258
-3.55712957094 7.55469545432 -9.81739822839
-3.52987192612 7.56511771785 -9.81739064597
-3.50366552661 7.57762158315 -9.81718592807
-3.48055684731 7.5969453856 -9.81634577124
-3.46291408252 7.62680780068 -9.81450323958
-3.45253795748 7.66811489996 -9.81153207294

/group/LPA_010/63
63
posId 63
-3.49283480409 7.74042178961 -9.92467141151
-3.50452700083 7.78898772109 -9.92263975666
-3.52494032079 7.82349366844 -9.92123931215
-3.55459695328 7.84230353406 -9.92054177761
-3.59223357268 7.84803944582 -9.92043072599
-3.6345987418 7.84569467145 -9.92068144075
-3.67712559919 7.83998625911 -9.92107632018
-3.71527418535 7.8332593782 -9.92149911098
-3.74598849222 7.82489489184 -9.9219653785
-3.76861877061 7.8123562224 -9.92258109628
-3.78487813219 7.79317220978 -9.92345784586
-3.79783624646 7.76671962547 -9.92463314561
-3.81039448497 7.734849708 -9.92603828339
-3.82392195746 7.70107962092 -9.9275279831
-3.83764671848 7.66886749533 -9.92895187665
-3.84903457755 7.63997922034 -9.93022557055
-3.85492800756 7.61387983926 -9.93136067569
-3.85288308346 7.58849253336 -9.93243716027
-3.84208979804 7.56189083941 -9.93353438301
-3.82350371677 7.53395203093 -9.93466098024
-3.79922173143 7.50699890695 -9.93572524934
-3.77149348305 7.48500084502 -9.9365657402
-3.74189701788 7.47170409112 -9.93702814026
-3.71106707468 7.4686833551 -9.93704748364
-3.67903616142 7.47440622188 -9.93668930294
-3.64591447888 7.48490694393 -9.93612328314
-3.61247184469 7.4958227972 -9.93553840081
-3.58027191354 7.50479372687 -9.93504096315
-3.55128775534 7.51296852673 -9.93458894425
-3.52723719679 7.52475297489 -9.93400037384
-3.50904157908 7.54579580134 -9.93303738976
-3.49673980806 7.58010726477 -9.931528937
-3.48992026691 7.62768257669 -9.92947375658

/group/LPA_010/66
66
posId 66
-3.53076120521 7.66727646205 -10.0580572241
-3.54231764423 7.71550974168 -10.0578550169
-3.56435532858 7.74749901946 -10.0582303261
-3.59440129172 7.76163683361 -10.0591158936
-3.6303135054 7.76366591269 -10.0603629608
-3.67020659775 7.76179803755 -10.0618005476
-3.71172821276 7.76093039828 -10.0632831657
-3.7515773648 7.75995255848 -10.064707906
-3.78594394937 7.75372140709 -10.0660049657
-3.81175471237 7.73785362614 -10.0671210203
-3.82787618745 7.71257248658 -10.0680130655
-3.83534762902 7.68278924431 -10.0686556401
-3.83638454636 7.65458824491 -10.0690500925
-3.83280790622 7.63100993163 -10.0692223966
-3.82500866216 7.61044182258 -10.0692068612
-3.81218084882 7.58878642859 -10.069026894
-3.7936087698 7.56358132304 -10.0686883626
-3.7699818705 7.53672972964 -10.0681915619
-3.74365947634 7.5136257214 -10.0675516927
-3.71758103633 7.49933953548 -10.0668086244
-3.69355697618 7.49491213794 -10.0660133186
-3.671205379 7.49680987831 -10.0651970602
-3.64840554779 7.50015617617 -10.064346542
-3.62308304711 7.5033314097 -10.0634087849
-3.5951775215 7.51026567304 -10.0623318003
-3.56747236375 7.52830021582 -10.0611211212
-3.54471305874 7.56278553629 -10.0598770714

/group/LPA_010/69
69
posId 69
-2.19631154197 8.25928392321 -10.1172554652
-2.20618788283 8.29534204462 -10.1181827505
-2.21433825167 8.33137424005 -10.1190011218
-2.22068982437 8.36705322985 -10.1197032219
-2.22515608733 8.40208370934 -10.120281102
-2.22764094689 8.43620914751 -10.1207265384
-2.2280443937 8.4692169363 -10.1210314328
-2.2262693099 8.50094166731 -10.1211882685
-2.22222891593 8.53126639801 -10.1211905903
-2.21585429937 8.56012186361 -10.121033472
-2.20710145332 8.58748368773 -10.1207139356
-2.19595727787 8.6133677414 -10.1202312908
-2.18244406375 8.63782388872 -10.1195873634
-2.16662207812 8.66092843574 -10.1187865949
-2.14859000109 8.68277566139 -10.117835998
-2.1284831105 8.70346885263 -10.1167449667
-2.10646927001 8.72311128802 -10.1155249466
-2.08274293253 8.74179761337 -10.114188985
-2.05751751466 8.7596060301 -10.1127511842
-2.03101662002 8.77659167217 -10.1112260926
-2.00346467937 8.79278148433 -10.1096280719
-1.97507762887 8.80817083526 -10.1079706819
-1.94605425803 8.82272200919 -10.106266122
-1.91656882716 8.83636462261 -10.1045247704
-1.88676547948 8.84899791542 -10.1027548516
-1.85675486215 8.86049477153 -10.1009622572
-1.82661322823 8.87070723924 -10.0991505367
-1.79638412897 8.87947324993 -10.0973210604
-1.76608263165 8.88662417892 -10.0954733493
-1.73570182554 8.89199285674 -10.0936055529
-1.70522121765 8.89542162493 -10.0917150455
-1.67461648249 8.89677003704 -10.0897991062
-1.64386992542 8.89592183313 -10.0878556361
-1.61298095407 8.8927908613 -10.0858838684
-1.5819758331 8.88732568137 -10.0838850217
-1.55091602474 8.87951265858 -10.0818628511
-1.51990449087 8.86937743556 -10.0798240578
-1.48908944814 8.85698475459 -10.0777785242
-1.45866521801 8.84243668346 -10.0757393519
-1.42886999021 8.82586937458 -10.073722694
-1.3999805102 8.80744855274 -10.071747382
-1.37230389541 8.78736398027 -10.0698343637
-1.34616697088 8.76582318627 -10.0680059783
-1.32190367893 8.74304476792 -10.066285107
-1.29984124968 8.71925157686 -10.0646942443
-1.28028591092 8.69466409153 -10.063254542
-1.2635089606 8.66949425083 -10.0619848799
-1.24973401975 8.64393998537 -10.0609010167
-1.23912622785 8.61818063535 -10.0600148705
-1.23178403951 8.59237338959 -10.0593339727
-1.22773413704 8.56665082416 -10.0588611262
-1.22692979619 8.54111956284 -10.0585942913
-1.22925284319 8.5158600299 -10.0585267068
-1.23451913254 8.49092722011 -10.0586472417
-1.24248726895 8.46635237378 -10.0589409585
-1.25287010656 8.44214541784 -10.059389858
-1.26534839596 8.4182980169 -10.0599737647
-1.27958582392 8.39478707211 -10.0606713034
-1.29524461077 8.37157850845 -10.0614609135
-1.3120007997 8.34863120205 -10.0623218456
-1.32955839441 8.32590091622 -10.0632350844
-1.34766157293 8.30334413552 -10.0641841509
-1.36610432356 8.28092171016 -10.0651557398
-1.38473700486 8.25860224458 -10.0661401615
-1.40346951628 8.2363651839 -10.0671315679
-1.4222709681 8.21420356758 -10.0681279547
-1.44116594554 8.19212643018 -10.0691309466
-1.46022766056 8.17016083455 -10.0701453834
-1.47956846278 8.14835352291 -10.0711787361
-1.49932832814 8.12677216703 -10.072240393
-1.51966205141 8.10550619116 -10.0733408593
-1.5407259302 8.08466713264 -10.0744909227
-1.56266474016 8.06438849591 -10.0757008307
-1.58559976488 8.04482504962 -10.0769795319
-1.60961856025 8.02615151384 -10.0783340195
-1.6347670103 8.00856058743 -10.0797688148
-1.66104407584 7.99226027569 -10.0812856136
-1.68839946069 7.97747049521 -10.0828831104
-1.71673423316 7.9644189575 -10.0845570032
-1.7459042556 7.95333636337 -10.0863001681
-1.77572610392 7.94445097654 -10.0881029867
-1.80598501212 7.9379826835 -10.0899537958
-1.83644426393 7.93413668718 -10.0918394254
-1.86685538089 7.93309701946 -10.0937457857
-1.89696842715 7.93502009098 -10.0956584612
-1.92654176819 7.94002852215 -10.0975632731
-1.95535068017 7.94820551461 -10.0994467736
-1.98319430523 7.95959002535 -10.1012966435
-2.00990057744 7.97417299536 -10.10310197
-2.03532889616 7.99189485952 -10.1048533944
-2.0593704867 8.01264452562 -10.1065431258
-2.08194655155 8.03625995829 -10.1081648299
-2.1030044688 8.0625304405 -10.1097134087
-2.12251242555 8.09120051422 -10.1111846955
-2.14045297666 8.12197552559 -10.112575097
-2.15681608467 8.15452862315 -10.1138812133
-2.17159222226 8.18850898424 -10.115099474

/group/LPA_010/72
72
posId 72
-2.18919035819 8.21468524292 -10.2333691467
-2.20140134747 8.24940505018 -10.2352829596
-2.21157113575 8.28482132645 -10.237031341
-2.21963955399 8.32061249208 -10.238601284
-2.22554820174 8.35645957668 -10.2399800014
-2.22924167134 8.39205425446 -10.2411552256
-2.23066974311 8.42710674122 -10.2421155925
-2.22979038558 8.46135316154 -10.2428510835
-2.22657331712 8.49456200122 -10.2433534967
-2.2210038265 8.52653929088 -10.2436169108
-2.21308651347 8.55713222028 -10.2436381042
-2.20284860063 8.58623095761 -10.2434168937
-2.19034248444 8.61376853915 -10.2429563593
-2.17564723682 8.63971879749 -10.2422629288
-2.15886883496 8.66409240501 -10.2413463041
-2.14013898335 8.68693121693 -10.2402192222
-2.11961249071 8.70830119809 -10.2388970528
-2.09746327002 8.72828430423 -10.2373972487
-2.07387913459 8.74696975481 -10.235738675
-2.0490556582 8.76444517774 -10.2339408505
-2.02318944842 8.78078812158 -10.2320231468
-1.99647123988 8.79605841835 -10.2300039909
-1.96907924704 8.81029183826 -10.2279001215
-1.9411732183 8.82349541034 -10.2257259482
-1.91288960575 8.83564469176 -10.2234930553
-1.88433820804 8.8466831605 -10.2212098888
-1.85560056019 8.85652378565 -10.2188816495
-1.82673023947 8.86505270481 -10.2165104082
-1.79775513701 8.87213481595 -10.2140954406
-1.76868161706 8.8776209789 -10.2116337698
-1.73950035992 8.88135642588 -10.2091208866
-1.7101935671 8.88318990778 -10.2065516098
-1.68074310707 8.88298305603 -10.2039210343
-1.65113910396 8.88061942429 -10.2012255123
-1.62138842491 8.87601268781 -10.1984636044
-1.59152250868 8.86911352373 -10.1956369414
-1.56160399953 8.85991476737 -10.192750938
-1.5317317069 8.84845453558 -10.1898153095
-1.50204349868 8.83481712176 -10.1868443509
-1.47271685066 8.81913159208 -10.1838569522
-1.44396690909 8.8015681411 -10.1808763398
-1.41604207016 8.78233239017 -10.1779295461
-1.38921723001 8.76165792633 -10.175046631
-1.36378500304 8.739797476 -10.1722596886
-1.34004533489 8.71701318161 -10.1696016907
-1.3182940428 8.69356649593 -10.1671052246
-1.29881089142 8.66970822594 -10.1648011932
-1.28184785324 8.64566924467 -10.1627175482
-1.26761820582 8.62165234725 -10.1608781237
-1.25628708202 8.59782565876 -10.159301638
-1.2479640172 8.57431791079 -10.1580009159
-1.24269793205 8.55121579686 -10.1569823795
-1.2404748576 8.52856350039 -10.1562458333
-1.24121855799 8.50636436938 -10.1557845601
-1.24479404553 8.48458459693 -10.1555857215
-1.2510138207 8.4631586627 -10.155631044
-1.25964651747 8.44199620265 -10.1558977524
-1.27042749975 8.42098990872 -10.156359703
-1.28307084672 8.40002401853 -10.1569886531
-1.2972820891 8.37898294052 -10.1577556022
-1.31277101984 8.35775957138 -10.1586321315
-1.32926390323 8.33626289927 -10.1595916731
-1.34651444586 8.31442454436 -10.1606106436
-1.36431296856 8.29220396395 -10.1616693854
-1.38249332592 8.26959213753 -10.1627528716
-1.40093725204 8.24661364053 -10.163851142
-1.41957596025 8.22332711048 -10.1649594577
-1.43838898144 8.19982419686 -10.1660781717
-1.4574003804 8.17622716396 -10.1672123354
-1.4766726338 8.15268537715 -10.1683710685
-1.49629857837 8.12937094654 -10.1695667382
-1.51639193555 8.10647382415 -10.1708139979
-1.53707698555 8.08419665205 -10.1721287435
-1.55847799443 8.06274964077 -10.1735270498
-1.58070899217 8.0423457205 -10.1750241438
-1.60386445916 8.02319615801 -10.1766334696
-1.62801140511 8.00550677182 -10.1783658929
-1.65318322538 7.98947481362 -10.180229079
-1.67937559963 7.97528651981 -10.1822270687
-1.70654456648 7.96311527772 -10.1843600632
-1.73460677286 7.95312030218 -10.1866244152
-1.76344176675 7.94544568205 -10.18901281
-1.79289608553 7.94021963627 -10.1915146129
-1.82278879571 7.93755381604 -10.1941163461
-1.85291806898 7.93754250367 -10.1968022565
-1.88306833877 7.9402615882 -10.1995549285
-1.91301757146 7.94576724045 -10.2023559018
-1.94254420754 7.95409426177 -10.2051862503
-1.97143337815 7.96525413773 -10.2080270903
-1.99948207585 7.97923288463 -10.2108599902
-2.02650305175 7.99598882904 -10.2136672655
-2.05232731488 8.01545050313 -10.2164321513
-2.07680521853 8.03751486811 -10.219138857
-2.09980622271 8.06204609117 -10.2217725162
-2.12121751638 8.08887509623 -10.2243190529
-2.14094175947 8.11780008459 -10.226764993
-2.1588942598 8.14858818001 -10.2290972511

/group/LPA_010/75
75
posId 75
-2.18021305276 8.20963573814 -10.3481681798
-2.19282611502 8.24470613603 -10.3508573727
-2.20332979585 8.28062588488 -10.3533306352
-2.21167098315 8.31705927402 -10.355570096
-2.21780198683 8.35366991055 -10.3575584909
-2.22168085344 8.39012933384 -10.3592794998
-2.22327255429 8.42612550725 -10.3607181803
-2.22255093858 8.46137077096 -10.3618614722
-2.21950126301 8.49560885147 -10.3626987357
-2.21412304559 8.52862055995 -10.3632222824
-2.20643294834 8.56022787227 -10.3634278526
-2.19646737569 8.59029616432 -10.3633149954
-2.18428448342 8.61873447364 -10.3628873122
-2.1699653272 8.64549376559 -10.3621525292
-2.15361393822 8.67056329418 -10.3611223803
-2.13535619099 8.69396525604 -10.3598122886
-2.11533742031 8.71574803544 -10.3582408541
-2.09371884371 8.73597842084 -10.3564291661
-2.07067294418 8.75473323572 -10.3543999745
-2.04637805947 8.77209086215 -10.3521767649
-2.02101250005 8.78812314405 -10.3497827923
-1.99474857277 8.80288813603 -10.3472401324
-1.96774691613 8.81642411501 -10.3445688145
-1.94015155323 8.82874519791 -10.3417860925
-1.91208603827 8.83983881331 -10.338905909
-1.88365101381 8.84966516533 -10.3359385916
-1.85492341217 8.85815870884 -10.3328908121
-1.82595742954 8.86523153487 -10.329765817
-1.79678728356 8.87077845139 -10.326563926
-1.76743164159 8.87468344293 -10.323283272
-1.73789948596 8.876827111 -10.3199207428
-1.70819707274 8.87709463922 -10.3164730684
-1.67833555047 8.87538379713 -10.3129379867
-1.64833874062 8.87161249607 -10.3093154118
-1.61825054827 8.86572543922 -10.3056085281
-1.58814147258 8.85769946434 -10.3018247344
-1.55811372272 8.84754725782 -10.2979763683
-1.52830451533 8.83531921764 -10.294081155
-1.49888722927 8.82110335466 -10.2901623382
-1.47007021848 8.80502323841 -10.2862484707
-1.44209322467 8.78723410993 -10.2823728609
-1.41522148091 8.76791739021 -10.2785726961
-1.38973774535 8.74727390558 -10.2748878786
-1.3659326404 8.72551622172 -10.2713596351
-1.34409379016 8.7028605252 -10.2680289694
-1.32449433723 8.67951851049 -10.2649350431
-1.30738147516 8.65568972211 -10.262113575
-1.29296564922 8.63155476633 -10.2595953472
-1.28141105551 8.60726974742 -10.2574049056
-1.272828006 8.58296220419 -10.2555595304
-1.26726762994 8.5587287285 -10.2540685358
-1.26471925433 8.53463434552 -10.2529329437
-1.26511065644 8.5107136309 -10.2521455524
-1.26831121817 8.48697344108 -10.2516913983
-1.27413784579 8.46339704422 -10.2515485888
-1.28236335873 8.43994936657 -10.2516894619
-1.2927269086 8.41658301689 -10.2520820076
-1.30494587216 8.3932447217 -10.2526914772
-1.31872857751 8.36988179821 -10.2534820893
-1.33378717608 8.34644830912 -10.2544187422
-1.34984996729 8.32291058226 -10.2554686409
-1.36667251789 8.29925183403 -10.2566027521
-1.38404699153 8.27547570601 -10.2577970129
-1.40180921225 8.25160860126 -10.2590332347
-1.41984312003 8.22770078766 -10.2602996599
-1.43808243028 8.20382631277 -10.2615911524
-1.45650947165 8.18008184338 -10.2629090213
-1.47515133802 8.15658459953 -10.2642605018
-1.49407364157 8.13346959263 -10.2656579317
-1.51337228417 8.11088639945 -10.267117681
-1.53316376807 8.08899570679 -10.2686589045
-1.55357463615 8.06796584681 -10.2703021918
-1.57473066463 8.04796951188 -10.2720681949
-1.59674642563 8.02918079374 -10.2739763107
-1.61971579357 8.01177263938 -10.2760434872
-1.64370389344 7.99591475906 -10.2782832136
-1.66874088435 7.98177196613 -10.280704739
-1.694817847 7.96950287779 -10.2833125487
-1.72188490673 7.95925886565 -10.2861061086
-1.74985158422 7.95118311748 -10.2890798742
-1.77858923194 7.94540965976 -10.2922235394
-1.80793529539 7.94206219565 -10.2955224923
-1.83769904113 7.94125263385 -10.2989584308
-1.86766832348 7.94307921999 -10.3025100847
-1.89761692341 7.94762422961 -10.30615399
-1.92731198715 7.95495123751 -10.3098652591
-1.95652111748 7.96510203762 -10.3136182992
-1.98501872585 7.97809334488 -10.3173874365
-2.01259133184 7.99391346208 -10.3211474175
-2.03904159292 8.01251913462 -10.3248737676
-2.06419095408 8.03383284128 -10.3285430059
-2.08788091587 8.05774077645 -10.3321327222
-2.10997302224 8.08409176693 -10.3356215381
-2.1303477601 8.11269733473 -10.3389889805
-2.14890263342 8.14333306662 -10.342215306

/group/LPA_010/78
78
posId 78
-2.16984027812 8.20417924188 -10.4600986593
-2.18201891444 8.24009975562 -10.4633432926
-2.19198681703 8.27683911983 -10.4663126253
-2.19974580431 8.31403541213 -10.4689914442
-2.20531603611 8.35133878353 -10.4713676263
-2.20873056855 8.38841983764 -10.4734317329
-2.21002984665 8.4249767576 -10.4751765414
-2.2092565221 8.46074089665 -10.4765965562
-2.20645094833 8.4954806358 -10.4776875421
-2.20164764784 8.52900340868 -10.4784461143
-2.19487297011 8.56115589384 -10.4788694182
-2.18614407014 8.59182247235 -10.4789549202
-2.17546924205 8.62092213802 -10.4787003223
-2.16284954771 8.64840412329 -10.4781036037
-2.14828159185 8.67424256241 -10.4771631822
-2.13176122032 8.6984305511 -10.4758781799
-2.11328786017 8.72097397753 -10.4742487678
-2.09286918349 8.74188549216 -10.4722765636
-2.07052576358 8.76117895611 -10.4699650473
-2.04629540137 8.7788646603 -10.4673199644
-2.02023683131 8.79494554571 -10.4643496847
-1.99243256624 8.80941458208 -10.4610654892
-1.96299070534 8.82225338388 -10.4574817648
-1.93204560346 8.83343206333 -10.4536160922
-1.89975737806 8.84291024537 -10.4494892198
-1.86631030576 8.85063910402 -10.4451249257
-1.83191022898 8.85656422632 -10.4405497765
-1.7967811493 8.86062907205 -10.4357927964
-1.76116122462 8.86277877681 -10.4308850683
-1.72529840947 8.86296404206 -10.425859288
-1.68944598122 8.86114486837 -10.4207492959
-1.65385818012 8.85729391518 -10.4155896086
-1.6187861598 8.85139930915 -10.4104149706
-1.58447440105 8.84346677018 -10.4052599415
-1.55115768901 8.83352097534 -10.4001585305
-1.51905869706 8.82160613334 -10.3951438814
-1.48838616552 8.80778579065 -10.3902480091
-1.45933361324 8.79214193344 -10.3855015797
-1.4320784808 8.77477348307 -10.3809337268
-1.40678157704 8.75579430674 -10.3765718882
-1.38358668993 8.73533087716 -10.3724416513
-1.36262022667 8.71351971688 -10.3685665936
-1.3439907683 8.69050475461 -10.3649681071
-1.3277884564 8.66643470478 -10.3616652
-1.31408417263 8.6414605598 -10.3586742746
-1.30292852018 8.61573325954 -10.3560088849
-1.29435066608 8.58940157762 -10.3536794833
-1.28835714931 8.56261024132 -10.3516931731
-1.28493079745 8.53549828334 -10.3500534865
-1.28402992018 8.50819761163 -10.3487602094
-1.28558795802 8.4808317774 -10.3478092801
-1.28951375822 8.45351492352 -10.347192783
-1.29569262495 8.42635090233 -10.346899058
-1.30398825039 8.39943256513 -10.3469129414
-1.31424557885 8.37284124026 -10.3472161455
-1.32629459056 8.34664643328 -10.3477877773
-1.33995492194 8.32090579637 -10.3486049847
-1.3550411682 8.29566542414 -10.3496437147
-1.37136864923 8.27096053653 -10.3508795507
-1.38875936549 8.24681660489 -10.3522885975
-1.40704783197 8.2232509645 -10.3538483685
-1.42608645952 8.20027493471 -10.355538632
-1.44575015546 8.17789643835 -10.3573421685
-1.46593984155 8.15612307581 -10.3592453963
-1.4865846352 8.13496556976 -10.3612388246
-1.5076425078 8.11444145541 -10.3633173037
-1.52909931791 8.09457885352 -10.3654800507
-1.55096621138 8.07542013077 -10.3677304407
-1.57327548015 8.05702522945 -10.3700755681
-1.59607506832 8.03947443743 -10.3725255938
-1.61942200324 8.02287037237 -10.3750929082
-1.64337510277 8.00733897315 -10.3777911494
-1.66798736404 7.99302932525 -10.3806341281
-1.69329846794 7.98011219564 -10.3836347124
-1.71932783643 7.968777214 -10.3868037332
-1.74606865459 7.95922870727 -10.3901489669
-1.77348321814 7.95168027081 -10.3936742502
-1.80149989227 7.94634823595 -10.3973787747
-1.83001187394 7.94344426645 -10.4012565959
-1.85887784325 7.94316738008 -10.4052963843
-1.88792447672 7.94569574213 -10.4094814269
-1.91695068383 7.95117861034 -10.413789878
-1.94573332496 7.95972882391 -10.4181952404
-1.97403408115 7.97141622035 -10.4226670488
-2.00160707919 7.98626233273 -10.4271717125
-2.02820683367 8.0042366677 -10.4316734722
-2.05359605455 8.02525479404 -10.4361354131
-2.07755288339 8.04917838544 -10.4405204832
-2.09987716444 8.07581726517 -10.4447924606
-2.12039542407 8.10493339957 -10.448916823
-2.1389643193 8.13624668742 -10.4528614791

/group/LPA_010/81
81
posId 81
-2.18225119977 8.21067169357 -10.5679734317
-2.19303057609 8.24741966209 -10.5714619449
-2.20203681649 8.28475183485 -10.5746986327
-2.20932678173 8.32221436877 -10.5776704346
-2.21492792763 8.35938255371 -10.5803610586
-2.21883477937 8.3958748571 -10.5827511061
-2.22100903472 8.4313643865 -10.5848186451
-2.22138320725 8.46558716527 -10.5865401879
-2.21986743955 8.49834681451 -10.5878919953
-2.21635886689 8.52951545765 -10.5888515999
-2.21075271387 8.55903089708 -10.5893994233
-2.20295417443 8.58689034026 -10.5895203477
-2.19289006932 8.61314116031 -10.58920511
-2.18051929832 8.63786934987 -10.5884513925
-2.16584120566 8.66118645576 -10.5872645101
-2.14890114709 8.68321585741 -10.5856576235
-2.1297927734 8.7040792705 -10.5836514447
-2.10865680921 8.72388431754 -10.5812734397
-2.08567638831 8.7427139133 -10.5785565765
-2.06106928359 8.76061807265 -10.5755376986
-2.03507762148 8.77760857078 -10.5722556407
-2.0079558762 8.79365668503 -10.5687492213
-1.97995808289 8.80869403673 -10.5650552634
-1.95132527882 8.8226163457 -10.5612067919
-1.92227417327 8.83528972344 -10.5572315489
-1.89298795852 8.8465589752 -10.5531509452
-1.863610014 8.85625726705 -10.5489795343
-1.83424103438 8.86421644782 -10.5447250608
-1.80493984683 8.87027730082 -10.5403890866
-1.77572789375 8.8742990362 -10.5359681612
-1.74659706549 8.87616741777 -10.531455454
-1.71752029759 8.87580104016 -10.5268427337
-1.68846411765 8.87315542431 -10.52212255
-1.65940215745 8.86822476834 -10.5172904543
-1.63032855011 8.86104136529 -10.5123470881
-1.60127011699 8.85167286504 -10.507299976
-1.57229631822 8.84021770379 -10.5021648764
-1.54352608894 8.82679914004 -10.4969665716
-1.51513090118 8.81155841404 -10.4917390199
-1.48733366244 8.79464758271 -10.486524833
-1.46040336812 8.77622257434 -10.481374094
-1.43464574159 8.75643695685 -10.4763425753
-1.41039040173 8.73543682769 -10.4714894625
-1.38797536822 8.71335711875 -10.4668747264
-1.36772993058 8.69031947659 -10.462556313
-1.3499570507 8.66643173805 -10.4585873366
-1.33491652913 8.64178888542 -10.4550134669
-1.32281013701 8.61647524419 -10.4518706854
-1.3137697995 8.59056759062 -10.4491835693
-1.30784972043 8.5641387718 -10.446964223
-1.30502307444 8.53726141392 -10.4452119353
-1.30518358157 8.51001130497 -10.4439135924
-1.30815194105 8.48247008585 -10.4430448259
-1.31368676092 8.45472696386 -10.4425718224
-1.32149930185 8.42687926711 -10.4424536812
-1.33127108125 8.39903177914 -10.4426451634
-1.34267317549 8.37129491907 -10.4430996536
-1.35538593132 8.34378195239 -10.4437721401
-1.36911776019 8.31660552205 -10.4446220156
-1.38362174477 8.2898738674 -10.4456155183
-1.39870893249 8.2636871449 -10.4467276538
-1.41425741577 8.23813427285 -10.4479434766
-1.43021658683 8.21329069251 -10.449258654
-1.4466062873 8.18921737047 -10.450679283
-1.46351092421 8.1659612681 -10.4522209835
-1.48106897126 8.14355737895 -10.453907338
-1.49945859105 8.12203229575 -10.4557677927
-1.51888037945 8.10140912499 -10.4578351697
-1.5395384276 8.081713431 -10.4601429629
-1.56162100751 8.06297977506 -10.4627226031
-1.58528220532 8.04525832746 -10.4656008773
-1.6106257525 8.02862098116 -10.4687976701
-1.63769214348 8.01316638874 -10.4723241731
-1.6664498923 7.99902338363 -10.4761816687
-1.69679148677 7.98635232951 -10.480360957
-1.72853426789 7.97534406484 -10.484842443
-1.76142611956 7.96621626429 -10.4895968594
-1.79515552209 7.95920721539 -10.4945865527
-1.82936522775 7.95456719482 -10.4997672254
-1.86366857699 7.95254781042 -10.505089997
-1.89766730766 7.95338983977 -10.5105036272
-1.93096962741 7.95731023105 -10.5159567406
-1.96320732571 7.96448902566 -10.5213998958
-1.99405079656 7.97505700821 -10.5267873588
-2.02322101623 7.98908488162 -10.532078471
-2.05049776038 8.00657470343 -10.5372385307
-2.07572363205 8.02745420599 -10.5422391544
-2.09880378493 8.05157446506 -10.5470581197
-2.11970154262 8.07871118798 -10.5516787354
-2.13843040929 8.10856967622 -10.5560888202
-2.15504322016 8.14079329235 -10.5602793994

/group/LPA_010/84
84
posId 84
-2.17705278544 8.19780185571 -10.6543314247
-2.189242469 8.23363086462 -10.65830874
-2.1995233216 8.27046908134 -10.6620130664
-2.20791721845 8.30791078413 -10.6654267028
-2.2144257684 8.34555263244 -10.6685286088
-2.21902777886 8.38300665979 -10.6712946588
-2.22167964966 8.41991245492 -10.6736983527
-2.22231861194 8.455947839 -10.6757119338
-2.22086849769 8.49083743181 -10.6773078281
-2.21724752299 8.52435862658 -10.6784602902
-2.21137740701 8.5563446531 -10.6791471245
-2.20319304312 8.58668459041 -10.6793513389
-2.19265189502 8.61532038307 -10.6790625937
-2.17974231317 8.64224110418 -10.6782783198
-2.16449005269 8.66747488197 -10.6770044068
-2.1469624168 8.69107905291 -10.6752553904
-2.12726963826 8.71312921229 -10.6730541102
-2.10556333057 8.73370789682 -10.670430847
-2.08203207413 8.75289364752 -10.6674219899
-2.05689443122 8.77075116511 -10.6640683222
-2.03038989065 8.78732318628 -10.660413044
-2.00276841146 8.80262458413 -10.6564996727
-1.97427935179 8.81663903805 -10.6523699745
-1.94516062558 8.82931843848 -10.6480620793
-1.91562891994 8.84058500349 -10.6436089201
-1.88587173151 8.85033589914 -10.6390371158
-1.85604184554 8.85844998736 -10.6343663838
-1.82625469694 8.86479618543 -10.6296095309
-1.79658883175 8.86924281836 -10.6247730263
-1.76708944741 8.87166728754 -10.6198581178
-1.73777474905 8.87196536862 -10.6148624096
-1.70864463477 8.87005948916 -10.6097817849
-1.67969103386 8.86590541826 -10.6046125265
-1.65090908178 8.85949692136 -10.5993534734
-1.62230823672 8.85086808219 -10.5940080437
-1.59392243064 8.84009316206 -10.5885859625
-1.56581840507 8.82728404005 -10.5831045522
-1.5381015045 8.81258544537 -10.5775894701
-1.51091838044 8.79616834214 -10.5720748219
-1.48445628287 8.77822194811 -10.566602618
-1.45893886828 8.75894495266 -10.5612215936
-1.43461871476 8.73853654237 -10.5559854541
-1.4117669863 8.7171878405 -10.5509506564
-1.39066091122 8.69507432194 -10.5461738668
-1.3715699168 8.67234968158 -10.5417092673
-1.3547413802 8.64914151791 -10.5376058912
-1.3403870046 8.62554905505 -10.5339051735
-1.32867080579 8.60164297491 -10.5306388887
-1.3196995984 8.57746727919 -10.5278276225
-1.31351670837 8.55304295897 -10.5254798909
-1.310099422 8.5283731281 -10.5235919756
-1.30936042473 8.50344918453 -10.5221484951
-1.3111532053 8.47825750651 -10.5211236829
-1.31528112098 8.45278617209 -10.5204832922
-1.3215095592 8.42703121165 -10.5201870053
-1.32958040695 8.40100195994 -10.52019119
-1.33922787055 8.37472516324 -10.5204518213
-1.35019458457 8.34824760937 -10.5209273743
-1.36224692045 8.32163717493 -10.5215814962
-1.37518845237 8.2949823148 -10.5223852819
-1.38887065959 8.26839014331 -10.5233190017
-1.40320013073 8.2419833642 -10.5243731712
-1.41814177414 8.21589639017 -10.5255488945
-1.43371781255 8.19027104484 -10.5268574656
-1.45000262997 8.16525225785 -10.5283192597
-1.46711382474 8.14098414505 -10.5299619969
-1.48520008265 8.11760681411 -10.5318184996
-1.5044267023 8.09525415397 -10.533924102
-1.52495976328 8.07405276273 -10.5363138862
-1.54695001757 8.0541220516 -10.5390199344
-1.57051759824 8.03557544122 -10.5420687776
-1.59573857673 8.01852245236 -10.5454792085
-1.62263426616 8.00307139538 -10.5492605943
-1.65116397217 7.98933228935 -10.5534117923
-1.68122164975 7.9774196008 -10.557920723
-1.71263665192 7.96745438554 -10.5627646109
-1.74517847309 7.95956544882 -10.5679108572
-1.77856511727 7.95388920477 -10.5733184625
-1.81247447831 7.95056801381 -10.5789398849
-1.8465579225 7.94974689728 -10.5847231879
-1.88045512767 7.95156866447 -10.5906143201
-1.91380916576 7.95616762699 -10.5965593612
-1.94628082167 7.96366220875 -10.6025065793
-1.97756121977 7.97414687542 -10.6084081632
-2.00738197208 7.98768389628 -10.6142215216
-2.03552225992 8.00429550477 -10.6199100797
-2.06181249686 8.02395703817 -10.6254435426
-2.0861344777 8.04659160758 -10.6307976394
-2.10841817756 8.07206677874 -10.6359534004
-2.12863560653 8.10019363557 -10.6408960571
-2.14679233203 8.13072845805 -10.6456136814

/group/LPA_010/87
87
posId 87
-2.155080612 8.1650831782 -10.7097789968
-2.17008207118 8.20040514528 -10.7144077366
-2.18314714767 8.23692491188 -10.718757332
-2.19425959361 8.27421099356 -10.722801027
-2.20339158057 8.31184312057 -10.72651062
-2.21050179876 8.34942567458 -10.7298568677
-2.21553589104 8.38659918998 -10.7328101991
-2.21842915812 8.42304934337 -10.7353416944
-2.21911127284 8.45851302962 -10.7374242619
-2.21751256712 8.49278132122 -10.7390339233
-2.21357131793 8.52569931279 -10.7401511044
-2.2072413705 8.55716305255 -10.7407618253
-2.19849940458 8.58711394154 -10.7408586862
-2.18735117515 8.61553112869 -10.7404415609
-2.17383614121 8.64242253553 -10.7395179252
-2.15803002764 8.66781520153 -10.7381027805
-2.14004503517 8.69174564868 -10.7362181585
-2.12002760854 8.71425092114 -10.7338922275
-2.09815387704 8.73536086906 -10.7311580526
-2.07462307758 8.7550921219 -10.7280520891
-2.04964944315 8.77344404615 -10.724612513
-2.02345317384 8.79039681852 -10.7208775031
-1.99625119241 8.80591157952 -10.7168836013
-1.9682484151 8.81993247806 -10.7126642683
-1.93963023699 8.83239028554 -10.7082487435
-1.91055684249 8.8432071581 -10.7036612932
-1.88115981178 8.85230206343 -10.6989209057
-1.85154131394 8.85959636891 -10.694041456
-1.82177597079 8.86501910918 -10.6890323298
-1.79191525932 8.86851151137 -10.6838994588
-1.76199411067 8.87003044787 -10.6786466888
-1.73203917863 8.8695506019 -10.6732773738
-1.70207810362 8.86706525895 -10.6677960725
-1.6721490034 8.86258576695 -10.6622102112
-1.64230938531 8.85613982804 -10.6565315785
-1.61264370262 8.84776888569 -10.6507775293
-1.58326886655 8.83752494401 -10.6449717913
-1.55433717034 8.82546719569 -10.6391448007
-1.52603627234 8.81165883868 -10.6333335227
-1.49858610628 8.79616442943 -10.6275807544
-1.47223282273 8.77904805566 -10.6219339431
-1.44724009806 8.76037252117 -10.6164435908
-1.42387835791 8.74019962581 -10.611161348
-1.40241263468 8.7185915075 -10.6061379218
-1.38308989978 8.69561289902 -10.6014209416
-1.36612677042 8.67133405097 -10.5970529278
-1.35169848347 8.64583399394 -10.5930695055
-1.3399299541 8.61920376341 -10.5894979884
-1.33088959993 8.59154919665 -10.5863564316
-1.32458642226 8.56299293267 -10.5836532217
-1.32097060723 8.53367530374 -10.5813872333
-1.31993765956 8.50375389524 -10.579548542
-1.32133582705 8.47340166314 -10.5781196443
-1.32497633548 8.44280362597 -10.5770771009
-1.33064574763 8.41215227964 -10.5763934864
-1.33811960321 8.3816420084 -10.5760395143
-1.34717639971 8.35146287199 -10.5759861862
-1.35761094591 8.32179422821 -10.5762068213
-1.36924616107 8.29279869426 -10.576678827
-1.38194250209 8.26461695356 -10.5773850933
-1.39560436956 8.23736387666 -10.5783149204
-1.41018305898 8.21112634574 -10.5794644254
-1.42567607073 8.1859630575 -10.5808364081
-1.44212285217 8.16190643728 -10.5824396971
-1.45959729921 8.13896663704 -10.584288034
-1.47819757403 8.11713742493 -10.5863985824
-1.49803398331 8.09640361614 -10.5887901772
-1.51921579414 8.07674955674 -10.5914814416
-1.54183793284 8.05816806545 -10.5944889098
-1.56596851112 8.04066917189 -10.5978252847
-1.59163805448 8.02428797056 -10.6014979515
-1.61883117551 8.00909094004 -10.6055078413
-1.64748125005 7.99518015667 -10.6098487153
-1.67746843097 7.98269495631 -10.6145069018
-1.70862109041 7.97181075888 -10.6194614886
-1.74072053363 7.96273495786 -10.6246849367
-1.77350859649 7.95569997756 -10.6301440512
-1.80669753926 7.95095380022 -10.6358012224
-1.83998149777 7.94874844959 -10.6416158315
-1.87304865901 7.94932707287 -10.6475457076
-1.90559329814 7.95291037801 -10.6535485252
-1.93732684963 7.95968324921 -10.6595830383
-1.96798728187 7.96978237463 -10.6656100687
-1.99734619532 7.98328567531 -10.6715931875
-2.02521325478 8.00020422538 -10.6774990587
-2.0514377831 8.02047720758 -10.6832974445
-2.07590756837 8.04397026391 -10.6889609017
-2.09854515154 8.07047739196 -10.6944642242
-2.11930205126 8.09972631715 -10.6997837096

/group/LPA_010/90
90
posId 90
-2.15509778722 8.16045845853 -10.7383925639
-2.17069604715 8.19404297271 -10.7430357997
-2.18453174704 8.22837483072 -10.7474057544
-2.19663176345 8.26305401961 -10.7514850873
-2.20700750281 8.29771284121 -10.7552554846
-2.21564975826 8.33202719788 -10.7586973656
-2.22252612964 8.36572498474 -10.761789887
-2.22758118443 8.39859120116 -10.764511254
-2.23073931745 8.4304696083 -10.7668393232
-2.23191005303 8.46126098108 -10.7687524516
-2.23099533995 8.49091821616 -10.7702305289
-2.22789823313 8.51943874899 -10.771256107
-2.22253224713 8.54685488961 -10.7718155351
-2.2148306142 8.5732227988 -10.7719000025
-2.20475468721 8.59861088672 -10.7715063963
-2.19230079426 8.62308842254 -10.7706378945
-2.17750497307 8.6467150963 -10.7693042341
-2.16044517786 8.66953217792 -10.7675216149
-2.14124074928 8.69155578161 -10.7653122329
-2.12004915111 8.71277257632 -10.7627034599
-2.09706019168 8.7331380984 -10.7597267185
-2.07248814537 8.75257763374 -10.7564161248
-2.04656235545 8.77098945768 -10.75280699
-2.01951702103 8.78825006407 -10.7489342867
-1.99158093832 8.80422089112 -10.7448311896
-1.96296797464 8.8187559684 -10.7405277985
-1.93386900116 8.83170987254 -10.7360501383
-1.90444590193 8.84294538847 -10.7314195135
-1.87482811926 8.8523403281 -10.726652269
-1.84511200136 8.85979305212 -10.7217599791
-1.81536300214 8.86522636526 -10.716750056
-1.78562056053 8.86858960099 -10.711626736
-1.75590527617 8.86985886496 -10.706392374
-1.72622781412 8.86903555703 -10.7010489514
-1.69659882952 8.86614342615 -10.6955996846
-1.66703911292 8.86122452149 -10.6900506122
-1.63758912817 8.85433447866 -10.6844120367
-1.60831714702 8.84553761596 -10.6786997054
-1.57932527941 8.83490231109 -10.6729356305
-1.55075284615 8.82249708392 -10.6671484752
-1.52277673354 8.80838773092 -10.6613734577
-1.495608591 8.79263574844 -10.655651764
-1.46948896887 8.77529815436 -10.6500294913
-1.4446787252 8.75642868277 -10.6445561806
-1.42144824079 8.73608019359 -10.6392830241
-1.40006515574 8.71430802202 -10.6342608622
-1.38078146394 8.69117389917 -10.6295380958
-1.36382086547 8.66675001461 -10.6251586539
-1.34936727558 8.64112276811 -10.6211601498
-1.33755532147 8.61439577484 -10.617572351
-1.32846352973 8.58669174349 -10.6144160668
-1.32211072624 8.55815293761 -10.6117025315
-1.31845594983 8.52894004784 -10.6094333262
-1.31740193573 8.49922943974 -10.6076008487
-1.31880197436 8.46920888514 -10.6061893013
-1.32246971089 8.43907202443 -10.6051761339
-1.3281912409 8.40901193074 -10.6045338471
-1.33573869161 8.3792142436 -10.6042320363
-1.34488436839 8.34985040147 -10.604239543
-1.35541450219 8.32107152361 -10.60452657
-1.36714165678 8.293003468 -10.6050666227
-1.37991494534 8.26574352577 -10.6058381501
-1.39362735702 8.23935910624 -10.60682578
-1.40821969447 8.21388862789 -10.6080210711
-1.42368086034 8.18934466943 -10.6094227385
-1.44004448513 8.16571926265 -10.6110363448
-1.45738214508 8.1429910382 -10.6128734846
-1.47579365598 8.12113378002 -10.6149505256
-1.49539513241 8.10012581527 -10.6172869965
-1.51630565574 8.079959576 -10.6199037361
-1.53863348806 8.06065062288 -10.6228209321
-1.56246279707 8.04224542619 -10.6260561814
-1.58784181569 8.02482725494 -10.6296227029
-1.61477325462 8.00851962997 -10.6335278165
-1.64320762305 7.99348694362 -10.6377717858
-1.67303990434 7.97993202912 -10.6423470895
-1.70410979561 7.96809066407 -10.6472381601
-1.73620546927 7.95822320089 -10.6524215924
-1.76907056903 7.95060371897 -10.657866792
-1.80241393066 7.9455072731 -10.6635370047
-1.83592133432 7.94319595863 -10.6693906431
-1.86926846324 7.94390461428 -10.675382809
-1.90213417296 7.94782703143 -10.681466899
-1.93421316945 7.95510352939 -10.6875961793
-1.96522725398 7.96581068959 -10.6937252259
-1.99493441219 7.97995392198 -10.6998111352
-2.02313519507 7.99746337117 -10.7058144365
-2.04967604721 8.01819346863 -10.7116996615
-2.07444946789 8.04192621488 -10.7174355546
-2.09739112481 8.06837804539 -10.7229949379
-2.11847426257 8.09720991238 -10.7283542707

/group/LPA_010/93
93
posId 93
-2.11668353138 8.16276851831 -10.7327796858
-2.13225136985 8.19632247842 -10.7374157999
-2.14599746944 8.23056434555 -10.7417647792
-2.15795359243 8.26509901376 -10.7458104266
-2.16813894033 8.29956661397 -10.7495362532
-2.17655451416 8.33365330088 -10.752925068
-2.18317988742 8.36709899548 -10.7559588306
-2.18797261376 8.39970173992 -10.7586187865
-2.19087027837 8.43131854323 -10.7608858799
-2.19179499125 8.46186282088 -10.7627414143
-2.19065992696 8.4912987442 -10.7641679073
-2.18737735467 8.5196330031 -10.7651500679
-2.18186748595 8.5469046338 -10.765675813
-2.17406740465 8.57317366546 -10.7657372337
-2.16393933806 8.5985093865 -10.7653314215
-2.15147758145 8.62297902438 -10.7644610789
-2.13671349453 8.64663757074 -10.7631348474
-2.11971814056 8.66951937451 -10.761367314
-2.10060232428 8.69163197677 -10.7591786761
-2.07951398968 8.71295248519 -10.7565940771
-2.05663314665 8.73342659496 -10.7536426458
-2.03216469092 8.75297017246 -10.7503563027
-2.00632964922 8.77147314019 -10.7467684121
-1.97935550778 8.78880524991 -10.7429123751
-1.95146635857 8.80482321504 -10.7388202652
-1.92287361573 8.81937860131 -10.7345216078
-1.8937680156 8.83232584991 -10.7300423963
-1.86431351757 8.84352983017 -10.725404421
-1.83464357913 8.85287238668 -10.7206249668
-1.80486009562 8.86025745143 -10.7157169066
-1.77503508925 8.86561442611 -10.7106891902
-1.74521501634 8.86889969212 -10.7055476967
-1.71542735472 8.87009626333 -10.7002963912
-1.68568895004 8.86921174711 -10.6949387019
-1.65601545398 8.86627491074 -10.6894790149
-1.62643109173 8.861331253 -10.6839241729
-1.59697795755 8.85443804701 -10.6782848602
-1.5677240591 8.84565934583 -10.672576762
-1.53876941353 8.83506142527 -10.6668214009
-1.51024963437 8.82270908171 -10.6610465719
-1.48233662875 8.80866311081 -10.6552863278
-1.45523623726 8.79297917471 -10.6495804945
-1.42918287619 8.77570813053 -10.6439737336
-1.40443146987 8.75689775277 -10.6385141967
-1.38124716939 8.73659564884 -10.633251852
-1.35989353041 8.71485305169 -10.6282365834
-1.34061995069 8.69172908501 -10.6235161842
-1.32364924013 8.66729504428 -10.6191343751
-1.30916620418 8.64163822336 -10.6151289776
-1.29730806614 8.61486484483 -10.6115303671
-1.28815743704 8.58710171966 -10.6083603091
-1.2817383725 8.55849636388 -10.6056312621
-1.27801584504 8.52921542772 -10.6033461963
-1.27689872395 8.49944143754 -10.6014989454
-1.27824610849 8.46936799932 -10.6000750716
-1.28187662296 8.4391937543 -10.5990531906
-1.28758007028 8.4091154991 -10.5984066706
-1.29513067041 8.37932097511 -10.5981055971
-1.30430099285 8.34998188607 -10.5981188734
-1.31487563811 8.3212477137 -10.5984163205
-1.32666373533 8.29324086638 -10.5989706398
-1.33950940115 8.26605361691 -10.5997591108
-1.35329944413 8.23974716709 -10.6007649142
-1.36796778873 8.2143530272 -10.6019779986
-1.3834963202 8.18987672801 -10.6033954363
-1.39991210077 8.16630370435 -10.6050212523
-1.41728115951 8.14360701558 -10.6068657425
-1.43569929706 8.12175641293 -10.6089443348
-1.45528055266 8.10072813919 -10.611276072
-1.47614414249 8.08051476184 -10.6138818245
-1.49840078182 8.06113430539 -10.6167823542
-1.52213934262 8.0426379649 -10.6199963593
-1.54741477065 8.0251157515 -10.6235386302
-1.57423809318 8.00869953884 -10.6274184338
-1.60256919804 7.99356313878 -10.631638229
-1.63231286703 7.97991922571 -10.6361927885
-1.66331831707 7.96801313852 -10.6410687734
-1.69538225646 7.95811380273 -10.6462447768
-1.72825521988 7.95050221875 -10.6516918173
-1.76165072111 7.94545813977 -10.6573742358
-1.79525657315 7.94324570283 -10.663250921
-1.82874758478 7.94409886839 -10.6692767699
-1.86179875997 7.94820755948 -10.6754042774
-1.89409810767 7.95570536919 -10.681585142
-1.92535821489 7.96665962452 -10.6877717826
-1.95532584152 7.98106446075 -10.6939186677
-1.98378895285 7.99883738191 -10.6999833801
-2.01058080311 8.01981957163 -10.7059273638
-2.03558090541 8.04377998763 -10.7117163232
-2.05871295379 8.07042303954 -10.7173202772
-2.07993998497 8.09939942721 -10.7227132954

/group/LPA_010/96
96
posId 96
-2.11331635686 8.16978050666 -10.7203927621
-2.12895654045 8.20319736513 -10.725034203
-2.14285342668 8.2370840891 -10.7293904446
-2.15502030928 8.27104651445 -10.7334420452
-2.16545578113 8.30473908746 -10.737169629
-2.17413976938 8.33787532973 -10.7405537577
-2.18103196881 8.37023430824 -10.7435750088
-2.18607276977 8.40166283894 -10.7462142632
-2.18918657604 8.43207343996 -10.7484531843
-2.19028721696 8.46143833214 -10.7502748519
-2.18928499191 8.48978004088 -10.7516644997
-2.1860947561 8.51715936616 -10.7526102933
-2.18064437489 8.54366164361 -10.7531040783
-2.17288284508 8.56938230729 -10.7531420318
-2.16278740801 8.59441278129 -10.7527251507
-2.15036905884 8.61882766985 -10.7518595269
-2.13567598257 8.64267409292 -10.7505563698
-2.11879461036 8.6659638328 -10.7488317608
-2.09984817722 8.68866873473 -10.7467061409
-2.07899285898 8.71071955476 -10.7442035574
-2.05641175822 8.73200819202 -10.7413507141
-2.03230717989 8.75239299736 -10.7381758858
-2.0068917747 8.77170663524 -10.7347077726
-1.98037922154 8.78976580441 -10.7309743746
-1.95297516107 8.8063820085 -10.7270019693
-1.92486907844 8.82137251667 -10.7228142695
-1.89622776433 8.83457066973 -10.7184318259
-1.86719086504 8.84583476614 -10.7138717252
-1.83786887315 8.85505489783 -10.7091476089
-1.8083437222 8.86215728628 -10.7042700202
-1.77867194575 8.86710588047 -10.699247056
-1.74889015936 8.86990120288 -10.6940852814
-1.71902243795 8.87057665068 -10.6887908427
-1.68908900553 8.86919265902 -10.6833706949
-1.65911554188 8.86582929681 -10.6778338535
-1.62914234965 8.86057798053 -10.6721925725
-1.59923262133 8.85353304944 -10.6664633539
-1.5694790996 8.84478394257 -10.6606677036
-1.54000853279 8.83440865493 -10.6548325646
-1.51098348239 8.82246903245 -10.6489903793
-1.48260123109 8.80900830271 -10.6431787579
-1.45508975264 8.79405104423 -10.6374397573
-1.42870092459 8.77760558695 -10.6318188024
-1.40370137455 8.75966862702 -10.6263633072
-1.38036153481 8.74023164753 -10.6211210764
-1.35894362459 8.71928857803 -10.616138584
-1.33968937356 8.69684401289 -10.6114592364
-1.32280833601 8.67292125109 -10.6071217317
-1.30846762003 8.64756942217 -10.6031586201
-1.29678377057 8.62086902607 -10.5995951618
-1.28781740532 8.59293533262 -10.5964485576
-1.28157101791 8.56391925258 -10.5937276045
-1.27799014613 8.5340054911 -10.5914328029
-1.2769678701 8.50340801357 -10.5895569076
-1.27835237247 8.47236307415 -10.5880858927
-1.28195707696 8.44112026188 -10.5870002648
-1.28757269831 8.4099321928 -10.5862766444
-1.2949803998 8.37904360292 -10.5858895108
-1.30396517267 8.34868066793 -10.5858129995
-1.31432853324 8.31904138234 -10.5860226361
-1.3258996776 8.29028777345 -10.586496897
-1.33854433907 8.26254060628 -10.5872184974
-1.35217075222 8.23587706286 -10.5881753274
-1.36673232788 8.21033166485 -10.5893609806
-1.38222687198 8.18590046826 -10.5907748473
-1.39869242179 8.16254831051 -10.5924217715
-1.41620000715 8.14021865138 -10.5943113039
-1.43484385786 8.11884533985 -10.5964566047
-1.4547297531 8.09836547298 -10.5988730758
-1.47596233508 8.07873240558 -10.6015768158
-1.49863227671 8.0599279283 -10.6045830032
-1.52280419751 8.04197266248 -10.607904315
-1.54850616375 8.02493381987 -10.611549481
-1.57572149218 8.00892964078 -10.6155220671
-1.60438341009 7.99413004144 -10.6198195574
-1.63437292034 7.98075325823 -10.6244327873
-1.66551999347 7.96905855341 -10.6293457528
-1.69760797588 7.959335325 -10.6345357948
-1.73038088062 7.95188922299 -10.6399741319
-1.76355303142 7.947026096 -10.6456266939
-1.79682037462 7.94503476085 -10.6514551871
-1.82987266885 7.94616968927 -10.6574183127
-1.86240571593 7.95063473436 -10.663473049
-1.8941328103 7.95856897035 -10.669575912
-1.92479465785 7.97003559606 -10.6756841115
-1.95416714112 7.98501466391 -10.6817565354
-1.98206647746 8.00340015353 -10.6877545082
-2.00835151645 8.02500163006 -10.6936422929
-2.0329231377 8.04955043024 -10.699387326
-2.0557209241 8.07671002538 -10.7049601973
-2.07671748279 8.10608993974 -10.7103344059

/group/LPA_010/99
99
posId 99
-2.11585931527 8.16717946865 -10.7089593369
-2.13082788972 8.20246844003 -10.7135844972
-2.14379701261 8.23889184566 -10.7179155111
-2.15475588183 8.27602367173 -10.7219268729
-2.16368534028 8.31345235863 -10.7255923851
-2.17055539824 8.35079365824 -10.728885428
-2.17532491832 8.38770138293 -10.7317794985
-2.17794345266 8.42387552318 -10.7342489869
-2.17835503197 8.45906739446 -10.7362701387
-2.17650353503 8.49308167517 -10.7378221253
-2.17233912933 8.52577540218 -10.7388881386
-2.16582517908 8.55705418404 -10.7394564148
-2.15694497477 8.58686606132 -10.739521095
-2.14570765041 8.61519357686 -10.7390828439
-2.13215272082 8.64204470856 -10.7381491568
-2.1163527856 8.66744335761 -10.7367343166
-2.09841409948 8.69142007501 -10.7348589822
-2.07847488797 8.71400365109 -10.7325494222
-2.05670147813 8.7352140926 -10.7298364358
-2.03328250071 8.75505737839 -10.726754027
-2.00842158682 8.77352222882 -10.7233379227
-1.98232911579 8.79057895913 -10.7196240359
-1.95521365937 8.80618032455 -10.7156469848
-1.92727380378 8.82026411841 -10.7114387772
-1.89869101126 8.83275716407 -10.7070277568
-1.86962410831 8.84358025555 -10.7024378927
-1.84020586353 8.85265355558 -10.6976884676
-1.81054195404 8.85990195607 -10.6927941894
-1.78071242806 8.86525994261 -10.6877657222
-1.7507755677 8.86867557777 -10.6826105957
-1.72077385673 8.87011331994 -10.6773344268
-1.69074157883 8.86955551583 -10.6719423586
-1.66071342718 8.86700253468 -10.6664406047
-1.63073340892 8.8624716398 -10.6608379766
-1.60086328541 8.85599480636 -10.6551472692
-1.57118980679 8.84761578534 -10.64938639
-1.54183007543 8.83738677377 -10.6435791323
-1.51293450389 8.8253650767 -10.6377555184
-1.48468700775 8.81161013452 -10.6319516697
-1.45730228125 8.79618124319 -10.6262091939
-1.43102022683 8.77913621716 -10.6205741168
-1.40609783205 8.76053114449 -10.6150954185
-1.38279899214 8.74042126847 -10.6098232656
-1.36138294678 8.71886291132 -10.6048070532
-1.34209212276 8.69591624346 -10.6000933882
-1.32514023944 8.6716486068 -10.5957241496
-1.31070153609 8.64613803136 -10.5917347601
-1.29890191755 8.61947654749 -10.5881527889
-1.28981269174 8.59177289568 -10.5849969838
-1.28344739783 8.56315427229 -10.5822768013
-1.27976200901 8.53376682099 -10.5799924702
-1.27865855599 8.50377468016 -10.5781355858
-1.27999197245 8.47335751887 -10.5766901954
-1.28357973077 8.4427066272 -10.5756343019
-1.28921363304 8.41201976063 -10.5749416838
-1.29667296272 8.38149506085 -10.574583906
-1.30573809983 8.3513244757 -10.5745323863
-1.31620366429 8.32168717089 -10.5747603775
-1.32789028098 8.29274345708 -10.5752447306
-1.34065415493 8.26462974559 -10.5759673259
-1.35439379886 8.23745499222 -10.5769160765
-1.36905345608 8.21129899548 -10.5780854454
-1.38462299644 8.1862127881 -10.5794764487
-1.40113431271 8.16222120816 -10.5810961543
-1.41865449235 8.13932757014 -10.5829567218
-1.43727626659 8.1175201885 -10.5850740583
-1.45710642844 8.09678035049 -10.5874661922
-1.47825305021 8.07709120326 -10.5901514833
-1.5008124094 8.05844692349 -10.5931467962
-1.52485654384 8.04086148464 -10.5964657641
-1.55042230284 8.02437633277 -10.600117259
-1.57750264468 8.00906632817 -10.6041041668
-1.60604076187 7.99504340574 -10.6084225417
-1.6359274067 7.98245754543 -10.6130611819
-1.66700155674 7.9714948167 -10.6180016405
-1.69905432058 7.96237245646 -10.6232186503
-1.73183575628 7.95533114398 -10.6286809132
-1.76506407474 7.95062483467 -10.6343521809
-1.79843654316 7.9485086937 -10.6401925332
-1.8316412999 7.94922581586 -10.6461597522
-1.86436924904 7.95299351979 -10.6522106873
-1.89632522251 7.9599900552 -10.6583025119
-1.92723767791 7.97034255512 -10.6643937877
-1.95686633283 7.9841170036 -10.6704452729
-1.98500731206 8.00131087397 -10.6764204327
-2.01149558646 8.02184893316 -10.6822856435
-2.03620469733 8.04558251369 -10.6880101026
-2.05904396938 8.07229233918 -10.6935654873
-2.07995360356 8.10169476838 -10.6989254247

