/group/LPA_004/0
0
posId 0
-3.09021392297 9.11769303185 -6.60667172386
-3.07226114038 9.1202030108 -6.57161657391
-3.05500531375 9.12258874896 -6.53859158475
-3.03852500881 9.12483453809 -6.50786813831
-3.02263840824 9.12694779063 -6.47954091419
-3.0069408338 9.12895599335 -6.45354622563
-2.99086748008 9.1309013592 -6.42969904068
-2.97377400523 9.1328338111 -6.40774418127
-2.95502554731 9.13480313178 -6.38741538167
-2.93408380203 9.13685121305 -6.36849484797
-2.91058212403 9.13900532288 -6.35086583042
-2.88438015061 9.14127318169 -6.33455152473
-2.85559199665 9.14364041663 -6.31973525874
-2.82458530585 9.146070672 -6.30675919522
-2.79195195753 9.14850833236 -6.2961014045
-2.75845457928 9.15088350277 -6.28833380353
-2.72495578888 9.153118626 -6.2840657888
-2.69233894927 9.15513593312 -6.28388012015
-2.66142995268 9.15686484172 -6.28826852688
-2.63292908732 9.15824844513 -6.29757449972
-2.60736046998 9.15924836944 -6.31194981215
-2.5850440767 9.15984749451 -6.33132960854
-2.56609240798 9.16005031065 -6.3554286292
-2.55043068356 9.15988097762 -6.38375860667
-2.53783658261 9.15937942937 -6.4156643867
-2.52799329265 9.15859609165 -6.45037421153
-2.52054827738 9.15758592261 -6.48705810984
-2.51516986575 9.15640253337 -6.52488764039
-2.51159450781 9.15509309349 -6.5630903994
-2.50965919889 9.15369458469 -6.60099367978
-2.50931588867 9.15223175823 -6.63805330862
-2.51062732731 9.15071690598 -6.67386575565
-2.51374638585 9.1491513078 -6.70816381179
-2.51888306604 9.14752800117 -6.74079818965
-2.52626489858 9.14583536248 -6.77170902856
-2.53609702968 9.14406091209 -6.80089229286
-2.54852796031 9.14219476486 -6.82836632259
-2.56362570381 9.14023224115 -6.85414332022
-2.58136726633 9.13817531257 -6.87820943282
-2.60164211871 9.13603275866 -6.90051549704
-2.62426805797 9.13381912298 -6.92097869949
-2.64901589097 9.13155274923 -6.93949363736
-2.67563800469 9.12925332066 -6.95594980096
-2.70389531965 9.12693939917 -6.97025155131
-2.73357743935 9.12462645326 -6.98233636301
-2.76451196425 9.12232577718 -6.99218748254
-2.79656076307 9.12004455159 -6.99983815085
-2.82960321723 9.11778710039 -7.00536600195
-2.86350874354 9.11555718887 -7.00887795437
-2.89810290933 9.1133610171 -7.01048760051
-2.93313287029 9.1112104186 -7.01028851256
-2.96823845283 9.10912570105 -7.00832780141
-3.00293485167 9.10713757654 -7.00458453847
-3.03661163601 9.10528772483 -6.99895721844
-3.06855070238 9.1036277035 -6.99126334883
-3.09796324407 9.10221614184 -6.98125263805
-3.12404307089 9.10111440041 -6.96863333567
-3.14603108754 9.10038111266 -6.9531093241
-3.163283786 9.10006621329 -6.93442384741
-3.17533752082 9.10020517436 -6.912404544
-3.18196029841 9.10081419352 -6.8870039138
-3.18318387122 9.10188700389 -6.85832959764
-3.17931098252 9.10339380724 -6.82665987034
-3.17089542308 9.10528259115 -6.7924414372
-3.15869579208 9.10748280575 -6.75626876899
-3.14360709579 9.10991108281 -6.71884654053
-3.12657714858 9.11247841663 -6.68093894649

/group/LPA_004/3
3
posId 3
-3.16442464656 9.05217836132 -6.65228484848
-3.14628657034 9.05397099257 -6.61956869323
-3.12843622832 9.05572559398 -6.58802779849
-3.11104269278 9.05742658877 -6.55788960519
-3.09410392759 9.05907173819 -6.52931737494
-3.07745765812 9.0606714529 -6.50240340455
-3.06080711262 9.06224693144 -6.47716876584
-3.04375922473 9.0638272869 -6.45357047327
-3.02587168304 9.06544592286 -6.43151616075
-3.00670436537 9.06713649379 -6.41088544411
-2.98587029086 9.06892882757 -6.39155626386
-2.96308130267 9.07084519305 -6.37343375214
-2.93818424797 9.07289726284 -6.35647864495
-2.91118439151 9.07508405468 -6.34073204198
-2.88225408151 9.07739103978 -6.32633344468
-2.85172614711 9.07979049373 -6.31352948244
-2.82007299489 9.08224304614 -6.3026715342
-2.78787373319 9.08470027111 -6.29420149362
-2.75577275134 9.08710806397 -6.28862611
-2.72443390721 9.08941047938 -6.28648154067
-2.69449476493 9.09155366889 -6.28829084528
-2.66652515528 9.09348955589 -6.29451801777
-2.6409937339 9.09517892124 -6.30552268607
-2.61824526192 9.09659363966 -6.32151974716
-2.59849013962 9.09771789794 -6.34254791704
-2.58180642087 9.0985483303 -6.36845048023
-2.56815326545 9.0990931138 -6.39887048215
-2.55739368274 9.09937016539 -6.43326131762
-2.54932359581 9.09940466258 -6.47091225738
-2.54370378744 9.09922616397 -6.5109870607
-2.54029121595 9.09886562932 -6.55257258758
-2.53886649937 9.09835263012 -6.59473337368
-2.53925501088 9.09771300332 -6.63656756109
-2.54133991892 9.09696713824 -6.67725944861
-2.54506652937 9.09612900773 -6.71612424718
-2.55043832197 9.09520596881 -6.75264136921
-2.55750599709 9.09419927528 -6.78647366659
-2.56635155955 9.09310517376 -6.81747135229
-2.57706988795 9.09191640365 -6.84566076094
-2.58975033353 9.0906238941 -6.87121948109
-2.60446066454 9.08921845024 -6.89444059235
-2.62123516212 9.08769224468 -6.91568964603
-2.64006795752 9.08603997427 -6.93535855714
-2.66091187743 9.08425960035 -6.95382068447
-2.68368224382 9.0823526546 -6.97139106583
-2.70826436619 9.080324154 -6.98829509292
-2.73452295832 9.07818221909 -7.00464793588
-2.76231147461 9.07593752417 -7.02044587322
-2.79147942248 9.07360272085 -7.03556947304
-2.8218760584 9.07119196788 -7.04979743439
-2.85334947027 9.06872067088 -7.06282894789
-2.88574080905 9.06620549002 -7.07431176281
-2.91887425782 9.06366461944 -7.08387281027
-2.95254410535 9.06111828479 -7.09114824726
-2.98650091742 9.05858935548 -7.09581013227
-3.02043918174 9.05610393113 -7.097587562
-3.05398888003 9.05369174418 -7.09628090588
-3.08671318888 9.05138622633 -7.09176866641
-3.11811394458 9.04922411415 -7.08400736136
-3.14764568168 9.04724451881 -7.07302556882
-3.1747380604 9.04548744862 -7.05891381564
-3.19882544607 9.04399184528 -7.04181227263
-3.21938142125 9.042793266 -7.02189822554
-3.23595521677 9.04192140475 -6.99937503554
-3.24820654807 9.04139768916 -6.97446383461
-3.2559352088 9.04123320799 -6.94739859213
-3.25910203981 9.04142721473 -6.91842452935
-3.25783854702 9.04196641427 -6.88779923955
-3.25244343036 9.04282517503 -6.8557953811
-3.24336551323 9.0439667246 -6.82270351452
-3.23117390289 9.04534529034 -6.78883359391
-3.21651752568 9.04690904877 -6.75451380732
-3.20007732437 9.04860365855 -6.72008586484

/group/LPA_004/6
6
posId 6
-2.64299938638 8.95586501345 -6.66797159604
-2.64540453792 8.95677302199 -6.71394635778
-2.65079435533 8.95739430369 -6.75907145333
-2.65899530669 8.95772518843 -6.80256306605
-2.66979326505 8.95776808569 -6.84373822398
-2.68293991543 8.95753163415 -6.88204432037
-2.69816001206 8.9570306204 -6.91708227236
-2.71515928384 8.95628565211 -6.94862199558
-2.73363276646 8.95532258356 -6.97660928594
-2.75327332436 8.95417170367 -7.0011636698
-2.77378011524 8.9528667102 -7.02256728399
-2.79486674569 8.95144350625 -7.04124534678
-2.81626886817 8.94993886633 -7.05773925231
-2.83775097882 8.94838902902 -7.07267373404
-2.85911219229 8.94682827929 -7.08671987486
-2.88019079396 8.94528758742 -7.10055597146
-2.90086740271 8.94379337124 -7.11482837595
-2.92106661692 8.94236644455 -7.13011443072
-2.94075706311 8.94102120763 -7.14688948498
-2.95994981902 8.93976512482 -7.16549974019
-2.97869523928 8.9385985212 -7.18614233245
-2.99707827058 8.93751471472 -7.2088536422
-3.01521240184 8.93650048345 -7.23350635195
-3.03323245139 8.93553685082 -7.25981527801
-3.05128644449 8.93460015463 -7.28735151245
-3.06952687831 8.93366335119 -7.31556395566
-3.08810170587 8.93269749276 -7.34380692419
-3.10714539207 8.93167330716 -7.37137220554
-3.12677040385 8.93056280226 -7.39752371916
-3.14705948974 8.92934081639 -7.42153284103
-3.16805908273 8.92798643771 -7.4427124632
-3.1897741234 8.92648422213 -7.46044798508
-3.21216454951 8.92482514937 -7.47422366183
-3.23514363499 8.92300727011 -7.48364304925
-3.25857828762 8.92103601291 -7.48844266478
-3.28229133451 8.91892413724 -7.48849840445
-3.30606574002 8.91669133676 -7.48382469059
-3.32965061686 8.91436351501 -7.47456674659
-3.35276881093 8.91197177221 -7.46098677809
-3.37512576809 8.90955115575 -7.44344516217
-3.39641933029 8.90713923901 -7.42237798842
-3.41635006183 8.90477460021 -7.39827244621
-3.43463167744 8.90249527742 -7.37164160406
-3.45100113284 8.90033727533 -7.34300007935
-3.46522794771 8.89833319542 -7.31284195726
-3.47712235922 8.89651105293 -7.28162209671
-3.4865419515 8.89489333326 -7.24974167777
-3.49339646982 8.89349632655 -7.21753851871
-3.49765060559 8.892329764 -7.18528234477
-3.49932462622 8.89139676326 -7.15317484991
-3.49849281737 8.89069407418 -7.1213540783
-3.49527980154 8.89021260127 -7.08990238659
-3.48985489005 8.88993816591 -7.05885704613
-3.48242471185 8.88985246042 -7.02822241929
-3.47322443855 8.88993413876 -6.99798260201
-3.46250798554 8.8901599837 -6.96811346563
-3.45053761353 8.89050608969 -6.93859315028
-3.4375733787 8.89094900282 -6.90941024828
-3.42386288446 8.89146676468 -6.88056915406
-3.40963177123 8.89203981517 -6.85209232787
-3.39507534562 8.89265171914 -6.82401950355
-3.38035169671 8.89328969331 -6.79640414388
-3.36557657979 8.89394492183 -6.76930769012
-3.35082026768 8.89461266075 -6.74279234691
-3.33610648296 8.89529214258 -6.71691327514
-3.32141343325 8.89598630174 -6.69171112373
-3.3066768815 8.89670134912 -6.66720581182
-3.29179509738 8.89744622946 -6.64339237716
-3.27663545907 8.89823199805 -6.62023954055
-3.26104240887 8.89907115334 -6.59769141281
-3.24484641519 8.89997696065 -6.57567250564
-3.22787355813 8.9009627978 -6.55409592074
-3.20995533848 8.90204154844 -6.53287430375
-3.19093830909 8.90322506198 -6.51193288329
-3.17069314411 8.90452369253 -6.49122369065
-3.14912279337 8.90594592206 -6.47073989083
-3.12616941403 8.9074980669 -6.4505290647
-3.10181982778 8.90918406156 -6.43070427407
-3.07610931556 8.91100530995 -6.41145181989
-3.0491236307 8.91296059196 -6.39303476612
-3.02099918178 8.91504601303 -6.37579153912
-2.9919214056 8.91725498515 -6.36012921164
-2.96212141616 8.91957823059 -6.34651142183
-2.93187107409 8.92200380303 -6.3354412401
-2.90147667159 8.92451712515 -6.32743965582
-2.87127146896 8.92710104614 -6.32302068721
-2.84160734883 8.92973592671 -6.3226643983
-2.8128458737 8.93239976269 -6.32678931613
-2.78534904136 8.93506836027 -6.3357258631
-2.75947003093 8.9377155769 -6.34969244261
-2.73554422188 8.94031364065 -6.36877573665
-2.71388074964 8.94283355826 -6.39291659273
-2.69475483605 8.94524561742 -6.42190260403
-2.67840110214 8.94751998342 -6.45536813499
-2.66500803627 8.9496273828 -6.49280213425
-2.65471375332 8.95153985968 -6.53356363315
-2.64760314215 8.95323158239 -6.57690437655

/group/LPA_004/9
9
posId 9
-2.73170323529 8.77335465692 -6.67188802634
-2.72094679679 8.77749338329 -6.70330033864
-2.71295561151 8.78145177838 -6.73630016371
-2.70787158219 8.78516723205 -6.77038550091
-2.70578917746 8.78858320034 -6.80505962703
-2.70674880709 8.79165148126 -6.83984745508
-2.71073184926 8.79433419651 -6.87431080419
-2.71765770242 8.79660537975 -6.90806197245
-2.72738315339 8.79845208835 -6.94077508164
-2.73970425259 8.79987497707 -6.97219476374
-2.75436077109 8.8008882961 -7.00214187695
-2.77104318789 8.80151930304 -7.03051606955
-2.7894020271 8.80180710586 -7.05729514663
-2.80905923888 8.80180098131 -7.08253133084
-2.82962120316 8.80155823845 -7.10634463838
-2.85069283725 8.80114171941 -7.12891370854
-2.871892213 8.80061704743 -7.15046452532
-2.89286504136 8.80004974486 -7.17125754745
-2.91329836497 8.79950235106 -7.19157381661
-2.93293281417 8.79903167043 -7.21170064017
-2.95157282986 8.79868627537 -7.23191744422
-2.96909433488 8.79850437711 -7.25248236553
-2.98544944134 8.79851216044 -7.2736201003
-3.00066791081 8.79872265624 -7.29551145478
-3.01485522907 8.79913520074 -7.31828495403
-3.02818731319 8.79973550276 -7.34201076356
-3.04090202578 8.8004963116 -7.3666970703
-3.05328782307 8.80137865064 -7.39228895998
-3.06567000225 8.80233355553 -7.41866972169
-3.0783951312 8.80330423303 -7.44566441342
-3.09181433544 8.80422853824 -7.47304543797
-3.10626617756 8.80504165454 -7.50053981056
-3.12205988984 8.8056788529 -7.52783774989
-3.13945971075 8.80607820602 -7.55460219535
-3.15867102958 8.80618313706 -7.58047884353
-3.17982896386 8.80594469331 -7.60510630769
-3.20298988447 8.80532345032 -7.62812603141
-3.22812626885 8.80429097204 -7.64919163045
-3.25512511071 8.80283077516 -7.6679773908
-3.28378995145 8.80093877072 -7.68418571304
-3.3138464332 8.79862318169 -7.6975533588
-3.34495111341 8.79590395987 -7.70785642088
-3.37670313416 8.79281174851 -7.71491400003
-3.40865821318 8.78938645686 -7.71859062684
-3.44034432383 8.78567552876 -7.71879751173
-3.47127836214 8.78173199858 -7.71549274045
-3.5009830647 8.77761243392 -7.70868055364
-3.5290034416 8.77337486514 -7.69840985838
-3.55492202432 8.76907679739 -7.684772117
-3.57837229682 8.76477339174 -7.66789874561
-3.59904977483 8.76051588855 -7.64795813455
-3.61672031908 8.75635032965 -7.62515237642
-3.63122540577 8.75231661728 -7.59971375913
-3.64248422486 8.74844792758 -7.57190105339
-3.65049262706 8.74477047663 -7.5419955988
-3.65531908474 8.74130361825 -7.51029717435
-3.65709796489 8.73806023614 -7.47711962709
-3.65602052575 8.73504737929 -7.4427862311
-3.65232413913 8.7322670796 -7.40762475565
-3.64628030258 8.72971728507 -7.37196223871
-3.63818203797 8.72739284019 -7.33611948679
-3.62833127434 8.72528644797 -7.30040535418
-3.61702678471 8.72338955476 -7.26511089092
-3.60455319065 8.72169310905 -7.23050348651
-3.59117146908 8.72018815793 -7.19682117299
-3.57711129826 8.71886625951 -7.16426728223
-3.56256546908 8.71771970461 -7.13300567639
-3.54768647145 8.71674155609 -7.10315678376
-3.53258524907 8.71592552784 -7.07479467279
-3.51733200586 8.7152657373 -7.04794538377
-3.50195884998 8.71475637414 -7.02258670944
-3.48646398084 8.71439133345 -6.99864957284
-3.4708170652 8.71416386337 -6.97602109495
-3.4549654121 8.71406627563 -6.95454937723
-3.43884054504 8.71408976144 -6.93404994865
-3.42236478148 8.71422434686 -6.9143137467
-3.40545746473 8.71445901003 -6.89511642106
-3.38804054611 8.71478196946 -6.87622867172
-3.37004328407 8.71518113822 -6.85742726469
-3.3514059053 8.7156447246 -6.83850631243
-3.33208215614 8.71616194603 -6.81928836594
-3.31204075514 8.71672381203 -6.79963484526
-3.29126583418 8.71732392231 -6.77945533562
-3.26975652125 8.71795922124 -6.75871530035
-3.24752586907 8.71863064763 -6.73744180738
-3.2245993667 8.7193436213 -6.71572693404
-3.20101328534 8.72010831406 -6.69372860109
-3.17681310306 8.72093966288 -6.67166868916
-3.15205222774 8.72185709642 -6.64982840421
-3.12679119546 8.72288396186 -6.62854097786
-3.1010974646 8.72404665674 -6.6081819089
-3.07504586064 8.7253734887 -6.58915706674
-3.04871965482 8.72689330395 -6.57188908184
-3.02221218927 8.72863394168 -6.55680253587
-2.99562889518 8.7306205854 -6.54430853125
-2.96908949468 8.73287409283 -6.53478926228
-2.94273013562 8.73540939215 -6.52858322518
-2.91670518422 8.73823403397 -6.52597169145
-2.89118839633 8.74134698528 -6.52716702694
-2.86637320482 8.74473774327 -6.53230337084
-2.84247189735 8.74838583401 -6.54143009558
-2.81971351509 8.75226074421 -6.55450835557
-2.79834037465 8.75632231392 -6.57141090444
-2.77860319948 8.76052159558 -6.59192522223
-2.76075493792 8.7648021613 -6.6157598532

/group/LPA_004/12
12
posId 12
-2.88550763956 8.58625346454 -6.74703988311
-2.86511312087 8.59016472607 -6.74857132411
-2.84725692022 8.59440769382 -6.75352364156
-2.83205180989 8.59896593726 -6.76191129762
-2.81956703113 8.60381272545 -6.77366973957
-2.80982861105 8.60891156985 -6.78865803873
-2.80282076339 8.61421727192 -6.80666459342
-2.79848824395 8.6196774345 -6.82741561347
-2.79673951188 8.62523437036 -6.85058597906
-2.79745053832 8.63082731963 -6.87581196168
-2.80046910229 8.63639487022 -6.90270521611
-2.80561941983 8.64187746273 -6.93086740225
-2.81270696524 8.64721985493 -6.95990477705
-2.82152336014 8.65237342119 -6.98944210991
-2.83185122632 8.65729816822 -7.01913531889
-2.8434689191 8.66196436156 -7.04868229713
-2.8561550784 8.66635367531 -7.07783149512
-2.86969295244 8.67045980064 -7.10638793954
-2.88387446314 8.67428847509 -7.13421649742
-2.89850399249 8.67785692342 -7.1612423287
-2.9134018736 8.68119273017 -7.1874486036
-2.9284075709 8.68433219276 -7.21287168806
-2.943382529 8.68731823008 -7.23759411286
-2.95821266276 8.69019794453 -7.26173573656
-2.97281045038 8.693019953 -7.28544358315
-2.98711658142 8.69583161457 -7.3088808803
-3.00110110086 8.6986762881 -7.33221584164
-3.01476398356 8.70159075228 -7.355610726
-3.02813506923 8.70460291268 -7.3792116702
-3.04127329016 8.70772990666 -7.40313973186
-3.0542651314 8.71097669763 -7.42748349936
-3.06722227743 8.71433522608 -7.45229353155
-3.08027842085 8.71778415799 -7.47757878669
-3.09358523569 8.72128924192 -7.50330509311
-3.10730755094 8.72480425697 -7.52939561013
-3.12161779635 8.72827250546 -7.55573313143
-3.13668983156 8.73162877864 -7.58216400003
-3.15269230817 8.734801702 -7.60850333786
-3.16978175089 8.73771634979 -7.63454124674
-3.1880955755 8.7402970074 -7.66004961295
-3.20774528628 8.74246995529 -7.68478914532
-3.22881011114 8.7441661497 -7.70851629525
-3.25133133788 8.745323683 -7.73098974532
-3.27530760804 8.74588992007 -7.75197620664
-3.30069140574 8.74582322525 -7.77125533123
-3.32738694679 8.74509421668 -7.78862361874
-3.35524963039 8.74368650943 -7.8038972728
-3.38408716135 8.74159693518 -7.81691403526
-3.4136623889 8.73883525158 -7.82753409322
-3.44369784021 8.73542337937 -7.83564020854
-3.47388185543 8.73139422654 -7.84113726043
-3.50387616132 8.72679017675 -7.84395141596
-3.53332465338 8.72166133225 -7.84402914922
-3.56186309716 8.71606360942 -7.8413363189
-3.58912941048 8.71005678704 -7.83585748543
-3.61477415175 8.70370260448 -7.82759560692
-3.6384708189 8.69706299806 -7.81657219921
-3.65992555936 8.69019855126 -7.80282798491
-3.67888590419 8.68316721741 -7.78642399265
-3.69514817076 8.67602335454 -7.76744300635
-3.70856322482 8.6688170908 -7.74599120884
-3.71904035496 8.6615940186 -7.72219981962
-3.72654908603 8.65439519518 -7.69622649577
-3.73111884144 8.64725740995 -7.66825625115
-3.73283645237 8.64021366437 -7.63850165314
-3.73184160215 8.63329379962 -7.60720207925
-3.72832038111 8.62652520137 -7.57462185688
-3.72249720811 8.61993350967 -7.54104716635
-3.71462544511 8.61354326566 -7.50678165719
-3.70497708784 8.60737843465 -7.47214080679
-3.69383195572 8.60146275713 -7.4374451333
-3.68146682607 8.59581989401 -7.40301245796
-3.66814495997 8.59047334942 -7.36914948801
-3.6541064499 8.58544617251 -7.33614305783
-3.63955978325 8.58076045705 -7.30425141576
-3.62467496206 8.57643667439 -7.27369597564
-3.60957845152 8.57249288922 -7.24465396114
-3.59435014942 8.56894391811 -7.21725235636
-3.57902248114 8.56580049787 -7.19156353836
-3.56358163244 8.56306853265 -7.16760290578
-3.54797084102 8.56074848646 -7.14532873675
-3.53209558 8.55883498097 -7.1246444109
-3.51583038788 8.55731664689 -7.10540302051
-3.49902703184 8.55617626309 -7.08741427895
-3.48152363903 8.5553911999 -7.07045351771
-3.46315439452 8.55493416423 -7.05427245211
-3.44375938727 8.55477422453 -7.03861129611
-3.42319418644 8.5548780751 -7.02321172501
-3.40133874996 8.55521148214 -7.00783012502
-3.37810530362 8.55574083989 -6.99225053538
-3.35344488024 8.55643475556 -6.97629668342
-3.32735227216 8.55726557555 -6.9598425379
-3.2998692229 8.55821076554 -6.9428208592
-3.27108576175 8.55925406123 -6.92522930591
-3.24113966509 8.56038631629 -6.90713376096
-3.21021410591 8.56160598844 -6.88866866371
-3.17853362552 8.56291922237 -6.8700342697
-3.14635862505 8.56433950951 -6.8514909019
-3.11397862755 8.56588692731 -6.83335039854
-3.08170460046 8.56758698408 -6.81596509609
-3.04986065404 8.56946911799 -6.79971480512
-3.01877544151 8.5715649193 -6.78499233496
-2.98877358264 8.57390616223 -6.77218819638
-2.96016741478 8.5765227456 -6.76167515437
-2.93324934546 8.57944064936 -6.753793315

/group/LPA_004/15
15
posId 15
-2.86133539052 8.4392101079 -6.77962701924
-2.81082161773 8.44775812769 -6.7704338675
-2.78299602803 8.45772914207 -6.77776725689
-2.7704557779 8.46980285201 -6.79892995098
-2.75738202725 8.48470310604 -6.82644188606
-2.74543574502 8.49981962228 -6.85511798686
-2.74918348748 8.51190072337 -6.88575588215
-2.77047745187 8.52020184694 -6.91767696293
-2.7936452875 8.52464572073 -6.94159887462
-2.80866387681 8.5233097884 -6.94717226318
-2.824859228 8.51505401621 -6.9371265774
-2.85427026469 8.50328745316 -6.92648368094
-2.89231475478 8.49317689189 -6.92475524299
-2.92485194654 8.48493883955 -6.92424035905
-2.94609661748 8.47370552459 -6.91011185251
-2.9568878118 8.45753822916 -6.87828951926
-2.95044882789 8.4422826563 -6.83861022484

/group/LPA_004/18
18
posId 18
-2.82897224623 8.32625118146 -6.84502116508
-2.78309767016 8.33239089393 -6.8326605991
-2.75254587053 8.34328666669 -6.83446024323
-2.73626848353 8.35893187115 -6.84992107183
-2.72631653143 8.37939514302 -6.87543456105
-2.71802229258 8.40292913471 -6.90624718192
-2.71476035685 8.42526971255 -6.93764950395
-2.72286535889 8.44166248147 -6.96559098098
-2.7434635757 8.45012593866 -6.98767697362
-2.770821655 8.4526964355 -7.00423289743
-2.79856074189 8.45314249155 -7.01783571898
-2.82579933491 8.45322589907 -7.03067051063
-2.85583482092 8.45115534247 -7.04163614954
-2.88932788884 8.44365323331 -7.04621059541
-2.92069800962 8.42939707537 -7.03984045328
-2.94246204248 8.41039946054 -7.02199952124
-2.95239225197 8.39028961406 -6.9969967488
-2.95462179054 8.37167242297 -6.97059999524
-2.95295820575 8.35529759822 -6.94569108262
-2.9443570657 8.34136800321 -6.921148189
-2.9210338057 8.33093226819 -6.89488379528

/group/LPA_004/21
21
posId 21
-2.79516787467 8.26075841061 -6.94514232781
-2.74434227603 8.26480890581 -6.9302638412
-2.72770400754 8.28148787387 -6.94082017426
-2.72860809174 8.31129146734 -6.97110438937
-2.72733230256 8.3435107791 -7.00300327223
-2.72958241158 8.36620015024 -7.02664081206
-2.74508350535 8.38042326045 -7.04671146056
-2.7677262358 8.3927179627 -7.06750691373
-2.79139098517 8.39976138572 -7.08340681476
-2.81983488537 8.3937384544 -7.08795915393
-2.84983203263 8.37711445905 -7.08243843506
-2.86926560902 8.35835394547 -7.07083265934
-2.87896553303 8.3379075484 -7.05390403748
-2.88922763458 8.31183161241 -7.03152834637
-2.88997612566 8.28483564748 -7.00468138754

/group/LPA_004/24
24
posId 24
-2.4203603066 8.45162433193 -7.12459978551
-2.43223731377 8.47678589026 -7.14679364217
-2.44143884074 8.5037466374 -7.16959131152
-2.44802026807 8.53221388121 -7.19278860792
-2.45206944104 8.56184534631 -7.21615319447
-2.45369804027 8.59226387954 -7.23943321084
-2.45303233012 8.62307387018 -7.2623670142
-2.45020387252 8.65387842645 -7.28469347812
-2.44534078509 8.68429631209 -7.30616226315
-2.43856007821 8.71397766957 -7.32654347795
-2.42996152838 8.74261763834 -7.34563618932
-2.41962344096 8.76996711155 -7.36327531207
-2.40760052949 8.79584005503 -7.37933650954
-2.39392400065 8.82011702629 -7.39373885789
-2.37860379079 8.84274476516 -7.40644516284
-2.36163276235 8.86373196805 -7.41745995919
-2.34299254318 8.88314158848 -7.42682536199
-2.32266058861 8.90108021404 -7.43461506499
-2.30061796935 8.91768524192 -7.4409268896
-2.27685734424 8.93311070017 -7.44587436914
-2.25139056713 8.94751263346 -7.44957790433
-2.22425540261 8.96103498595 -7.45215604312
-2.19552088378 8.97379686906 -7.45371742107
-2.16529093355 8.98588200253 -7.45435384812
-2.13370598242 8.99733096904 -7.45413494778
-2.10094244382 9.00813673594 -7.45310465035
-2.06721004502 9.01824368421 -7.45127971974
-2.03274714724 9.02755015791 -7.44865036122
-1.99781431613 9.0359143226 -7.44518282407
-1.96268651408 9.04316291074 -7.44082378622
-1.92764437177 9.04910225144 -7.43550619624
-1.89296505396 9.05353084069 -7.42915615801
-1.85891325838 9.05625261533 -7.42170038075
-1.82573287719 9.05709005638 -7.41307368565
-1.79363980676 9.0558962648 -7.40322606182
-1.76281631819 9.05256522632 -7.39212879871
-1.73340730116 9.04703960444 -7.37977928611
-1.70551857503 9.0393155657 -7.36620416393
-1.67921733073 9.0294443369 -7.351460614
-1.6545346328 9.01753040825 -7.3356357096
-1.63146978294 9.00372651496 -7.31884386682
-1.60999623061 8.98822573887 -7.30122256644
-1.59006862237 8.97125125816 -7.28292662842
-1.57163051326 8.95304442404 -7.26412141581
-1.55462222728 8.9338519504 -7.24497541451
-1.53898834996 8.9139130576 -7.22565267603
-1.5246843658 8.8934474123 -7.20630561907
-1.51168201468 8.87264465071 -7.18706866196
-1.4999730294 8.85165616746 -7.16805310364
-1.48957102674 8.83058970207 -7.14934358889
-1.48051144887 8.80950707073 -7.13099638989
-1.47284958266 8.7884251831 -7.11303961683
-1.46665681352 8.76732026764 -7.09547534352
-1.46201538847 8.74613501599 -7.0782835078
-1.45901206357 8.72478816369 -7.06142732876
-1.45773108649 8.70318586082 -7.04485988191
-1.45824701099 8.68123406529 -7.02853139452
-1.46061785343 8.65885111881 -7.01239677378
-1.46487908143 8.63597964869 -6.99642286089
-1.47103887177 8.61259697591 -6.98059491854
-1.47907499312 8.58872330198 -6.96492190467
-1.4889335633 8.56442708605 -6.9494401608
-1.50052980743 8.5398272026 -6.93421524257
-1.51375081115 8.51509167595 -6.91934173812
-1.52846012939 8.49043300934 -6.90494104861
-1.54450398555 8.46610034789 -6.89115723655
-1.56171868598 8.44236892313 -6.87815117322
-1.57993878788 8.41952740835 -6.86609332855
-1.5990055006 8.3978639564 -6.85515563748
-1.61877477509 8.37765178688 -6.84550294105
-1.63912454584 8.3591352293 -6.83728453347
-1.65996063343 8.34251711241 -6.83062634556
-1.68122089171 8.32794831588 -6.8256242612
-1.70287728712 8.31552017443 -6.82233899754
-1.7249357221 8.30526025374 -6.82079288593
-1.74743355306 8.29713181178 -6.8209687755
-1.77043489636 8.29103703259 -6.82281115035
-1.79402395546 8.28682388434 -6.8262294145
-1.81829672909 8.28429622614 -6.83110316312
-1.84335156667 8.28322658189 -6.83728913344
-1.86927911613 8.28337082705 -6.84462942167
-1.89615225564 8.28448390824 -6.85296047048
-1.92401661161 8.28633564214 -6.86212227942
-1.95288223989 8.28872562564 -6.87196727303
-1.98271698579 8.29149633428 -6.88236827764
-2.01344194634 8.2945435884 -6.89322510925
-2.04492933901 8.29782371955 -6.90446935678
-2.07700294361 8.30135696595 -6.91606705315
-2.1094411347 8.30522685082 -6.92801905467
-2.1419823718 8.30957554011 -6.9403590889
-2.17433287106 8.31459541956 -6.95314957408
-2.20617605493 8.32051736163 -6.96647545054
-2.23718327282 8.32759635549 -6.98043638799
-2.2670252125 8.33609533628 -6.99513783414
-2.2953833827 8.34626816199 -7.01068144365
-2.32196104583 8.3583427424 -7.02715546769
-2.34649301424 8.37250531857 -7.04462569004
-2.36875379339 8.38888682649 -7.0631274658
-2.38856365533 8.40755215572 -7.08265935539

/group/LPA_004/27
27
posId 27
-2.40583761885 8.46534819945 -7.28558184145
-2.39537569378 8.43629272422 -7.26412293578
-2.38287703393 8.40893305741 -7.2434877908
-2.36831910945 8.38349368677 -7.22382546489
-2.35169241299 8.36013508981 -7.20524358251
-2.33300641229 8.33894991903 -7.18780670311
-2.31229489743 8.31996293204 -7.17153713946
-2.28962033161 8.30313465737 -7.15641815584
-2.26507687114 8.28836856029 -7.14239933153
-2.23879179868 8.27552126054 -7.12940374349
-2.21092520934 8.26441516872 -7.11733651131
-2.18166789656 8.25485276125 -7.10609416539
-2.15123749594 8.24663161559 -7.09557425013
-2.11987305478 8.2395592821 -7.08568456109
-2.087828295 8.23346708158 -7.07635143977
-2.05536392204 8.22822198525 -7.06752660949
-2.02273939587 8.2237358544 -7.05919212813
-1.99020461937 8.21997148135 -7.05136315157
-1.95799201047 8.2169450724 -7.04408833898
-1.92630940756 8.21472503433 -7.03744787847
-1.89533421296 8.21342715533 -7.03154926069
-1.86520911006 8.21320649453 -7.0265210682
-1.83603959913 8.21424649816 -7.02250517269
-1.80789349176 8.21674603142 -7.01964783174
-1.78080238902 8.22090514392 -7.01809024508
-1.75476505231 8.22691046397 -7.01795916506
-1.7297524646 8.23492113926 -7.01935815237
-1.70571428032 8.2450562064 -7.0223600287
-1.68258628116 8.25738418276 -7.02700100386
-1.66029839641 8.27191553512 -7.03327685145
-1.63878281512 8.28859850146 -7.04114138016
-1.61798171351 8.3073185337 -7.05050730601
-1.59785414695 8.32790140566 -7.0612494825
-1.57838170763 8.35011980352 -7.07321029991
-1.55957262554 8.37370300204 -7.08620693151
-1.54146408533 8.39834903994 -7.10003999102
-1.52412264015 8.4237386553 -7.114503079
-1.50764271831 8.4495501354 -7.12939264272
-1.49214333331 8.47547418183 -7.14451755517
-1.47776321421 8.5012278934 -7.15970783842
-1.46465466655 8.52656702777 -7.17482201043
-1.45297654701 8.55129581175 -7.18975262085
-1.44288678391 8.57527372505 -7.20442965448
-1.43453489822 8.59841887153 -7.21882161351
-1.42805497346 8.62070776478 -7.23293423326
-1.42355948931 8.64217157717 -7.24680693217
-1.42113437514 8.66288912006 -7.26050723556
-1.42083555893 8.68297702305 -7.27412353639
-1.4226871906 8.70257775092 -7.2877566561
-1.42668161175 8.72184622615 -7.30151073976
-1.43278103345 8.74093590622 -7.31548405691
-1.44092077669 8.75998519188 -7.32976028059
-1.45101383383 8.77910501532 -7.34440078288
-1.46295642818 8.79836837629 -7.35943841715
-1.47663419024 8.81780246582 -7.37487316034
-1.49192853392 8.83738384939 -7.39066986888
-1.50872280869 8.85703698488 -7.40675826669
-1.52690782281 8.87663613785 -7.42303514243
-1.54638637808 8.89601054154 -7.43936859387
-1.56707652459 8.91495244443 -7.45560402917
-1.58891333014 8.93322750784 -7.47157152641
-1.61184905832 8.95058687094 -7.48709406948
-1.63585175485 8.96678009942 -7.50199612754
-1.66090234691 8.98156818382 -7.51611202726
-1.68699045865 8.9947357569 -7.52929358611
-1.71410923081 9.00610175553 -7.54141652616
-1.74224949887 9.01552785889 -7.55238527144
-1.77139372753 9.02292418283 -7.56213583929
-1.80151011696 9.02825189176 -7.57063666273
-1.83254728781 9.0315225919 -7.57788731709
-1.86442991653 9.03279458058 -7.58391526185
-1.897055634 9.0321662317 -7.58877083891
-1.93029342163 9.02976698434 -7.59252088298
-1.9639836449 9.02574655803 -7.5952413907
-1.99793976144 9.02026313403 -7.59700975763
-2.03195163549 9.01347130955 -7.5978971209
-2.06579028886 9.00551064771 -7.59796133964
-2.09921382837 8.99649560728 -7.5972411046
-2.13197421536 8.98650754768 -7.59575159576
-2.16382448984 8.97558936941 -7.59348200627
-2.19452603339 8.96374317874 -7.59039512998
-2.22385545273 8.95093116768 -7.58642907465
-2.25161069009 8.93707968909 -7.58150102344
-2.27761601556 8.92208629558 -7.57551283155
-2.30172562778 8.90582931372 -7.56835812199
-2.32382567717 8.88817935342 -7.55993044246
-2.34383462585 8.86901201888 -7.55013197012
-2.3617019635 8.84822099947 -7.53888220874
-2.37740540204 8.8257306834 -7.52612611474
-2.39094676723 8.80150745541 -7.51184111716
-2.40234688746 8.77556891215 -7.49604255873
-2.41163984113 8.74799035059 -7.47878717805
-2.41886696354 8.71890804823 -7.46017437046
-2.42407102641 8.68851904919 -7.44034510011
-2.42729098967 8.65707738566 -7.4194784797
-2.42855768511 8.62488688499 -7.39778617867
-2.42789072832 8.59229092685 -7.3755049555
-2.42529687304 8.55965970725 -7.35288772763
-2.42076992467 8.52737572566 -7.33019368519

/group/LPA_004/30
30
posId 30
-2.2803821127 8.29478632999 -7.37900033978
-2.30292113945 8.31646890031 -7.39567716798
-2.32365525332 8.33899310267 -7.41302328591
-2.34249292129 8.36220450141 -7.43091934618
-2.35934229308 8.38595160213 -7.44924829129
-2.37410977335 8.41008932145 -7.46789806359
-2.38669998764 8.43448179875 -7.48676379216
-2.39701720792 8.45900440227 -7.50574934109
-2.40496817054 8.4835448409 -7.52476815105
-2.4104660911 8.50800335799 -7.54374335711
-2.41343556704 8.53229204895 -7.56260721784
-2.41381796876 8.55633340578 -7.5812999393
-2.41157686081 8.58005824558 -7.59976801972
-2.4067029709 8.60340322129 -7.61796227303
-2.39921823867 8.62630813997 -7.63583571013
-2.38917852809 8.64871332369 -7.65334146445
-2.37667467285 8.67055724137 -7.67043094172
-2.36183163847 8.69177461568 -7.68705235467
-2.34480571936 8.71229517051 -7.70314977199
-2.32577983437 8.73204313354 -7.71866277
-2.30495712974 8.75093754889 -7.73352672826
-2.28255323365 8.76889339152 -7.74767375965
-2.25878762066 8.78582341175 -7.76103421551
-2.23387462958 8.80164058014 -7.77353866057
-2.2080147266 8.81626095416 -7.78512017373
-2.18138661349 8.82960675186 -7.79571680312
-2.15414074573 8.84160939745 -7.80527398752
-2.12639475006 8.8522123 -7.81374675482
-2.09823111801 8.86137314079 -7.82110151968
-2.06969740963 8.86906547576 -7.82731732802
-2.04080903839 8.87527950502 -7.83238643259
-2.01155453486 8.88002191855 -7.8363141299
-1.98190301501 8.88331479251 -7.83911784063
-1.95181342085 8.88519357818 -7.8408254701
-1.92124496717 8.88570429287 -7.84147313806
-1.89016812848 8.88490008182 -7.8411024151
-1.85857544208 8.88283737052 -7.83975724186
-1.82649139143 8.87957186175 -7.8374807352
-1.79398067059 8.8751546508 -7.8343120994
-1.76115421355 8.86962873197 -7.83028386003
-1.7281724979 8.86302615097 -7.82541962246
-1.69524579264 8.85536602109 -7.81973252705
-1.66263120509 8.84665356897 -7.81322453132
-1.63062658088 8.83688031097 -7.8058865971
-1.59956150987 8.82602538892 -7.79769980295
-1.56978587867 8.81405801735 -7.78863734111
-1.54165657291 8.80094092046 -7.77866729922
-1.51552306013 8.7866345688 -7.76775607316
-1.49171266816 8.77110196958 -7.75587221291
-1.47051640793 8.75431372276 -7.74299047055
-1.45217617173 8.73625303187 -7.72909580195
-1.43687406773 8.71692035503 -7.71418707098
-1.42472453442 8.69633739805 -7.69828021942
-1.41576971994 8.67455018758 -7.68141069468
-1.40997842228 8.65163101524 -7.66363497033
-1.40724867768 8.62767911063 -7.64503104822
-1.40741386983 8.6028199773 -7.62569789213
-1.41025202471 8.57720340699 -7.60575380726
-1.4154977686 8.55100026781 -7.5853338446
-1.42285627089 8.52439823661 -7.56458636793
-1.43201837918 8.49759670997 -7.54366897228
-1.44267608844 8.47080117742 -7.52274398151
-1.4545374727 8.44421737191 -7.50197377697
-1.46734024718 8.41804552378 -7.481516218
-1.48086321872 8.39247503535 -7.46152040673
-1.4949350161 8.36767986397 -7.44212302618
-1.50943966114 8.34381485398 -7.42344544208
-1.52431873511 8.32101319578 -7.40559170921
-1.53957010103 8.29938511757 -7.38864756448
-1.55524334661 8.27901783594 -7.37268042584
-1.57143230433 8.25997671207 -7.35774035271
-1.58826516955 8.24230748488 -7.34386186358
-1.6058928681 8.22603938632 -7.33106645394
-1.62447641063 8.2111888918 -7.31936561649
-1.64417401005 8.19776382291 -7.30876413715
-1.66512872766 8.18576750298 -7.29926342795
-1.68745735527 8.17520266994 -7.29086466092
-1.71124113972 8.16607487316 -7.28357148574
-1.73651881989 8.15839512258 -7.27739214688
-1.76328228471 8.15218161356 -7.27234086049
-1.79147498441 8.14746041808 -7.26843836497
-1.82099304905 8.14426510597 -7.26571161727
-1.85168889915 8.14263533498 -7.26419266677
-1.88337698487 8.1426145193 -7.2639167953
-1.91584117151 8.14424674973 -7.26492006144
-1.94884320687 8.14757318865 -7.26723642779
-1.98213166635 8.15262819826 -7.27089467664
-2.01545077358 8.15943547698 -7.27591533327
-2.04854853888 8.16800447724 -7.28230781345
-2.08118373929 8.17832735714 -7.29006799572
-2.11313137535 8.19037668079 -7.29917638832
-2.1441863736 8.20410403053 -7.30959701966
-2.17416544871 8.21943963169 -7.3212771312
-2.20290718449 8.2362930219 -7.33414769734
-2.23027052929 8.25455472695 -7.34812474096

/group/LPA_004/33
33
posId 33
-3.22035475545 8.33770955692 -7.51884249792
-3.19796654346 8.35734319418 -7.5474663127
-3.18090017788 8.3797896202 -7.57764717133
-3.16925790729 8.40401908362 -7.60820350157
-3.16285690557 8.42897658564 -7.63801052787
-3.1612891353 8.45371123113 -7.66612700951
-3.16400391382 8.4774836832 -7.69189073169
-3.17039854536 8.49983485828 -7.71496826489
-3.17990187596 8.52060595451 -7.73535243413
-3.19203778089 8.53990847101 -7.75330987178
-3.206459939 8.5580515104 -7.76928938396
-3.22295493331 8.57544082604 -7.78380817859
-3.24141666452 8.5924685245 -7.79733620318
-3.26180017698 8.60941331694 -7.81019841438
-3.28406635424 8.62636861906 -7.82251090008
-3.30812997576 8.64321016791 -7.83416017208
-3.33382221096 8.65960724016 -7.84482689164
-3.36087510592 8.67507344335 -7.85404727155
-3.38893072112 8.68904590772 -7.86129887337
-3.41757229227 8.70097682839 -7.86609364201
-3.4463701497 8.71041955186 -7.86806044035
-3.47493205164 8.71709303284 -7.86700208952
-3.50294665492 8.72091313621 -7.86291739435
-3.53021023648 8.72198599401 -7.85598574857
-3.55663020869 8.72056613972 -7.84651928787
-3.58220376337 8.71698898868 -7.83489378428
-3.60697518642 8.71159211548 -7.82147337842
-3.63097997687 8.70464177796 -7.80654511205
-3.65418696 8.69627989408 -7.79027692145
-3.67645047669 8.68650245063 -7.77270776101
-3.69748324116 8.67517394151 -7.75377183726
-3.71685683063 8.66207513736 -7.73335186086
-3.73403165909 8.64697469409 -7.71135015295
-3.74841264823 8.62971013588 -7.68776256676
-3.7594217132 8.61026157576 -7.66273927639
-3.76657461658 8.58880260924 -7.63661874638
-3.76954842782 8.56571696001 -7.60992622001
-3.76822706104 8.54157590931 -7.58333490847
-3.76271598323 8.51707909143 -7.55759542427
-3.75332256773 8.49296845377 -7.53344546324
-3.74050475365 8.46993067413 -7.51151603594
-3.72479653385 8.44850602239 -7.49225181317
-3.70672324236 8.42902098476 -7.47586107617
-3.68672179968 8.41155799971 -7.46230567215
-3.66508055352 8.39596906807 -7.45133416955
-3.6419101639 8.38193198095 -7.44255339381
-3.6171516519 8.36903992605 -7.43552619085
-3.59062118493 8.35690877109 -7.42987799433
-3.5620845636 8.34528260566 -7.42539258814
-3.53134888838 8.33411788663 -7.42207882791
-3.49835551123 8.32362988064 -7.42019483413
-3.46325774382 8.31429148086 -7.42022349434
-3.42646904015 8.30678278071 -7.42280172585
-3.38867212808 8.30189853998 -7.42861431608
-3.35078601294 8.30042830678 -7.43826976091
-3.31389479903 8.30302907807 -7.45217914963
-3.27914864803 8.31011205109 -7.47045911081

/group/LPA_004/36
36
posId 36
-3.24194541684 8.26880951289 -7.6195375656
-3.21774498289 8.27689851875 -7.6514568471
-3.1975788417 8.28762929537 -7.68492666044
-3.18206857725 8.30067324879 -7.71891908435
-3.17170243317 8.31562290122 -7.75236946932
-3.16677708913 8.3320252777 -7.78427721279
-3.16735267693 8.34941824679 -7.81380177982
-3.17322888424 8.36736590403 -7.84034140017
-3.18394761948 8.38548930376 -7.86358401052
-3.19882434597 8.4034894897 -7.88352362345
-3.21700629886 8.42116075572 -7.90043988875
-3.23755193456 8.43839325231 -7.91484352384
-3.2595227049 8.45516528772 -7.92739483596
-3.28207610155 8.47152680202 -7.93880609902
-3.30454823495 8.48757638302 -7.94974058826
-3.32651514675 8.50343474933 -7.96072133938
-3.34782452206 8.5192178004 -7.97206116487
-3.36859316113 8.53501213071 -7.98382236646
-3.38916999657 8.55085538067 -7.99581038836
-3.41006899635 8.56672304292 -8.00760097222
-3.43188033863 8.58252247591 -8.0185958757
-3.45517120962 8.59809402089 -8.02809853697
-3.48038903652 8.61321838116 -8.03539871368
-3.50777970624 8.62762888884 -8.03985439902
-3.53733136469 8.64102699792 -8.04096027864
-3.56875100626 8.65309930812 -8.03839444954
-3.60147671443 8.66353460707 -8.03203866933
-3.63472370699 8.6720397546 -8.02197148329
-3.66755792132 8.6783536414 -8.00843756348
-3.69898735552 8.68225885111 -7.99179989426
-3.72805923326 8.68359097042 -7.97248357856
-3.75395056178 8.68224567805 -7.9509207301
-3.77604084518 8.678183786 -7.9275051041
-3.79395839972 8.6714343216 -7.90256297679
-3.80759548969 8.66209557149 -7.87634369209
-3.81709180826 8.65033382154 -7.84902977097
-3.82279005292 8.63637938872 -7.82076310064
-3.82517089803 8.62051951219 -7.79168102998
-3.82477707 8.60308779101 -7.76195461823
-3.82213718312 8.58445013399 -7.73182105548
-3.81769941375 8.56498760078 -7.70160341594
-3.81178312254 8.54507700503 -7.67171321595
-3.80455351873 8.52507064317 -7.64263433804
-3.7960208839 8.50527691445 -7.61489023372
-3.7860622848 8.48594382379 -7.5889993737
-3.77446063947 8.4672473411 -7.56542616184
-3.76095389325 8.44928629452 -7.54453558645
-3.74528618282 8.43208490683 -7.52655955555
-3.72725329353 8.41560329248 -7.51158118368
-3.70673631365 8.39975530717 -7.49954051389
-3.68371985056 8.38443219808 -7.49026170496
-3.65829405915 8.36952967055 -7.48349813515
-3.63064255192 8.35497539006 -7.4789887503
-3.60102054616 8.34075367482 -7.47651683092
-3.56972899121 8.32692426387 -7.47596154526
-3.53709069698 8.3136325761 -7.47733336081
-3.5034336356 8.30110975955 -7.48078654199
-3.46908477897 8.28966197271 -7.48660527216
-3.43437540059 8.27964960222 -7.49516392338
-3.39965614465 8.27145834863 -7.50686606179
-3.36531782347 8.26546514497 -7.52207029625
-3.33181227166 8.26200257397 -7.54101349955
-3.29966697501 8.261325723 -7.56374285508

/group/LPA_004/39
39
posId 39
-3.21865406137 8.14727918762 -7.71352901725
-3.18859348165 8.14214882713 -7.73674682056
-3.16023073579 8.13871406372 -7.76187004096
-3.13385210515 8.13702105727 -7.78867138834
-3.10976593368 8.13708926299 -7.81683681193
-3.08829918684 8.13891101556 -7.84596855025
-3.06978926162 8.142451547 -7.87559469594
-3.05457113482 8.14764943276 -7.90518516164
-3.04296049459 8.15441751235 -7.93417340239
-3.03523402351 8.16264437399 -7.96198274128
-3.03160843521 8.17219652013 -7.98805570244
-3.0322201618 8.18292133422 -8.01188442053
-3.03710771042 8.19465094494 -8.03304000001
-3.04619863319 8.207207032 -8.05119866389
-3.05930278542 8.22040654017 -8.06616266838
-3.07611309852 8.23406817239 -8.07787426121
-3.09621450194 8.24801942706 -8.08642140899
-3.11910094389 8.26210384181 -8.09203457907
-3.14419974225 8.2761880171 -8.09507449338
-3.17090181198 8.29016793038 -8.09601142532
-3.19859572726 8.30397402556 -8.09539723511
-3.22670314271 8.31757458039 -8.09383188424
-3.25471286322 8.33097691905 -8.09192659079
-3.28221084424 8.3442261487 -8.09026605182
-3.30890363113 8.35740125096 -8.08937224275
-3.33463319457 8.37060854234 -8.08967220202
-3.35938175606 8.38397271837 -8.09147192721
-3.38326597149 8.39762589841 -8.09493807146
-3.40652068938 8.41169527406 -8.10008856849
-3.42947334945 8.42629011782 -8.10679267766
-3.45251086643 8.44148901358 -8.11478027556
-3.47604148313 8.45732821605 -8.12365958079
-3.50045452044 8.47379202407 -8.13294193264
-3.5260811595 8.49080596181 -8.14207179417
-3.55315934186 8.50823340472 -8.15045984889
-3.58180556965 8.52587607448 -8.15751692622
-3.61199585312 8.54347857225 -8.16268653023
-3.64355733049 8.56073684173 -8.16547394931
-3.67617123664 8.57731017257 -8.16547026991
-3.70938699188 8.59283609386 -8.16237007153
-3.74264629817 8.60694728587 -8.15598210245
-3.77531533995 8.61928947506 -8.14623278058
-3.80672255755 8.62953918614 -8.13316288713
-3.8361990445 8.63742021413 -8.11691827988
-3.86311844907 8.64271775016 -8.09773581463
-3.88693334755 8.6452892444 -8.07592590344
-3.90720539163 8.64507130567 -8.0518532442
-3.92362708349 8.6420822051 -8.02591722769
-3.93603374989 8.63641985045 -7.99853337788
-3.94440510754 8.62825540521 -7.97011693113
-3.94885666431 8.61782301999 -7.9410693394
-3.94962201187 8.60540640056 -7.91176812736
-3.94702776645 8.5913231383 -7.88256017877
-3.9414634482 8.57590786025 -7.85375820793
-3.93334891456 8.55949530905 -7.82563991496
-3.92310205655 8.54240443485 -7.798449151
-3.91110932699 8.52492447583 -7.77239834032
-3.8977013163 8.50730383139 -7.74767142292
-3.88313506113 8.48974230703 -7.72442668252
-3.86758411717 8.47238705151 -7.70279899426
-3.85113671121 8.45533223532 -7.68290123793
-3.8338015761 8.43862225669 -7.66482484848
-3.81552042811 8.42225802653 -7.64863968733
-3.79618552677 8.40620569405 -7.63439358779
-3.77566040376 8.39040704214 -7.62211203635
-3.75380168699 8.37479071463 -7.6117984834
-3.73047998584 8.35928343606 -7.60343572894
-3.70559803126 8.34382044674 -7.59698870488
-3.6791046515 8.32835449153 -7.59240879056
-3.6510036669 8.31286285748 -7.58963957254
-3.62135735168 8.29735213854 -7.58862372134
-3.590284679 8.28186059687 -7.58931043516
-3.55795508159 8.26645817466 -7.59166272275
-3.52457887232 8.25124437263 -7.59566368873
-3.49039574009 8.23634433978 -7.60132096417
-3.45566284158 8.22190360561 -7.60866850109
-3.42064394298 8.20808192826 -7.61776512282
-3.38560083884 8.19504672939 -7.62868948081
-3.35078791544 8.18296654573 -7.64153139287
-3.31645027458 8.17200485522 -7.65637989831
-3.28282534077 8.16231454458 -7.67330872979

/group/LPA_004/42
42
posId 42
-3.27820018675 8.05823470432 -7.80675803937
-3.24724593633 8.04965232171 -7.82700315095
-3.21802390473 8.0429403471 -7.8496574897
-3.19068481743 8.03811529629 -7.87455807532
-3.16538419705 8.03515567042 -7.90143853676
-3.14229265185 8.03400773063 -7.92992982907
-3.12160310522 8.03459228791 -7.95956769842
-3.10353377256 8.03681186262 -7.98980687517
-3.08832610591 8.04055760005 -8.02004149142
-3.07623742662 8.04571541154 -8.04963075246
-3.06752850806 8.05217093688 -8.07792847504
-3.06244690473 8.05981307836 -8.10431477356
-3.06120730301 8.0685360263 -8.12822795403
-3.06397054743 8.07823986183 -8.14919458522
-3.07082323813 8.08882997199 -8.1668557661
-3.08175987517 8.10021562907 -8.18098779879
-3.09666943107 8.1123081613 -8.19151579556
-3.11532796761 8.12501916846 -8.19851917705
-3.13739849437 8.13825921219 -8.20222852754
-3.16243872479 8.15193733892 -8.20301382701
-3.18991676408 8.16596168133 -8.20136464031
-3.2192341102 8.180241243 -8.19786337133
-3.24975471995 8.19468881377 -8.19315314683
-3.28083833764 8.20922480671 -8.18790224921
-3.31187585378 8.22378166628 -8.18276724293
-3.34232419296 8.23830838655 -8.17835702191
-3.37173815104 8.25277460947 -8.17519993727
-3.39979672362 8.26717375505 -8.17371595302
-3.42632178572 8.28152467154 -8.17419543703
-3.45128747766 8.29587138372 -8.17678574996
-3.47481928907 8.31028065483 -8.1814862791
-3.4971825658 8.32483725293 -8.18815201325
-3.51876093799 8.339637011 -8.19650520823
-3.54002592341 8.35477797589 -8.2061541887
-3.56149963897 8.37035013589 -8.21661790494
-3.58371310196 8.38642438378 -8.22735454136
-3.60716297727 8.40304149468 -8.23779227726
-3.63226979531 8.42020196448 -8.2473602396
-3.65934061271 8.43785755634 -8.25551776324
-3.68853881521 8.45590533591 -8.26178027597
-3.71986328628 8.47418484395 -8.26574043532
-3.75313852147 8.49247886427 -8.26708353501
-3.7880165023 8.51051800909 -8.2655966393
-3.82399031224 8.52798907897 -8.26117135988
-3.86041864251 8.54454688007 -8.25380062673
-3.89655955853 8.55982891857 -8.24357019091
-3.93161123848 8.57347216124 -8.2306459063
-3.96475690107 8.58513087026 -8.21525804919
-3.99521084851 8.59449440554 -8.19768403804
-4.02226248339 8.60130384928 -8.17823090824
-4.04531531958 8.60536634906 -8.15721878474
-4.06391838391 8.60656619841 -8.13496639367
-4.07778796897 8.60487186823 -8.11177938403
-4.08681840361 8.60033845719 -8.08794191797
-4.09108130409 8.59310532603 -8.06371166166
-4.09081359394 8.58338899929 -8.03931799771
-4.08639537351 8.57147173514 -8.01496300875
-4.07831942168 8.55768645648 -7.99082457427
-4.0671546707 8.54239898406 -7.96706079225
-4.05350637166 8.52598869569 -7.94381489279
-4.03797583591 8.5088288417 -7.92121985276
-4.0211225898 8.49126776791 -7.89940203966
-4.00343152123 8.47361223146 -7.87848339652
-3.98528715375 8.45611384682 -7.85858190589
-3.96695659157 8.43895948 -7.83981031708
-3.94858198785 8.4222661342 -7.82227336142
-3.93018265323 8.40608056018 -7.80606389082
-3.91166619902 8.39038350159 -7.79125853465
-3.89284745708 8.37509817296 -7.77791356158
-3.87347338279 8.36010228835 -7.76606164863
-3.85325177017 8.34524273128 -7.75571019395
-3.8318814117 8.33035179738 -7.74684167136
-3.80908133287 8.31526386021 -7.73941632223
-3.78461691546 8.29983131321 -7.73337723547
-3.75832107517 8.2839387234 -7.72865759994
-3.73010914453 8.26751428957 -7.72518965214
-3.69998668773 8.25053791396 -7.72291461144
-3.66805008983 8.23304545646 -7.72179271836
-3.63448036734 8.21512902242 -7.72181238866
-3.59953118921 8.19693341866 -7.72299748074
-3.563512534 8.17864917617 -7.72541175144
-3.52677170545 8.16050276238 -7.72915974488
-3.48967356409 8.14274477665 -7.73438360883
-3.45258179834 8.12563702733 -7.74125564699
-3.41584286289 8.10943942278 -7.74996676844
-3.37977387522 8.09439757181 -7.76071135968
-3.34465531585 8.08073188668 -7.77366944958

/group/LPA_004/45
45
posId 45
-3.251462443 7.96098655228 -7.95858846377
-3.21732341576 7.95003420508 -7.9746147564
-3.18529728211 7.94128090182 -7.993229202
-3.15570418912 7.93491154331 -8.014474945
-3.12882790009 7.93104792018 -8.03829115448
-3.1049120904 7.92974294595 -8.06450398777
-3.0841580359 7.93097797978 -8.09282312015
-3.06672353125 7.93466335186 -8.12284430572
-3.05272282905 7.94064204289 -8.15405811145
-3.04222736475 7.9486963116 -8.18586462691
-3.03526703007 7.95855692002 -8.21759361622
-3.03183177542 7.96991448196 -8.24852926378
-3.03187335863 7.98243236299 -8.2779383923
-3.03530710821 7.99576049422 -8.30510081382
-3.0420136297 8.00954943139 -8.32934032717
-3.0518404479 8.02346399429 -8.350054807
-3.0646036396 8.03719586114 -8.36674384445
-3.08008956602 8.05047456242 -8.37903249913
-3.09805685555 8.06307641639 -8.38668990058
-3.11823881209 8.07483106708 -8.38964168607
-3.14034642943 8.08562541801 -8.38797556736
-3.16407217618 8.09540489368 -8.38193966508
-3.18909467907 8.10417209824 -8.37193361734
-3.21508437714 8.11198306849 -8.35849283824
-3.24171014818 8.11894143086 -8.34226665272
-3.26864682749 8.12519086202 -8.32399134676
-3.29558345172 8.13090631723 -8.30445942941
-3.32223197553 8.13628452596 -8.28448659179
-3.3483361304 8.14153426049 -8.2648779575
-3.37368003173 8.14686686025 -8.24639524312
-3.39809609569 8.1524874456 -8.22972638663
-3.42147180815 8.15858718411 -8.21545905817
-3.44375489531 8.16533688387 -8.20405925118
-3.46495648279 8.17288209043 -8.19585587499
-3.48515189551 8.18133976047 -8.19103194731
-3.50447884302 8.19079648584 -8.18962263648
-3.52313284982 8.20130814943 -8.19152004689
-3.54135992268 8.21290081746 -8.19648429781
-3.55944658891 8.22557261424 -8.20416013299
-3.577707585 8.23929628843 -8.21409803515
-3.5964716134 8.2540221663 -8.22577861649
-3.61606571058 8.26968119733 -8.23863892718
-3.63679887156 8.2861878285 -8.25209927075
-3.65894565047 8.30344249355 -8.26558914312
-3.68273049563 8.32133356788 -8.27857101424
-3.70831357919 8.33973871263 -8.29056084262
-3.73577884292 8.35852560902 -8.30114444073
-3.76512490448 8.37755215765 -8.30998907923
-3.79625935445 8.39666628461 -8.31685001359
-3.8289968296 8.41570554887 -8.32157191934
-3.86306107782 8.43449678174 -8.32408551515
-3.89809104422 8.45285600502 -8.32439991804
-3.93365081493 8.47058886865 -8.32259149747
-3.96924306547 8.48749182142 -8.31879016358
-4.00432548396 8.50335418109 -8.31316412942
-4.03832948576 8.51796120592 -8.30590422428
-4.07068041359 8.53109819269 -8.29720880384
-4.10081833305 8.54255554198 -8.28727020762
-4.12821849231 8.55213464523 -8.27626356172
-4.15241051945 8.55965436673 -8.26433852736
-4.17299548215 8.56495782256 -8.25161436567
-4.18966002951 8.56791910349 -8.23817844357
-4.20218697037 8.56844955425 -8.22408805888
-4.21046180989 8.56650321067 -8.20937523239
-4.21447495835 8.56208101111 -8.19405391476
-4.21431953235 8.55523343929 -8.17812889849
-4.21018487918 8.54606132063 -8.16160562122
-4.20234615901 8.53471458078 -8.14450000026
-4.19115050589 8.52138887838 -8.12684745336
-4.17700044802 8.50632013856 -8.10871033486
-4.16033539313 8.48977713285 -8.09018314343
-4.14161206757 8.47205236755 -8.07139503003
-4.12128483732 8.45345164982 -8.05250933857
-4.09978683 8.43428279082 -8.03372013478
-4.07751272407 8.41484397368 -8.01524590502
-4.05480397432 8.39541235464 -7.9973208205
-4.03193711003 8.37623347606 -7.98018415005
-4.00911557944 8.35751204847 -7.96406855234
-3.98646543083 8.33940460486 -7.94918807653
-3.96403492675 8.32201444724 -7.93572674171
-3.94179799377 8.30538919655 -7.92382854672
-3.91966122512 8.28952112735 -7.91358968329
-3.89747398863 8.27435032609 -7.90505359207
-3.87504105356 8.25977056306 -7.89820932081
-3.85213704598 8.24563762201 -7.89299342752
-3.82852197575 8.23177969586 -7.88929543393
-3.80395705311 8.2180093399 -7.88696658976
-3.77822002777 8.20413638183 -7.88583147358
-3.75111933763 8.18998112701 -7.88570174594
-3.72250644214 8.17538717059 -7.88639120016
-3.69228583234 8.16023313831 -7.88773113668
-3.66042234684 8.14444272421 -7.88958502804
-3.62694557375 8.12799247452 -7.89186144771
-3.59195127282 8.11091687824 -7.89452430919
-3.55559990187 8.09331046102 -7.8975995981
-3.51811246883 8.07532673223 -7.9011779732
-3.47976404826 8.05717399785 -7.90541285107
-3.44087539345 8.03910821497 -7.91051386029
-3.40180313854 8.02142321851 -7.91673583782
-3.36292911711 8.00443878895 -7.92436382606
-3.32464932483 7.98848714371 -7.93369479601

/group/LPA_004/48
48
posId 48
-3.1713480397 7.83939497992 -8.08096042392
-3.12980200206 7.82710905231 -8.09870081953
-3.09432799154 7.81934398839 -8.11971449546
-3.06622032801 7.81656251048 -8.14362090004
-3.04573641723 7.81869911719 -8.17000528224
-3.03217120568 7.8251869379 -8.19839731036
-3.02412594296 7.83508469715 -8.22825852263
-3.01990363181 7.84727392531 -8.25898624542
-3.01793545318 7.86068019389 -8.289936281
-3.01713817458 7.87446724437 -8.32046065059
-3.01712275911 7.88816057315 -8.3499517464
-3.01821355243 7.90167526782 -8.37788184243
-3.02128528347 7.91524692913 -8.40382776084
-3.02746940456 7.9292882045 -8.42747437977
-3.0378109357 7.94421082183 -8.44859652202
-3.05296491116 7.96025979677 -8.4670249282
-3.07300648207 7.9774012389 -8.48260672373
-3.09739542436 7.99528959125 -8.4951726495
-3.12509358039 8.01331853322 -8.50452172627
-3.15479402733 8.03073795357 -8.51042930877
-3.18519391296 8.04680306618 -8.51267788471
-3.21523558152 8.06091501162 -8.5111032719
-3.2442540397 8.0727166284 -8.50564392912
-3.27199855389 8.08212096438 -8.49637935718
-3.29853347106 8.08926948515 -8.48354562355
-3.32405761267 8.09443638899 -8.46752148251
-3.34870328826 8.0979096307 -8.44878603695
-3.37237928936 8.09988441588 -8.42785646766
-3.39470659043 8.10039983681 -8.4052200273
-3.41506569367 8.09933562438 -8.38127669619
-3.43273938411 8.09646770292 -8.35630693813
-3.44710439196 8.0915636145 -8.33047326013
-3.45780898562 8.08448696009 -8.30385614423
-3.46487584705 8.07527719814 -8.27651640113
-3.46869038167 8.06417828148 -8.24856924357
-3.4698682675 8.05160472607 -8.22025211603
-3.4690331417 8.03805253524 -8.19196939852
-3.46656523663 8.02397959044 -8.16430228401
-3.46239562094 8.00969067926 -8.13798013445
-3.45591383279 7.99526304736 -8.1138184679
-3.44603009559 7.98053870942 -8.0926362392
-3.43139346648 7.96519209232 -8.07516943236
-3.41072452623 7.94886056043 -8.06199818698
-3.38318706258 7.93130669354 -8.0535008007
-3.34870718141 7.91257008282 -8.049841082
-3.30815540515 7.89306619853 -8.0509874934
-3.2633366038 7.8736010378 -8.05675538927

/group/LPA_004/51
51
posId 51
-3.19158436932 7.74133726258 -8.13735929161
-3.15284325954 7.73418787773 -8.16000120743
-3.11957140307 7.73047028704 -8.18450519325
-3.09262812845 7.73007921382 -8.20981804168
-3.0720144104 7.73269255752 -8.2352662106
-3.05696948223 7.73784730263 -8.2606206387
-3.04621171782 7.74503520326 -8.28606294381
-3.03827057045 7.75379720483 -8.31206067727
-3.03183718783 7.76379611461 -8.3391790467
-3.0260584454 7.77485229392 -8.36787029468
-3.02071309934 7.7869358778 -8.39828661974
-3.01623619217 7.80011917597 -8.43015711364
-3.01359228609 7.81450208296 -8.46275494371
-3.01403154565 7.83012938052 -8.49496121713
-3.01878749173 7.84692036068 -8.5254111397
-3.0287859144 7.86462792627 -8.55269090633
-3.04442889719 7.88283707667 -8.57554399128
-3.06549795868 7.90100323846 -8.59304512162
-3.09119109848 7.91852152982 -8.60470898503
-3.12027723633 7.9348109782 -8.61051631541
-3.15132562444 7.94939457849 -8.61085858373
-3.18295323727 7.96195754292 -8.60641971564
-3.21403291071 7.9723716962 -8.59802517973
-3.2438185371 7.98068225747 -8.58649297269
-3.27196699412 7.98706215573 -8.57251695616
-3.2984634678 7.99174637149 -8.55660217301
-3.32348050838 7.99496284234 -8.5390572545
-3.34721567293 7.9968763246 -8.52003464786
-3.36975461342 7.99755743518 -8.49959874741
-3.39099591842 7.99698207425 -8.4777975773
-3.41065412017 7.99505840642 -8.45471621612
-3.42833362038 7.99167162324 -8.43049857518
-3.44364535084 7.98673258116 -8.40533582535
-3.45632545571 7.98021610774 -8.37943128884
-3.46631457444 7.97217829764 -8.3529596678
-3.47376765971 7.9627484871 -8.32604076424
-3.47898468974 7.95209907673 -8.29874366031
-3.48227665343 7.94040295649 -8.27112778187
-3.4838022612 7.92779219273 -8.2433149876
-3.48342305585 7.91433177919 -8.21557526994
-3.48062424632 7.90001852178 -8.18840120125
-3.47453515023 7.88480842721 -8.16254530056
-3.46405950888 7.86866799972 -8.1390007704
-3.44809779267 7.85163768753 -8.11891839211
-3.42581798889 7.83389127549 -8.10346793819
-3.39691493545 7.81577455959 -8.09366743017
-3.36179564645 7.79781044808 -8.09021406254
-3.3216406041 7.78066492268 -8.09335368382
-3.27831629865 7.76507737474 -8.1028201457

/group/LPA_004/54
54
posId 54
-3.26072981251 7.67068827136 -8.20935478985
-3.21911883186 7.65974161209 -8.22397831987
-3.18029436722 7.65161941297 -8.242176852
-3.14620182206 7.64650516579 -8.26255181922
-3.11812487887 7.64447675711 -8.28408631743
-3.09651653369 7.64552001574 -8.30633078183
-3.08099179995 7.64953672773 -8.32942718434
-3.07048575895 7.65634695661 -8.35396799977
-3.06354364951 7.66568942041 -8.38072889614
-3.05867980122 7.67722585387 -8.41034647101
-3.05472666974 7.69055495881 -8.44302601582
-3.051097839 7.70523876108 -8.47835581746
-3.04790902042 7.72083979639 -8.51527629492
-3.04593394045 7.73696294218 -8.55221186612
-3.04640965308 7.75329244363 -8.58733152654
-3.05073925604 7.76961397436 -8.61887166907
-3.0601614057 7.78581394509 -8.64544004672
-3.07546067631 7.80185335245 -8.66622654122
-3.09678014888 7.81772003499 -8.68107241942
-3.12357133726 7.83336953211 -8.69038783049
-3.15468355135 7.84866901519 -8.69494711062
-3.1885633287 7.86335960517 -8.69562239034
-3.2235121518 7.87704927884 -8.69312993822
-3.2579422081 7.88924199989 -8.68785719753
-3.29057657556 7.8994001469 -8.67981369825
-3.3205591788 7.90702881784 -8.66871300711
-3.34746540475 7.91176433096 -8.65415563636
-3.3712292929 7.91344691507 -8.63585463336
-3.39202121555 7.91215996382 -8.61383412176
-3.41011674338 7.90822494551 -8.58853942501
-3.42579209875 7.90215064579 -8.5608231692
-3.43926680566 7.89454565961 -8.53180773304
-3.45069498482 7.88601151536 -8.50266055945
-3.46018935371 7.87703846913 -8.47434505224
-3.46785172048 7.86792571045 -8.44741862942
-3.47378361832 7.85874251562 -8.42193830071
-3.4780605425 7.84933798858 -8.39750569211
-3.48066974406 7.83939653281 -8.3734453399
-3.48142928545 7.82852654613 -8.34907265078
-3.47991912313 7.81636322158 -8.32398146302
-3.47545863437 7.80266419157 -8.29827309476
-3.46715722056 7.78737938532 -8.27266169373
-3.45404675139 7.77068304252 -8.24842153215
-3.43528115294 7.75296460102 -8.22718268394
-3.41036585378 7.7347839696 -8.21062154833
-3.3793647722 7.71680344929 -8.20012128199
-3.34303007344 7.69971184858 -8.1964866161

/group/LPA_004/57
57
posId 57
-3.28062401652 7.5911279308 -8.35282051866
-3.24341528883 7.5811651795 -8.3618022069
-3.20944197221 7.57419861217 -8.37550985124
-3.18045859314 7.57063945633 -8.39336854258
-3.15745162074 7.5706238578 -8.41480925084
-3.14051355319 7.57400436454 -8.43936436836
-3.12892362305 7.58039699864 -8.46671406423
-3.12141420232 7.58926943019 -8.49666552647
-3.11655277844 7.60004578295 -8.52906730049
-3.11313941915 7.61220086085 -8.56368181336
-3.11051737116 7.62532160851 -8.60005428454
-3.10872021988 7.6391246076 -8.63742056432
-3.10842513645 7.65343184916 -8.67468814404
-3.1107346729 7.66811879185 -8.71050559053
-3.11685417973 7.68305537952 -8.74341123149
-3.12775589195 7.69806052421 -8.77202910347
-3.1439181539 7.71288403126 -8.79526569781
-3.16520120526 7.72721949313 -8.81245927371
-3.19087860514 7.74074088196 -8.82344513012
-3.21979898618 7.7531479622 -8.82852199653
-3.25061957632 7.76420358026 -8.82833041382
-3.28203987595 7.77374981603 -8.82367631606
-3.31297340099 7.78169834171 -8.81534575065
-3.34262273489 7.78800011623 -8.80395644754
-3.3704582098 7.79260730922 -8.78987927674
-3.39613144037 7.79544338586 -8.77324163251
-3.41937181727 7.79639451276 -8.75400185428
-3.43991228731 7.79532778108 -8.73206564074
-3.45747220596 7.7921317972 -8.70740700913
-3.47179734318 7.78676640436 -8.68015950042
-3.48273082212 7.77930379464 -8.65065624284
-3.49027372728 7.76994479823 -8.61941547992
-3.49459607342 7.75900145087 -8.58708525676
-3.49597739683 7.74684783546 -8.5543717867
-3.49468499313 7.73385217348 -8.52197755699
-3.49082644113 7.7203105413 -8.49056764381
-3.48423077207 7.70640375906 -8.46076919565
-3.47441201803 7.69219321887 -8.43319468101
-3.46064845385 7.67766017132 -8.40846947922
-3.44217594489 7.66277956939 -8.38724228357
-3.41845503354 7.64760809189 -8.37016331803
-3.38944136348 7.63236009 -8.3578282124
-3.35577833854 7.61744696574 -8.35069993638

/group/LPA_004/60
60
posId 60
-2.21126776367 6.90911618906 -7.56427392565
-2.20238443452 6.91957977639 -7.60634809669
-2.1908286118 6.92901481378 -7.64758481299
-2.17615326538 6.93683619853 -7.68650930107
-2.15813601403 6.94254372622 -7.72171213854
-2.13684343271 6.94578555432 -7.75199450065
-2.11265288447 6.94639715947 -7.77647373226
-2.08622815557 6.94441063284 -7.79463604876
-2.05845278802 6.94003447972 -7.80633327994
-2.03033190072 6.93360918842 -7.81173063142
-2.00287828672 6.92554779652 -7.81122059543
-1.97700083357 6.91627282227 -7.8053229556
-1.95341248409 6.90616090882 -7.79459153661
-1.93257123542 6.89550441758 -7.7795449872
-1.91466176526 6.88449546039 -7.76063227618
-1.89961825177 6.87323323035 -7.73823515209
-1.88718207007 6.8617508796 -7.71270132086
-1.87698250556 6.8500544822 -7.68439526231
-1.86862535872 6.83816450547 -7.65374981119
-1.86177383487 6.82615007284 -7.62130162255
-1.85620840935 6.81414812923 -7.58769741109
-1.85185692511 6.80236302902 -7.55366462192
-1.84879210717 6.79104636598 -7.51994856799
-1.84719983307 6.78046119252 -7.48722632928
-1.84732673511 6.77083826685 -7.45601411834
-1.84941908256 6.76233391748 -7.42658798392
-1.85366582958 6.75499912072 -7.39893687126
-1.86015711686 6.74876741932 -7.37276218748
-1.86886576759 6.74346572801 -7.34752993018
-1.8796542091 6.73884755041 -7.32257158117
-1.89230381624 6.73464354173 -7.29722019131
-1.90655899409 6.73062059048 -7.2709602813
-1.92217531687 6.72663841501 -7.24356593907
-1.93896030158 6.72269254356 -7.21520177031
-1.95679705338 6.71893455402 -7.18646630246
-1.97564473916 6.71566427304 -7.15836633748
-1.99551487922 6.71329360465 -7.13222212722
-2.01642778849 6.71228687768 -7.10951514047
-2.03835806846 6.71308710375 -7.09170048906
-2.06118091325 6.71604047224 -7.08001289963
-2.08463153191 6.72133219514 -7.07529715877
-2.10828803499 6.72894525803 -7.07789074618
-2.13158400111 6.73864996237 -7.08757835349
-2.15385137359 6.75002697855 -7.10362647018
-2.17438837809 6.76252086715 -7.12489314527
-2.19254194068 6.77551569019 -7.14999563837
-2.20779064918 6.78842038054 -7.17750909624
-2.21981335487 6.80074968681 -7.20616429109
-2.22853032165 6.8121871146 -7.2350127212
-2.23410815003 6.82261925693 -7.2635329611
-2.23692581359 6.83213574195 -7.29166208672
-2.23750597614 6.8409948826 -7.31974857204
-2.23642208168 6.84956096727 -7.34843608746
-2.23419636301 6.85822395674 -7.37849889608
-2.23120601514 6.86731530772 -7.41065713902
-2.22761388886 6.87703421754 -7.44540298424
-2.22333626993 6.88739668953 -7.4828660169

/group/LPA_004/63
63
posId 63
-2.21461081446 6.90556324675 -7.56173794603
-2.20501139921 6.91574704063 -7.60606708366
-2.19332335288 6.92513634586 -7.6493693838
-2.17938610357 6.93320519904 -7.68991780966
-2.16314150908 6.93950515836 -7.72617237913
-2.14466112119 6.94372582655 -7.75697136649
-2.12415676256 6.94573061735 -7.7816490372
-2.10197379617 6.94556233827 -7.8000612072
-2.07856892713 6.94341894051 -7.81251829412
-2.05447635679 6.93960535565 -7.81964357251
-2.03026734304 6.93447162927 -7.8221884999
-2.00650858598 6.92834977008 -7.82084449567
-1.98372439236 6.9215014724 -7.81609002953
-1.96236644985 6.91408624373 -7.80810352884
-1.94279352971 6.90615504407 -7.79675822198
-1.9252618383 6.89766923255 -7.7816975752
-1.90992533108 6.88853949337 -7.76247302274
-1.89684428917 6.8786754981 -7.73871267929
-1.88599993295 6.86803511977 -7.71028328976
-1.87731278987 6.85666240298 -7.67740910054
-1.87066282814 6.84470609966 -7.64072031933
-1.86590984038 6.83241483832 -7.60121852238
-1.86291302541 6.82011001468 -7.5601637672
-1.86154902249 6.8081422328 -7.51890471509
-1.86172772436 6.79684061268 -7.47868536756
-1.86340504565 6.78646579683 -7.44046752488
-1.86659154995 6.77717672432 -7.40480560176
-1.87135559596 6.76901835489 -7.37180041125
-1.87781962336 6.76193311052 -7.34114290979
-1.88614849929 6.75579376659 -7.31224078796
-1.89652955386 6.7504509101 -7.28440382604
-1.90914501042 6.74578484896 -7.25705154613
-1.92413882273 6.74175068927 -7.22990143648
-1.94158123935 6.73840646599 -7.20309904467
-1.96143545331 6.73591751133 -7.17726204235
-1.98353120141 6.73453503243 -7.15342690254
-2.00754995862 6.73455219371 -7.13290589073
-2.03302535291 6.73624578371 -7.11707990831
-2.05936067239 6.73981481189 -7.1071658054
-2.08586306378 6.74532843557 -7.1040024679
-2.11179156214 6.75269420553 -7.10789708553
-2.13641384376 6.76165397151 -7.11856200421
-2.15906495096 6.7718095873 -7.13515553326
-2.17920051766 6.78267479811 -7.15642028592
-2.19643740697 6.793744505 -7.18089391107
-2.2105761581 6.80456900866 -7.20715306558
-2.22160204407 6.81481956663 -7.23404491969
-2.22966451565 6.8243329359 -7.26086268296
-2.23503789576 6.83312629453 -7.28743218527
-2.23806890374 6.84137935392 -7.31409342851
-2.23911849457 6.84938656479 -7.34158098691
-2.23850628321 6.8574879251 -7.37082633215
-2.23646535914 6.86599094298 -7.40271989816
-2.23311365595 6.87509801507 -7.43787815818
-2.22844548968 6.88485251791 -7.47645976022

/group/LPA_004/66
66
posId 66
-2.2633467458 6.83864381868 -7.51384834423
-2.25697881585 6.85099233981 -7.55560609331
-2.24921797438 6.86245191998 -7.59577105689
-2.23982436623 6.87281211185 -7.63389753097
-2.22854253067 6.88188577743 -7.66962137134
-2.21515152569 6.88952317235 -7.70266381294
-2.19951029615 6.89562171458 -7.73282602505
-2.18159211061 6.90012996653 -7.75997472149
-2.16150369894 6.9030453236 -7.7840206448
-2.1394870942 6.90440594916 -7.80489306256
-2.11590474246 6.90427845053 -7.82251431057
-2.09121079958 6.90274349096 -7.83677871398
-2.06591333546 6.89988186149 -7.84753982291
-2.04053316292 6.8957634353 -7.85460883808
-2.01556508323 6.89044091278 -7.85776550547
-1.99144652617 6.88394941998 -7.85678085608
-1.96853703234 6.87631198833 -7.85144924166
-1.94711005971 6.86754989119 -7.84162547443
-1.92735653501 6.85769592076 -7.82726178653
-1.90939775663 6.84680810967 -7.80843897957
-1.89330397676 6.83498123728 -7.78538661964
-1.879114435 6.82235374596 -7.75848840945
-1.86685484217 6.80910838777 -7.72827077392
-1.85654924464 6.79546591986 -7.69537496539
-1.8482246393 6.7816723077 -7.66051530485
-1.84190837694 6.7679809952 -7.62442818817
-1.8376199732 6.75463267749 -7.58781789984
-1.83536014819 6.74183551994 -7.5513058755
-1.83510051698 6.72974881453 -7.51538973818
-1.83677724336 6.71847263651 -7.48041723765
-1.84029116638 6.70804521901 -7.44657830923
-1.84551555975 6.69844862845 -7.41391610834
-1.85231103364 6.689622074 -7.38235540258
-1.86054544413 6.68148101449 -7.35174446363
-1.87011534891 6.67393932124 -7.32190490974
-1.88096480174 6.6669312585 -7.29268303446
-1.89309728156 6.66043003576 -7.26399613375
-1.90657734381 6.65446017322 -7.23586819233
-1.92152006623 6.64910182873 -7.20845086933
-1.93806831572 6.64448642446 -7.1820277849
-1.95635997667 6.64078419976 -7.15700234616
-1.9764892002 6.6381855055 -7.13387143708
-1.99846712481 6.63687856147 -7.11318894395
-2.02218812009 6.63702688511 -7.09552408256
-2.04740727555 6.6387495946 -7.08141972964
-2.07373360123 6.6421072989 -7.07135545337
-2.10064137993 6.64709539198 -7.06571881129
-2.12749959634 6.6536454149 -7.06478695436
-2.15361673795 6.66163391835 -7.06871890775
-2.17829591627 6.67089714571 -7.07755736488
-2.20089356368 6.68124903384 -7.09123766471
-2.22087419935 6.69249962012 -7.10960098392
-2.23785406606 6.70447100698 -7.13240872662
-2.25162779965 6.71700854966 -7.15935559386
-2.26217452285 6.72998580812 -7.19007972777
-2.26964253943 6.74330289194 -7.22416945039
-2.27431474043 6.75687894767 -7.26116722423
-2.27655949063 6.77064050798 -7.30057233254
-2.2767737493 6.78450808616 -7.34184424465
-2.27532620224 6.79838365266 -7.38440860832
-2.27250809248 6.81214143758 -7.42766730282

/group/LPA_004/69
69
posId 69
-2.32144222322 6.72468763057 -7.44759605624
-2.31680700935 6.73903543146 -7.48533695347
-2.31060229095 6.75261095392 -7.52234035416
-2.30289927602 6.76537317883 -7.55845713366
-2.29376738061 6.77728992816 -7.59356066609
-2.28326999016 6.78833239379 -7.62753670529
-2.27146093168 6.79847020376 -7.66027405019
-2.25838240872 6.80766741277 -7.69165638849
-2.24406505345 6.8158797014 -7.72155553604
-2.22853053326 6.82305295448 -7.74982616969
-2.21179683777 6.82912327383 -7.77630209716
-2.19388600231 6.83401837436 -7.80079411453
-2.17483364562 6.83766022097 -7.82308955173
-2.15469936478 6.83996869191 -7.84295367265
-2.1335767888 6.84086600417 -7.86013314735
-2.11160198423 6.84028160649 -7.87436181898
-2.08895895623 6.83815723426 -7.88536892563
-2.06588120083 6.83445182428 -7.8928897945
-2.04264862457 6.82914600253 -7.89667880677
-2.01957961886 6.82224588267 -7.89652415398
-1.99701860877 6.81378594348 -7.89226360289
-1.97531992656 6.80383079113 -7.88380019738
-1.95482932586 6.79247565534 -7.87111659929
-1.93586479437 6.77984551943 -7.85428664874
-1.91869849445 6.76609284335 -7.83348274438
-1.90354163514 6.75139390625 -7.80897782448
-1.89053385147 6.73594387077 -7.78114107291
-1.87973825596 6.71995075157 -7.7504269602
-1.87114277433 6.70362855275 -7.71735781867
-1.8646677418 6.68718991463 -7.68250078666
-1.86017908715 6.67083867439 -7.64644057104
-1.85750584194 6.65476278825 -7.60975000103
-1.85646024899 6.63912807785 -7.57296071151
-1.85685846071 6.6240732446 -7.53653645089
-1.85853974722 6.60970653954 -7.50085142303
-1.86138228674 6.59610438237 -7.46617573981
-1.86531396896 6.58331209635 -7.43266950041
-1.8703171682 6.57134677278 -7.40038627249
-1.87642707741 6.56020211201 -7.36928589874
-1.88372386699 6.54985492082 -7.33925567243
-1.89231956878 6.54027279449 -7.31013810911
-1.90234111682 6.53142239098 -7.28176287363
-1.91391134494 6.52327762789 -7.25397997515
-1.92712990987 6.51582711026 -7.22669116864
-1.94205606365 6.5090801343 -7.19987662243
-1.95869494999 6.50307070851 -7.17361431917
-1.97698868072 6.49785918275 -7.14809031447
-1.99681291135 6.49353126755 -7.12359881849
-2.01797904365 6.49019444215 -7.10053200624
-2.04024160594 6.48797197306 -7.07936040845
-2.06330986286 6.48699497379 -7.06060559157
-2.08686233775 6.48739311168 -7.04480751777
-2.1105627286 6.4892846922 -7.03248941967
-2.13407567585 6.49276691355 -7.02412318873
-2.15708099004 6.49790707662 -7.02009815319
-2.17928524098 6.50473546021 -7.02069573011
-2.20043000285 6.51324043274 -7.02607182549
-2.22029648888 6.52336618529 -7.03624809516
-2.23870673615 6.53501325125 -7.05111234964
-2.25552186535 6.54804174826 -7.07042757454
-2.27063819924 6.56227705684 -7.09384832406
-2.28398215306 6.57751745951 -7.12094269425
-2.29550480283 6.59354311919 -7.15121774056
-2.30517690618 6.6101256888 -7.18414608876
-2.31298492302 6.62703782124 -7.2191915956
-2.31892830056 6.64406188976 -7.25583221422
-2.32301799589 6.66099732674 -7.29357866296
-2.32527595385 6.67766613314 -7.33198802273
-2.32573507823 6.69391628528 -7.37067193597

/group/LPA_004/72
72
posId 72
-2.34075626423 6.66335922989 -7.52126868123
-2.33281764995 6.67898998722 -7.55870313684
-2.32306257116 6.69357986224 -7.59519755879
-2.31153390434 6.70702146606 -7.63050248264
-2.29830503609 6.71923633927 -7.66440779703
-2.28348097668 6.73017427817 -7.6967406193
-2.26719631758 6.73980924969 -7.7273582382
-2.24961021095 6.74813233459 -7.75613691082
-2.23089896719 6.75514258682 -7.78295794697
-2.2112472077 6.76083704449 -7.80769300348
-2.19083873162 6.76520132613 -7.83019077296
-2.16984832471 6.76820226398 -7.8502672421
-2.14843564543 6.76978385407 -7.8677014027
-2.12674207531 6.76986745506 -7.8822377465
-2.10489104667 6.76835667989 -7.89359611835
-2.08299190401 6.76514685069 -7.90148862344
-2.06114687229 6.76013829411 -7.90564238364
-2.03946025553 6.75325221325 -7.90582612107
-2.01804863024 6.74444744991 -7.90187791591
-1.99705057826 6.73373620355 -7.89373112135
-1.97663445548 6.72119673773 -7.88143537754
-1.95700282896 6.70698129489 -7.86516996719
-1.93839252667 6.6913178442 -7.84524738073
-1.92106970186 6.67450486806 -7.82210585179
-1.90531986909 6.65689909331 -7.79629069788
-1.89143346117 6.63889681943 -7.76842544538
-1.8796880177 6.62091020775 -7.73917481143
-1.87032858205 6.60334049421 -7.70920253911
-1.86354819587 6.5865505045 -7.67912773142
-1.85947050011 6.57083903382 -7.64948362944
-1.85813635596 6.55641957854 -7.62068268743
-1.85949609319 6.54340557339 -7.59299131443
-1.86340850219 6.53180372567 -7.56651681919
-1.86964705799 6.52151629975 -7.54120799202
-1.87791316234 6.5123523654 -7.51686949272
-1.88785548766 6.50404716613 -7.4931889144
-1.89909387759 6.49628797775 -7.46977419117
-1.91124577158 6.48874419311 -7.44619803464
-1.92395282897 6.48109895286 -7.42204542103
-1.93690536435 6.47307948697 -7.3969598735
-1.94986238097 6.46448345461 -7.37068442119
-1.9626653865 6.4551989568 -7.34309365
-1.97524475623 6.44521650847 -7.31421413512
-1.98761811471 6.43463202873 -7.28423166865
-1.99988096465 6.42364076272 -7.25348495184
-2.01219052541 6.41252289584 -7.22244668134
-2.02474437659 6.40162237717 -7.19169409544
-2.03775597134 6.39132105765 -7.16187194783
-2.05142934329 6.38201061418 -7.13365145727
-2.0659353551 6.37406484078 -7.1076889922
-2.08139162741 6.36781473847 -7.08458807991
-2.09784787008 6.36352844957 -7.0648678114
-2.11527775877 6.36139750644 -7.0489399116
-2.1335778243 6.36153016758 -7.03709575616
-2.15257312078 6.36395187102 -7.02950355174
-2.17202878584 6.36861212833 -7.02621487371
-2.19166606963 6.37539658508 -7.02717888073
-2.21118104047 6.38414254536 -7.03226188811
-2.23026400922 6.39465603777 -7.04126963876
-2.24861776115 6.40672850328 -7.05396958522
-2.26597293093 6.42015139969 -7.07011077435
-2.28209926913 6.43472740998 -7.08943946124
-2.29681207536 6.45027745833 -7.11170929292
-2.30997365111 6.46664331276 -7.13668570419
-2.32149018765 6.48368611656 -7.16414495514
-2.33130498857 6.50128167634 -7.19386891853
-2.33938928006 6.51931368639 -7.22563721618
-2.34573204973 6.53766625099 -7.2592185534
-2.3503303613 6.55621706233 -7.29436308775
-2.35318142452 6.57483240856 -7.33079740346
-2.35427738321 6.59336485526 -7.36822318938
-2.35360336376 6.61165400895 -7.40632010301
-2.35113885607 6.62953029446 -7.44475263224

/group/LPA_004/75
75
posId 75
-2.37104730566 6.6060692399 -7.57911245974
-2.35558860542 6.61827141512 -7.61031638516
-2.33825505497 6.62959098349 -7.64107803198
-2.31959604321 6.64015379302 -7.67128944065
-2.30015186998 6.65007516339 -7.70082932653
-2.2803996189 6.65943807078 -7.72955686963
-2.26070698811 6.66827354963 -7.75730464559
-2.24130012837 6.67654577136 -7.78387143102
-2.22224986832 6.68414391923 -7.80901601897
-2.20347844114 6.69088235425 -7.83245343715
-2.18478624705 6.69650972116 -7.85385501234
-2.16589561588 6.7007266653 -7.87285353275
-2.14650630304 6.70321083353 -7.88905432789
-2.12635584744 6.70364693266 -7.90205244876
-2.10527715542 6.70175892927 -7.91145536111
-2.08324585724 6.69734108456 -7.91690975581
-2.06041110369 6.69028448525 -7.91813034204
-2.03710540019 6.68059607212 -7.91492792821
-2.01383158381 6.66840785487 -7.90723380458
-1.99122782896 6.65397496779 -7.89511748279
-1.97001427664 6.63766236112 -7.8787952461
-1.95092718539 6.61992111492 -7.85862769913
-1.93464810904 6.60125647096 -7.83510551605
-1.92173631563 6.58219057922 -7.80882376732
-1.91257237873 6.56322354555 -7.78044643296
-1.90731962691 6.54479657708 -7.75066384077
-1.90590807693 6.52726082692 -7.72014666864
-1.9080428514 6.51085495988 -7.68950070357
-1.91323621029 6.49569355975 -7.65922667955
-1.92085955824 6.48176737755 -7.62968918784
-1.93020946249 6.46895520259 -7.60109788655
-1.9405801108 6.45704595985 -7.57350310113
-1.95133394799 6.44576862587 -7.54680651726
-1.96196253152 6.43482681967 -7.52078616846
-1.97213089813 6.42393454002 -7.49513347215
-1.98170077411 6.41284951922 -7.46949882953
-1.99073053462 6.40140103608 -7.44354141014
-1.99945260327 6.38950972441 -7.41697829442
-2.00823163726 6.37719783893 -7.38962819409
-2.01750904389 6.36458948806 -7.36144551027
-2.02774085477 6.35190138873 -7.33254146182
-2.03933657637 6.33942562606 -7.3031903178
-2.05260627845 6.32750661139 -7.27382025555
-2.06772193852 6.31651485708 -7.24498987938
-2.08469710183 6.30682029255 -7.21735281355
-2.10338650082 6.29876764267 -7.19161388263
-2.12350472065 6.29265591938 -7.16848110264
-2.14466062311 6.28872341655 -7.14861796315
-2.16640235069 6.28713883997 -7.13260027048
-2.18826655761 6.28799844992 -7.12088118514
-2.20982519372 6.29132843839 -7.1137671082
-2.23072372651 6.29709128192 -7.1114058718
-2.25070603796 6.30519455389 -7.11378740933
-2.26962318705 6.31550066216 -7.120755864
-2.28742551949 6.32783618227 -7.1320310708
-2.30413992646 6.34199983389 -7.14723661605
-2.3198360949 6.35776863066 -7.1659313034
-2.33458708529 6.37490223667 -7.18764085116
-2.34843032173 6.39314600709 -7.21188698522
-2.36133498971 6.41223350331 -7.23821170672
-2.37318092228 6.43188940747 -7.26619530834
-2.38375244223 6.45183369618 -7.29546757531
-2.39274853115 6.47178768023 -7.32571242502
-2.39980839924 6.49148211555 -7.35666691451
-2.40454933902 6.51066710631 -7.38811600598
-2.40661195817 6.52912303116 -7.41988468865
-2.40570674371 6.54667131145 -7.45182901064
-2.40165557099 6.56318357838 -7.48382731156
-2.39442229049 6.57858773953 -7.51577253019

/group/LPA_004/78
78
posId 78
-2.39021670809 6.52806945758 -7.60069484064
-2.37854038345 6.54362437162 -7.63078602829
-2.36303696036 6.55761529796 -7.66054382601
-2.34412201656 6.56997163523 -7.68963647237
-2.32249971465 6.58074357147 -7.71776171617
-2.29906470907 6.5900801381 -7.74466603448
-2.27478153994 6.59819258403 -7.77015350324
-2.25055969485 6.60530835989 -7.7940826295
-2.22714275355 6.61162247848 -7.816351587
-2.20502757111 6.61725352402 -7.83687439641
-2.18442469186 6.6222110361 -7.85555231848
-2.16526483726 6.62637946238 -7.87224580239
-2.14724932302 6.62952156772 -7.88675256281
-2.12993566503 6.63130142943 -7.8987966898
-2.11284440074 6.63132433123 -7.90803220008
-2.09557004686 6.62918839326 -7.91406232298
-2.0778785867 6.62454100053 -7.91647338132
-2.05977600057 6.61713227624 -7.91487973759
-2.04153680234 6.6068581147 -7.90897429105
-2.02368766189 6.5937866129 -7.8985777456
-2.00694806943 6.57816394142 -7.88367953599
-1.99213661334 6.56039847124 -7.86446398694
-1.98005681222 6.54102493628 -7.84131692475
-1.97137976112 6.52065314817 -7.81481036208
-1.96654161295 6.49990790518 -7.7856657201
-1.96567198764 6.47936795267 -7.75469895024
-1.96856504297 6.45951198549 -7.7227534678
-1.9746987734 6.44067871371 -7.69062864652
-1.98330101413 6.42304607614 -7.65901247568
-1.99345365012 6.40663205261 -7.62842670593
-2.0042206867 6.39131656311 -7.59919142227
-2.01478199951 6.37688106473 -7.57141364483
-2.02455333152 6.36306006591 -7.54500157163
-2.03327466117 6.3495972043 -7.51970283194
-2.04105323985 6.33629799484 -7.49516204566
-2.04835382233 6.32307191776 -7.47099049504
-2.05593602273 6.30995809656 -7.44683914508
-2.06474627368 6.29713118426 -7.42246581195
-2.07577847168 6.28488689369 -7.39778803449
-2.08992210454 6.27360947375 -7.37291505429
-2.10781878538 6.26372594494 -7.34815500598
-2.12974733204 6.25565371036 -7.32399660317
-2.15555391013 6.24974900622 -7.30106785057
-2.18463778572 6.2462634353 -7.28007719117
-2.21599572627 6.24531458051 -7.26174463082
-2.24832008518 6.24687460993 -7.2467314988
-2.28013822146 6.25077816553 -7.23557746943
-2.3099751744 6.25674805504 -7.2286523116
-2.33651823928 6.26443473846 -7.22612772667
-2.35876173809 6.27346367909 -7.22797188368
-2.37611290595 6.28348358469 -7.23396624889
-2.38844505744 6.29420854096 -7.24374144778
-2.39609133357 6.30544803167 -7.25682657478
-2.39978036784 6.31712069635 -7.27270488026
-2.40052303517 6.32925012152 -7.29086829392
-2.39946597666 6.34194363492 -7.31086382049
-2.39773192906 6.35535758368 -7.33232635339
-2.39626843955 6.3696545601 -7.35499465065
-2.39572511961 6.38495920523 -7.37870977165
-2.39637540425 6.40131940302 -7.40339780547
-2.39809244274 6.41867885086 -7.42904087054
-2.40038115656 6.43686528112 -7.45564183134
-2.40246073154 6.45559626287 -7.48318877079
-2.40338495392 6.47450187944 -7.5116249182
-2.40218280364 6.49316104321 -7.54082854297

/group/LPA_004/81
81
posId 81
-2.39658630015 6.44203133136 -7.57973142421
-2.38591030006 6.46454036914 -7.61633023612
-2.36974117639 6.48237246074 -7.6490033844
-2.34962036872 6.49540802015 -7.67684811264
-2.3274249129 6.50437819578 -7.69999232427
-2.30500799153 6.51066475459 -7.71948596508
-2.28382890982 6.515950943 -7.73698886469
-2.26466580901 6.52180597384 -7.75432620363
-2.24748754819 6.52930247271 -7.77301417905
-2.23152329417 6.53875803488 -7.79386506586
-2.21551887369 6.54966106837 -7.81676112253
-2.19812061135 6.56079527562 -7.84064570925
-2.17829294231 6.57052819978 -7.86372793245
-2.15566490099 6.57718970844 -7.88384710474
-2.13071606786 6.57944606506 -7.89890761856
-2.10475122012 6.57657921288 -7.90728194974
-2.07966520001 6.56860761756 -7.90809197364
-2.05755216278 6.55622716217 -7.9013126522
-2.0402529375 6.54059694734 -7.88768816142
-2.02895053818 6.52303330811 -7.8684965796
-2.02391264064 6.50469609542 -7.84523363587
-2.02444388233 6.48634931557 -7.81930043639
-2.02905927339 6.4682546944 -7.79177175851
-2.03583591784 6.45021845602 -7.7632937309
-2.04285729887 6.43176919254 -7.73412084088
-2.04864328604 6.41240966656 -7.70426323608
-2.05246478157 6.39186703764 -7.67368685517
-2.05447260925 6.37026896166 -7.64249842311
-2.05561758192 6.34819602779 -7.6110569799
-2.05739026635 6.32659735668 -7.57997989445
-2.06145156946 6.30659559419 -7.55004615276
-2.06924829913 6.28923897459 -7.52203272792
-2.08170605815 6.27527286745 -7.4965413279
-2.09906658119 6.26499721938 -7.4738764601
-2.12089540903 6.25825129364 -7.45402041037
-2.14624009964 6.25453013145 -7.43672077495
-2.17388134038 6.25319860578 -7.42167027087
-2.20259921404 6.25373970257 -7.40872722485
-2.23137926567 6.2559621318 -7.39810785581
-2.25950641979 6.2601020796 -7.39048389105
-2.28653195557 6.26678253718 -7.38694139451
-2.31213873671 6.27683356667 -7.38879348982
-2.33596118277 6.29101721107 -7.39728120631
-2.35743013381 6.30973032181 -7.41323154063
-2.37570494279 6.33276889423 -7.43675999683
-2.38972810571 6.35922518094 -7.46710051468
-2.39839927475 6.38755659034 -7.50261888986

/group/LPA_004/84
84
posId 84
-2.37160512753 6.44302528034 -7.62816471124
-2.35234914649 6.45995247616 -7.66143509853
-2.33086514813 6.47428376374 -7.69184438706
-2.30880370252 6.48590725774 -7.71851374045
-2.2873923358 6.49516092178 -7.74141013407
-2.26723561113 6.50276214156 -7.76132906492
-2.24828015378 6.50962201682 -7.77963605458
-2.22995467701 6.51658425813 -7.79782136372
-2.21144550159 6.52415527132 -7.81698311206
-2.19202910918 6.53230061886 -7.83738352883
-2.17136676914 6.54036988664 -7.85821080393
-2.14967742446 6.5471799053 -7.87762692336
-2.12774070561 6.5512439811 -7.89310411896
-2.1067316326 6.55109432975 -7.90197145172
-2.08793749327 6.54561809002 -7.90203237034
-2.07244102388 6.53432212543 -7.89209192118
-2.06086250265 6.5174600483 -7.87225547003
-2.05323446765 6.49599143576 -7.84392280306
-2.04904251541 6.47138762648 -7.80948433546
-2.04741639293 6.4453381317 -7.77180587121
-2.04741222866 6.41943543822 -7.73364210143
-2.0483020554 6.39491751288 -7.69713196701
-2.04978761862 6.37252693419 -7.66349861374
-2.05208078186 6.3525099598 -7.63301323762
-2.05583416132 6.33473890917 -7.60520541122
-2.06194984519 6.31890876963 -7.57923550889
-2.07132762545 6.30474297732 -7.55430681529
-2.08462731286 6.29214757662 -7.52999548188
-2.10210937069 6.28127483372 -7.50641319302
-2.12358873503 6.27248903829 -7.4841767533
-2.14849860423 6.26625823912 -7.46422097531
-2.17602689444 6.26301636007 -7.44753649222
-2.20526892622 6.26304466303 -7.43492905572
-2.23534139695 6.26640951232 -7.42687853594
-2.26542343738 6.27296991765 -7.42353227584
-2.29472271779 6.28244203202 -7.424814785
-2.32239655603 6.29448789899 -7.43059262782
-2.34747832275 6.30878902528 -7.44081466164
-2.36886068028 6.32507381691 -7.45555971193
-2.38536841418 6.34308823206 -7.47496182718
-2.39592083083 6.36252367217 -7.49903378424
-2.39974792457 6.38293605764 -7.52745434598
-2.39659820127 6.40369764924 -7.55940737633

/group/LPA_004/87
87
posId 87
-2.39212529784 6.40568953164 -7.54044963796
-2.38800911713 6.42516036617 -7.57643261264
-2.37960824971 6.44227301632 -7.60997477242
-2.36751865267 6.4564667832 -7.6398485587
-2.35247274465 6.46759330938 -7.66549880201
-2.3352237218 6.47595372923 -7.68715459828
-2.31644027803 6.48224504594 -7.70577695323
-2.29663430774 6.48741982311 -7.72284035354
-2.27613566543 6.49248362412 -7.73998570644
-2.25511628761 6.49827041277 -7.7586146329
-2.23365386 6.50524338211 -7.77951274778
-2.21181572789 6.51336535302 -7.80258749931
-2.18973921852 6.52206938692 -7.8267841552
-2.16768605688 6.53033940571 -7.85020614956
-2.14605568893 6.53688701503 -7.87042153695
-2.12535326248 6.54038971623 -7.88489586784
-2.1061199976 6.53974207705 -7.89146298957
-2.08884368789 6.53426835989 -7.88873584889
-2.07387259087 6.52385331897 -7.87637164257
-2.06135558714 6.50896552492 -7.85513693138
-2.05122528214 6.4905706483 -7.82676150521
-2.04323021402 6.46995540759 -7.79361503917
-2.03701011639 6.44850114473 -7.75827767015
-2.03219730064 6.42745523738 -7.72309628938
-2.0285203859 6.40774693517 -7.68981822751
-2.02588554019 6.3898823992 -7.65937361344
-2.0244154071 6.37393474153 -7.63184220819
-2.02443578176 6.35962329091 -7.60659851555
-2.02641246503 6.34645719502 -7.58259030754
-2.03085254825 6.33390610107 -7.55867915443
-2.03819277341 6.32155758076 -7.53396276159
-2.04870052903 6.30922742276 -7.50800913216
-2.06240978015 6.29700285448 -7.48095846119
-2.07910561107 6.28521640748 -7.45348324786
-2.09835921579 6.27436499601 -7.42663158084
-2.11960302865 6.26500072105 -7.40160447803
-2.14222623222 6.25762423239 -7.37952956923
-2.16566642927 6.25260750897 -7.36128818966
-2.18947488889 6.25016213135 -7.34743328257
-2.21334003899 6.25035471364 -7.33820719418
-2.23706494032 6.25315717313 -7.33363934349
-2.26050656564 6.25850976641 -7.33368171273
-2.28349478895 6.2663719135 -7.33833093707
-2.30575453245 6.27674048218 -7.34769175053
-2.32685411844 6.28962606035 -7.36195584872
-2.3461966006 6.30499175024 -7.38129743842
-2.36306023875 6.32267221903 -7.4057142758
-2.37668194706 6.34229933306 -7.43486308838
-2.3863665435 6.36326204648 -7.46794505691

/group/LPA_004/90
90
posId 90
-2.38328281309 6.45548838049 -7.61759500018
-2.36480428633 6.4665246179 -7.64976475884
-2.34166394717 6.47599371882 -7.68013351384
-2.31528108223 6.48403805391 -7.70848669498
-2.28732236786 6.49093632961 -7.73482648649
-2.25942920043 6.49702168061 -7.75928871654
-2.23296558295 6.50258813515 -7.78202544109
-2.20883122154 6.50780391787 -7.80307834459
-2.18737112626 6.51264902417 -7.82227080387
-2.16839418061 6.51689015048 -7.8391437014
-2.151292425 6.52009918556 -7.85295226417
-2.13523408071 6.52171332255 -7.86272975077
-2.11939008963 6.52112694995 -7.86741083419
-2.10314856933 6.51779929714 -7.86599547888
-2.08627498806 6.51135851121 -7.85772530015
-2.0689872952 6.50168306818 -7.84224056744
-2.05193243835 6.48894516412 -7.81968801203
-2.03607032396 6.47360733481 -7.79075719406
-2.02248955853 6.45637182796 -7.75663510122
-2.01219274101 6.43809069817 -7.71888279847
-2.0058950936 6.41965167031 -7.67925178733
-2.00387766875 6.40185922367 -7.63946874613
-2.00592573556 6.38533127434 -7.6010234679
-2.01136625694 6.37042909387 -7.56499491043
-2.01919880937 6.35723218815 -7.53194422256
-2.028295621 6.34556183876 -7.50189242215
-2.03763221792 6.33504833273 -7.47438601582
-2.04650325021 6.32522915051 -7.44863880171
-2.05467983796 6.31565995022 -7.42372504514
-2.06247501682 6.3060180595 -7.39879048239
-2.0707007484 6.2961797412 -7.37324473749
-2.08052039212 6.28625743943 -7.34690223655
-2.09322070268 6.27659062494 -7.32004793806
-2.10994351358 6.26769238241 -7.29341750922
-2.13142619634 6.26016195644 -7.26809658878
-2.15779994785 6.25457962618 -7.24535781368
-2.18848580156 6.25140339601 -7.22646486995
-2.22221151753 6.25088651881 -7.21247811229
-2.25715114007 6.25303091491 -7.20409540212
-2.29116686845 6.25758486066 -7.2015549791
-2.32211400226 6.26408513939 -7.20461570766
-2.34815758501 6.2719356876 -7.21261605382
-2.36804626734 6.28050813142 -7.22459919797
-2.38129551296 6.28924570628 -7.23948028899
-2.3882474865 6.29775158847 -7.25622500817
-2.38999613584 6.30584570555 -7.2740074942
-2.38818936131 6.31358004989 -7.29232037763
-2.38474158207 6.32121027541 -7.31101921464
-2.3815056372 6.32912946435 -7.3302961503
-2.37995999589 6.33777690199 -7.3505908101
-2.38096444215 6.34753920798 -7.37245776598
-2.38462525377 6.35866241797 -7.3964173732
-2.39029159924 6.37119137401 -7.42281900863
-2.39668189288 6.38494750145 -7.45174243517
-2.40211628794 6.39954872535 -7.48295489233
-2.40481336454 6.41446729145 -7.51593019106
-2.403198573 6.42911410622 -7.54992378138

/group/LPA_004/93
93
posId 93
-2.37470542977 6.41119915363 -7.58002537347
-2.36679365012 6.42457215288 -7.61910065088
-2.35293067765 6.43583238263 -7.65463365268
-2.33330112461 6.44475345824 -7.685944377
-2.30884728215 6.45138780645 -7.71283038788
-2.28106197226 6.45600310924 -7.73547053287
-2.25169264542 6.45897958128 -7.75425511364
-2.22242198824 6.46069229891 -7.76958419191
-2.19459215961 6.46140540998 -7.78168210145
-2.16902740735 6.46120182619 -7.79047202244
-2.1459862122 6.45996368707 -7.79554060651
-2.12524458441 6.45740732619 -7.79620215335
-2.10628319839 6.45316419513 -7.79164919892
-2.08852895583 6.4468888771 -7.78115651578
-2.07159100335 6.43836918929 -7.76429279124
-2.05543431156 6.42761275692 -7.74109145646
-2.040449757 6.41488947321 -7.71213996779
-2.0274045596 6.40071884663 -7.67856368014
-2.01728527254 6.38580330173 -7.64190274114
-2.01107093018 6.370920424 -7.60390341515
-2.00949073562 6.35679632948 -7.56626398369
-2.01282503307 6.34398678498 -7.53038580234
-2.02079922822 6.3327914116 -7.49717991257
-2.03259973674 6.32321951258 -7.4669687521
-2.04701346342 6.31501520455 -7.43950319211
-2.06266383459 6.3077369095 -7.41409138486
-2.0782933792 6.30087458718 -7.38981272099
-2.09303050659 6.29397987069 -7.3657724742
-2.10657940889 6.28678130113 -7.34134421583
-2.11928692474 6.27925981743 -7.31634964377
-2.13206575894 6.27166795641 -7.29113858755
-2.14618430893 6.26448812374 -7.26655289099
-2.16296291197 6.25833829557 -7.24378224523
-2.18343816381 6.2538448407 -7.22414272273
-2.20806619044 6.25150938995 -7.20882497194
-2.23653011081 6.2515982545 -7.19866535541
-2.2676972793 6.2540784311 -7.19398841611
-2.29974210239 6.25861463278 -7.19455396886
-2.33041635302 6.26462904279 -7.19962001504
-2.35741798126 6.27141227671 -7.20810822753
-2.37878794373 6.27826313531 -7.21883709983
-2.39325715857 6.28462844567 -7.23077355702
-2.40047407263 6.29021396476 -7.24324988952
-2.4010659727 6.29504305241 -7.25610010775
-2.3965195866 6.29945043254 -7.26968668727
-2.3889021527 6.3040116509 -7.2848116109
-2.38047574447 6.30942203638 -7.30252978104
-2.3732787728 6.31634933572 -7.32390318974
-2.36875495197 6.32528956277 -7.34974644493
-2.36750032938 6.33645488005 -7.38041583121
-2.36917526535 6.3497156819 -7.41568475982
-2.37259539141 6.36460788604 -7.4547302638
-2.37598030526 6.38040311027 -7.49623201401

/group/LPA_004/96
96
posId 96
-2.36266317187 6.38356441699 -7.60266553531
-2.34455541042 6.39297514473 -7.63751503651
-2.31922567071 6.40093927519 -7.67055690553
-2.28958520761 6.40732506792 -7.70036046427
-2.2588860679 6.41208426895 -7.72562631945
-2.2299374378 6.41520020022 -7.74530755701
-2.20450393458 6.41664171856 -7.75868412219
-2.18303349323 6.41633982606 -7.76538869949
-2.16476814112 6.4141959577 -7.76539244952
-2.14818519976 6.41012044752 -7.75896468671
-2.13162803124 6.40408946926 -7.74662112103
-2.11393794472 6.3962018703 -7.72907136593
-2.09490444388 6.38671586185 -7.70717004255
-2.07540717742 6.37605006739 -7.68186959089
-2.05721350809 6.36474284501 -7.65416921
-2.04249504339 6.35337555667 -7.62505459327
-2.03320704261 6.34247630251 -7.59542729998
-2.03051396598 6.33242747308 -7.5660292907
-2.03443167149 6.32340122288 -7.53737494747
-2.04379544839 6.31534117217 -7.50970714241
-2.05657022232 6.30799761457 -7.48299354234
-2.07042070843 6.30101001812 -7.45697355325
-2.0833825964 6.29401817265 -7.43125595283
-2.09444276328 6.28677528298 -7.40545467226
-2.10385692227 6.27923488462 -7.37933864934
-2.11310226199 6.27158921561 -7.35296453462
-2.12446225474 6.26424829105 -7.32676077035
-2.14034400452 6.25776351957 -7.30153903275
-2.16250695222 6.25271357653 -7.27842311295
-2.19141341762 6.24957984862 -7.2587030767
-2.22588663604 6.24864159654 -7.24363990307
-2.2631860658 6.24991627785 -7.23425850964
-2.29950208513 6.2531593922 -7.23117179527
-2.33076090571 6.25792355511 -7.23447354074
-2.35354517444 6.26366198614 -7.24372442763
-2.36589943693 6.26985087948 -7.2580359372
-2.36781283796 6.2761008832 -7.27623584917
-2.36124900039 6.28223114574 -7.29708130607
-2.34970545762 6.28828916947 -7.31947507055
-2.3374034877 6.29451345528 -7.34264009002
-2.32830308339 6.30125006628 -7.36621690185
-2.32518270253 6.30884518425 -7.39026554197
-2.32900764377 6.31754077578 -7.41517445926
-2.33873840423 6.32739851084 -7.44149868871
-2.35161992212 6.3382688152 -7.46976376479
-2.36387270473 6.34980974021 -7.50027754734
-2.37160831366 6.36154751807 -7.53298837263

/group/LPA_004/99
99
posId 99
-2.3476915255 6.35264474768 -7.55120686307
-2.34522143074 6.36617078393 -7.5969185464
-2.33378242311 6.3777315692 -7.63920429764
-2.31335764109 6.38660220521 -7.67566574903
-2.28572710101 6.39246897595 -7.7046487886
-2.25383326023 6.39540577756 -7.72538410589
-2.22090154451 6.39576041334 -7.73791327306
-2.18960332072 6.39399646731 -7.74285286601
-2.16151367114 6.39054531764 -7.74109058425
-2.1370031802 6.38571371825 -7.73351604415
-2.1155511046 6.37966910417 -7.72086407962
-2.09632738936 6.37249564524 -7.70370000224
-2.07880843939 6.36428902414 -7.68252165695
-2.06319198768 6.35524527368 -7.65791103441
-2.05045762431 6.34570277933 -7.63065270876
-2.04205262529 6.3361151574 -7.60175219439
-2.03932171864 6.32695956238 -7.57232842466
-2.0428966767 6.31861067048 -7.54340624256
-2.05228348747 6.31122607901 -7.51567863896
-2.06582289633 6.30468847174 -7.4893285427
-2.08107402745 6.29863325122 -7.46398821409
-2.0955221705 6.2925625593 -7.43887339822
-2.10739060923 6.28601672654 -7.41307207735
-2.11628453867 6.27875222354 -7.38591267395
-2.12343267662 6.27086885373 -7.35730260142
-2.13141017067 6.26284106069 -7.3279276232
-2.14338922325 6.25543571844 -7.2992375399
-2.16212019628 6.2495334358 -7.27320478908
-2.18894503343 6.2459014587 -7.25191137441
-2.22315272611 6.24498371799 -7.23707474205
-2.26189740009 6.2467714628 -7.22964696529
-2.30073811262 6.25079623566 -7.22960535466
-2.33467368651 6.25625179227 -7.23600006182
-2.35939262481 6.26221337044 -7.2472504022
-2.37238519065 6.26789304534 -7.26160837788
-2.37359599827 6.27285792683 -7.27765736947
-2.36542318253 6.27714754278 -7.29470173311
-2.35205705627 6.28125527398 -7.31293322139
-2.33834148736 6.28597777314 -7.3333241027
-2.32847809131 6.29217431071 -7.35727573419
-2.32493594726 6.30050366451 -7.38612180428
-2.32786572558 6.3112119847 -7.4206267462
-2.33516691491 6.32402951969 -7.46062004552

