/group/RPA_014/0
0
posId 0
2.05503651209 7.73797620524 -9.1514975243
2.06393898009 7.72015308463 -9.12913703921
2.073331782 7.70061822381 -9.12312782646
2.08247648866 7.68094726117 -9.13298194245
2.09093938901 7.66219264226 -9.15535402279
2.09860252572 7.64481578544 -9.18511516746
2.10560450943 7.62875036516 -9.21683124472
2.11224204865 7.61355107138 -9.24617543607
2.11886409223 7.598577905 -9.27085969838
2.12578091821 7.58317843084 -9.29085720548
2.13319679362 7.5668489964 -9.30793565735
2.14116396383 7.54936972629 -9.32474015507
2.14955225975 7.53091059522 -9.34378034211
2.15803282386 7.51209779307 -9.36665763896
2.16608249258 7.49401825246 -9.39373388833
2.17302119362 7.47813581933 -9.42425317723
2.17809305827 7.46610300638 -9.45676082076
2.18059099825 7.45947879223 -9.48958023048
2.18000712143 7.45939843581 -9.52113467485
2.17617430039 7.46627243155 -9.55001601594
2.16935548258 7.47960398126 -9.5748501104
2.1602428477 7.49799806448 -9.59412110473
2.1498496607 7.51939038447 -9.60614368412
2.13930864309 7.54146219664 -9.60930075057
2.12962219478 7.56214644379 -9.6025246386
2.12143067878 7.58009268821 -9.58585435406
2.11486667688 7.59495827929 -9.56081654581
2.1095430831 7.60743455329 -9.5303985173
2.10468596278 7.6189893426 -9.4985098377
2.09938026668 7.63138929677 -9.46902195645
2.09286138287 7.64613181607 -9.44465940961
2.08476979121 7.66394535478 -9.42611617237
2.07529536479 7.68449863902 -9.41173860072
2.06516964682 7.70639920351 -9.39795245353
2.05550884822 7.72747826411 -9.3803665783
2.04755338617 7.74527822712 -9.35524465201
2.04237812804 7.75760563807 -9.32088696976
2.04065275821 7.76300125965 -9.27846541516
2.04251317658 7.76101138126 -9.23201305598

/group/RPA_014/3
3
posId 3
2.05424373481 7.73364745663 -9.14881672046
2.06435886794 7.71351809585 -9.12331298818
2.07445405407 7.69309768794 -9.11587078334
2.08366510236 7.67414398405 -9.12660018533
2.09161177795 7.6574958927 -9.15198179143
2.09838962682 7.64306955765 -9.18598686494
2.10444016188 7.63008955627 -9.22188229956
2.11035394676 7.61745502983 -9.25412871734
2.1166721885 7.60411819596 -9.27976961847
2.12374096521 7.58937251789 -9.29890354958
2.1316451143 7.5729970217 -9.31415628927
2.14021789457 7.55525999739 -9.32940785221
2.14909965573 7.53682765984 -9.34826055181
2.1578112623 7.51863770318 -9.3727827163
2.16581629586 7.50178344017 -9.40292037712
2.17256388431 7.48742289285 -9.43669848911
2.17752161756 7.47669671696 -9.47104043141
2.18021646748 7.47062539027 -9.50282912788
2.1802967134 7.46996696528 -9.52978635135
2.17761189836 7.47504702959 -9.55086606763
2.17228867123 7.48560735687 -9.56608614974
2.16476802793 7.50074044496 -9.5759634789
2.15577170192 7.51896973518 -9.58087247657
2.1461841266 7.53849711284 -9.58065639802
2.13686615609 7.55758117138 -9.57468510545
2.12844669185 7.57495275151 -9.56233300138
2.12115614041 7.5901419118 -9.54364142451
2.11476228618 7.6035992688 -9.51982202287
2.108643108 7.61654690589 -9.49330103448
2.10198927988 7.63057580001 -9.46718648497
2.09408513079 7.64709165496 -9.44429022477
2.08458617525 7.6667695044 -9.42605266434
2.07370575742 7.68918714629 -9.41180747696
2.0622464619 7.7127619317 -9.39874068573
2.0514574322 7.7350271005 -9.38266450428
2.0427522729 7.75318040739 -9.35942322472
2.03736624147 7.76475287193 -9.32648982529
2.03605125745 7.76820718142 -9.28419980764
2.03889616393 7.76329630065 -9.23615397473

/group/RPA_014/6
6
posId 6
2.00517215457 7.80308066125 -9.17502865944
2.01110369277 7.79120373309 -9.13808101273
2.01890838048 7.77570346654 -9.10843063806
2.02779050028 7.75815997532 -9.08907115425
2.03710932993 7.73983882716 -9.08140610969
2.04645688647 7.72153746362 -9.08507592942
2.05565333288 7.70359589044 -9.09820889934
2.0646783433 7.68603512523 -9.11800026895
2.07357455963 7.66875136892 -9.14144160902
2.08236327215 7.65168584778 -9.16599590755
2.09100223191 7.63491054256 -9.19004734687
2.09939544483 7.61860988392 -9.21303488094
2.10744247096 7.60298293581 -9.23527875613
2.11509828301 7.58812347011 -9.25759743247
2.12241004437 7.57394487566 -9.28086269133
2.1295059591 7.56019960403 -9.30564009248
2.13653054605 7.54660489247 -9.33201427545
2.14354345897 7.53304135526 -9.35962275843
2.15041702509 7.51975513038 -9.3878450444
2.1567740875 7.50748134943 -9.41604228374
2.16199937792 7.49742302221 -9.44373318758
2.16533635734 7.491061395 -9.47062612263
2.16605362274 7.48982885368 -9.49649186613
2.16363954884 7.4947257735 -9.52093236425
2.15796948678 7.5059911867 -9.54315177239
2.14939209806 7.52293279268 -9.56184757232
2.13870070444 7.54398376573 -9.57530572243
2.12698689375 7.56699186994 -9.58171451519
2.11540799618 7.58967844895 -9.57962985751
2.10492704453 7.61015148022 -9.5684583044
2.09609492226 7.62733496392 -9.54879772797
2.08893560774 7.64119433153 -9.52250113174
2.08296867334 7.65269049339 -9.49240220914
2.07736587123 7.66346899563 -9.46174124857
2.07120142283 7.67536436517 -9.43342646546
2.06372934222 7.68985167252 -9.40932788764
2.05461345994 7.70759240935 -9.38980701868
2.04404901809 7.72819552137 -9.37363068962
2.03274490516 7.7502545497 -9.35831549374
2.02177396248 7.77164581299 -9.34082868151
2.01233421375 7.79000242464 -9.31846762544
2.00548628643 7.8032346161 -9.28968410232
2.00193567689 7.80996026706 -9.25462918476

/group/RPA_014/9
9
posId 9
1.97719620604 7.80862844637 -9.13893491772
1.9865700341 7.78986011863 -9.10466661782
1.99860675552 7.76645430057 -9.08119717361
2.01218915936 7.74057797794 -9.07054316257
2.02624083285 7.71425399279 -9.0727245074
2.03989123074 7.68905522668 -9.08589124308
2.05257419722 7.66593795389 -9.10686892212
2.06404942934 7.6452287878 -9.13196521357
2.07435599194 7.62674077594 -9.15782084569
2.08372161486 7.60996676177 -9.18208894461
2.09245774096 7.59428840006 -9.20378557957
2.10086744092 7.57914788862 -9.22325245956
2.10918336121 7.56415184272 -9.24178132951
2.11753974396 7.54910438169 -9.26103782635
2.12597078926 7.5339900888 -9.28246642024
2.13442093502 7.51893971667 -9.30684722147
2.14275277282 7.50420922283 -9.33411573348
2.15074463302 7.49018786095 -9.36346799523
2.15807955909 7.47742981912 -9.39368375516
2.16433649351 7.466684642 -9.42353656777
2.16899924343 7.45889211097 -9.45214056545
2.17149688075 7.45511186424 -9.47911364153
2.17128065111 7.45637647212 -9.50450520665
2.16792959893 7.46348370864 -9.52852111844
2.16126406186 7.47677076017 -9.55115159757
2.15143750937 7.4959307097 -9.57184625897
2.13897647202 7.51993268621 -9.58937097934
2.12474689818 7.54708906765 -9.60192621968
2.109841758 7.57527930776 -9.60752203278
2.09540510539 7.6022986845 -9.60451725691
2.08242658804 7.62626284668 -9.59216702675
2.07155204616 7.64597653963 -9.5710047481
2.06295646336 7.66117491175 -9.54291988361
2.05631406163 7.67257006681 -9.51087316335
2.05087899526 7.68167910427 -9.4782941303
2.0456639483 7.69046228002 -9.44830250621
2.039679581 7.70084774423 -9.42295585435
2.0321815969 7.71424989863 -9.402731982
2.02286865853 7.73119327626 -9.38640138575
2.01198470789 7.75113108463 -9.37134565891
2.00030109298 7.77250248658 -9.35425864824
1.98898189192 7.79301652535 -9.33206109006
1.97936297106 7.81009747281 -9.30279638411
1.97269485214 7.82138961902 -9.26627352719
1.96990664134 7.82520811327 -9.2242846401

/group/RPA_014/12
12
posId 12
1.94939376891 7.79110109211 -9.02253238998
1.94219601539 7.8064261188 -9.06119361089
1.93722336324 7.81817218216 -9.10624583519
1.93490190747 7.82536330003 -9.15431168522
1.93546095426 7.82737500287 -9.20200248189
1.93888195407 7.82405531271 -9.24638648715
1.94488431642 7.81577442306 -9.28537346311
1.9529533972 7.80338969207 -9.31795352643
1.9624083012 7.78812790073 -9.344254393
1.97249956064 7.77140232703 -9.36541323762
1.98252074289 7.754594969 -9.38329150127
1.9919148426 7.73884162423 -9.40008713249
2.00035663747 7.72485793481 -9.41791426572
2.00779605929 7.71283772236 -9.43842268026
2.01445438329 7.70244217322 -9.4625185975
2.02077342135 7.69288208126 -9.49022702746
2.02732634053 7.68307852587 -9.52070846739
2.0347056154 7.671873268 -9.55241477091
2.0434076561 7.65825146137 -9.58334578999
2.05373408146 7.64153760754 -9.61135408693
2.06572637672 7.62153125942 -9.6344417736
2.07914444374 7.59856061521 -9.65100118007
2.09349154327 7.57344749829 -9.65996720994
2.1080798923 7.54739326844 -9.66086993443
2.12212427268 7.52180887217 -9.653796556
2.13484669128 7.49812098372 -9.6392880134
2.14557412814 7.47758853099 -9.61820413033
2.15381376623 7.46115967488 -9.59159111745
2.15929520491 7.44938966324 -9.56057724808
2.16197588829 7.4424270965 -9.52630924089
2.16201292862 7.44006276461 -9.48992699951
2.15971029314 7.44182406109 -9.45256179857
2.15545387536 7.44709117744 -9.41533597237
2.14964772632 7.45520994529 -9.37934240418
2.14266272816 7.46558022945 -9.34558951733
2.13480487479 7.47770694186 -9.31491008966
2.12630512596 7.49121096796 -9.28784673361
2.11732774121 7.50580714419 -9.26453939805
2.1079902031 7.52126365955 -9.24464718272
2.0983860871 7.53736032636 -9.22733575105
2.08860280933 7.55386153898 -9.21135213298
2.07872880877 7.57051399729 -9.19519220613
2.06884865103 7.58707095731 -9.17734588361
2.05902873309 7.60333602619 -9.15658538906
2.04929963554 7.61921257798 -9.1322475128
2.03964282773 7.63474154142 -9.10445513126
2.02998891971 7.65011156199 -9.07422855468
2.02023203162 7.66563124291 -9.04345323501
2.01026070118 7.68166212375 -9.01469451832
2.00000104628 7.69852124118 -8.99087809626
1.98946379176 7.71637113566 -8.97488120233
1.97878431778 7.73512078568 -8.96909906555
1.9682448153 7.75436160746 -8.97505948628

/group/RPA_014/15
15
posId 15
1.88860868149 7.8249981185 -9.05637565483
1.88939622111 7.82005996283 -9.01846645645
1.89205825126 7.81237281608 -8.98502936119
1.89652702419 7.80219600856 -8.95758521395
1.90266138997 7.78988247182 -8.93733202752
1.91026326232 7.77584042082 -8.92503523626
1.91909742293 7.76049353097 -8.92096157813
1.92891226391 7.74424431517 -8.92486333835
1.93945923265 7.72744456936 -8.93601382271
1.9505091629 7.71037548799 -8.95328907589
1.96186426883 7.69323856072 -8.97528574865
1.97336524609 7.67615687521 -9.00046126249
1.98489356398 7.65918517846 -9.02728044731
1.99636956095 7.64232615434 -9.05435281557
2.00774731038 7.62554995195 -9.08054650497
2.01900737788 7.60881406358 -9.10506834861
2.03014855427 7.59208113961 -9.12750400479
2.04117945832 7.57533311478 -9.14781697505
2.05211062251 7.55858094064 -9.16631001246
2.0629473735 7.54187009726 -9.18355629642
2.0736835664 7.52528273716 -9.20031039066
2.08429607735 7.50893768644 -9.21741017338
2.09473993275 7.49298954372 -9.2356806147
2.10494404964 7.47762780065 -9.25584866776
2.1148077528 7.46307634311 -9.27847599319
2.12419846323 7.44959301555 -9.30391321233
2.13295115741 7.43746829861 -9.33227636835
2.14087030912 7.42702171433 -9.36344370315
2.14773499565 7.4185944533 -9.39706905421
2.15330764928 7.41253697491 -9.43260730353
2.15734656681 7.40919096038 -9.46934736319
2.1596217918 7.40886591873 -9.50644899061
2.15993342162 7.41181181959 -9.54298100244
2.15813085088 7.41819017465 -9.57795984882
2.15413103784 7.42804681959 -9.61038867202
2.147933656 7.44129009068 -9.63929762748
2.13963103212 7.45767802252 -9.66378623132
2.12941110287 7.47681756744 -9.6830678069
2.11755223122 7.49817768911 -9.69651487347
2.10440955457 7.52111663299 -9.70370282087
2.09039349607 7.54492191648 -9.70444778921
2.07594203926 7.56885984721 -9.69883368545
2.06148921473 7.59222991813 -9.687223028
2.04743285495 7.6144184662 -9.67024701361
2.03410494517 7.63494568191 -9.64877188951
2.02174777878 7.6535005008 -9.62384125159
2.01049861107 7.66995907241 -9.59659697808
2.00038464352 7.68438426733 -9.56818471936
1.99132905768 7.697005838 -9.53965270644
1.98316758456 7.70818312574 -9.51185463014
1.97567389508 7.71835431061 -9.48536808522
1.9685910778 7.72797785549 -9.4604393313
1.96166576345 7.73747277737 -9.43696285836
1.95468115138 7.74716455259 -9.41450064782
1.9474853313 7.75724279707 -9.39234148325
1.94001185752 7.76773543957 -9.36959574286
1.93229045188 7.77850210685 -9.34531644221
1.9244468682 7.78924712275 -9.31863353169
1.9166922008 7.79955018712 -9.28888613993
1.90930310681 7.80891074378 -9.25573696743
1.90259539173 7.81680052896 -9.21925451693
1.89689406553 7.82271799417 -9.17995218077
1.89250324202 7.8262383059 -9.13877802003

/group/RPA_014/18
18
posId 18
1.85575593043 7.79217572458 -9.01192039594
1.85191002239 7.80321917901 -9.0499128796
1.85075118289 7.81052152992 -9.09195539066
1.85224636137 7.81385954657 -9.13592566537
1.85620500044 7.81327005175 -9.17977780178
1.86229384769 7.80905265565 -9.22174435952
1.87006731446 7.80174272781 -9.26049941834
1.87901037848 7.79205692174 -9.29526370079
1.88858941567 7.7808171275 -9.32584057599
1.89830527785 7.76886160011 -9.35258080391
1.90774255595 7.75695379544 -9.37628300851
1.91660934453 7.7456998857 -9.39804484757
1.92476291036 7.73548494958 -9.41908562079
1.93221833166 7.72643555939 -9.44056389859
1.93913920227 7.71841321619 -9.46341336035
1.94581162635 7.71103924854 -9.48821656202
1.95260469056 7.70374790145 -9.51513039475
1.95992214443 7.6958609131 -9.54386947011
1.96815095482 7.68667435436 -9.57374568358
1.97761261985 7.67554720868 -9.60375490756
1.98852262217 7.66198124336 -9.63269614315
2.0009622546 7.64568312405 -9.65930523337
2.01486543293 7.626602231 -9.68238474562
2.03002124505 7.60494087752 -9.70091378584
2.04609112278 7.581137153 -9.71412584232
2.06263790284 7.5558239306 -9.72154849338
2.0791628618 7.52977025927 -9.72300499577
2.09514619506 7.50381307013 -9.71858341937
2.11008640474 7.47878768888 -9.7085832548
2.123534624 7.45546504874 -9.69345169943
2.13512091637 7.43450189799 -9.67372187138
2.14457087529 7.41640798464 -9.64996313118
2.15171220872 7.40153155819 -9.62274997439
2.15647223087 7.39006196112 -9.59265131871
2.15886813252 7.38204596475 -9.56023731075
2.15899245515 7.37741311686 -9.52609687173
2.15699631385 7.37600486567 -9.49085679145
2.15307263096 7.37760261157 -9.45519270136
2.14744105247 7.38195097676 -9.41982380651
2.14033545863 7.38877422079 -9.38548657268
2.13199420631 7.39778554569 -9.35288707463
2.12265259992 7.40869068887 -9.32263661756
2.11253669364 7.42118840167 -9.29517966006
2.10185744164 7.43497095003 -9.27072616193
2.09080443493 7.44972756973 -9.24920161949
2.07953893154 7.46515291574 -9.23022690574
2.06818649355 7.48096114259 -9.21313664563
2.05683014995 7.4969046127 -9.19703964365
2.0455054687 7.51279467443 -9.18091857909
2.03419912418 7.52852079224 -9.16375974349
2.02285241282 7.54406380035 -9.14469803284
2.01137068623 7.55949933254 -9.1231586549
1.99963888578 7.57498856405 -9.09897576011
1.98754238752 7.59075515747 -9.07246979259
1.97499135262 7.60704947885 -9.04446970713
1.96194590057 7.62410340316 -9.01627280934
1.94843884537 7.64208098735 -8.98954299642
1.93459258607 7.66103160715 -8.96615650676
1.92062709412 7.68085256642 -8.94801175136
1.90685678473 7.70126756166 -8.93682530509
1.89367531629 7.72182573918 -8.93393884197
1.88152888059 7.74192359956 -8.94016124292
1.87088012387 7.76084900097 -8.95566627856

/group/RPA_014/21
21
posId 21
1.81586267287 7.77651527685 -9.0601536933
1.81611824056 7.77004495697 -9.02418890034
1.8181070088 7.7618500807 -8.993166643
1.82187817582 7.75207397845 -8.9683622791
1.82744943618 7.74084485738 -8.95068701387
1.83480344366 7.72826796672 -8.9406107888
1.84388378657 7.71442609876 -8.93813012308
1.85459132654 7.69938760742 -8.94278350171
1.8667819849 7.68321986083 -8.95371147301
1.88026709698 7.66600514811 -8.96975363863
1.89481727184 7.64785566385 -8.98957078468
1.91017030693 7.62892435463 -9.01177796782
1.92604316244 7.60940910287 -9.03507369239
1.94214737268 7.58954883831 -9.05835142498
1.95820665599 7.56961153604 -9.0807823982
1.97397497675 7.54987547344 -9.10186256544
1.98925300021 7.53060635693 -9.12142115209
2.00390082723 7.51203379786 -9.13959290603
2.01784513137 7.49433097058 -9.15676029069
2.03107933564 7.47760105294 -9.17347498513
2.04365621214 7.46187324398 -9.19036980552
2.05567317898 7.4471098731 -9.20807238248
2.06725149769 7.43322452915 -9.22713066922
2.07851141906 7.42010946671 -9.24795786228
2.08954597185 7.4076690283 -9.27080099373
2.10039644116 7.39585468193 -9.29573380128
2.11103258094 7.38469669147 -9.32267102831
2.12134022979 7.37432752144 -9.3513985285
2.13111828042 7.36499284694 -9.3816118152
2.14008596401 7.35704741831 -9.41295520876
2.1479002626 7.35093485916 -9.44505451146
2.15418208852 7.34715252868 -9.4775380108
2.15854881157 7.34620459035 -9.51004325085
2.16064990243 7.34854813316 -9.54220998184
2.16020199775 7.35453835395 -9.57366252184
2.15701964193 7.36437926111 -9.60398698886
2.15103833618 7.37808601923 -9.63271012885
2.14232728935 7.39546394146 -9.65928656153
2.13109033376 7.41610736932 -9.68310015839
2.11765471932 7.43941946503 -9.7034831036
2.10244878798 7.46465154489 -9.71975328383
2.08597070834 7.49095829632 -9.73126743831
2.06875138205 7.51746333086 -9.73748446911
2.05131521369 7.54332826586 -9.73803094021
2.03414260201 7.56781805968 -9.73275947953
2.0176377489 7.59035571071 -9.72179079472
2.00210473271 7.61056062513 -9.70553139227
1.9877338364 7.62826681752 -9.68466172637
1.97459897826 7.64351940537 -9.66009308794
1.96266589973 7.6565503122 -9.63289561938
1.95180966097 7.6677364068 -9.60420386265
1.94183910513 7.67754519988 -9.57510966114
1.93252536951 7.68647447126 -9.54655454347
1.92363130022 7.69499267061 -9.51923455795
1.91493877312 7.70348658322 -9.49352972275
1.90627139843 7.71222164088 -9.46946784413
1.89751081351 7.72131854609 -9.44672868645
1.88860564145 7.73074779195 -9.42468978966
1.87957309598 7.74034147332 -9.40251019442
1.87049403021 7.74981977184 -9.37924358346
1.86150286186 7.7588279054 -9.35396849113
1.85277419409 7.76697834614 -9.32592078194
1.8445080593 7.77389283174 -9.29461289326
1.83691555459 7.77923912673 -9.25992550448
1.83020625792 7.78275854784 -9.22216022337
1.82457829004 7.78428178033 -9.1820462379
1.82021130837 7.78373226015 -9.1406991512

/group/RPA_014/24
24
posId 24
1.81324984732 7.7116408593 -9.12325437396
1.82495650586 7.68895479507 -9.09654253699
1.84025132132 7.66283383681 -9.07704485615
1.85836393939 7.63456101541 -9.0656006551
1.87838802716 7.6054643364 -9.06240294092
1.89938829121 7.57676351521 -9.0669911257
1.92050360931 7.54944174301 -9.07832921495
1.9410320026 7.52415984063 -9.09495693583
1.96048654164 7.50122297875 -9.11519072725
1.97861619714 7.48060161106 -9.1373446623
1.99539128196 7.46199979571 -9.1599392377
2.01095855711 7.44495703923 -9.18186879128
2.02557542595 7.42896528503 -9.202505541
2.03953525531 7.41358133739 -9.22172862234
2.05309638702 7.39851696339 -9.23987830028
2.06642584707 7.38369369974 -9.25764682267
2.07956547902 7.36925609328 -9.27592637585
2.09242386046 7.35554451025 -9.29563993856
2.10479270486 7.34303546479 -9.31758178935
2.1163823254 7.33226248855 -9.34229103672
2.12686783803 7.323733076 -9.3699745647
2.13593656411 7.31785685438 -9.40048654984
2.14332769796 7.31489702427 -9.43336187588
2.14885753942 7.31495195919 -9.46789205338
2.15242697438 7.31796765362 -9.50322609395
2.15401173753 7.32377564858 -9.53847614133
2.15363956175 7.33214627055 -9.57280881964
2.15136092662 7.34284436948 -9.6055078295
2.14722127419 7.35567470059 -9.63600031087
2.14124205537 7.37050663763 -9.66384749098
2.13341591334 7.387272523 -9.6887075958
2.12371810784 7.40593975466 -9.71028450654
2.1121325623 7.4264625584 -9.72827816871
2.09868740959 7.44872415734 -9.74235186591
2.08349232359 7.47248277878 -9.75212736469
2.06676879668 7.49733505243 -9.75721244455
2.0488651347 7.52270775231 -9.75725773168
2.03025024875 7.54788392197 -9.75203256028
2.01148396459 7.57206304313 -9.74150423951
1.99316592118 7.59444820073 -9.72590272658
1.97586941392 7.61434739674 -9.70575387666
1.96006995922 7.63127237889 -9.68186908244
1.94608024666 7.64501735937 -9.6552864958
1.93400308245 7.65570210952 -9.62716787419
1.92371182192 7.66376889486 -9.5986638293
1.9148639057 7.66992981427 -9.57076725227
1.906948039 7.67506918573 -9.54417858108
1.89936009801 7.68011333159 -9.51920649939
1.89149791715 7.68588613411 -9.49572342561
1.88286155204 7.69297198135 -9.47318730526
1.87314406481 7.70160757047 -9.45073095062
1.86229866524 7.71162039901 -9.42730913235
1.8505711052 7.72242515736 -9.4018836619
1.83849113324 7.73308064239 -9.37361952852
1.82682282533 7.74240059419 -9.3420620703
1.8164797812 7.749103491 -9.30726681291
1.80841653561 7.75198017636 -9.26985987623
1.80351122296 7.75005524732 -9.23101683588
1.80245595697 7.74271889987 -9.19236010686

/group/RPA_014/27
27
posId 27
1.80413377266 7.64529284967 -9.12994963468
1.79265213167 7.66898942221 -9.15422564602
1.78558003718 7.68825005996 -9.18414936866
1.78302488134 7.70245462986 -9.21821484173
1.78475752244 7.71139105107 -9.25470813924
1.79024257131 7.71527479976 -9.29190654028
1.79870743721 7.71471321192 -9.32827531647
1.80924058942 7.71061923904 -9.36263403967
1.8209051831 7.70408681981 -9.39426898438
1.83285200411 7.69624568606 -9.42297645643
1.84441594914 7.68811633282 -9.44903240326
1.85518292147 7.68048560261 -9.47309477565
1.86501865019 7.67381993064 -9.49605505671
1.87405678282 7.66822734068 -9.51886259825
1.88264972026 7.66347174499 -9.54234881151
1.89129109133 7.65903520231 -9.56707738552
1.90052265926 7.6542167831 -9.59324178918
1.91084023604 7.64825166947 -9.62062324017
1.92261262852 7.64043182484 -9.64861247598
1.93602491194 7.63021029032 -9.67628867893
1.95105293545 7.61727468593 -9.70254040417
1.96747067965 7.60158114555 -9.72620766709
1.98488680529 7.58334669331 -9.74622228738
2.00280232219 7.56300481554 -9.76172535347
2.02067846418 7.54113457843 -9.77214580778
2.03800298655 7.51837719789 -9.77723164836
2.05434426787 7.49535497211 -9.77703371884
2.06938550687 7.47260587959 -9.77185001567
2.08293537591 7.45054331967 -9.7621445215
2.09491596128 7.42944519749 -9.74845779329
2.10533287764 7.40947082754 -9.7313264472
2.11423537849 7.39069899952 -9.71122544949
2.12167560873 7.37317692649 -9.68854146396
2.12767567412 7.35696829515 -9.66357856686
2.13220908412 7.34218947326 -9.63659076909
2.13519980596 7.32902588234 -9.6078302961
2.13653830894 7.31772500557 -9.5775974975
2.13611033158 7.30856759378 -9.54627815793
2.13383137294 7.30182336543 -9.51435685611
2.1296786211 7.29770095367 -9.48240030405
2.12371243917 7.29630335893 -9.45101126604
2.11608156517 7.29759940794 -9.42076040895
2.10700947118 7.30141881478 -9.39210893949
2.09676324912 7.30747390585 -9.3653380226
2.08561019933 7.31540574375 -9.34050105174
2.07377024961 7.32484726486 -9.31741172066
2.06137382913 7.3354921157 -9.2956749825
2.04843451937 7.34715592213 -9.27476035785
2.034843683 7.35981719774 -9.2541090045
2.02039064634 7.3736280075 -9.23325895061
2.00480748072 7.38888941956 -9.21196824605
1.98783277832 7.40599289662 -9.1903144542
1.9692848822 7.42533504927 -9.16875128521
1.94913254518 7.44721848738 -9.14810901849
1.92755046443 7.47175488296 -9.12953382203
1.90494875001 7.49878712731 -9.11437081049
1.88196895236 7.52784538605 -9.10400509691
1.85944427149 7.55814717043 -9.09968259012
1.8383272113 7.58864494695 -9.10233655894

/group/RPA_014/30
30
posId 30
1.78701828127 7.59347437563 -9.15726624527
1.77580767716 7.61907438091 -9.1797378202
1.76961734195 7.63993517919 -9.2080635758
1.76834684597 7.6555614586 -9.24072962601
1.77150783783 7.66592090682 -9.27599883526
1.77829821049 7.67142918067 -9.31212744662
1.78771666719 7.67287472892 -9.34757672702
1.79870014468 7.67129504321 -9.38118737318
1.81026325812 7.66782332037 -9.41229075783
1.82161904813 7.66352880283 -9.44074162979
1.83226377319 7.65927454433 -9.46686979352
1.84201466678 7.65561299854 -9.49136136851
1.85099738087 7.65273327634 -9.51509125167
1.85958791913 7.65046532428 -9.53893554964
1.86832085928 7.64833713039 -9.56359488844
1.87778042604 7.64567291356 -9.58945641169
1.88849277515 7.6417144367 -9.61651462951
1.90083648858 7.63574500039 -9.64436053981
1.91498412564 7.62719663117 -9.67223657879
1.93088156624 7.61572515713 -9.69914407631
1.94826498057 7.60124438815 -9.7239818642
1.96670882208 7.58391823047 -9.74569081372
1.98569339651 7.56411686052 -9.76337987223
2.00467810296 7.54234877009 -9.77641427708
2.02316670151 7.5191836278 -9.7844549182
2.04075374665 7.49518104191 -9.78744762264
2.05714598223 7.47083759579 -9.78557054493
2.0721580382 7.44655962693 -9.77915510337
2.08568708267 7.4226631948 -9.76859970764
2.09767512679 7.39939677083 -9.75429528087
2.10806969583 7.37697756095 -9.7365774938
2.1167932295 7.35562992607 -9.7157136482
2.123728997 7.33561452967 -9.69192377127
2.12872709342 7.31723951463 -9.66542746125
2.131629132 7.30084958571 -9.63650201323
2.13230561459 7.28679436216 -9.60553459125
2.13069663476 7.27538259491 -9.57305227555
2.12684526774 7.26683269342 -9.53971850605
2.12091404285 7.26123163187 -9.50629183124
2.1131781189 7.25851330145 -9.47355146192
2.10399358223 7.25846387367 -9.44220216259
2.09374471929 7.2607563813 -9.41277680063
2.08277908224 7.26501054372 -9.38555713812
2.07134262911 7.2708680984 -9.36053157843
2.05952840123 7.27806974232 -9.3374027577
2.04725074632 7.28651815764 -9.31564906757
2.03425315131 7.29631295298 -9.29463399443
2.02015194853 7.30774759019 -9.27374746989
2.00451151856 7.32126482405 -9.25255612883
1.98694034687 7.33737474236 -9.23093595918
1.96719259236 7.35654679112 -9.20916211938
1.94525763999 7.37909282993 -9.18793666461
1.92142095385 7.40506116705 -9.16834466703
1.89628340227 7.43416101554 -9.15174112422
1.87073252904 7.46573283498 -9.13958306643
1.84586696972 7.4987731454 -9.13323126522
1.82288305667 7.53201372618 -9.13375208879

/group/RPA_014/33
33
posId 33
1.7646885294 7.56610038504 -9.2201069926
1.7577190203 7.5910669282 -9.24546934352
1.7552502883 7.61201534519 -9.27573299919
1.7569313217 7.62848022539 -9.30914664012
1.76216158006 7.64032358465 -9.343871195
1.77017495346 7.6477472386 -9.3782247931
1.78014082269 7.65126155376 -9.41089649206
1.79126728706 7.65161324691 -9.44109377619
1.80289169986 7.64968150123 -9.46860061525
1.81454610799 7.64635694845 -9.493738686
1.82598956225 7.64242108014 -9.51724127631
1.83720476045 7.63844383258 -9.54006431861
1.8483621407 7.63471436669 -9.5631692475
1.8597593967 7.63121487691 -9.5873161617
1.87174765447 7.62764048523 -9.61290254254
1.88465675648 7.62346106398 -9.63987330897
1.89873115817 7.61801440681 -9.66771419366
1.91408515269 7.61061560756 -9.69552499545
1.93068212078 7.60066554437 -9.7221551278
1.94833805642 7.58774226554 -9.74637364483
1.96674557847 7.57166259162 -9.76704136932
1.98551170589 7.55250668609 -9.78325451018
2.00420129212 7.53060469222 -9.79443663809
2.02237829833 7.50649064742 -9.80036739094
2.03963881473 7.48083372043 -9.80114937606
2.05563242266 7.45435959687 -9.79712675854
2.07007147855 7.42777520376 -9.78877761003
2.08273052845 7.40170800862 -9.77660564243
2.09343978844 7.37666737532 -9.76105494052
2.10207714191 7.35303072983 -9.74246436732
2.10856239307 7.33105254396 -9.72106808028
2.11285583985 7.31089028404 -9.69703735451
2.11496107141 7.29263916444 -9.67054911537
2.11492983953 7.2763671112 -9.64186035345
2.112865453 7.26214269897 -9.6113662608
2.10892079699 7.25005153419 -9.57962376652
2.10328793042 7.24019992 -9.54733032481
2.09617812193 7.23270786266 -9.51525854737
2.08779374425 7.22769584181 -9.48415822886
2.07829607057 7.22527077751 -9.45464606607
2.06777506498 7.22551611772 -9.42710792172
2.05622817581 7.22848913109 -9.40163768878
2.04355458247 7.23422582115 -9.37803063495
2.02956926999 7.24275106868 -9.35583864893
2.01403799195 7.25408939106 -9.33448210179
1.99673020032 7.26827068053 -9.31340064542
1.97748312002 7.28532578475 -9.29221578148
1.95626711873 7.30526880878 -9.27087353047
1.93324104162 7.32806617824 -9.24973714987
1.90878666118 7.35359615055 -9.22960753881
1.88351389482 7.38160578033 -9.21166145544
1.85823264616 7.41167453892 -9.19731270309
1.83389237013 7.44319424458 -9.18801618559
1.81149585995 7.47537339929 -9.18504633945
1.79199835354 7.50727057218 -9.18928760122

/group/RPA_014/36
36
posId 36
1.76754544357 7.48515274212 -9.256681794
1.75789119621 7.51896565507 -9.28021298605
1.75268075792 7.54970214896 -9.30925358036
1.75185438054 7.57596911289 -9.34185240159
1.75507131005 7.59674818397 -9.37594570093
1.76175118226 7.61155608245 -9.40965578761
1.77114836616 7.62051939055 -9.44154840037
1.78244991485 7.62434411205 -9.47080304777
1.79488298459 7.62418136939 -9.49726775373
1.80781500399 7.62141206989 -9.52139221283
1.82083019111 7.61739063856 -9.54405663153
1.83376935522 7.61319714526 -9.56633277353
1.84672580587 7.60944621794 -9.58922513285
1.85999761999 7.60619009089 -9.61344164564
1.87400413327 7.60293424299 -9.63923496929
1.88918089307 7.59876130659 -9.66633922529
1.90587120743 7.59253709722 -9.6940068984
1.92423308143 7.58315634809 -9.72113070911
1.94417759874 7.56977844101 -9.74641986742
1.96534918777 7.55200656068 -9.76859216477
1.98715077102 7.52997645693 -9.78654408785
2.0088089352 7.50434050689 -9.79946979876
2.02946744726 7.47615473587 -9.80691395216
2.04829291192 7.44669613352 -9.80875935153
2.0645748881 7.41725083078 -9.80516458552
2.0778045123 7.38891782005 -9.79647588549
2.08772015142 7.36246730005 -9.78313971838
2.09431485734 7.33827895455 -9.76563801583
2.09780715771 7.31636683938 -9.74445806601
2.09858270649 7.2964783499 -9.72009681834
2.09711848242 7.27823926688 -9.69308803766
2.09390294569 7.26130845547 -9.66403341758
2.08936475474 7.245506045 -9.63361735935
2.08381972789 7.23088743808 -9.60259001282
2.0774415103 7.21774998836 -9.5717130748
2.07025685625 7.206576033 -9.54167512066
2.06216249247 7.19793110353 -9.51299459044
2.05295787229 7.19234601599 -9.48593577701
2.04238706997 7.19021394126 -9.46046402889
2.03018349696 7.19172810223 -9.43626017076
2.01611260485 7.19687396411 -9.41280191194
2.00000963854 7.20547472069 -9.38950437493
1.98181117164 7.21727435292 -9.36589644848
1.96158011813 7.23203221589 -9.34179822823
1.93952398117 7.24959962977 -9.31746039718
1.91600541399 7.26995326653 -9.293630575
1.89154315037 7.29317127663 -9.27152407469
1.86680058222 7.31935342086 -9.252694881
1.8425592658 7.34850221673 -9.23882327529
1.81967577678 7.38039433234 -9.23145496988
1.79902263677 7.41447697285 -9.23173876942

/group/RPA_014/39
39
posId 39
1.74631000154 7.45640925512 -9.31493289062
1.74032679168 7.49012846468 -9.33694478701
1.73809848588 7.52075236847 -9.36264136603
1.73963521071 7.54706016448 -9.39085817756
1.74468745509 7.56827104986 -9.420394865
1.75279458565 7.58410890887 -9.45016416752
1.76335914878 7.59479297386 -9.47931511378
1.77573448925 7.60095811811 -9.50731175684
1.78931152224 7.60351957034 -9.53395656902
1.80359118991 7.60350530912 -9.55935705354
1.81823204172 7.60188381996 -9.58384359068
1.83306694694 7.59941461503 -9.60785439488
1.84808834971 7.59654408766 -9.6318083966
1.86340675767 7.59336084603 -9.65598809845
1.87919140694 7.5896141937 -9.68045187374
1.89560456677 7.58478876656 -9.70498933844
1.91274136183 7.57821934608 -9.72912545817
1.93058531005 7.56922404835 -9.75217042387
1.9489863842 7.55723233149 -9.77330459517
1.96766398711 7.54188670882 -9.79168231532
1.98623262813 7.52310308303 -9.80653604878
2.0042441505 7.50108297887 -9.81726338424
2.02123778332 7.4762800207 -9.82348364485
2.03678849651 7.44933107347 -9.82505725105
2.0505451933 7.42096808658 -9.82206830556
2.06225289994 7.39192890321 -9.81477769516
2.07175673096 7.36288385297 -9.80355904526
2.07898927142 7.33439027524 -9.78883221466
2.08394634618 7.30688027453 -9.77100831048
2.08665828559 7.2806794363 -9.75045667647
2.08716434104 7.25604748961 -9.7274987449
2.08549677083 7.2332273528 -9.70242721911
2.08167856584 7.21248754262 -9.67554310344
2.07573535811 7.19414483548 -9.64719884731
2.06771847741 7.17855892571 -9.61783420621
2.05773314798 7.16609761648 -9.58799270883
2.04596409422 7.15707838712 -9.55831063071
2.03269074902 7.1516984674 -9.5294763311
2.01828590686 7.14996945761 -9.50216452864
2.00319476226 7.15167315765 -9.47695621075
1.98789525121 7.15635234281 -9.45425911664
1.97284470322 7.1633441865 -9.43424516436
1.95842119717 7.17185595264 -9.41681939454
1.94486998767 7.1810739749 -9.40163018016
1.93226546613 7.19028947839 -9.38812339795
1.92049722155 7.19901999605 -9.37563522424
1.90928512373 7.20710404782 -9.36351068603
1.89822355731 7.21474978407 -9.35122950282
1.88684981645 7.22252508138 -9.33851821912
1.87472714551 7.23128604421 -9.32542874292
1.86152982074 7.24205140201 -9.31236811075
1.84711662053 7.25584004031 -9.30007187881
1.83158028607 7.27349609321 -9.28952273468
1.81526398598 7.29552928866 -9.28182515841
1.79874083865 7.32199687846 -9.27805461408
1.78275838558 7.35244760566 -9.2791044528
1.76815556674 7.38593866939 -9.28555458141

/group/RPA_014/42
42
posId 42
1.72790332756 7.43448042895 -9.38207811558
1.72676572545 7.46745118266 -9.40422619153
1.72878229117 7.49668538003 -9.42849034931
1.73375524388 7.52118846233 -9.45384758012
1.74135565698 7.54055639471 -9.47950217196
1.75115681485 7.55499993429 -9.50495430017
1.76268816536 7.56524300652 -9.53000890255
1.77550062391 7.57231775081 -9.5547270487
1.7892301844 7.57730194634 -9.57933297417
1.80364583478 7.58105741643 -9.60409782258
1.81867007159 7.58402768552 -9.6292244162
1.83436551642 7.58613967767 -9.65475556977
1.85088821096 7.58683064676 -9.68052218186
1.86841557857 7.58519316758 -9.70613812362
1.88706311906 7.58020432941 -9.73103890411
1.90680721277 7.57098631678 -9.7545524182
1.92743108889 7.55703862952 -9.77598456893
1.94850697877 7.53838884447 -9.79470120531
1.96942047247 7.51562751618 -9.81019065356
1.98943454453 7.48981927949 -9.82209721625
2.0077824116 7.46231041301 -9.83022374497
2.02377211262 7.43447662722 -9.83450883103
2.03688284298 7.40746831205 -9.83498954572
2.04683429101 7.38201087274 -9.83176280887
2.05361532008 7.35830504365 -9.82495702484
2.05746627933 7.33604913691 -9.81472115215
2.05881836895 7.31457731597 -9.80123216317
2.05820192886 7.29308155294 -9.78471561263
2.0561415139 7.27086596079 -9.76546945617
2.05305794025 7.24757499145 -9.7438795946
2.04919570333 7.22334316189 -9.7204173618
2.04458871536 7.19883205497 -9.6956139391
2.03906939845 7.17514616001 -9.67001328585
2.03231750043 7.15364673571 -9.64411192864
2.02393739782 7.13570596461 -9.61829905307
2.01354766044 7.12245695582 -9.59281233741
2.00086521147 7.11459563557 -9.56772311525
1.98576867118 7.11227818829 -9.54295893372
1.96833075951 7.11513537551 -9.51836347671
1.94881665943 7.12239795018 -9.49378492619
1.92765238876 7.13310177127 -9.4691762051
1.90537292071 7.14632302173 -9.44468606279
1.88256285982 7.16138733712 -9.42071987434
1.8598024005 7.17800317194 -9.39795362746
1.83762829958 7.19628784539 -9.37729311321
1.81651458068 7.2166802139 -9.35978115013
1.79687199537 7.23976089953 -9.34646651379
1.77906033721 7.26602319333 -9.3382567841
1.76340474516 7.29564997813 -9.33578165412
1.75020682015 7.32835139347 -9.33929231575
1.73974371033 7.36330456979 -9.34861639768

/group/RPA_014/45
45
posId 45
1.70676363376 7.39200111838 -9.4342400169
1.70244438806 7.42783065115 -9.44895326444
1.70238831642 7.46026758081 -9.46760998263
1.70671355351 7.48790713868 -9.48956240223
1.71511104553 7.50991408066 -9.51390019295
1.72690501017 7.52612605256 -9.53959387777
1.7412021387 7.53701508079 -9.56567918096
1.75709080864 7.54351784141 -9.59143483336
1.77383743369 7.54677668338 -9.61650486863
1.79102714918 7.54785404573 -9.64092847845
1.80861045559 7.54748782152 -9.66506330383
1.82684247705 7.54594336107 -9.68941585322
1.84613049121 7.54299245509 -9.71441824964
1.86683057729 7.53801748382 -9.74020681637
1.88904878352 7.53020827917 -9.76646046802
1.91250210205 7.51879788974 -9.79234438152
1.93647961648 7.50327655739 -9.81657978467
1.9599182696 7.4835321225 -9.83762995929
1.98157756826 7.45988692702 -9.85396345611
2.00027114874 7.43302991003 -9.86433550788
2.01509749026 7.40387018789 -9.86802291502
2.02561139269 7.37335766183 -9.86495786826
2.03189240577 7.34232220655 -9.855729819
2.03449246247 7.31137457114 -9.84145573502
2.03427574362 7.28089202622 -9.82355008288
2.03219124861 7.25108591916 -9.80344894032
2.02903550366 7.22212402996 -9.78235210347
2.02526490466 7.19426477378 -9.76104076189
2.02090388705 7.16795725388 -9.73980813482
2.01556999761 7.14387168916 -9.71851176009
2.00860665546 7.12284576114 -9.69672633075
1.99928689061 7.1057579294 -9.673952629
1.98703380384 7.09336144857 -9.64982691555
1.97160038206 7.08612612987 -9.62427851451
1.95316325694 7.08413484768 -9.59759986016
1.93230864717 7.08706812445 -9.57041812924
1.90991764632 7.09428638832 -9.54358391599
1.88698444562 7.10499212299 -9.51801319012
1.86441800541 7.11843070601 -9.49452868213
1.84288071566 7.13407592068 -9.47374363278
1.82270609794 7.15174781591 -9.45601591245
1.8039148918 7.17162678143 -9.44147842408
1.78632122844 7.19415444284 -9.43012887489
1.76969559819 7.21984234184 -9.42194492663
1.75393576895 7.249035284 -9.41698417266
1.73919490594 7.28169063949 -9.41543406847
1.72592834045 7.31723361618 -9.41759310021

/group/RPA_014/48
48
posId 48
1.7034166551 7.35706316669 -9.51843693724
1.70323056666 7.39855529387 -9.5381412132
1.70643296175 7.43575769009 -9.56017708492
1.71304020894 7.46682818442 -9.5836802318
1.72294223855 7.49071707987 -9.60800333418
1.73589025281 7.50727125764 -9.63275018138
1.75150640856 7.51714582708 -9.6577457563
1.76931573899 7.52154981122 -9.6829553761
1.78879408947 7.52189344598 -9.70837730276
1.80942090229 7.51942756588 -9.73393783679
1.83072385582 7.51496433685 -9.75941495314
1.85230430992 7.50874400726 -9.78440724148
1.87383778159 7.50047149795 -9.80835211192
1.8950508172 7.48950098467 -9.83058453647
1.91568259239 7.47510867066 -9.85041838102
1.93544430254 7.45677379799 -9.86722883292
1.9539904541 7.43439049279 -9.88051701118
1.97091311332 7.40835670274 -9.88994526203
1.98576378052 7.37952381292 -9.89534130227
1.99809957974 7.34903045658 -9.89667822302
2.00754313041 7.31807513717 -9.8940428205
2.01384090131 7.28769603841 -9.88760541418
2.01690439874 7.2586196045 -9.87760046515
2.01682242909 7.2312150019 -9.86432058585
2.01383990377 7.20555739829 -9.848119476
2.00830727704 7.18156970871 -9.82941449926
2.00061237419 7.15919008399 -9.80867880064
1.99111097866 7.13850742018 -9.78641644222
1.98007284305 7.11982058895 -9.76312087037
1.96765569972 7.10360430459 -9.73922480849
1.95391250932 7.09039673655 -9.71505563037
1.93882861521 7.0806508579 -9.69081207882
1.92237799626 7.07460448519 -9.66657473353
1.90458341318 7.07221873472 -9.64235441566
1.88556501851 7.0732125853 -9.61817183289
1.86556585991 7.07718908117 -9.59415131512
1.84494943299 7.08381642934 -9.57060469616
1.82417205463 7.09300514517 -9.54808064657
1.80373917064 7.1050179411 -9.52736084393
1.78415806385 7.12046451922 -9.50939614833
1.76589899274 7.14016509154 -9.49519060564
1.74937289734 7.16490553022 -9.48565483856
1.73492778962 7.19514218331 -9.48145946912
1.72285971757 7.23073493635 -9.48292101594
1.71342967276 7.27078628791 -9.48994646008

/group/RPA_014/51
51
posId 51
1.67248763373 7.31578922575 -9.56499241194
1.67306105672 7.3507175122 -9.58009548568
1.67727151209 7.38207645463 -9.59825122959
1.68469903759 7.40874298282 -9.61847467025
1.69484622188 7.43017965873 -9.63992578661
1.70724529978 7.44643920576 -9.66204456484
1.72153222398 7.45805238254 -9.68459692303
1.73746970027 7.46583076038 -9.70762210615
1.75491722323 7.47063380751 -9.73129946314
1.77376219176 7.47315472551 -9.75577454672
1.79383750488 7.47377111255 -9.78099510698
1.81485439192 7.47248762912 -9.80660393498
1.8363737758 7.46897388654 -9.83191885825
1.85782698448 7.46267823064 -9.85600537574
1.87858096982 7.45298261743 -9.87782157355
1.8980291339 7.43935873339 -9.89639540021
1.91568066109 7.42149117272 -9.91098651141
1.93122139398 7.39934714543 -9.92119069704
1.94452774647 7.37318914483 -9.92696240288
1.95562938244 7.3435420272 -9.92855475335
1.96463212009 7.31113487834 -9.9263997216
1.97162498409 7.27683893058 -9.92096695781
1.97660069669 7.24161640719 -9.91264383276
1.97941544086 7.20648457218 -9.90167058646
1.97980233305 7.17248872984 -9.88814595971
1.97743698578 7.14067150138 -9.87209607326
1.97203753657 7.11202588969 -9.85357949198
1.96347034566 7.08742651997 -9.83279034774
1.95182964602 7.06754466348 -9.81012238699
1.93746581438 7.05276416483 -9.78616949326
1.92095095374 7.04312275601 -9.76165870618
1.9029882039 7.03830309459 -9.73733374358
1.88428754861 7.03768910469 -9.71382376103
1.86544110597 7.04048749651 -9.69153832117
1.84683191178 7.04589578536 -9.6706231738
1.82860158236 7.0532821306 -9.65099413072
1.81068628151 7.06233400839 -9.632443047
1.7929115496 7.07313541803 -9.61478756278
1.77512008338 7.08614634423 -9.59802155512
1.75729714313 7.10208066347 -9.58242079956
1.73965859458 7.12170410039 -9.56856922425
1.72267660596 7.14559554617 -9.55729253476
1.70703492342 7.17392702873 -9.54951194341
1.69352471103 7.20631619993 -9.54605385783
1.68290784532 7.24179015609 -9.5474649621

/group/RPA_014/54
54
posId 54
1.66874423185 7.31440475347 -9.66007779223
1.67719675811 7.35394668341 -9.68462483791
1.68851066537 7.38779848559 -9.71060311121
1.70208269749 7.41419953735 -9.73664344619
1.71746061768 7.43245145829 -9.76194353367
1.73434163715 7.44291942492 -9.78626648254
1.75251162915 7.44677828768 -9.80977528177
1.77175725463 7.44558630548 -9.83277213064
1.79178960798 7.44081594471 -9.85543630982
1.81221023435 7.43347715475 -9.87764697475
1.83253177124 7.42393311261 -9.89894184171
1.85224318365 7.41194416691 -9.91861244059
1.87089189686 7.39690403744 -9.93588926087
1.88814854664 7.37817631116 -9.95014190401
1.90382688605 7.35541599885 -9.96101926361
1.91784899075 7.32877601574 -9.96848162558
1.93016769413 7.29894465296 -9.97271976427
1.94067598136 7.26702015544 -9.97399942736
1.9491400807 7.23428140206 -9.97249720222
1.95518628039 7.20194193286 -9.96819577448
1.95835311619 7.17097014948 -9.96088262015
1.95819688376 7.14202522693 -9.95025533077
1.95441789698 7.11550996261 -9.93609435749
1.94696511028 7.09169705502 -9.91843589635
1.93608159837 7.0708606702 -9.89767468937
1.92227177975 7.05334910541 -9.87455032882
1.90619719862 7.0395644119 -9.85001305054
1.8885323371 7.02985861613 -9.82501080076
1.86982669915 7.02439610828 -9.80027173767
1.85041887243 7.02305166601 -9.77616285239
1.83043215663 7.02540475605 -9.75268259283
1.80985470858 7.03085540045 -9.72960019964
1.78867875015 7.03883751994 -9.70670208502
1.76705273579 7.04906073613 -9.68406424836
1.74539453694 7.06168888294 -9.66225441809
1.72442484847 7.07737341351 -9.64238476162
1.70510467766 7.09710153405 -9.62598103335
1.68849094313 7.12187970216 -9.61469267712
1.67555004687 7.15233293047 -9.60992141227
1.66698239199 7.18833815392 -9.61247542622
1.66310705509 7.22881126326 -9.62235219975

/group/RPA_014/57
57
posId 57
1.64041242453 7.21974181587 -9.69164888489
1.63855823639 7.25264934966 -9.6999390884
1.64083397107 7.28350470619 -9.71259952986
1.6467239117 7.312019559 -9.72890993071
1.65552443543 7.33804303398 -9.74796530132
1.66655171504 7.36132624083 -9.76885333604
1.67930368701 7.38137105546 -9.79080313384
1.69352746624 7.39742683985 -9.81326622157
1.70917877063 7.40863947548 -9.83591492356
1.72629814225 7.4142965047 -9.85857023952
1.74485649843 7.41407273102 -9.88109252977
1.76463050767 7.40817704357 -9.90327685128
1.78515433032 7.39733522049 -9.92478869205
1.80576404323 7.38260307107 -9.94515816414
1.82571588956 7.36506805266 -9.96382832936
1.84433223044 7.34554212438 -9.98023444206
1.86111955214 7.32435722406 -9.9938820636
1.87581439855 7.30134311785 -10.0043958835
1.88834127766 7.2760055515 -10.011525574
1.8987009747 7.24785171563 -10.0151141346
1.9068355253 7.21675488022 -10.0150503763
1.91252688105 7.18323059312 -10.0112340791
1.91537565643 7.1485210096 -10.0035771464
1.91487765033 7.11444466333 -9.99204861522
1.91057910669 7.08304642696 -9.97675148418
1.90226010304 7.05615050651 -9.95800270568
1.89008072209 7.03495474237 -9.93638110825
1.87463276485 7.01979466718 -9.9127147303
1.85686875213 7.01015327918 -9.8879975151
1.8379204442 7.00491434208 -9.8632495543
1.81885738783 7.00277899144 -9.83935666087
1.80045875597 7.0027133675 -9.81693606984
1.78307066866 7.0042861059 -9.79627090581
1.76659593814 7.0077915536 -9.77733719156
1.75062166169 7.01412495559 -9.7599191815
1.73464584224 7.02445598237 -9.7437806209
1.71833191767 7.03981026184 -9.72884049622
1.70171055214 7.06069447333 -9.71529854183
1.68526458441 7.08688136072 -9.70366975287
1.6698702633 7.11741432158 -9.69471431281
1.65661357547 7.15081709013 -9.68928118842

/group/RPA_014/60
60
posId 60
1.61604667174 7.20414726695 -9.75693121011
1.61757393031 7.24064667095 -9.76936339738
1.62243721 7.27424641117 -9.7851487566
1.62979462355 7.30392254958 -9.80293529321
1.63912514287 7.32909329467 -9.82190123579
1.65038562071 7.34946057535 -9.84190654382
1.66393097624 7.3648388848 -9.86334339129
1.68023063589 7.37505027172 -9.88674989694
1.69949868157 7.37992296773 -9.91234536606
1.72139340587 7.37937745433 -9.93967786468
1.74491841947 7.37354099353 -9.96753304988
1.76858048976 7.36281772693 -9.99415253615
1.79075831338 7.34786190992 -10.0176891925
1.81015062163 7.32944766092 -10.0367322332
1.82613526301 7.30827992561 -10.0507036027
1.83889858924 7.28482564747 -10.0599717886
1.84927733391 7.25924543363 -10.0656336085
1.85836256002 7.23147165566 -10.0690394508
1.86700661416 7.20142107297 -10.071235489
1.87541429846 7.16927122499 -10.0725300048
1.88297251637 7.13569419165 -10.0723468438
1.88838757403 7.10194509395 -10.0694232966
1.8900872587 7.06974737845 -10.0622818774
1.88674733254 7.04098801004 -10.0498035479
1.87775555242 7.01730767699 -10.0316922593
1.86344823994 6.99971682467 -10.0086613625
1.84503675006 6.98836925103 -9.98227606481
1.82425336852 6.98257852171 -9.95451356986
1.80284660776 6.98108341347 -9.92720587064
1.78210753911 6.98248418641 -9.90157072213
1.76259309575 6.98571159355 -9.87799934886
1.74413589899 6.99037681836 -9.85616959133
1.72612238191 6.99688843796 -9.83542879507
1.70792248541 7.00629917765 -9.8152891637
1.68930162785 7.01993405456 -9.79583787877
1.67065784125 7.03892176005 -9.777899835
1.65299804117 7.06377897356 -9.7628880964
1.63766926607 7.09417426663 -9.75239844331
1.62595402785 7.12893400086 -9.74770301875

/group/RPA_014/63
63
posId 63
1.59493498746 7.19504791715 -9.82718361646
1.59708808697 7.23741220415 -9.84071752378
1.60209354642 7.2750801742 -9.85684204623
1.60965910516 7.30553330991 -9.87453521014
1.61968415027 7.32799198082 -9.89346723278
1.63221525347 7.3433696524 -9.91393012796
1.6473062385 7.35364532581 -9.9364942369
1.66483547637 7.36090384174 -9.96152438604
1.68435505986 7.36641350289 -9.98874764815
1.70504047016 7.37008999697 -10.017051528
1.72577613488 7.37054347808 -10.0446090701
1.74536319925 7.36568041939 -10.0693056278
1.76278870346 7.35361949519 -10.0893260992
1.77746793085 7.3335619733 -10.103695184
1.7893749653 7.30627656715 -10.1125724534
1.79901044236 7.2740081829 -10.1171866552
1.80720881361 7.23984170572 -10.1194201791
1.81484159151 7.20676077547 -10.1211789296
1.82250885267 7.17675755146 -10.1237595196
1.83031600434 7.15032868524 -10.1274267092
1.83780477199 7.12654356539 -10.1313392813
1.84405651235 7.10365098493 -10.133839776
1.84793024114 7.07998429669 -10.1329977962
1.84835654809 7.0548119584 -10.1272135063
1.8445956132 7.02880339722 -10.1156766019
1.83638614231 7.0039302357 -10.098538512
1.82395412294 6.98284216261 -10.0767665811
1.80789967718 6.96796056998 -10.0517657352
1.78901886343 6.96064287158 -10.0249318806
1.76813180667 6.96074364508 -9.99731375833
1.74597536556 6.96674539105 -9.96950386828
1.72318462761 6.97641054852 -9.9417784183
1.70034737937 6.98770254061 -9.91440170287
1.67808556256 6.9996158513 -9.88794325505
1.6571091966 7.01258569723 -9.86345253135
1.63820386758 7.02830607907 -9.84239646608
1.62214536437 7.0490111506 -9.82636525446
1.60957035017 7.07648280787 -9.81665090211
1.60085504301 7.11115748288 -9.81386139365

/group/RPA_014/66
66
posId 66
1.57368172355 7.19824994045 -9.89202583369
1.57804887669 7.24352667865 -9.90734808841
1.58587282672 7.28253478552 -9.92620112439
1.59611312615 7.31222906702 -9.94651521491
1.60814812576 7.33193686869 -9.96728788768
1.62198366756 7.3431684351 -9.98883563538
1.63810824247 7.34866727205 -10.0123984456
1.65705254793 7.35111602913 -10.0392626177
1.67885268729 7.35202639574 -10.0697870531
1.70267230322 7.35123766494 -10.1027750069
1.72678236997 7.34717776055 -10.1354992618
1.74894937689 7.33771986589 -10.1644172582
1.76710468728 7.32123184327 -10.1863168898
1.78003604567 7.29735966451 -10.1994388138
1.78781493471 7.26722698709 -10.2041119394
1.79176620689 7.23300387157 -10.2026231053
1.79396420077 7.1970777358 -10.1983465663
1.79643083969 7.1612270016 -10.1944592876
1.80033718883 7.12618166105 -10.1927400532
1.80551734778 7.09176541045 -10.1929219871
1.81048715047 7.05753727561 -10.1928495845
1.81296543712 7.02361108837 -10.1893714705
1.81070054239 6.99123691577 -10.1796093139
1.80228751694 6.9628242315 -10.1620998593
1.78766922848 6.94133336603 -10.1373680392
1.76814286888 6.92925317319 -10.1077272896
1.74588960513 6.92759040279 -10.0764186293
1.72322932347 6.93532487774 -10.0464622695
1.70190084124 6.94961446779 -10.0196977591
1.68264304276 6.96673075228 -9.99639210893
1.66521771027 6.98339511623 -9.97554436967
1.64882864219 6.99799799234 -9.95571785079
1.63273205878 7.01120447397 -9.93601325692
1.61676539215 7.02567599893 -9.91674776128
1.60157058767 7.04498263188 -9.8995436763
1.58842959836 7.07210507022 -9.88679365529
1.57880099521 7.10809712292 -9.88074271205

/group/RPA_014/69
69
posId 69
1.54446453165 7.18171511706 -9.92694854102
1.5489078699 7.22153998095 -9.93922973568
1.55764267909 7.25721732285 -9.95707243712
1.56908320159 7.28657124769 -9.97787330778
1.58177009465 7.30867922529 -9.99939620588
1.59491198851 7.32386147173 -10.0205498264
1.60862528135 7.33333233663 -10.0416811845
1.62377156519 7.33865639052 -10.0642612827
1.64145283319 7.34119712669 -10.0900772921
1.66236380398 7.34172503725 -10.1202427105
1.68626343358 7.34027782038 -10.1544162898
1.71178830358 7.33626989522 -10.190549724
1.73670278987 7.32876762801 -10.2252882916
1.75851288158 7.3168083182 -10.2549011981
1.7752265815 7.29965404609 -10.2764131959
1.78597991642 7.27692411429 -10.2885248879
1.79128968466 7.24861541008 -10.2919793998
1.79282792271 7.21506878477 -10.2892329044
1.79278927598 7.1769509785 -10.2835417027
1.79307495556 7.13529276888 -10.2777937147
1.79458801663 7.09157037192 -10.2735065387
1.79689683638 7.04776573992 -10.2703521673
1.79839026495 7.00631919941 -10.2663732215
1.79686830443 6.96990977446 -10.2588003596
1.79035314236 6.94106038336 -10.2451608475
1.77782607284 6.92164430779 -10.2242658977
1.7596255138 6.91243330721 -10.1967165387
1.73736834833 6.91284679181 -10.1647533549
1.7134331903 6.92102123838 -10.1315232555
1.69020375261 6.93422753149 -10.1000525114
1.6693539706 6.94954997218 -10.072318557
1.65143372294 6.96464426533 -10.0487659787
1.63589501008 6.97834941574 -10.028434648
1.62152953251 6.99095934216 -10.0096294802
1.60713429948 7.004058024 -9.9908537601
1.59214039288 7.01995674933 -9.97163062696
1.57696111049 7.04089898934 -9.95288643675
1.56292974286 7.06827439159 -9.93674502515
1.55185910353 7.10208189862 -9.9258145695

/group/RPA_014/72
72
posId 72
1.54437370419 7.19804804454 -9.98094242503
1.55125956617 7.24379468838 -9.99526602579
1.56108199976 7.28169257357 -10.013037426
1.573068758 7.30916062085 -10.0328981793
1.58696912364 7.32595397051 -10.054464936
1.60306734074 7.33389757234 -10.0783227953
1.62189274862 7.33599560156 -10.1055230153
1.64374500412 7.3352520902 -10.1367874686
1.66824014322 7.33362119611 -10.171755591
1.69408812731 7.3314374114 -10.2086099608
1.71923021727 7.32748649386 -10.2442801961
1.74132498846 7.31964031245 -10.2752016558
1.75842859427 7.30578183783 -10.2983809169
1.76962465218 7.28466086652 -10.3123822723
1.77535956931 7.25637342962 -10.3178552221
1.7773339248 7.22232205361 -10.3173748481
1.77795711466 7.18472248033 -10.3146117848
1.77953369089 7.14589294031 -10.3130962849
1.78345521569 7.10762985096 -10.3149985987
1.78968007233 7.07091620939 -10.3203546478
1.7966899105 7.03605334627 -10.3270163799
1.80194760611 7.0031188869 -10.3313530355
1.80270647191 6.97251139464 -10.3294645482
1.79689741181 6.94530381091 -10.3184881232
1.7837944587 6.92320960735 -10.297549346
1.7642390267 6.90813473938 -10.2680401918
1.74035981199 6.90147614061 -10.2331491305
1.71490136776 6.90345584069 -10.1968335239
1.69040622867 6.91279317836 -10.1626148895
1.66853640153 6.92690519323 -10.1326253878
1.64975750128 6.94262648851 -10.1072248743
1.63346846 6.95722997786 -10.0852861784
1.61849531078 6.96939159689 -10.0649970262
1.60374032048 6.97973314575 -10.0448437097
1.58873348684 6.99070786622 -10.0243908216
1.573885545 7.00581994183 -10.0045681661
1.56036687447 7.02841059225 -9.98737905061
1.54968473098 7.06041040622 -9.97517268197
1.54314444042 7.10148601089 -9.969788513

/group/RPA_014/75
75
posId 75
1.53963294129 7.20875023893 -9.98962229436
1.54664900241 7.25629192352 -10.0025966959
1.55652436498 7.2958722525 -10.018891557
1.56890338639 7.32477784152 -10.037827368
1.58374634337 7.34263469057 -10.0593231277
1.60122354532 7.35117369438 -10.0837352892
1.62146677535 7.35338543381 -10.1114584921
1.64427619432 7.35236872995 -10.1424436135
1.66890506239 7.35026429722 -10.1758279034
1.6940234897 7.34761876526 -10.2098398614
1.71790209636 7.34336433698 -10.2420478526
1.73877745565 7.33538272408 -10.2698982906
1.75529133352 7.32142415735 -10.2913798555
1.7668604288 7.30004050382 -10.3055940939
1.77384651486 7.27120195248 -10.3130314667
1.77745592642 7.23639230843 -10.3154413435
1.77938351594 7.19817160259 -10.3153157242
1.78130092569 7.15938646097 -10.3151356277
1.78434348584 7.12233038792 -10.3166120055
1.78875514849 7.08816559162 -10.3201606641
1.79380386561 7.05681354286 -10.3247791647
1.79799549355 7.02734222305 -10.3283659505
1.79952011701 6.99868972019 -10.3283801497
1.79679158135 6.97043528043 -10.3226317092
1.78891302947 6.94330739703 -10.3099518515
1.77592736396 6.91921279269 -10.2905361995
1.75878277686 6.90074717083 -10.2658626352
1.73903586942 6.89034501202 -10.2382258755
1.71839770539 6.88937017164 -10.2100539191
1.6982743002 6.8974877293 -10.1832371564
1.67944813173 6.9125734569 -10.1586881864
1.6619942345 6.93123690935 -10.1362652078
1.64544237647 6.94981882323 -10.115064617
1.62911414859 6.96554836148 -10.0939632776
1.61250846349 6.97747354696 -10.0722103848
1.59559888324 6.98683724357 -10.0498593743
1.57894332422 6.99674458096 -10.0278933695
1.56357664895 7.01119920195 -10.0080095801
1.55073406024 7.03379761377 -9.99214871082
1.54151070736 7.06649114113 -9.98194237826
1.53658077986 7.10881158396 -9.9782748968

/group/RPA_014/78
78
posId 78
1.53123219711 7.14027164214 -9.95930902941
1.53229613326 7.18103149661 -9.96387270536
1.53696514624 7.21928144925 -9.97272575613
1.54424886524 7.25251621795 -9.98443595373
1.55339284027 7.27948956728 -9.99796487281
1.56415850775 7.30030679717 -10.0130238361
1.57687572011 7.31609118828 -10.0301128157
1.59223924955 7.32836182079 -10.050217611
1.61091649641 7.33834876393 -10.074266974
1.63310770096 7.34648093165 -10.1025443146
1.65822499557 7.35221127302 -10.1342741853
1.68482232003 7.354220103 -10.1675511735
1.71082509663 7.35090458842 -10.1996647752
1.73400463997 7.34096696124 -10.2277368424
1.75255349826 7.32388807535 -10.2494755935
1.76557570587 7.30012350218 -10.2638016285
1.77332615584 7.27096639353 -10.271135083
1.77711058284 7.23814511281 -10.2732391202
1.77886688029 7.20331913095 -10.2726585537
1.7805532424 7.16766965113 -10.2719254698
1.78353355146 7.13174052469 -10.2727813077
1.7881532975 7.09558576018 -10.275660542
1.79363869929 7.05915904458 -10.2795960276
1.79834755696 7.022782952 -10.2825686308
1.80028732695 6.98749760554 -10.2821800102
1.79773152186 6.95512580899 -10.2764252964
1.78973755738 6.92799227671 -10.2643155713
1.77640621278 6.90836348435 -10.2461564216
1.75881162239 6.89778567937 -10.2234081641
1.73864062108 6.89655076438 -10.1981943379
1.71767409145 6.90349201556 -10.1726396768
1.69728952103 6.91621060244 -10.148268724
1.67814869849 6.93169232103 -10.1256659785
1.66016413521 6.94713963414 -10.1045002022
1.64273788261 6.960763589 -10.0838847094
1.6251720749 6.97228261739 -10.0629281859
1.60709428379 6.98296202355 -10.0412674526
1.58874128826 6.99517185323 -10.0193856646
1.57100064809 7.01159478347 -9.99860113257
1.55519967878 7.03432866398 -9.98073325113
1.54272340035 7.06416264766 -9.96756927142

/group/RPA_014/81
81
posId 81
1.5330595639 7.16471735513 -9.94364654689
1.53427774624 7.20862613271 -9.94971909725
1.54016744336 7.24901391345 -9.96069364865
1.54981298127 7.28250012369 -9.97517398207
1.56239408589 7.30725806717 -9.99203786354
1.57756129442 7.32324165709 -10.0108854889
1.59551121126 7.33185457158 -10.0320891352
1.61671187049 7.33522587552 -10.0564053617
1.6413949052 7.33537418 -10.0843117934
1.66905025459 7.33354922173 -10.1153657476
1.69817597409 7.32994237265 -10.147890571
1.72643916391 7.32380258226 -10.1791698804
1.75123219733 7.31384668731 -10.2061199557
1.77043326558 7.2987691143 -10.2262036294
1.78307736904 7.27766086226 -10.238233283
1.78966026397 7.25022721299 -10.2427375756
1.79193125457 7.21680349681 -10.2417289955
1.79222946599 7.17825515771 -10.2379431944
1.7926020558 7.13587433647 -10.2338315512
1.79403583243 7.0913439696 -10.2306890999
1.79609611062 7.0467590256 -10.2282487264
1.79711152904 7.004619628 -10.2248892671
1.7948322847 6.96768610907 -10.2183637783
1.78730635513 6.93863084971 -10.2067523867
1.77363700042 6.9195208044 -10.1892628838
1.75433707949 6.91127350155 -10.1665729041
1.73115916055 6.91329386445 -10.1405991165
1.70648793979 6.92348020008 -10.1138113291
1.68254901907 6.93868026206 -10.0883872239
1.66074917418 6.95551694103 -10.0655552025
1.64139603376 6.9713497928 -10.0453804724
1.62388062489 6.98505790688 -10.0270550435
1.60721471033 6.99736159536 -10.0095392958
1.59067579862 7.0105421724 -9.99226083849
1.57428185416 7.02762356807 -9.97556338137
1.55890418174 7.05127214275 -9.96071662302
1.54599037229 7.0827785682 -9.94949430537

/group/RPA_014/84
84
posId 84
1.5321561163 7.15551455466 -9.94408735978
1.53301600887 7.19766526639 -9.95030581034
1.53860149321 7.23780130846 -9.96127859423
1.5481947259 7.27264828289 -9.9758326914
1.56088489822 7.29999355861 -9.99272427104
1.57580413953 7.31910789539 -10.0109417793
1.59230271019 7.33074001494 -10.0298909183
1.61000657048 7.33671139809 -10.0494046368
1.62874576729 7.33925776959 -10.0695843238
1.64839109547 7.34033084613 -10.0905387921
1.66867133473 7.34106984553 -10.1121240511
1.6890512633 7.34158204251 -10.1337864004
1.70872847398 7.34106205202 -10.1545740744
1.72676245741 7.33816917645 -10.1733215514
1.74229833667 7.3315080647 -10.1889471781
1.75480851617 7.32004283259 -10.2007614015
1.76426289678 7.30331983611 -10.2086752059
1.77115761325 7.281459439 -10.2132295304
1.77637766312 7.25496898242 -10.2154261403
1.78092516266 7.22449335403 -10.2164082369
1.78559292365 7.19063312013 -10.2170916283
1.7906857176 7.15391974349 -10.2178662158
1.79588048514 7.11496006905 -10.218466041
1.80027480429 7.07467909371 -10.2180512178
1.8026136784 7.0345344766 -10.2154752824
1.80162773394 6.99657159186 -10.2096505336
1.79638024784 6.96323847713 -10.1998924995
1.78651802389 6.93696907913 -10.1861333331
1.77235282868 6.91963867377 -10.1689395474
1.75475525639 6.91206118538 -10.1493362451
1.73490305386 6.91370739648 -10.1285049232
1.71397107225 6.92276804818 -10.1074628408
1.69286531787 6.9365817063 -10.0868350489
1.67208445943 6.95232745159 -10.0667948369
1.65174570189 6.96778760122 -10.0471871873
1.63175440227 6.98194968999 -10.027784322
1.61204793815 6.9952550017 -10.0085754381
1.5928206284 7.00940364381 -9.98998052663
1.57464554748 7.0267620325 -9.9729048637
1.55844709556 7.049544243 -9.95860686564
1.54533148857 7.07901289454 -9.94841783284

/group/RPA_014/87
87
posId 87
1.54006508659 7.21724727864 -9.97612340306
1.54922001474 7.2648404356 -9.99197820479
1.56206484421 7.30353782126 -10.0103593745
1.57764519626 7.33092037666 -10.0299639564
1.59565709626 7.34730153503 -10.0505261126
1.61636960513 7.35496735436 -10.0726339167
1.64012441493 7.35681305083 -10.0970330944
1.66667402669 7.35500963176 -10.1237708378
1.69472528138 7.35025603861 -10.15162892
1.7219769257 7.34185542544 -10.1781723748
1.74570984756 7.32845758432 -10.2004515998
1.76371331609 7.30902042116 -10.2160761282
1.77514254852 7.28348974849 -10.2241798377
1.78089765266 7.25288926306 -10.2258185017
1.78330325032 7.21884388773 -10.2235785542
1.78517206213 7.18285890474 -10.2205260847
1.78861807283 7.14579467093 -10.2189282144
1.79411494377 7.10785607085 -10.2192945834
1.80020888578 7.06912142019 -10.2201582888
1.80402538301 7.03031962983 -10.2186978836
1.80237284361 6.99339236408 -10.2119365244
1.79299180744 6.96144579903 -10.1980050694
1.77543852013 6.9379821466 -10.176934421
1.75125248883 6.92567149503 -10.150656824
1.72336661477 6.92519816973 -10.1222475496
1.69503786768 6.93474958787 -10.0947676568
1.66876574831 6.9504757208 -10.0702279089
1.64564516825 6.96783003819 -10.0491155503
1.62538576883 6.98329368817 -10.0306512119
1.6069236876 6.99577426904 -10.0136032197
1.58929513931 7.00706565453 -9.99723880989
1.57234774509 7.02112677427 -9.98194789872
1.55697072205 7.04242948993 -9.9692497015
1.5447715301 7.07402477835 -9.96119794777
1.53739338428 7.11610569735 -9.95948942371

/group/RPA_014/90
90
posId 90
1.52985444653 7.21274769159 -9.98531345999
1.53898965549 7.26003848948 -10.0012136521
1.55247030928 7.29916704819 -10.0202148117
1.56852189354 7.32672137964 -10.040068814
1.58623956168 7.34227541796 -10.059820539
1.60592672087 7.3481487552 -10.0801070909
1.62867720382 7.34815960625 -10.1025638769
1.65539685989 7.345915818 -10.12861014
1.6857648941 7.34335564901 -10.1582113776
1.71769832278 7.34011089811 -10.1892580463
1.74766572102 7.33389041845 -10.2179310607
1.77179550907 7.32164393857 -10.2399650989
1.78732740576 7.30095794997 -10.2522843999
1.79375490645 7.27108501759 -10.2542802381
1.79310562419 7.23322198073 -10.2481281195
1.78917013118 7.19001828177 -10.2379550662
1.78595816753 7.14463692964 -10.228179177
1.78602038836 7.09985177337 -10.221721758
1.78935622055 7.05758258652 -10.2188616816
1.79338988007 7.01899944844 -10.2172269089
1.79403916233 6.98501379365 -10.2129208844
1.78742809517 6.95677534055 -10.2022852924
1.77151664326 6.93580984289 -10.1835286604
1.74696246699 6.92365076898 -10.1575233215
1.71687120022 6.92112411757 -10.1274548324
1.68557804411 6.92767891681 -10.0975219299
1.65701622613 6.94118937874 -10.0712973672
1.63338464886 6.9584588361 -10.0504862075
1.61466398394 6.9763162441 -10.0346078027
1.59912956434 6.99287548822 -10.0216853313
1.58455873523 7.00838793443 -10.0095615744
1.56953586609 7.02524219601 -9.99718695618
1.55424899607 7.04701203602 -9.98526726471
1.54044212057 7.07687515016 -9.97598639886
1.53060113468 7.1160310333 -9.97197258544

/group/RPA_014/93
93
posId 93
1.52269554271 7.20937099402 -9.996546287
1.53092369866 7.25732802647 -10.0117487079
1.54262658524 7.29635388366 -10.0289555291
1.5571569137 7.32311513461 -10.0470372708
1.57457119299 7.33756908952 -10.0660420476
1.59545108858 7.34254496672 -10.0869596741
1.62035188554 7.34227845725 -10.1109672928
1.64912645614 7.34052002665 -10.1384902749
1.68045293568 7.33899170032 -10.1685125785
1.71182854997 7.33680267638 -10.1984823679
1.74010344576 7.33102359278 -10.224914449
1.76239419101 7.31813629366 -10.2444918375
1.77703660321 7.29572181933 -10.2552413514
1.78419177797 7.26366882459 -10.2573017218
1.78583326937 7.22440601492 -10.2529463808
1.78507628921 7.18208682917 -10.2458122748
1.7850695095 7.14109981734 -10.2396042377
1.78785090086 7.10455518868 -10.236761026
1.79359538539 7.07339182281 -10.2375936267
1.80054007899 7.04646643235 -10.2402265508
1.80561697727 7.02155221762 -10.2413599502
1.80555413265 6.99677687141 -10.2375506547
1.79803131758 6.97184079451 -10.2265125741
1.78246369925 6.94845710116 -10.207940107
1.76014029515 6.92980157589 -10.1835586299
1.73369949792 6.91920303728 -10.1564198332
1.70617815675 6.91865036393 -10.1297574786
1.68002248268 6.92778990229 -10.1058804851
1.65644095025 6.943890118 -10.0855426455
1.63532025049 6.96283964233 -10.0680124659
1.61568535441 6.98079394933 -10.051766621
1.59646504977 6.995788323 -10.0354733186
1.57721453106 7.00862159619 -10.0188238544
1.55848781815 7.02259838501 -10.0028532738
1.54172148397 7.04218359855 -9.98962450457
1.52871081268 7.07107917443 -9.98143145946
1.52093405856 7.11048782654 -9.97988373753

/group/RPA_014/96
96
posId 96
1.51597643419 7.20713546825 -10.0028557726
1.52427277886 7.2535824515 -10.0179640036
1.5359902773 7.29147832617 -10.0349901266
1.55053113273 7.31804904665 -10.0529346557
1.56802998235 7.33334581637 -10.0719334191
1.58912632757 7.3397695757 -10.0929674325
1.61437099299 7.34079687202 -10.1171009212
1.64353898753 7.33944566586 -10.144589977
1.67518707838 7.33709637195 -10.1742788999
1.70670885701 7.33311065601 -10.2035931566
1.73493473749 7.3253459022 -10.2291892464
1.75708436365 7.311293299 -10.2480363013
1.77170748036 7.28932542295 -10.2585037736
1.7792236693 7.25952118042 -10.2610024011
1.7818090491 7.22374198729 -10.2578884687
1.78262805736 7.18496885578 -10.252631087
1.78467098945 7.14622866688 -10.2485411316
1.78962529957 7.1096030012 -10.2475450971
1.79720977693 7.0757567392 -10.2494794224
1.80523141631 7.04417518214 -10.2521814064
1.81035038807 7.01396983746 -10.2523410847
1.80926762921 6.98485047982 -10.246780329
1.79989008386 6.9577813798 -10.2336615611
1.78204358422 6.93497919936 -10.2131644126
1.7574854127 6.91920911947 -10.1873880947
1.7292432325 6.91266348499 -10.1595490715
1.70056353035 6.9159181315 -10.1328199986
1.67388938037 6.92745851565 -10.1092851971
1.65025306278 6.94404503094 -10.0894207172
1.62928317856 6.96183414572 -10.0722756029
1.60976889956 6.97783762727 -10.0562348645
1.59050316457 6.99113074479 -10.0400082796
1.57103111096 7.00329103029 -10.0234094357
1.55199424313 7.01784048127 -10.0075957464
1.53495145275 7.03886113518 -9.99468299398
1.52178954599 7.06929497869 -9.98692091199
1.51400809004 7.1095823972 -9.98580211119

/group/RPA_014/99
99
posId 99
1.51789573962 7.20947214551 -10.0078255625
1.52406779703 7.25324476874 -10.0205875762
1.53407180175 7.28892264728 -10.0356355441
1.54772401969 7.31423670587 -10.0524351585
1.56526470242 7.32936300442 -10.0712389978
1.58712413396 7.33644262586 -10.0927912356
1.61343841993 7.33844647538 -10.1176938595
1.643538371 7.33786119774 -10.1457191653
1.67567704874 7.33571990654 -10.1754003162
1.70718243234 7.33133747434 -10.2041316529
1.73504930971 7.32280773217 -10.2288010951
1.75678965308 7.30800713418 -10.246744964
1.77122749148 7.2856553224 -10.2566600481
1.77891418829 7.2559839548 -10.2590984474
1.78196488255 7.22075399768 -10.2563175435
1.78333198972 7.18265246382 -10.2515048973
1.78575289687 7.14436532677 -10.2476470278
1.79074658803 7.10775070308 -10.2464599264
1.79802961711 7.07347375517 -10.2477851157
1.80557343051 7.04124351648 -10.2496810511
1.81028832852 7.01051190922 -10.2491737894
1.80908620012 6.9812813178 -10.2433788521
1.7999356293 6.954614437 -10.2305683764
1.78253261733 6.93257308294 -10.2107879123
1.75836260296 6.91757386559 -10.185811378
1.73016288682 6.91142344376 -10.1584846708
1.70101619303 6.91446201912 -10.1317419923
1.67342990971 6.92522363694 -10.1076913972
1.64873675607 6.94081822314 -10.0871159675
1.62700479076 6.95793559655 -10.0695502159
1.6074326583 6.97409451743 -10.0538489529
1.58901800348 6.9886305952 -10.0389696061
1.57119780384 7.00299626633 -10.0246183529
1.55419984851 7.02020796708 -10.0114901074
1.5389903864 7.04361643548 -10.0010230714
1.52688659486 7.07545670955 -9.99480495567
1.51904328533 7.11573786326 -9.9939160152

