/group/RPA_015/0
0
posId 0
1.69602953402 7.02157043264 -11.2490063879
1.72321750237 7.01304573173 -11.2836347619
1.74687686183 7.00169574282 -11.3136255036
1.76618972892 6.98542294828 -11.3378510677
1.78078966738 6.96249004689 -11.3557771982
1.79076816466 6.93209217505 -11.3674921168
1.79657893313 6.89475283103 -11.3735979775
1.79886890189 6.8524308358 -11.374997575
1.79828508213 6.80829452132 -11.3726379131
1.79531187241 6.76620214733 -11.3672821802
1.79018234673 6.73000223747 -11.3593702326
1.78288324543 6.70281393242 -11.3489987675
1.77324429902 6.68645307263 -11.336015185
1.76107723061 6.68113324005 -11.3201853187
1.74631606593 6.68550260362 -11.3013750918
1.72911226192 6.69699581203 -11.2796855979
1.70985471425 6.71240711525 -11.2554997111
1.68911037462 6.72854502122 -11.229429645
1.6675076391 6.74282051661 -11.2021885442
1.64560336198 6.75364981204 -11.1744342697
1.62377937858 6.7606081753 -11.1466420301
1.60220429658 6.76433660065 -11.1190518762
1.58087443172 6.76625951124 -11.0917110138
1.55972128409 6.76820526354 -11.0645980834
1.53875049039 6.77202577855 -11.0377878575
1.51816604525 6.77929018397 -11.0115997064
1.49843740062 6.79109035524 -10.9866767364
1.48028464358 6.80795760923 -10.9639637046
1.46458269444 6.82986213967 -10.944583883
1.45221109884 6.8562573428 -10.9296476429
1.44389326649 6.88613985553 -10.9200480503
1.44007235697 6.91811604269 -10.9163037913
1.44085931619 6.95048611834 -10.9184954608
1.44606554527 6.98136770803 -10.9263120514
1.45530571565 7.00887541474 -10.9391896284
1.4681340079 7.03135249955 -10.9564948582
1.48416675063 7.04762243185 -10.977691784
1.5031494712 7.05720325803 -11.0024358092
1.52494523396 7.06041798089 -11.0305627361
1.54944785888 7.05834664443 -11.0619754958
1.57644962608 7.05260045256 -11.096465899
1.60550995129 7.04494687614 -11.1335322011
1.63587365795 7.03686323583 -11.1722577949

/group/RPA_015/3
3
posId 3
1.68623065666 7.02028324989 -11.2599941933
1.71385796826 7.01166557315 -11.2945077627
1.73732143926 7.00048743217 -11.3236680112
1.75601509333 6.98450673885 -11.3466224079
1.76990433892 6.96186331116 -11.3632542336
1.77941057647 6.93167945064 -11.3740606068
1.78519864033 6.89445595758 -11.3798998981
1.78793605056 6.85216002805 -11.3816914765
1.78809801078 6.80797592277 -11.3801599172
1.78587303606 6.76577105434 -11.375694974
1.78118801328 6.72939800003 -11.3683557713
1.77383094767 6.70198982082 -11.3579979651
1.76361841974 6.6854035975 -11.3444631295
1.75054314368 6.67992764362 -11.3277534003
1.73484829437 6.68430333428 -11.3081260973
1.71700477986 6.69604052995 -11.2860774448
1.69760447903 6.71194429756 -11.2622285839
1.67721340594 6.72873367714 -11.237164647
1.65624289859 6.74362651391 -11.2112952378
1.63488948191 6.75478534036 -11.1847960855
1.61316798272 6.76155882656 -11.1576603052
1.59102735958 6.76449924452 -11.1298452049
1.56850730999 6.76517743509 -11.1014625775
1.54587741918 6.76584556485 -11.0729409891
1.52370538672 6.76901230982 -11.0450951574
1.50282513593 6.77699721595 -11.0190682139
1.48421080539 6.7915253464 -10.9961568175
1.46879620054 6.81341413494 -10.9775710878
1.4572991804 6.84239367382 -10.9642060075
1.45010936929 6.87708890623 -10.9564990693
1.44727562515 6.91517523991 -10.9544205811
1.44859440735 6.95369628911 -10.9575976259
1.45376396311 6.98950465419 -10.9655258867
1.46254500386 7.01975831484 -10.9777918433
1.47486515477 7.0423838335 -10.9942227344
1.49082359249 7.05641147794 -11.0149055741
1.51058769589 7.0621026413 -11.0400617819
1.53421313538 7.06082741967 -11.0698154142
1.56144882745 7.05470399354 -11.103932944
1.59159784984 7.04606949246 -11.1416270163
1.62349084669 7.03689895875 -11.1815000709

/group/RPA_015/6
6
posId 6
1.62725716189 7.02588992175 -11.2503436862
1.65933786735 7.01354673999 -11.2893653808
1.68828651174 7.00111050645 -11.3245219011
1.7128198718 6.9888374664 -11.3542422396
1.73247584179 6.97618288644 -11.3779334406
1.74762695995 6.96193975177 -11.3960032013
1.75927809357 6.94457230279 -11.409624708
1.76870498261 6.92267072477 -11.4203104591
1.77703510442 6.895417216 -11.4294154676
1.78488843304 6.86294486515 -11.4377097222
1.792178429 6.82649261855 -11.4451394686
1.79812787732 6.78830724425 -11.4508425462
1.80149304325 6.75130468757 -11.4534102589
1.80093051798 6.71856274408 -11.4513179474
1.79540095894 6.69275908759 -11.4433987102
1.78449411229 6.67568245405 -11.4292232072
1.76858272035 6.66792675555 -11.4092763281
1.74876235704 6.66883301788 -11.3848805409
1.72659558751 6.67668421493 -11.3578888166
1.70373444937 6.68909891081 -11.330236042
1.68152918848 6.70352614263 -11.303477813
1.66073387024 6.71772661514 -11.2784480707
1.64139041568 6.73013719007 -11.2551317135
1.62292043182 6.74005211427 -11.2327855479
1.60439418219 6.74760441199 -11.2102690795
1.58489559021 6.75358032208 -11.1864865616
1.56387578857 6.75913553396 -11.1608107259
1.54139282132 6.76549579498 -11.1333654965
1.51816985972 6.77371448602 -11.105087401
1.49545827184 6.78453113152 -11.0775507183
1.47474912019 6.7983376882 -11.0526103728
1.45742035094 6.81522578613 -11.0319690086
1.44442436696 6.83506794582 -11.0167952999
1.43610692448 6.85758439349 -11.0075035413
1.43220764732 6.88236342321 -11.0037551526
1.43203711761 6.90883057531 -11.0046756779
1.43477199055 6.93619005417 -11.0092161008
1.43977384162 6.96338052748 -11.0165440295
1.44683016723 6.98908967919 -11.026341424
1.45623938245 7.01185609959 -11.0389137342
1.46870894248 7.03025785631 -11.0550723604
1.4850928971 7.04315372754 -11.0758214171
1.5060452896 7.04991681481 -11.1019404247
1.5316938229 7.05059067066 -11.1335886758
1.5614355319 7.04591000092 -11.1700542249

/group/RPA_015/9
9
posId 9
1.55902852387 7.00427213168 -11.2600353104
1.59396361637 6.99930099153 -11.3016297136
1.62846338518 6.99143166813 -11.3425667697
1.66051854514 6.98149696023 -11.3804798725
1.68851168178 6.97010639443 -11.4134611167
1.71147631461 6.95756499936 -11.4403676596
1.72924556469 6.94386250778 -11.4609992142
1.74245325528 6.92873078232 -11.4761020644
1.75238064706 6.91175447045 -11.4871907581
1.76067521045 6.89251075975 -11.4962179572
1.76899628587 6.87071020329 -11.5051567999
1.77865952353 6.84631231922 -11.515580617
1.79035349273 6.81959624347 -11.5283269466
1.80398720717 6.79117639804 -11.5433157108
1.81869964957 6.76196369994 -11.559558798
1.83302783579 6.73308208709 -11.5753573657
1.84519627959 6.70575640272 -11.5886431509
1.85346544715 6.68119013087 -11.5973899337
1.85646551115 6.66045023025 -11.6000077319
1.85344677031 6.64437229793 -11.5956381751
1.84439806867 6.63349392523 -11.5842931577
1.83001461652 6.62801887347 -11.5668146285
1.81152974793 6.62781076128 -11.5446728565
1.79045377282 6.63241287994 -11.5196546885
1.768280861 6.64109041486 -11.4935145838
1.74622819762 6.65289204909 -11.4676651972
1.72506032985 6.66672866822 -11.4429707662
1.70502896484 6.68146674367 -11.4196794167
1.68593030848 6.69603241302 -11.3974967044
1.66725525321 6.7095193768 -11.3757705024
1.64838860641 6.72129020474 -11.3537342974
1.6288062477 6.73105766448 -11.3307470664
1.60822469042 6.73893156415 -11.3064745478
1.58667384816 6.74541838129 -11.2809763473
1.56448613053 6.75136605597 -11.2546902893
1.54221726125 6.75785433307 -11.2283324611
1.52053063859 6.76604067268 -11.2027515198
1.50008359256 6.77698110527 -11.1787840923
1.48144922826 6.79145236346 -11.1571528437
1.4650933979 6.80980432857 -11.1384319752
1.45140695616 6.83186919918 -11.1230815763
1.44077443684 6.85694581542 -11.1115291161
1.43364712471 6.88386542709 -11.1042600212
1.43058506768 6.91113104462 -11.1018745226
1.43224011808 6.93710909892 -11.1050763539
1.4392688317 6.9602421955 -11.1145784581
1.45218562825 6.97924741272 -11.1309364906
1.47118718113 6.99326690199 -11.1543456346
1.49599274601 7.00194618693 -11.1844531035

/group/RPA_015/12
12
posId 12
1.55387763599 6.9768358839 -11.3640253248
1.5846567808 6.9713064297 -11.3992026493
1.61516041036 6.9628468995 -11.4339090856
1.64397062748 6.95222478454 -11.4665509735
1.66996005403 6.94015326833 -11.495866575
1.69247633554 6.9272067372 -11.5211342549
1.71144399887 6.91374861675 -11.5422860735
1.72735271412 6.89988106912 -11.5598916272
1.74112583911 6.88542749393 -11.5750056555
1.75389104378 6.8699577238 -11.5889050508
1.76669909099 6.85286144468 -11.6027686535
1.78025140237 6.8334677889 -11.6173695871
1.7946979457 6.8111994009 -11.6328504309
1.80955351323 6.78573959826 -11.6486354986
1.8237553298 6.75718402151 -11.6635051612
1.83585370952 6.72614567661 -11.67582104
1.84429732226 6.69378599998 -11.683856346
1.84775257648 6.66175469088 -11.686160755
1.8453879237 6.63203623541 -11.6818799759
1.83706073027 6.6067186291 -11.6709589744
1.82336532387 6.58771629234 -11.6541828292
1.80553118779 6.57649097291 -11.6330448086
1.78519312928 6.57381866942 -11.6094693318
1.7640830975 6.57964583405 -11.5854493215
1.7437098663 6.59306469501 -11.5626758103
1.7250943805 6.6124176936 -11.5422384479
1.70861504024 6.63551841674 -11.5244587897
1.69399190998 6.65995538869 -11.5088880066
1.68040779669 6.68342983001 -11.4944640878
1.66673456623 6.70407206851 -11.4797891918
1.65181166669 6.72068501576 -11.4634633369
1.63471522557 6.73287628029 -11.4444013996
1.61496177199 6.7410604646 -11.4220679834
1.59260868247 6.74633604566 -11.396586717
1.56823907621 6.75026253783 -11.3687111817
1.54284568154 6.75457939094 -11.3396763725
1.51764971887 6.76091554752 -11.3109747903
1.49390219998 6.77053680886 -11.2841142513
1.47271402877 6.78416807272 -11.260412805
1.45494886588 6.80191163641 -11.2408710042
1.44119267663 6.82326461532 -11.2261377274
1.43179179764 6.8472217802 -11.2165594271
1.42693313684 6.87243781757 -11.2122810402
1.42673047349 6.89741698948 -11.2133553611
1.43128206783 6.92069872931 -11.2198191436
1.44067628706 6.94101375364 -11.2317077565
1.45494031393 6.95739467101 -11.2490018722
1.47394699361 6.96923529444 -11.2715232316
1.49731080589 6.97630161993 -11.2988153476

/group/RPA_015/15
15
posId 15
1.48197554128 6.85328021913 -11.3941664166
1.48313708008 6.88063496085 -11.397061522
1.49307573891 6.90639557304 -11.4094586223
1.51012955964 6.9271987081 -11.4293407593
1.53195837894 6.94042384551 -11.4539935713
1.55604980676 6.94473857965 -11.4805909129
1.58020137763 6.94031300211 -11.5067347641
1.60287333017 6.92866735365 -11.5308319009
1.62334707111 6.9122130879 -11.552239891
1.64167786147 6.89362326279 -11.5711779581
1.65848171932 6.87520400378 -11.5884566456
1.67463252168 6.85842660581 -11.6051188379
1.69095747561 6.84372523658 -11.6220947774
1.70800635585 6.83058541985 -11.6399550108
1.72593813049 6.81786717968 -11.6588056257
1.74452877333 6.8042470305 -11.6783230507
1.76326868604 6.78864083144 -11.6978856956
1.78149746412 6.77048922425 -11.7167382586
1.79852276263 6.74984078593 -11.7341266319
1.81368726683 6.72723727478 -11.7493643077
1.82637599291 6.70346843704 -11.7618257946
1.83598479716 6.67930136937 -11.770896108
1.84188970116 6.65529042379 -11.7759259377
1.84345863018 6.63173875534 -11.7762421976
1.84013135249 6.60882380618 -11.7712428851
1.83156489188 6.5868357734 -11.7605702381
1.81781015052 6.56643137249 -11.7443189263
1.79946215345 6.54879088599 -11.7232096552
1.77772037497 6.53559042265 -11.6986534775
1.75431106517 6.5287573166 -11.6726523352
1.73125770607 6.53004810931 -11.6475230102
1.7105298031 6.54055351118 -11.6254837118
1.69364144351 6.56027218004 -11.6081898281
1.68129655739 6.5878916694 -11.5963330495
1.67317845551 6.62086893279 -11.5894160366
1.66795451532 6.65582548919 -11.58578102
1.66351812609 6.68918475429 -11.5829122005
1.65743110057 6.71790607725 -11.5779630802
1.64747616674 6.74013342412 -11.5683990807
1.63219564027 6.75558851459 -11.5526098715
1.61128887889 6.76559724815 -11.5303455071
1.58576981041 6.77272977661 -11.5028672816
1.55784030787 6.78013440465 -11.4727697085
1.5305020358 6.79072656882 -11.44350794
1.50699167168 6.80643407925 -11.4187354127

/group/RPA_015/18
18
posId 18
1.66946774814 6.66131623795 -11.6835485883
1.67706280833 6.71845103997 -11.6951862414
1.6920389319 6.75784193749 -11.7130750924
1.71292721046 6.77061548753 -11.7351146576
1.73514105215 6.76160779869 -11.7569930834
1.75355285411 6.74286809781 -11.7743485284
1.76687964275 6.7231301656 -11.7864844616
1.77881872901 6.70345524418 -11.7972191462
1.79388929557 6.68150436436 -11.8109685622
1.81187066717 6.6576219096 -11.827532965
1.82677953032 6.6353252252 -11.8410947174
1.83179801391 6.61662702884 -11.8448869809
1.82522446753 6.59904363181 -11.8370146831
1.81138780146 6.57865223129 -11.8215917285
1.79586067228 6.5556463919 -11.8042760062
1.7802876374 6.53543665797 -11.787106832
1.7621922202 6.52371192663 -11.767968558
1.73943088393 6.5214430022 -11.7447570285
1.71403399922 6.52612073696 -11.7193555649
1.69135125947 6.53780526717 -11.6971870056
1.67593729643 6.56199730921 -11.6832444965

/group/RPA_015/21
21
posId 21
1.63994866048 6.6282717993 -11.7239345516
1.64551739679 6.66522193293 -11.732007069
1.66454551895 6.68960969356 -11.7511603195
1.69006945118 6.70506439615 -11.7754238669
1.71252027475 6.71280941749 -11.7962820303
1.729473085 6.7103765445 -11.8113468985
1.7468596184 6.69808207765 -11.8259862437
1.76966903012 6.68144117 -11.8451492637
1.79389337224 6.66448012174 -11.8655599515
1.80995862183 6.64373647483 -11.878310254
1.8129827012 6.6132726281 -11.8785124383
1.8066967886 6.57541522273 -11.8697190142
1.79678268913 6.54221664348 -11.858043907
1.78332613596 6.52383471377 -11.8444049307
1.76239431617 6.51801132481 -11.8250736721
1.733732715 6.51472846216 -11.7989918978
1.70347697505 6.51074259822 -11.7714164063
1.67834673206 6.51535091421 -11.7491676946
1.65983981693 6.53954485613 -11.7345041732

/group/RPA_015/24
24
posId 24
1.63617799366 6.61457017282 -11.7701487938
1.64728243792 6.66639757675 -11.7840815032
1.67804838951 6.6775113252 -11.8094341405
1.71422632301 6.66521658394 -11.8367098997
1.74622329078 6.66361161996 -11.8617604766
1.77367873655 6.66540859307 -11.8835729212
1.7929079685 6.64179628762 -11.8963625639
1.79685179048 6.59784863471 -11.8950747603
1.78829472739 6.56249211365 -11.884796447
1.77719028313 6.54112796117 -11.8739103811
1.76414978745 6.52057990425 -11.8615804773
1.74168176878 6.50431590648 -11.8422508787
1.71134809258 6.50368805182 -11.8182875393
1.68389264681 6.51204549586 -11.7974906426
1.66300012328 6.5235301055 -11.7821775608

/group/RPA_015/27
27
posId 27
1.6484008041 6.60416180107 -11.8148886375
1.66016489382 6.65841761189 -11.8295472803
1.69429215187 6.66541500421 -11.8539314178
1.7320868049 6.65397486941 -11.8786213931
1.76091452365 6.65405986724 -11.8985163
1.77878436539 6.6359898813 -11.9086629691
1.78325797309 6.58917506122 -11.9061021872
1.77592318312 6.55263949898 -11.8966360938
1.76415909339 6.53455062807 -11.8863397244
1.74832450232 6.51189756941 -11.8726851136
1.72475201493 6.49526209031 -11.8544189014
1.69918858481 6.50077749931 -11.8374511137
1.67805445445 6.51518729086 -11.8246113441

/group/RPA_015/30
30
posId 30
1.63511683559 6.55832977049 -11.8296526761
1.64340769794 6.60813183389 -11.8419262071
1.66291584562 6.63876046827 -11.8582649526
1.68304047434 6.64756997413 -11.8718184947
1.71475466616 6.64935059022 -11.8914239386
1.75089051106 6.64609507769 -11.912997176
1.76870519786 6.62324540519 -11.9205545427
1.76943168868 6.58212020424 -11.915039267
1.76573652643 6.54506409194 -11.9074160869
1.7538387228 6.52257458817 -11.8968993314
1.73287759349 6.50503952973 -11.8815712639
1.71253294523 6.48913082701 -11.8668549213
1.6882308667 6.48744640743 -11.8517852248

/group/RPA_015/33
33
posId 33
1.65058074325 6.54464388358 -11.8641214892
1.66491746164 6.59962175183 -11.8815697556
1.68642253921 6.62175549683 -11.897297526
1.70075925759 6.63651132683 -11.9077827063
1.74018523314 6.63686782108 -11.9296538661
1.75452195152 6.61140161283 -11.9331759603
1.75810613111 6.57486853208 -11.9288341694
1.75452195152 6.53095753632 -11.9192497882
1.74018523314 6.51620170632 -11.9087646079

/group/RPA_015/36
36
posId 36
1.66248638085 6.51544900741 -11.8961273681
1.68669818522 6.59958052515 -11.9261037564
1.72604236732 6.57885557479 -11.9424556298
1.74117474505 6.55396795326 -11.9452678172
1.71696294068 6.54980528209 -11.9317281312

/group/RPA_015/39
39
posId 39
2.04241497026 6.0400542012 -12.0221569145
2.06347081817 6.07547261372 -12.0418378946
2.08571487967 6.10223353723 -12.0600473871
2.11009178791 6.11834278916 -12.0768001034
2.13796557168 6.12305654392 -12.092634797
2.16941569467 6.11735504375 -12.1078308774
2.20229523877 6.10380709189 -12.1218791358
2.23273613685 6.08566392429 -12.1335284927
2.25690371921 6.06551557598 -12.1413852563
2.27300485343 6.04420611119 -12.144708778
2.28232782692 6.02067719714 -12.1439216788
2.28859484886 5.99295800746 -12.1405084127
2.29586641997 5.95987148225 -12.1363240883
2.30610029571 5.92255254195 -12.1326756582
2.31772712432 5.88487139768 -12.1296736988
2.32609124431 5.85236934523 -12.12620689
2.32559425057 5.83009467818 -12.1205475238
2.31243744547 5.82035508381 -12.1112524536
2.28652101034 5.82152561274 -12.0978753211
2.25151656461 5.8285782957 -12.0811331346
2.21312739235 5.83516325623 -12.0624934968
2.1765243036 5.83630474913 -12.0434763062
2.14435037481 5.83047783077 -12.0251052392
2.1163090826 5.82015075496 -12.0078220811
2.09042041181 5.81063533056 -11.9918702594
2.06509011383 5.80787890984 -11.9778505415
2.04072329172 5.81625399864 -11.9670359667
2.0199451929 5.83726861446 -11.9611757337
2.00635386316 5.86955302034 -11.9618344994
2.00260307414 5.90981903527 -11.9696143261
2.00898685245 5.95409742257 -11.9837084079

/group/RPA_015/42
42
posId 42
2.02354663106 5.95931968774 -12.034315423
2.03907699451 6.0069721355 -12.0562414358
2.05570874024 6.04347797257 -12.0756658893
2.07185403107 6.0674003759 -12.0913063573
2.09020731608 6.0808491161 -12.1052473144
2.11454778602 6.08681686934 -12.1204217785
2.14585031707 6.08713763507 -12.1378829232
2.18071333622 6.08216260656 -12.1558410943
2.21326097652 6.0717595442 -12.1709985074
2.23898786064 6.05633342934 -12.1809679648
2.25753771263 6.03686278447 -12.1858250087
2.27225356688 6.01407007262 -12.1876266339
2.28684586348 5.9877715098 -12.1883806532
2.30176977414 5.95736051525 -12.188170275
2.3131617331 5.9233242698 -12.1849874343
2.31524802849 5.88856778727 -12.1764392156
2.30447271546 5.85813810607 -12.161961647
2.28223187154 5.83699730551 -12.1437151919
2.25410207845 5.82706878057 -12.1253317383
2.22608065352 5.82565019417 -12.1093848922
2.20063455517 5.82665390075 -12.095543687
2.1755480441 5.82429815964 -12.080963885
2.14648959914 5.81707512293 -12.0628205983
2.11141708698 5.80938338747 -12.0412088732
2.07350597848 5.809551918 -12.0202168899
2.04031170531 5.82526536809 -12.0061835911
2.01962385561 5.85909721725 -12.00415053

/group/RPA_015/45
45
posId 45
2.03175372088 5.97685012328 -12.0888832031
2.04629967958 6.0263538773 -12.1121519729
2.06758368102 6.05914782945 -12.1342168427
2.09176319384 6.07498284987 -12.1528086224
2.11538904276 6.08046972926 -12.1679562958
2.13667892792 6.08247404185 -12.1807175604
2.15611915403 6.08303856415 -12.1919875528
2.17579194569 6.07946233741 -12.2021386795
2.19764624879 6.06844461031 -12.2112859491
2.22176264111 6.04991674637 -12.2194546202
2.24580090906 6.0270401104 -12.2262641576
2.26605650434 6.00280080991 -12.2305020865
2.27941107253 5.97694766439 -12.2303120639
2.2848108387 5.94665544439 -12.2242384411
2.28326647686 5.91061565882 -12.2124627345
2.27647882896 5.8726886149 -12.1971229137
2.26520648538 5.84119264249 -12.1811665241
2.24863611586 5.82363242319 -12.1663976808
2.22521333291 5.82097584128 -12.1522214779
2.19429152753 5.82655926234 -12.1362544799
2.15740186522 5.83118796207 -12.116591559
2.11830543058 5.83077697872 -12.0941453122
2.08189474924 5.83038319639 -12.0732376893
2.05272307358 5.84101727948 -12.0597966169
2.03396223499 5.8713041299 -12.0582401441

/group/RPA_015/48
48
posId 48
0.0514324426364 6.87907779261 -11.2825994688
0.0578481136204 6.90724720407 -11.2949436051
0.0610674168753 6.93761921157 -11.3061418559
0.0613131230575 6.96994341951 -11.3162442239
0.0588891029946 7.00394975548 -11.3253409454
0.0541632057557 7.03935425304 -11.333554498
0.0475478609414 7.07586528906 -11.3410304491
0.039479282335 7.11319005009 -11.347927577
0.0303962033183 7.15104098475 -11.3544077201
0.0207190870961 7.18914199229 -11.3606258159
0.0108307263696 7.22723410121 -11.366720576
0.0010590790267 7.26508040759 -11.3728062097
-0.00833691825326 7.30247006815 -11.3789655555
-0.0171779531646 7.33922117931 -11.3852449162
-0.0253709148496 7.37518241745 -11.391650809
-0.0329111831797 7.41023336673 -11.3981487601
-0.0398805604437 7.444283516 -11.4046641761
-0.0464409698736 7.47726996422 -11.4110852341
-0.0528242334954 7.50915393091 -11.4172676421
-0.0593184154777 7.53991622286 -11.4230410375
-0.0662513688737 7.56955185722 -11.4282167232
-0.0739722468503 7.59806408279 -11.4325963793
-0.0828318288096 7.6254580735 -11.435981351
-0.0931625634133 7.6517345885 -11.4381820872
-0.105259242225 7.67688390233 -11.4390273028
-0.119361189055 7.70088030378 -11.4383724512
-0.135636782456 7.72367744504 -11.4361071258
-0.154171025229 7.74520479245 -11.4321610632
-0.174956739848 7.76536538904 -11.4265084792
-0.197889808346 7.78403508735 -11.4191705504
-0.222768696608 7.80106335169 -11.4102159325
-0.249298313892 7.8162756641 -11.3997592986
-0.277098067214 7.82947749993 -11.3879579668
-0.305713785315 7.84045977083 -11.3750067702
-0.334633016356 7.84900556751 -11.3611314023
-0.363303054831 7.85489797397 -11.3465805341
-0.391150932839 7.85792867322 -11.3316170541
-0.417604524121 7.8579070224 -11.316508817
-0.442113859953 7.85466924541 -11.301519309
-0.464171746079 7.84808737559 -11.2868986336
-0.483332799944 7.83807757896 -11.2728752093
-0.499230096022 7.82460750204 -11.2596485319
-0.511588711058 7.80770231603 -11.2473833043
-0.520235595931 7.78744917009 -11.236205174
-0.52510536066 7.76399982023 -11.2261982403
-0.526241736692 7.73757126319 -11.2174044152
-0.523794668332 7.70844427634 -11.2098246335
-0.518013174651 7.67695984021 -11.2034218257
-0.50923430611 7.6435134987 -11.1981254837
-0.497868688533 7.60854778869 -11.1938375803
-0.484383293414 7.57254294393 -11.1904395402
-0.469282191614 7.53600614382 -11.1877999138
-0.453086131987 7.49945963432 -11.1857823736
-0.436311833784 7.46342809248 -11.1842536422
-0.419451889759 7.42842563737 -11.1830909609
-0.402956145442 7.39494290622 -11.1821887375
-0.38721535045 7.36343461515 -11.1814640452
-0.372547773178 7.33430800946 -11.1808607042
-0.359189335294 7.30791257841 -11.1803517442
-0.347287663269 7.28453136616 -11.1799401219
-0.336900277647 7.26437415519 -11.1796576541
-0.327996954844 7.24757273302 -11.1795622105
-0.320466109103 7.23417838067 -11.1797332967
-0.3141248622 7.2241616443 -11.1802662347
-0.308732303506 7.21741437276 -11.1812652219
-0.304005300453 7.21375392724 -11.1828356022
-0.299636105587 7.21292939629 -11.1850757301
-0.295310926354 7.21462958468 -11.1880688321
-0.290728581071 7.21849248863 -11.1918752769
-0.28561836117 7.22411592597 -11.1965256539
-0.279756255891 7.23106895885 -11.2020150321
-0.272978769653 7.23890372967 -11.2082987196
-0.265193671071 7.24716732836 -11.2152897848
-0.256387151275 7.25541332091 -11.2228585226
-0.246627031667 7.26321259406 -11.2308339662
-0.236061840465 7.27016320844 -11.2390074502
-0.224915765264 7.27589899983 -11.2471381434
-0.213479677252 7.28009672416 -11.2549603743
-0.202098603122 7.28248160302 -11.2621924928
-0.191156185253 7.28283119118 -11.2685469327
-0.181056811965 7.28097755249 -11.2737410841
-0.172206211219 7.27680779289 -11.2775085359
-0.164991378141 7.27026305716 -11.2796102252
-0.159760745454 7.26133614698 -11.2798450239
-0.156805504603 7.25006795931 -11.2780593035
-0.15634294386 7.236542976 -11.2741550575
-0.158502589676 7.22088405535 -11.2680962071
-0.163315822317 7.20324678506 -11.2599127894
-0.170709491319 7.18381365255 -11.2497028051
-0.180503886725 7.16278827423 -11.2376315986
-0.192415235727 7.140389901 -11.2239287388
-0.206062699332 7.11684838429 -11.208882474
-0.220979648376 7.09239974731 -11.1928319296
-0.236628811224 7.067282462 -11.1761573134
-0.252420714925 7.04173448562 -11.1592684746
-0.267734694867 7.01599106436 -11.1425922334
-0.281941631674 6.99028326697 -11.1265589491
-0.294427493201 6.96483717151 -11.11158883
-0.304616717782 6.93987359437 -11.0980785011
-0.311994474194 6.91560822474 -11.0863883381
-0.31612687434 6.89225201029 -11.0768310475
-0.316678294818 6.87001163194 -11.0696619243
-0.313425079897 6.84908990783 -11.0650711539
-0.306265046192 6.82968597738 -11.0631784434
-0.295222382133 6.81199513664 -11.064030173
-0.280447725829 6.7962082235 -11.067599163
-0.262213405023 6.78251048468 -11.0737870414
-0.240904023917 6.77107989428 -11.0824290996
-0.217002775102 6.76208493308 -11.093301422
-0.191074032455 6.75568187824 -11.106129988
-0.163742934862 6.75201169009 -11.1206013674
-0.135672794669 6.75119661729 -11.1363745714
-0.107541253231 6.75333666869 -11.1530935767
-0.0800161553706 6.75850612123 -11.1704000224
-0.0537321225768 6.76675024474 -11.1879455739
-0.0292687713488 6.77808242704 -11.2054034716
-0.00713144946271 6.79248187558 -11.2224788192
0.0122647474927 6.80989205501 -11.2389172274
0.0286070595134 6.83021999466 -11.2545114979

/group/RPA_015/51
51
posId 51
0.0503284007246 6.92505485562 -11.3635645969
0.045147452875 6.96606232077 -11.372863727
0.0384384070604 7.00773425627 -11.3815120266
0.0307514180988 7.04950217752 -11.389646059
0.02261042724 7.0908642119 -11.3974076153
0.0144864400599 7.13140096442 -11.4049335931
0.00677432717946 7.17078687341 -11.412346493
-0.000225737653826 7.2087965772 -11.4197460062
-0.00632133973704 7.2453060633 -11.4272021061
-0.0114348170148 7.28028863411 -11.4347499695
-0.0156039357099 7.31380598156 -11.4423869515
-0.0189763270372 7.34599490634 -11.4500717303
-0.0217980844044 7.37705043183 -11.4577256225
-0.0243972161599 7.40720623845 -11.4652359583
-0.0271629047354 7.43671347118 -11.4724613009
-0.0305217260237 7.46581904655 -11.4792382045
-0.0349121229755 7.49474460033 -11.4853891317
-0.0407584980452 7.52366717453 -11.4907310981
-0.0484462873567 7.55270264346 -11.495084586
-0.0582993062345 7.58189272975 -11.4982822629
-0.0705605157814 7.61119626985 -11.5001770632
-0.0853771616979 7.64048516521 -11.5006492339
-0.102790990802 7.66954521107 -11.4996120105
-0.122733971365 7.69808174335 -11.4970156691
-0.145029645775 7.72572979758 -11.4928497916
-0.169399944295 7.75206824542 -11.4871436806
-0.195477002925 7.77663717539 -11.4799649609
-0.222819271718 7.79895762555 -11.4714164978
-0.250930985881 7.81855266381 -11.4616318486
-0.279283911486 7.83496875303 -11.4507695368
-0.307340178748 7.84779633416 -11.4390064905
-0.33457498301 7.8566886124 -11.4265310203
-0.36049796784 7.86137763393 -11.4135357249
-0.384672203116 7.86168688947 -11.4002106997
-0.406729827468 7.85753986671 -11.3867373943
-0.426383629548 7.84896418661 -11.373283413
-0.44343408431 7.83609118705 -11.3599984858
-0.457771624999 7.81915104905 -11.3470117608
-0.46937420371 7.7984637839 -11.3344304817
-0.478300458047 7.77442660172 -11.322340031
-0.484679043625 7.74749835359 -11.3108052309
-0.488694898633 7.71818187088 -11.299872724
-0.490573366051 7.68700511174 -11.2895741874
-0.49056320278 7.65450206013 -11.2799300926
-0.4889195475 7.62119430839 -11.2709536902
-0.485887898578 7.58757418972 -11.2626548945
-0.481690071417 7.55409021806 -11.2550437547
-0.476512966374 7.52113544533 -11.248133232
-0.470500791992 7.4890391692 -11.2419410542
-0.463751164912 7.45806222837 -11.236490483
-0.456315260246 7.42839591804 -11.231809909
-0.448201929157 7.40016435751 -11.2279312692
-0.439385448547 7.37342995547 -11.2248873685
-0.429816335981 7.34820145711 -11.2227082661
-0.419434464748 7.3244439291 -11.2214169615
-0.408183560946 7.30208995092 -11.2210246707
-0.396026065819 7.28105123811 -11.2215260286
-0.382957308391 7.2612299263 -11.2228945729
-0.369017958331 7.24252879487 -11.2250788681
-0.354303816106 7.22485980022 -11.2279996055
-0.338972142369 7.2081504176 -11.2315479728
-0.32324392343 7.19234744735 -11.2355855271
-0.307401703976 7.17741811777 -11.239945725
-0.29178287888 7.16334850235 -11.2444371757
-0.276768608584 7.15013945163 -11.2488485855
-0.262768791534 7.13780041007 -11.2529552625
-0.250203777364 7.1263416346 -11.2565269552
-0.239483721393 7.11576544617 -11.2593367143
-0.230986651756 7.10605722081 -11.2611703901
-0.225036434801 7.09717685888 -11.2618363301
-0.221881874945 7.08905145659 -11.2611748021
-0.221678167943 7.08156984441 -11.2590666668
-0.224471841381 7.07457955483 -11.2554408355
-0.230190166552 7.06788664249 -11.2502800932
-0.238635818768 7.06125861172 -11.2436249312
-0.24948730893 7.05443051775 -11.2355751192
-0.262305420644 7.04711411078 -11.2262888471
-0.276545579477 7.03900969646 -11.2159793815
-0.291575770086 7.02982020461 -11.2049092983
-0.306699319653 7.01926680016 -11.1933824724
-0.321181598179 7.00710524624 -11.1817341168
-0.334279462497 6.99314214685 -11.1703192634
-0.345272103699 6.97725016041 -11.1595001594
-0.353491856667 6.95938129018 -11.149633113
-0.358353501726 6.93957742156 -11.1410553597
-0.359380634471 6.91797738867 -11.1340725249
-0.35622779915 6.89482000714 -11.1289472396
-0.348697268162 6.87044269995 -11.1258894204
-0.336749596406 6.84527555828 -11.125048648
-0.320507372134 6.81983090876 -11.1265089884
-0.300251911193 6.79468869058 -11.1302864861
-0.276412982408 6.77047816765 -11.1363294372
-0.249551991247 6.74785670079 -11.1445214205
-0.220339369297 6.72748647213 -11.1546869359
-0.189527202102 6.71001017843 -11.1665993798
-0.157918362743 6.69602678532 -11.1799909784
-0.126333591163 6.68606845569 -11.1945642085
-0.0955780604518 6.68057973039 -11.2100041729
-0.0664089959481 6.67989994955 -11.2259913528
-0.039505859578 6.68424976206 -11.2422141508
-0.0154444829739 6.69372238516 -11.258380652
0.00532366483304 6.7082800557 -11.2742290772
0.02248614597 6.72775586929 -11.2895364697
0.0358775316825 6.75186094658 -11.3041252511
0.0454803954627 6.78019660953 -11.3178673872
0.0514193729958 6.81227100828 -11.3306860278
0.0539486820774 6.84751942327 -11.3425546072

/group/RPA_015/54
54
posId 54
0.0413640590232 6.86119391673 -11.4215004772
0.0457294004567 6.89226502763 -11.432200733
0.0486479430927 6.92502426341 -11.442597084
0.0500601842238 6.95912058322 -11.4525632857
0.04994981578 6.99419097479 -11.4619925622
0.0483439853956 7.02987537276 -11.4708017795
0.0453112493395 7.06583117042 -11.4789342951
0.0409573203153 7.10174659967 -11.4863613418
0.0354188284533 7.13735230734 -11.4930818801
0.0288554185718 7.17243054333 -11.4991209288
0.0214405957267 7.20682149156 -11.5045264653
0.0133517996982 7.24042641498 -11.5093650589
0.00476023386238 7.27320744228 -11.5137164659
-0.00417900750672 7.30518399035 -11.5176674716
-0.0133359781631 7.33642598468 -11.5213053049
-0.022613585492 7.36704420086 -11.5247109743
-0.0319535245612 7.39717819802 -11.5279528844
-0.0413400864579 7.42698244012 -11.5310810791
-0.0508015896286 7.45661129921 -11.5341224324
-0.0604092997821 7.48620369977 -11.5370770622
-0.070273829133 7.51586819287 -11.5399161853
-0.0805391333369 7.54566923985 -11.5425815627
-0.0913743482062 7.57561543937 -11.5449866062
-0.102963822142 7.60565034975 -11.5470191356
-0.115495798522 7.63564644391 -11.5485456928
-0.129150280127 7.66540259306 -11.5494172412
-0.144086661027 7.69464531315 -11.5494760042
-0.160431737323 7.72303383242 -11.5485631394
-0.178268705145 7.75016885803 -11.5465268933
-0.197627722068 7.77560474206 -11.543230855
-0.218478547818 7.79886458166 -11.538561909
-0.240725694195 7.81945764137 -11.5324374988
-0.264206406322 7.83689836599 -11.5248118312
-0.28869167239 7.85072616426 -11.5156806973
-0.31389032258 7.86052509269 -11.5050846428
-0.339456136139 7.8659425567 -11.4931102907
-0.364997735068 7.86670617484 -11.4798897026
-0.390090910167 7.86263801912 -11.4655977509
-0.414292906509 7.85366554854 -11.450447567
-0.437158096331 7.83982868892 -11.4346842174
-0.458254392778 7.82128267422 -11.4185768432
-0.477179711456 7.79829644552 -11.4024095737
-0.49357777092 7.77124659538 -11.3864715818
-0.507152538996 7.7406070396 -11.3710466952
-0.517680678927 7.70693478556 -11.3564030042
-0.525021425802 7.67085233874 -11.3427829098
-0.529123426556 7.63302743866 -11.330394046
-0.53002820149 7.59415093512 -11.3194014755
-0.527870026429 7.5549137004 -11.3099215057
-0.522872186071 7.51598351867 -11.3020174061
-0.515339704115 7.47798289795 -11.2956972285
-0.50564880748 7.44146871317 -11.2909138378
-0.494233523552 7.4069145113 -11.2875671714
-0.481569934594 7.37469619638 -11.285508644
-0.468158716552 7.34508166671 -11.2845475236
-0.454506665846 7.31822480694 -11.2844590176
-0.441107963838 7.2941640498 -11.2849937328
-0.428425942425 7.27282552648 -11.2858881135
-0.416876094865 7.25403062734 -11.286875418
-0.406811024397 7.23750760749 -11.2876967707
-0.39850794158 7.22290669999 -11.2881118232
-0.392159213255 7.2098180535 -11.2879085749
-0.387866336298 7.19779169572 -11.286911942
-0.385637563708 7.18635864424 -11.284990716
-0.385389255426 7.17505224716 -11.282062627
-0.386950868527 7.16342883628 -11.2780973072
-0.390073348029 7.15108681794 -11.2731170444
-0.39444053723 7.13768340691 -11.2671953109
-0.39968310156 7.12294832392 -11.2604531486
-0.405394357731 7.10669392161 -11.2530535874
-0.411147325019 7.08882137104 -11.2451943547
-0.416512270888 7.06932272218 -11.2370992094
-0.421074010727 7.04827884003 -11.2290082889
-0.424448241495 7.02585340396 -11.2211678992
-0.426296240446 7.00228333267 -11.2138201977
-0.426337340352 6.97786615405 -11.2071932184
-0.424358697832 6.95294496972 -11.2014916689
-0.420221996723 6.92789176369 -11.1968888915
-0.413866868007 6.90308986803 -11.1935203214
-0.405310955263 6.87891642399 -11.1914787085
-0.394646703281 6.85572566294 -11.190811282
-0.382035090515 6.83383377967 -11.1915189532
-0.367696657238 6.81350608291 -11.1935575564
-0.351900294567 6.79494698969 -11.1968410352
-0.33495035024 6.77829328632 -11.2012463986
-0.317172671062 6.76361091706 -11.2066201887
-0.298900236853 6.75089538889 -11.2127861433
-0.280459045179 6.74007570623 -11.2195536805
-0.262154880363 6.73102158093 -11.2267268043
-0.244261545773 6.72355350745 -11.2341130167
-0.22701105807 6.71745516016 -11.2415318264
-0.210586200056 6.71248746248 -11.2488224694
-0.19511570991 6.70840360382 -11.2558505008
-0.180672254847 6.70496424103 -11.2625129721
-0.167273202625 6.70195211949 -11.2687419811
-0.154884071393 6.69918538374 -11.2745064589
-0.143424413233 6.69652891779 -11.2798121451
-0.132775775296 6.69390315661 -11.284699786
-0.12279128976 6.69128993805 -11.2892416765
-0.113306374088 6.68873511246 -11.2935367408
-0.10414997936 6.68634778792 -11.2977044149
-0.0951558085092 6.684296255 -11.3018776472
-0.0861729386613 6.68280079797 -11.3061953691
-0.0770753214049 6.68212375129 -11.3107948111
-0.0677696997061 6.68255729476 -11.3158040392
-0.0582015667416 6.68440959013 -11.3213350718
-0.048358895885 6.68798994177 -11.3274779049
-0.0382734871586 6.69359371092 -11.3342957228
-0.0280198979171 6.70148772335 -11.341821513
-0.0177120483173 6.71189688516 -11.3500562299
-0.0074977092285 6.72499266132 -11.3589685756
0.00244881405233 6.74088397941 -11.3684963855
0.0119353997347 6.7596110016 -11.3785495263
0.020761758215 6.78114206683 -11.3890141411
0.0287294963445 6.80537394965 -11.3997580105

/group/RPA_015/57
57
posId 57
0.647582536773 6.18949551037 -11.6515189675
0.679155541276 6.18755343382 -11.6664306992
0.688513312369 6.15059170051 -11.6623794648
0.68092151921 6.10679309313 -11.6484886863
0.682709093879 6.06824236788 -11.6403837665
0.686284243217 6.03142620033 -11.6335525176
0.663137493415 6.00896595098 -11.6170601481
0.627547845091 6.01471712513 -11.6010806372
0.612434382932 6.0403371902 -11.5996906835
0.607534750144 6.07201484998 -11.6046811535
0.590633713316 6.10165704034 -11.60335771
0.576844734607 6.12085569318 -11.6011173351
0.586153978276 6.13469383243 -11.6088689199

/group/RPA_015/60
60
posId 60
0.681648706535 6.30773323868 -11.7888487781
0.715319211709 6.28563149453 -11.7995691142
0.745574871442 6.26041959794 -11.8081961992
0.77099943613 6.23372306411 -11.8144099223
0.790873105339 6.20665822377 -11.8181021351
0.80527194218 6.17966998463 -11.8193900734
0.815007470359 6.1525311495 -11.8185895445
0.821415432788 6.12450094245 -11.8161514042
0.826036352069 6.09460414086 -11.8125729051
0.830255270209 6.06196510207 -11.8083013304
0.834978011679 6.02611927261 -11.8036495301
0.840414041279 5.98723105838 -11.7987409461
0.846012995775 5.94616952759 -11.7934958041
0.85056842851 5.90442679037 -11.7876616031
0.852465838956 5.86390004932 -11.78088172
0.850020943832 5.82658870923 -11.7727879148
0.841835380005 5.79427555745 -11.7630975423
0.827094696452 5.76826204345 -11.7516954373
0.805747836013 5.74921231914 -11.7386838895
0.778534717433 5.73713309805 -11.7243910426
0.746862445799 5.7314835535 -11.7093368647
0.712563190857 5.73137949368 -11.6941645642
0.677590500436 5.73583610794 -11.679552058
0.643720652415 5.74398819789 -11.6661214328
0.612319911391 5.75523679392 -11.6543636847
0.584219300315 5.76929336657 -11.6445917063
0.559710915598 5.78612141359 -11.6369276785
0.538650891429 5.80580253427 -11.631323383
0.520630879701 5.82837316758 -11.6276052693
0.505167698623 5.85368419524 -11.6255318463
0.491862009931 5.88132726518 -11.624849933
0.480490450793 5.9106513948 -11.625338482
0.471017423619 5.94086669514 -11.6268332854
0.463536634897 5.97120611355 -11.6292315522
0.458172028421 6.00109793061 -11.6324805679
0.454977858604 6.03029637195 -11.6365581008
0.453875805454 6.05892679958 -11.6414531161
0.454653998713 6.08742344546 -11.6471536394
0.457032365309 6.1163661709 -11.653644941
0.460776620692 6.14625095966 -11.6609167524
0.465825747954 6.17724935924 -11.6689743646
0.472390027261 6.20901924781 -11.6778463641
0.480981130626 6.2406207606 -11.6875821238
0.492351769947 6.27056852329 -11.69823496
0.507346037792 6.29701969159 -11.7098313628
0.526686876967 6.31806425683 -11.7223316752
0.550747350482 6.3320577691 -11.7355915892
0.579361902517 6.33792372357 -11.7493356066
0.611729488806 6.33535689073 -11.7631524656

/group/RPA_015/63
63
posId 63
0.613832165135 6.37484403041 -11.8606468924
0.645963425288 6.36696277296 -11.8724149508
0.676569800379 6.35544345271 -11.8830253262
0.704926850995 6.34078226525 -11.8922602605
0.730512511092 6.32345164333 -11.8999799793
0.753047563254 6.3038636397 -11.9061335299
0.772510515788 6.28234695302 -11.9107613438
0.789124658309 6.25913960561 -11.9139889285
0.803318339805 6.23439705083 -11.9160120743
0.815662712397 6.20821335017 -11.9170749361
0.826793914103 6.18065130897 -11.917443182
0.837328579257 6.1517763287 -11.9173750104
0.847782420081 6.12168837079 -11.9170931214
0.858501304008 6.09054687056 -11.9167606698
0.869612792925 6.05858461826 -11.9164638146
0.88100369018 6.02610836141 -11.9162027629
0.892326058022 5.99348592939 -11.915892271
0.903030803553 5.96112174261 -11.9153715186
0.912424701303 5.92942435249 -11.9144222335
0.919744021515 5.89877090874 -11.9127930492
0.924236092242 5.86947398929 -11.9102274105
0.925239356411 5.84175597548 -11.9064919999
0.922252870548 5.81573514226 -11.9014026606
0.914987662179 5.79142599937 -11.8948451378
0.903394714424 5.76875439046 -11.8867886083
0.887667267419 5.74758571646 -11.8772908231
0.868218239124 5.72776269883 -11.8664946504
0.845636478292 5.70914761403 -11.8546167578
0.82062791029 5.69166312936 -11.8419300007
0.793949143079 5.67532587366 -11.8287416859
0.766341602605 5.66026769738 -11.8153702122
0.738473735233 5.64674111611 -11.8021225969
0.710897356234 5.63510748797 -11.7892751242
0.684022062568 5.62580877682 -11.7770588194
0.658109076222 5.61932598853 -11.7656507609
0.633283294207 5.61612923178 -11.7551714769
0.609560040347 5.61662559049 -11.7456879379
0.586881336746 5.62111142462 -11.7372210462
0.56515564244 5.62973527172 -11.7297561053
0.544295029215 5.6424762502 -11.7232545718
0.52424463969 5.65914092654 -11.717665456
0.505000842074 5.67937925345 -11.7129350162
0.486616507618 5.70271772213 -11.7090138359
0.469193982215 5.72860562627 -11.7058609021
0.452868282283 5.7564686069 -11.7034448315
0.437784530139 5.78576266894 -11.7017428471
0.424074442564 5.81602176808 -11.7007384129
0.411836689135 5.84689287731 -11.7004185573
0.40112515361 5.87815405706 -11.7007718433
0.391947688273 5.9097132614 -11.7017876874
0.384276071777 5.94158812984 -11.7034573542
0.378065855279 5.9738695093 -11.7057765039
0.37328292296 6.00667359808 -11.7087487457
0.369932192909 6.0400891193 -11.7123893115
0.368083170625 6.0741266176 -11.7167277786
0.367887169624 6.10867673778 -11.7218087767
0.369581943877 6.14348321809 -11.7276898205
0.373481125484 6.178134462 -11.734435796
0.37994801069 6.21207518368 -11.7421101381
0.389355591761 6.24463706418 -11.7507633073
0.402036956543 6.27508494079 -11.760419704
0.418231944982 6.30267309358 -11.7710645842
0.438036989827 6.32670494272 -11.7826327667
0.461365198159 6.34658908516 -11.7950009196
0.487922892732 6.3618851218 -11.8079849532
0.517207100783 6.37233407983 -11.8213435521
0.54852605083 6.37787023334 -11.8347881981

/group/RPA_015/66
66
posId 66
0.667940611772 6.38527663264 -11.9630473554
0.696852339669 6.36990169412 -11.9719909898
0.723742216467 6.3515491485 -11.9798121887
0.748277634586 6.33051851959 -11.9864231024
0.770275620408 6.30710811567 -11.9917917783
0.789710756485 6.28160890104 -11.9959443768
0.806708995947 6.25430183481 -11.9989625279
0.821527588072 6.22545811928 -12.0009758429
0.834522726768 6.19534145737 -12.0021500738
0.846107794677 6.16421121474 -12.002671861
0.856706071858 6.13232533907 -12.002731378
0.866702402307 6.09994200716 -12.0025044302
0.876398494035 6.06731923165 -12.0021356637
0.885976244252 6.03471202866 -12.0017244814
0.895472753544 6.00236717541 -12.0013150415
0.904769591088 5.97051601837 -12.0008913547
0.913597505296 5.93936617063 -12.0003780309
0.921556277196 5.90909321202 -11.999646697
0.928147937909 5.87983363808 -11.9985275743
0.932820265576 5.85168027371 -11.9968252081
0.935016473072 5.82468117113 -11.9943369434
0.934226396907 5.79884266807 -11.9908724729
0.930034360047 5.77413682686 -11.9862726766
0.92215921958 5.7505129587 -11.9804260349
0.910482888246 5.72791241926 -11.9732811262
0.895064756341 5.70628540331 -11.9648540879
0.876140820261 5.6856081238 -11.9552303966
0.854107805375 5.66589858021 -11.9445608553
0.829494003767 5.64722913016 -11.9330522118
0.802919788167 5.62973428546 -11.9209533251
0.775051689577 5.61361254485 -11.9085381895
0.746554449191 5.59912161642 -11.8960873899
0.718045529116 5.58656702012 -11.8838696656
0.690056192219 5.57628473123 -11.8721252041
0.663002486378 5.56861915814 -11.8610520729
0.637168380534 5.56389827534 -11.8507968532
0.612702018314 5.56240809488 -11.8414501062
0.58962471644 5.56436881526 -11.8330468189
0.56785107998 5.56991491211 -11.8255714967
0.54721756327 5.57908113214 -11.8189671436
0.527516077334 5.59179584557 -11.8131470351
0.508528899642 5.60788254847 -11.8080079773
0.490061205135 5.62706955025 -11.8034436806
0.471967989511 5.64900710544 -11.7993569439
0.454172936037 5.6732905322 -11.7956695566
0.436677790531 5.69948727413 -11.792329129
0.419561937359 5.72716546699 -11.7893124359
0.402972983924 5.75592141077 -11.7866252591
0.3871101382 5.78540343624 -11.7842990883
0.372202897257 5.81532998884 -11.7823853563
0.358487977861 5.84550029852 -11.7809481064
0.346187474085 5.87579670967 -11.7800560972
0.335490923953 5.90617854079 -11.7797753324
0.326543350564 5.93666815153 -11.7801628732
0.319440491637 5.96733063433 -11.7812625608
0.31423144965 5.99824914844 -11.7831029846
0.310928001687 6.02949831544 -11.7856977064
0.309518922976 6.06111826077 -11.7890474426
0.309987006992 6.093091801 -11.7931436411
0.312326088793 6.12532695146 -11.7979727129
0.316555343034 6.15764640049 -11.8035200963
0.322728440289 6.18978491779 -11.8097733693
0.330935770515 6.22139490566 -11.8167237623
0.341298809214 6.25205953958 -11.8243656599
0.35395670984 6.28131225282 -11.8326939684
0.369046237012 6.30866076658 -11.8416995462
0.386677086587 6.33361350259 -11.8513631988
0.406905357644 6.35570607118 -11.8616489909
0.429708357364 6.37452561113 -11.8724977941
0.454963975188 6.38973105348 -11.8838220464
0.482437540162 6.40106785184 -11.8955026359
0.511778400197 6.40837631266 -11.9073886408
0.54252749968 6.41159330576 -11.9193003778
0.574136082109 6.41074776844 -11.9310358558
0.605994429705 6.40595097113 -11.9423803467

/group/RPA_015/69
69
posId 69
0.677776799072 6.37445415681 -12.0389503771
0.708880177999 6.35570120604 -12.0479880591
0.737402033635 6.33429361941 -12.0558353995
0.762884060591 6.31058571301 -12.0623673824
0.785052246864 6.28492342385 -12.0675232818
0.803838368108 6.25763289372 -12.0713130687
0.819384250138 6.22901200223 -12.0738180332
0.832027643521 6.19932518282 -12.0751852475
0.842270309129 6.16880157098 -12.0756160879
0.850730664799 6.13763626102 -12.0753496215
0.858084911757 6.10599421146 -12.0746421975
0.865001781599 6.07401615762 -12.0737449912
0.872076789552 6.04182577815 -12.0728815058
0.879772063451 6.00953732445 -12.0722270931
0.888367412385 5.97726295853 -12.0718924188
0.897927336163 5.94511914598 -12.0719124655
0.908287245109 5.91323160341 -12.0722421769
0.919060396311 5.88173848391 -12.0727592435
0.929665128649 5.85079168129 -12.0732738698
0.939370083481 5.82055632165 -12.0735447101
0.947353417141 5.79120867251 -12.0732995886
0.95277071096 5.76293282034 -12.072259164
0.954825491629 5.73591653908 -12.0701614341
0.952836065668 5.71034679078 -12.0667848978
0.946292764286 5.68640527013 -12.0619683311
0.934900646225 5.66426433368 -12.0556254614
0.918604117992 5.6440835564 -12.0477533128
0.897591659533 5.6260070457 -12.0384335969
0.872280714945 5.61016153371 -12.0278271701
0.843284636111 5.5966551741 -12.0161622196
0.81136517285 5.58557690259 -12.0037173968
0.777375232257 5.57699618667 -11.990801551
0.742197368971 5.57096299154 -11.9777319762
0.706683655573 5.56750782286 -11.9648131536
0.671602213838 5.56664176557 -11.9523178491
0.637594815846 5.56835650955 -11.9404721241
0.605148691763 5.57262442612 -11.9294453743
0.574584150268 5.57939882041 -11.9193459792
0.546057992804 5.58861452195 -11.9102225706
0.519581154305 5.60018898303 -11.9020703854
0.495047688245 5.61402402503 -11.8948416976
0.472271261108 5.63000831073 -11.8884589804
0.45102481685 5.64802052971 -11.8828292651
0.431079051401 5.6679331759 -11.8778581405
0.412235783175 5.6896166841 -11.873461985
0.394353150564 5.7129435918 -11.8695773113
0.377360702276 5.73779231828 -11.8661664978
0.36126373341 5.76405011816 -11.8632196305
0.346137508664 5.79161478062 -11.8607526376
0.332113157624 5.82039471168 -11.8588023113
0.31935789941 5.85030715453 -11.8574191284
0.308052763407 5.88127446277 -11.8566589838
0.298371071312 5.91321853073 -11.8565749985
0.29046063419 5.94605368621 -11.8572104822
0.284431945363 5.97967854252 -11.8585939062
0.280353706187 6.01396746924 -11.8607364298
0.278255928325 6.04876245398 -11.8636321464
0.278139750715 6.08386617656 -11.8672608307
0.27999213025 6.11903709188 -11.8715926194
0.283802834476 6.15398721619 -11.8765937883
0.289580774938 6.18838313843 -11.8822326335
0.297366722565 6.22185054551 -11.8884844408
0.307239846454 6.25398227696 -11.8953346394
0.319316271139 6.28434963358 -11.9027794743
0.333738868872 6.31251638233 -11.910823861
0.350658672439 6.33805465224 -11.9194764747
0.370209471158 6.36056172672 -11.9287425228
0.392478193935 6.37967662562 -11.9386150064
0.417474457574 6.39509534778 -11.9490655454
0.445103062607 6.40658371491 -11.9600359963
0.475143189844 6.41398691748 -11.9714320937
0.507237573911 6.41723509852 -11.9831202059
0.540894041686 6.41634460292 -11.9949280097
0.575500588008 6.41141484295 -12.0066494933
0.610353742344 6.40262105656 -12.0180542297

/group/RPA_015/72
72
posId 72
0.607013568077 6.40085065005 -12.0862495615
0.643546305851 6.38822803858 -12.0974258244
0.677801521495 6.37189582543 -12.1074856598
0.708975332964 6.35224334312 -12.1161935544
0.736461245089 6.32971641691 -12.1233860186
0.759896329114 6.30479108597 -12.1289847504
0.779187135855 6.27794518437 -12.1330027459
0.794512336808 6.24963018858 -12.135542565
0.806301295089 6.22024581678 -12.1367867139
0.815190100068 6.19011970085 -12.1369808798
0.82195881924 6.15949405113 -12.1364114669
0.827455600513 6.12852063059 -12.1353794603
0.832514602579 6.09726460312 -12.1341730319
0.837875398691 6.06571699207 -12.1330414474
0.844111416958 6.03381466033 -12.1321727318
0.851574151394 6.00146598473 -12.1316771993
0.860358382433 5.96857982035 -12.1315783952
0.870291631657 5.93509499451 -12.1318122825
0.880948744726 5.90100747473 -12.1322347091
0.891690082848 5.86639253255 -12.1326363919
0.901719548872 5.83141966296 -12.1327639322
0.910156804507 5.79635867531 -12.1323448058
0.916116735498 5.76157618633 -12.1311139089
0.918788617976 5.72752263843 -12.128839118
0.917507585807 5.69471085286 -12.1253434573
0.911811872669 5.66368791956 -12.1205218318
0.901480806822 5.63500284873 -12.1143508576
0.886550510243 5.60917280185 -12.1068910188
0.86730649035 5.58665084642 -12.0982811529
0.844254580362 5.56779802751 -12.0887260166
0.818073752523 5.55286213781 -12.0784783474
0.789555989835 5.54196493848 -12.0678173368
0.759539495162 5.53509879893 -12.0570257301
0.72884194218 5.53213286297 -12.046367829
0.698200202554 5.53282799548 -12.0360705041
0.66822206347 5.53685900005 -12.0263089407
0.639353992133 5.54384199599 -12.0171982928
0.611867176532 5.55336445582 -12.008791766
0.585862077809 5.56501526486 -12.0010849627
0.561289785552 5.57841227697 -11.9940256755
0.537986779681 5.59322518705 -11.9875277777
0.515718445693 5.60919207783 -11.9814874833
0.49422598749 5.62612866615 -11.9758000746
0.473271294513 5.64392999978 -11.9703752336
0.452674839078 5.66256506573 -11.9651493542
0.432342730791 5.68206539273 -11.960093628
0.412280505049 5.70250920629 -11.9552172279
0.392592897577 5.72400298258 -11.9505655107
0.373470560067 5.74666232765 -11.9462137394
0.35516620721 5.77059398457 -11.9422573381
0.337963878538 5.79588046847 -11.9388000627
0.32214571725 5.82256839136 -11.9359416769
0.307960836137 5.85066102258 -11.9337667288
0.295600445916 5.88011509998 -11.9323358431
0.285182516946 5.910841423 -11.9316805886
0.276747943472 5.94270837753 -11.9318025106
0.270268638266 5.97554730245 -11.932676369
0.265666390171 6.00915853275 -11.9342570794
0.262839859964 6.04331704399 -11.9364893692
0.26169594731 6.07777686042 -11.9393187965
0.262181074263 6.11227373636 -11.9427025797
0.264307787255 6.14652602893 -11.9466186748
0.268172505732 6.18023409274 -11.9510717212
0.273961201519 6.21307888673 -11.9560948322
0.281941176444 6.2447207401 -11.9617466992
0.292438763293 6.27479934053 -11.9681040498
0.305804519337 6.302935964 -11.9752500851
0.322369111081 6.32873876059 -11.9832600547
0.342394411505 6.35181156636 -11.9921855415
0.366025185406 6.37176626436 -12.0020392765
0.393247012391 6.38823822199 -12.0127823505
0.423855741272 6.40090384637 -12.024315523
0.457442803749 6.40949888638 -12.0364759637
0.493399227415 6.41383582418 -12.049040233
0.530939325856 6.41381858319 -12.0617336657

/group/RPA_015/75
75
posId 75
0.607426615418 6.40339095293 -12.1511443682
0.639465409179 6.39011200658 -12.1604571732
0.6698904395 6.373115132 -12.168913845
0.697894038625 6.35268312155 -12.1762750323
0.722800732956 6.32919381647 -12.1823530297
0.744134049261 6.30309533491 -12.1870314537
0.761665367216 6.27487336134 -12.1902783431
0.775438608135 6.24501392627 -12.1921509547
0.785767094511 6.21396580548 -12.1927914172
0.793201937441 6.18210689732 -12.1924134202
0.798474473568 6.14971865209 -12.191281121
0.802418223254 6.11697184991 -12.1896823506
0.805878240963 6.08392582862 -12.187898882
0.809617298806 6.05054178095 -12.1861769022
0.814228896763 6.01670913254 -12.1847008729
0.820066552604 5.98228246385 -12.1835736495
0.827197236925 5.94712512687 -12.1828050906
0.83538434763 5.91115479016 -12.1823105058
0.844102527154 5.87438573557 -12.1819192362
0.852583249491 5.83696288813 -12.1813925749
0.859886811211 5.79918328168 -12.1804492194
0.864993512983 5.76150188126 -12.1787956241
0.866904729799 5.72452027426 -12.1761580764
0.864743470922 5.68895853858 -12.1723131223
0.857844047552 5.65561240522 -12.1671131298
0.84582159782 5.62529945639 -12.1605042933
0.828614342702 5.59879936029 -12.152535188
0.806494331233 5.57679389676 -12.1433549949
0.780045763902 5.55981268708 -12.1332016189
0.750113395778 5.5481900807 -12.1223809996
0.717726644144 5.54203761587 -12.1112398471
0.684007520858 5.54123496346 -12.1001347136
0.650072109665 5.54544044217 -12.0894006814
0.616935845864 5.5541202493 -12.0793229448
0.585432280766 5.56659368923 -12.0701142173
0.556153400509 5.58209009901 -12.0619002243
0.529417106019 5.59981203135 -12.0547146354
0.505264428975 5.61899868081 -12.0485037502
0.483485798574 5.638983583 -12.0431401847
0.463672548664 5.6592412731 -12.0384438429
0.445287208288 5.67941878037 -12.0342076984
0.427744237366 5.69934943136 -12.0302254318
0.410491950604 5.71904825859 -12.0263178349
0.393086503497 5.7386901703 -12.0223550957
0.375249962189 5.75857373054 -12.0182726056
0.356906497156 5.77907475187 -12.0140787089
0.338193385661 5.80059477797 -12.0098537577
0.319446468351 5.82350984798 -12.0057408319
0.301162637983 5.84812466896 -12.0019294208
0.283944507495 5.87463652176 -11.9986341313
0.268434321245 5.90311199072 -11.9960710076
0.255245226502 5.93347808851 -11.9944342573
0.244898104206 5.96552771867 -11.9938760619
0.237771274294 5.99893786657 -11.9944917234
0.234068659688 6.03329760469 -11.9963117166
0.233809629946 6.06814208085 -11.999301365
0.236841038402 6.10298821926 -12.0033679297
0.24286924054 6.13736794037 -12.008374018
0.251507461576 6.17085526889 -12.0141554761
0.262332054228 6.20308467093 -12.0205414169
0.274940168218 6.23375921132 -12.0273738115
0.28900125906 6.26264849476 -12.0345241636
0.304295702785 6.28957767955 -12.0419051762
0.320735451827 6.31440997033 -12.0494759667
0.338363963189 6.33702577425 -12.057240204
0.357335275994 6.35730205245 -12.0652374403
0.377874792159 6.37509528062 -12.073528773
0.400226697009 6.39023086821 -12.0821787053
0.424594755597 6.40250095143 -12.0912355772
0.451084212433 6.41167128982 -12.1007131616
0.479652579087 6.41749671086 -12.1105759224
0.510076197446 6.41974332393 -12.1207300324
0.541937711026 6.41821471959 -12.1310215854

/group/RPA_015/78
78
posId 78
0.570294637274 6.39219807797 -12.1971390911
0.609307268008 6.37929964862 -12.2084852384
0.645994229584 6.36223066174 -12.2187141752
0.679089710195 6.34158762109 -12.2274736478
0.707605661864 6.31803268299 -12.2345062405
0.730932600776 6.29222815497 -12.23967582
0.748898562341 6.26477158261 -12.2429806281
0.761777969592 6.23613959227 -12.2445511104
0.770248387984 6.20664784935 -12.2446324899
0.775299711329 6.17643269285 -12.2435540364
0.778106397517 6.14545742518 -12.2416886998
0.779878152247 6.11354318474 -12.2394080341
0.781707311494 6.08042119352 -12.2370379699
0.784431714696 6.04580035398 -12.234820921
0.788530007103 6.00944204114 -12.2328889199
0.794062290192 5.97123278242 -12.2312510925
0.800663365999 5.9312455077 -12.2297969601
0.807589223554 5.8897812068 -12.228315049
0.813810743398 5.84738502407 -12.2265243437
0.81814270888 5.80483379045 -12.2241145019
0.819391866544 5.7630953793 -12.2207896565
0.81650552603 5.72326365596 -12.2163102128
0.808702311099 5.68647575198 -12.2105273499
0.79556913622 5.65382056482 -12.2034059204
0.777112950612 5.62624849245 -12.1950329698
0.753761668016 5.60449232203 -12.1856109745
0.726315210185 5.58900791782 -12.175436865
0.695853883801 5.5799410559 -12.1648697162
0.663616569324 5.57712372296 -12.1542913959
0.630864755542 5.58009980982 -12.1440653027
0.598749865934 5.58817680825 -12.1344984789
0.568200440911 5.6004972657 -12.1258118484
0.539842716993 5.61612170877 -12.1181221748
0.513963415267 5.63411374413 -12.1114377365
0.490517772926 5.65361818311 -12.1056678718
0.469179810195 5.67392426343 -12.1006447235
0.44942633138 5.69450817223 -12.0961539432
0.430641938887 5.71505181227 -12.0919700056
0.412229936807 5.7354377312 -12.0878912833
0.393713706677 5.75572296549 -12.0837701869
0.374814952828 5.77609688067 -12.0795344675
0.355498852017 5.79682963859 -12.0751970808
0.335981070114 5.81821852459 -12.0708536447
0.316697125759 5.84053898702 -12.0666682558
0.298239912608 5.86400597663 -12.0628500248
0.281275597968 5.88874923861 -12.0596239308
0.266450991874 5.91480390281 -12.0572003077
0.254306440991 5.94211537935 -12.0557473778
0.245207230192 5.97055552923 -12.0553707205
0.239303540386 5.99994562463 -12.0561024938
0.236524643467 6.03008092947 -12.0579017687
0.236607843209 6.06075189232 -12.0606656916
0.239157435548 6.09175789946 -12.0642495989
0.243724412515 6.12291111969 -12.0684928922
0.249894424797 6.15402992828 -12.0732466299
0.25737011488 6.18492341672 -12.0783985187
0.266034549809 6.21537026119 -12.0838913481
0.275985049964 6.24509645957 -12.0897318399
0.287530882961 6.27375695394 -12.0959882695
0.301153496278 6.30092584405 -12.1027768537
0.31743347406 6.32609879627 -12.1102385663
0.33695344742 6.34870951144 -12.1185095072
0.360190043634 6.36815998139 -12.1276889887
0.387410064182 6.38386204652 -12.1378099868
0.418586105917 6.39528579625 -12.1488164306
0.453344738056 6.40200893296 -12.1605510071
0.490956366689 6.40376057934 -12.1727558236

/group/RPA_015/81
81
posId 81
0.523964161669 6.38090955541 -12.2338355669
0.560121735336 6.37289966971 -12.2445318947
0.594806867547 6.36064737735 -12.2543514612
0.62693791487 6.34459354012 -12.2629937228
0.655652141589 6.32524463144 -12.2702339132
0.680388715855 6.30312896334 -12.2759451442
0.700935510336 6.27875232898 -12.2801089683
0.717432882951 6.25255820271 -12.2828127345
0.730333474832 6.22489733137 -12.2842338992
0.740323138029 6.1960105938 -12.2846132877
0.748213518565 6.16602749684 -12.2842208745
0.754820785297 6.13498079108 -12.2833187254
0.760846932976 6.10283566549 -12.2821261638
0.766779712919 6.06953007954 -12.2807919221
0.772824607091 6.03502127054 -12.2793770532
0.778877740256 5.99933254454 -12.2778508567
0.784542872853 5.96259425777 -12.2761002265
0.789189464203 5.92507346493 -12.2739509328
0.792043126418 5.88718799109 -12.2711976741
0.792295413457 5.84950251961 -12.2676385271
0.789217423139 5.81270644959 -12.2631088444
0.782261465061 5.77757548726 -12.2575097966
0.771137066824 5.74492091457 -12.250827584
0.755851529407 5.71553197285 -12.2431407372
0.736710497817 5.6901176232 -12.2346146746
0.714279798069 5.6692539997 -12.2254845218
0.689315252721 5.65334316116 -12.2160288647
0.662671532049 5.64258737421 -12.2065383519
0.635203712466 5.63698131409 -12.1972837147
0.607675751342 5.63632249265 -12.1884877401
0.580688517088 5.64023818413 -12.180305041
0.554636620514 5.648225372 -12.1728122201
0.529698631506 5.6596989892 -12.1660094248
0.505860068586 5.67404310296 -12.1598325822
0.482963619326 5.69065974465 -12.1541740462
0.46077713218 5.70901075823 -12.148908206
0.439067591356 5.72864920779 -12.1439179854
0.41766886703 5.74923835874 -12.1391181679
0.396532543604 5.77055781326 -12.1344721118
0.375754288576 5.7924978247 -12.1299995667
0.355572500595 5.81504396046 -12.1257747631
0.336340666377 5.83825500612 -12.1219155101
0.318479205432 5.86223725628 -12.1185654365
0.302415894434 5.88711814428 -12.1158725467
0.288525716749 5.91302161336 -12.1139677607
0.277080906842 5.94004686308 -12.1129470155
0.268220078201 5.96825127378 -12.1128598229
0.261941950689 5.99763757189 -12.11370604
0.25812488241 6.02814476899 -12.1154411905
0.256568867478 6.05964215965 -12.117989207
0.257052630582 6.09192570698 -12.1212601939
0.259395599877 6.12471643177 -12.1251699304
0.263513355659 6.15766085398 -12.1296575026
0.269455855208 6.1903339884 -12.1346977181
0.277420246334 6.22224573816 -12.1403057886
0.287734035511 6.25285165021 -12.1465330285
0.300809167099 6.28156882694 -12.1534538252
0.317072450701 6.30779731647 -12.1611456346
0.336881968188 6.33094657899 -12.1696650197
0.360441916617 6.35046575404 -12.1790235606
0.387729314847 6.3658755776 -12.189167686
0.418444914523 6.37679908034 -12.1999660663
0.451997619304 6.38298778992 -12.2112072011

/group/RPA_015/84
84
posId 84
0.542874839465 6.34566889558 -12.2839191258
0.584352582057 6.33484029443 -12.2958625579
0.622725680977 6.31926145996 -12.3063318643
0.656090512502 6.29928197245 -12.3147635225
0.683127252803 6.27538937325 -12.3207924082
0.703276948206 6.24816298844 -12.3243027881
0.716788476704 6.21821101106 -12.3254365571
0.724626024974 6.18610400766 -12.3245571395
0.728254434332 6.15231991626 -12.3221760942
0.729343196462 6.11721402414 -12.3188566874
0.729445297068 6.08102255182 -12.3151130418
0.729711427206 6.04390127402 -12.31132409
0.730692480088 6.00599259612 -12.3076783225
0.732265321304 5.96750743256 -12.3041589337
0.733692246843 5.92880372599 -12.300570754
0.733798331115 5.89044262907 -12.2966020088
0.73122830561 5.85320661598 -12.2919071725
0.724730180855 5.81807060962 -12.2861933493
0.713409291564 5.78612633349 -12.2792924527
0.696904296875 5.75846972105 -12.271204931
0.67545404899 5.7360693678 -12.2621071199
0.649847370355 5.71963896033 -12.2523221027
0.621271753707 5.70953723757 -12.2422615866
0.591096846843 5.7057150596 -12.2323521376
0.560640296938 5.70772123357 -12.2229619859
0.530964891198 5.71476833749 -12.2143439554
0.502746953825 5.72584887781 -12.2066061024
0.476238844686 5.73988283032 -12.199715289
0.451327037982 5.75587176254 -12.193531568
0.427666352776 5.77303347109 -12.1878645367
0.40485497902 5.79089464201 -12.1825381702
0.382607345167 5.80932675962 -12.1774490525
0.360884085299 5.8285208446 -12.1726047052
0.339949692273 5.84890758665 -12.1681334259
0.320346199492 5.87103894415 -12.1642636411
0.302791338682 5.89545353033 -12.161277762
0.288027510731 5.92254998362 -12.1594513723
0.276659539683 5.95248980824 -12.1589919529
0.269021925899 5.98514455879 -12.159991533
0.265109534007 6.02009317408 -12.1624045649
0.264590839567 6.05666562574 -12.1660566536
0.266903321859 6.09402076712 -12.1706827447
0.27141072468 6.13124093158 -12.1759865602
0.277586234508 6.16742434971 -12.1817079755
0.285177796103 6.20175891657 -12.1876828203
0.294313763526 6.23356649691 -12.1938808005
0.30551869277 6.26231442597 -12.200411676
0.319628010587 6.28759843239 -12.2074965837
0.337612570462 6.30910721906 -12.2154090449
0.360344933886 6.32658213531 -12.2243970931
0.388353997385 6.3397851783 -12.2346025982
0.421619924726 6.34848517213 -12.2459951897
0.459455790653 6.35246630905 -12.2583358438

/group/RPA_015/87
87
posId 87
0.500529971946 6.33656613985 -12.3119995389
0.536962189785 6.32961110061 -12.3226462276
0.571303936519 6.31695935971 -12.3320051842
0.602225704538 6.2990523106 -12.3397087113
0.628823156444 6.2766295261 -12.3455554793
0.650694502429 6.25066257628 -12.3495274312
0.667933060373 6.22223378367 -12.3517739881
0.681039148818 6.19238244878 -12.3525673603
0.690770825744 6.16195171414 -12.3522387613
0.697964038054 6.13147210559 -12.3511091068
0.703357274055 6.10111173095 -12.3494285258
0.707453067256 6.07070918777 -12.3473366064
0.710439539615 6.03988650832 -12.3448503446
0.712181819476 6.0082203398 -12.3418804622
0.712278673093 5.9754346651 -12.3382705539
0.71016720779 5.94157148158 -12.3338488557
0.705250586596 5.90709891376 -12.3284802784
0.69702172164 5.87292884365 -12.3221071341
0.685159842865 5.84033561058 -12.3147703767
0.669585285321 5.81078928058 -12.3066082617
0.65046847554 5.78573636683 -12.297834815
0.628199264223 5.76637317383 -12.2887050557
0.603330113346 5.75345922292 -12.2794764728
0.576509742103 5.74720988497 -12.270376307
0.548422393311 5.74729025615 -12.2615818348
0.519742806792 5.75291035383 -12.2532168259
0.491110063405 5.76299989511 -12.2453627511
0.463116838404 5.77642419889 -12.2380793861
0.436306189243 5.79219485415 -12.2314271953
0.411166970677 5.80963136543 -12.2254838435
0.388121444433 5.82844221658 -12.2203493119
0.367503701223 5.84871265662 -12.2161377798
0.349533428644 5.87080750578 -12.2129586106
0.334294338645 5.89521551981 -12.2108923095
0.321728493819 5.92237323526 -12.209969187
0.311655908962 5.95250838685 -12.2101581162
0.303823301617 5.98553583753 -12.2113702582
0.297977962865 6.02102461597 -12.2134785548
0.293954461423 6.05823688358 -12.2163492312
0.291755611006 6.09622290805 -12.2198777185
0.29160682496 6.13394442721 -12.2240193873
0.293965768448 6.17039476259 -12.2288059095
0.299476972809 6.20468828469 -12.2343409667
0.308872386173 6.23610282623 -12.240773789
0.322831274267 6.2640731988 -12.248254524
0.341823564961 6.28814808289 -12.25688035
0.365966978943 6.30793245135 -12.2666443032
0.394928319208 6.32304077412 -12.2773991437
0.427892671658 6.33308181898 -12.2888460144

/group/RPA_015/90
90
posId 90
0.52571143663 6.29989704689 -12.3514518365
0.567922525357 6.28578644749 -12.3629681645
0.604314672916 6.26625645082 -12.3720361675
0.632472588692 6.24247872854 -12.3780394643
0.651620960845 6.21531226384 -12.3808366334
0.662643470291 6.1852267057 -12.3807581846
0.667666257098 6.15238819962 -12.3784866752
0.669336112741 6.11686725293 -12.3748558749
0.670008991711 6.07889084392 -12.3706271296
0.671084393647 6.0390492536 -12.3663059313
0.672670730413 5.99838506945 -12.3620479492
0.673662473209 5.95833148155 -12.3576758799
0.672184411175 5.92051630283 -12.3527951049
0.666250400614 5.88649121241 -12.3469675077
0.654426069095 5.85746891341 -12.3398874492
0.636293458197 5.83414714958 -12.33150612
0.612585971123 5.81666951178 -12.3220690496
0.584970489434 5.80472845951 -12.3120601902
0.555565005225 5.79777063154 -12.3020754632
0.526359338255 5.7952330774 -12.2926696924
0.498729271348 5.79673159762 -12.2842270772
0.473195083451 5.80214112042 -12.2768952731
0.449488372246 5.81154656652 -12.2706004916
0.426885741431 5.82508808469 -12.2651334872
0.404679290689 5.84276172236 -12.2602730052
0.382610841364 5.86425303981 -12.2559017692
0.361113106295 5.88887116018 -12.2520739928
0.341270574398 5.91561723316 -12.2490111822
0.324512143709 5.94337504169 -12.2470285461
0.312143084849 5.97116764295 -12.2464190123
0.30488346211 5.99839716276 -12.2473372889
0.302583134725 6.02498455214 -12.2497273082
0.30422793175 6.05135327902 -12.2533222466
0.308254963057 6.07824771518 -12.2577216428
0.313088635069 6.10642904146 -12.262523038
0.317727981373 6.13633244532 -12.2674650968
0.32218803192 6.16778597896 -12.2725324099
0.327634088731 6.19987780985 -12.2779818595
0.336138376186 6.23101819545 -12.2842739614
0.350106177882 6.25918718488 -12.2919228305
0.371526465612 6.28230540502 -12.3013057894
0.401265565718 6.29862958701 -12.3124892932
0.438620219859 6.30706760272 -12.3251263513

/group/RPA_015/93
93
posId 93
0.490507381434 6.28666323438 -12.3667150846
0.52641073624 6.28298936656 -12.3774165995
0.558875608127 6.27121153041 -12.3860614168
0.586005326302 6.25152251668 -12.3920840489
0.606976495482 6.22513061872 -12.3953762301
0.622116917391 6.19405760102 -12.3962864621
0.632653899223 6.16065862354 -12.3954832707
0.640216236321 6.12702406552 -12.3937275549
0.646252052936 6.09447433321 -12.3916301512
0.65154834862 6.06333139559 -12.3894747507
0.655999073479 6.03305347474 -12.3871623099
0.658681549066 6.00268729686 -12.3842899686
0.658197369034 5.97147457259 -12.3803309216
0.653149930442 5.93939021265 -12.3748483913
0.642594719992 5.90741200781 -12.3676683718
0.626320584832 5.87741767048 -12.3589544145
0.604889435796 5.85174014308 -12.3491656949
0.57945070778 5.83253619817 -12.3389223476
0.551422242643 5.82119080724 -12.3288336836
0.52216463062 5.81796582672 -12.3193541876
0.492761347109 5.82201179562 -12.3107166796
0.463961591943 5.83172970474 -12.3029587076
0.436270970396 5.84534450492 -12.2960206899
0.410116474977 5.86147985407 -12.2898672834
0.385989418665 5.87952993646 -12.284577142
0.364490401009 5.89970526327 -12.2803624696
0.346253500569 5.92275348041 -12.2775114101
0.331788845425 5.94947611319 -12.276280189
0.321326299704 5.98023307928 -12.2767841092
0.314748803647 6.01462327799 -12.278937874
0.311668338917 6.05145490202 -12.2824755556
0.31163449125 6.08900363913 -12.2870468709
0.314401199098 6.1254459997 -12.292352897
0.320139294281 6.15929142326 -12.2982648022
0.329489063112 6.18964435403 -12.3048721493
0.343399136517 6.2162018934 -12.3124325756
0.3627779766 6.23900358063 -12.3212330292
0.388062244506 6.25805285044 -12.3314095348
0.418851559402 6.27298360856 -12.3427930817

/group/RPA_015/96
96
posId 96
0.510367253822 6.26076937832 -12.3882002567
0.557276111507 6.24310501377 -12.4004757602
0.595948519961 6.21810291689 -12.4092744182
0.622310597696 6.18877014342 -12.4137165985
0.635629703299 6.15825724972 -12.4139744676
0.6384308753 6.12901531815 -12.4111394328
0.635267180587 6.10211598166 -12.4067556667
0.630862409447 6.07702275388 -12.4022165924
0.628376827023 6.0519504011 -12.3982738737
0.628459467431 6.02472143062 -12.394852655
0.629390588534 5.99381940502 -12.3912289649
0.6281500395 5.95924019298 -12.3864679777
0.621877985263 5.92280308509 -12.3799152806
0.609078896271 5.88778521875 -12.3715230591
0.590093921733 5.85800495112 -12.3618801975
0.566735407085 5.8366949234 -12.3519565605
0.541361963145 5.82558446922 -12.3427007072
0.515896507926 5.82452190028 -12.334688303
0.491259790901 5.8317490772 -12.3279816331
0.467438490742 5.84468595753 -12.3222499813
0.444065366892 5.86089674962 -12.3170714044
0.421131424736 5.87886455828 -12.3122511034
0.39940185748 5.89830801925 -12.307990179
0.380286975075 5.91997708436 -12.3048198523
0.365230462505 5.94507383096 -12.3033389015
0.354958137773 5.97457038421 -12.3038949195
0.349033258544 6.00869489318 -12.3063816778
0.346029695457 6.04674291664 -12.3102688224
0.344321479107 6.08720932512 -12.3148628223
0.343148318363 6.12810472553 -12.3196766491
0.343423620726 6.16727780124 -12.3247205462
0.347812248066 6.20261982632 -12.3305519721
0.359908399652 6.23213924255 -12.3380307132
0.3827597014 6.25399518209 -12.347866545
0.41732070224 6.26661068613 -12.3601551438

/group/RPA_015/99
99
posId 99
0.564032351534 6.23130374311 -12.4090203127
0.596742183935 6.19947136554 -12.4149051136
0.616751436529 6.16028968175 -12.4159102232
0.623739400539 6.11750672594 -12.4124302874
0.621710321707 6.07436500284 -12.4061256096
0.616676205504 6.03284909203 -12.3991093336
0.613330315217 5.99370590959 -12.3929254527
0.612519932968 5.95713223072 -12.38786086
0.610901714552 5.92365400952 -12.3829549514
0.602959624739 5.89463646092 -12.3766883608
0.584259778568 5.87210627981 -12.3679621404
0.554143852089 5.85799073397 -12.3568272348
0.516397439428 5.85323243259 -12.3445738119
0.477572761182 5.85731661056 -12.3331523758
0.443941606852 5.86850681961 -12.3242662132
0.418772165108 5.88466949883 -12.3186411349
0.401372422894 5.90422384215 -12.3158558655
0.388293040976 5.92668283948 -12.3147837934
0.375856293478 5.95249425497 -12.3143510214
0.362482024085 5.98230167411 -12.3141555445
0.349498023265 6.01608203613 -12.3146033247
0.340091569415 6.05267915907 -12.3165239229
0.33718548404 6.09000695044 -12.320543016
0.341632311477 6.12578889433 -12.326623506
0.351862001006 6.15837553497 -12.3340646189
0.365165890861 6.18713417727 -12.3419487136
0.379743941643 6.21216555972 -12.3497345882
0.396133963448 6.23351774687 -12.3575942315
0.416999785822 6.25039045261 -12.3662428213
0.445272783596 6.26085734905 -12.3763297023
0.481705203881 6.26235159803 -12.3877486608

