/group/IMA/0
0
posId 0
-1.23572987552 -1.8205106461 -24.5248341148
-1.25613197253 -1.80942403013 -24.4814834923
-1.27426003512 -1.79753479391 -24.4363846221
-1.29019338877 -1.78498284824 -24.3899597637
-1.30401926441 -1.77191688204 -24.3426565843
-1.31582239977 -1.75848866978 -24.2949336355
-1.32567543811 -1.74484734225 -24.2472454173
-1.33363069146 -1.73113390228 -24.2000277255
-1.33971375234 -1.71747625238 -24.153683968
-1.34391932811 -1.70398497435 -24.1085730846
-1.3462095429 -1.69075006093 -24.0649996249
-1.3465148089 -1.67783874984 -24.0232064337
-1.34473722104 -1.66529455356 -23.9833702608
-1.34075628362 -1.65313751634 -23.9456004684
-1.33443664316 -1.641365667 -23.909940855
-1.32563738484 -1.62995757485 -23.8763744616
-1.31422235781 -1.61887586031 -23.8448310775
-1.30007093196 -1.60807146358 -23.8151970341
-1.28308855846 -1.59748843696 -23.787326762
-1.26321651119 -1.58706900145 -23.7610555039
-1.24044022511 -1.57675859612 -23.7362125249
-1.214795719 -1.56651065142 -23.7126341417
-1.18637369008 -1.5562908338 -23.6901759068
-1.15532099161 -1.54608053851 -23.6687233369
-1.12183934469 -1.5358794484 -23.6482006506
-1.08618128509 -1.52570702672 -23.628577089
-1.04864349723 -1.51560286888 -23.6098705221
-1.009557831 -1.50562589862 -23.5921481831
-0.969280427163 -1.49585245534 -23.5755245238
-0.92817948487 -1.48637337758 -23.5601563329
-0.886622284898 -1.47729024025 -23.5462353987
-0.844962130886 -1.46871094775 -23.5339791219
-0.803525883893 -1.46074491813 -23.5236195894
-0.762602743213 -1.45349811475 -23.5153916929
-0.722434868829 -1.44706818905 -23.5095209246
-0.683210351191 -1.44153999173 -23.5062114918
-0.6450589165 -1.43698168937 -23.5056353721
-0.608050616528 -1.43344169133 -23.5079228785
-0.572197598122 -1.43094654804 -23.5131552191
-0.537458887148 -1.42949993076 -23.5213594303
-0.503747962893 -1.42908274485 -23.5325059357
-0.470942750349 -1.42965436906 -23.5465088435
-0.43889752712 -1.43115495341 -23.5632289517
-0.407456135923 -1.43350865255 -23.5824792897
-0.376465818588 -1.43662762173 -23.6040328906
-0.345790947127 -1.44041656274 -23.6276323783
-0.315325924379 -1.44477757778 -23.6530008552
-0.285006561269 -1.44961507328 -23.6798535161
-0.254819308465 -1.45484045306 -23.707909378
-0.224807823758 -1.46037635149 -23.736902511
-0.195076487714 -1.46616018185 -23.7665921903
-0.165790632607 -1.47214681106 -23.7967714461
-0.137173415525 -1.47831021883 -23.8272735782
-0.10949943754 -1.48464405256 -23.8579763121
-0.0830853781612 -1.49116104854 -23.8888034018
-0.0582780693799 -1.49789134968 -23.919723618
-0.0354405684468 -1.50487980924 -23.9507472063
-0.0149368961316 -1.51218242374 -23.9819200279
0.00288381812163 -1.5198620853 -24.0133157225
0.0177030049273 -1.52798387997 -24.0450263381
0.0292473596026 -1.53661018363 -24.0771519488
0.0373018451533 -1.54579581878 -24.1097898388
0.0417203337589 -1.5555835331 -24.1430238507
0.042433338221 -1.56600004471 -24.1769144833
0.0394524242422 -1.57705287036 -24.2114902883
0.0328710549947 -1.58872811199 -24.2467410378
0.0228617932068 -1.60098932786 -24.2826130429
0.0096699642477 -1.61377755745 -24.3190068857
-0.00639594251911 -1.62701250926 -24.3557776967
-0.0249766962461 -1.64059485952 -24.3927379717
-0.0456769937847 -1.65440955129 -24.4296627851
-0.0680816873104 -1.66832993053 -24.4662971282
-0.0917728049994 -1.68222251105 -24.5023649837
-0.116346559961 -1.69595212647 -24.5375796531
-0.141429542963 -1.70938720599 -24.5716547873
-0.166693334519 -1.72240490304 -24.6043155275
-0.191866849632 -1.7348958124 -24.6353091576
-0.216745839927 -1.74676803144 -24.6644146936
-0.241199117481 -1.75795035446 -24.6914508889
-0.265171225321 -1.76839443309 -24.7162822184
-0.288681453188 -1.77807578872 -24.7388225119
-0.311819275099 -1.78699362216 -24.7590360306
-0.334736458504 -1.79516942795 -24.7769359176
-0.35763625486 -1.80264448267 -24.7925800964
-0.380760220161 -1.80947633541 -24.8060648252
-0.404373324693 -1.81573448074 -24.8175162475
-0.428748088477 -1.82149543772 -24.8270803847
-0.454148518938 -1.82683749 -24.8349121096
-0.480814628528 -1.83183536087 -24.8411636941
-0.508948272477 -1.83655510153 -24.8459735559
-0.538700972797 -1.84104946101 -24.8494558246
-0.570164288131 -1.84535398261 -24.8516913087
-0.603363155613 -1.8494840351 -24.8527203797
-0.638252477669 -1.85343293994 -24.8525381913
-0.674717061521 -1.85717129986 -24.8510925341
-0.712574850603 -1.86064757297 -24.8482844916
-0.75158322378 -1.86378987293 -24.843971917
-0.791447988452 -1.86650891266 -24.8379756031
-0.831834564919 -1.86870195036 -24.8300878756
-0.872380758079 -1.87025754465 -24.820083211
-0.912710443707 -1.87106088406 -24.8077303685
-0.952447463242 -1.87099942547 -24.7928054427
-0.991229024773 -1.86996855997 -24.7751051876
-1.02871794796 -1.86787702206 -24.7544599404
-1.06461316467 -1.86465177043 -24.7307454863
-1.09865799069 -1.86024209458 -24.7038932496
-1.13064581175 -1.85462274006 -24.6738982756
-1.16042297149 -1.84779589442 -24.6408245711
-1.18788880303 -1.83979193276 -24.6048074995

/group/IMA/3
3
posId 3
-1.23090771864 -1.75429131418 -24.4796285786
-1.24965291355 -1.74180943708 -24.4346433506
-1.26651329764 -1.72867719229 -24.3883375775
-1.28142157593 -1.71502865549 -24.3411465284
-1.2942842745 -1.70099971234 -24.2935203865
-1.30498272038 -1.68672360675 -24.245910245
-1.31337613227 -1.67232672553 -24.1987540737
-1.31930667881 -1.65792481792 -24.1524633158
-1.32260624962 -1.64361982676 -24.1074107469
-1.3231045857 -1.6294974762 -24.0639201698
-1.32063833665 -1.615625723 -24.0222584247
-1.31506055577 -1.60205413395 -23.9826300845
-1.30625011362 -1.58881420537 -23.9451750676
-1.29412050862 -1.57592059236 -23.909969257
-1.27862757856 -1.56337316976 -23.8770280632
-1.25977566938 -1.55115980444 -23.8463127203
-1.23762189379 -1.53925968288 -23.8177389686
-1.21227820886 -1.52764701021 -23.7911876562
-1.183911153 -1.51629487848 -23.7665166965
-1.15273920331 -1.50517909423 -23.7435737528
-1.11902783778 -1.49428175818 -23.7222089825
-1.08308250654 -1.48359440363 -23.7022871764
-1.04523982599 -1.47312052356 -23.6836986584
-1.00585740371 -1.46287734881 -23.6663683783
-0.965302775271 -1.45289677905 -23.6502627234
-0.923941982084 -1.44322541254 -23.6353936952
-0.882128341126 -1.43392366815 -23.6218202327
-0.840191949328 -1.42506404019 -23.6096466142
-0.798430430051 -1.41672857234 -23.5990180194
-0.757101366725 -1.40900567777 -23.5901134825
-0.716416783253 -1.4019864668 -23.5831366042
-0.676539926327 -1.39576076987 -23.5783045044
-0.637584486863 -1.3904130596 -23.5758355944
-0.599616272382 -1.38601848212 -23.575936807
-0.562657215915 -1.38263920247 -23.5787909541
-0.526691486463 -1.3803212541 -23.5845448794
-0.491673357489 -1.3790920569 -23.5932990316
-0.457536399063 -1.37895873493 -23.605099018
-0.424203490927 -1.37990732476 -23.6199295954
-0.391597111473 -1.38190292032 -23.6377114341
-0.35964934377 -1.38489075322 -23.6583008531
-0.328311055084 -1.38879816016 -23.6814925706
-0.297559750117 -1.39353734471 -23.707025366
-0.267405668261 -1.39900880065 -23.7345903978
-0.237895787868 -1.40510523158 -23.7638417935
-0.209115511255 -1.41171577647 -23.7944090055
-0.181187926995 -1.41873033656 -23.8259103462
-0.154270674791 -1.42604379435 -23.857967048
-0.128550566118 -1.43355992209 -23.8902171744
-0.104236234184 -1.44119479354 -23.9223287128
-0.0815491933694 -1.44887953885 -23.9540112202
-0.0607137754681 -1.45656231645 -23.9850254712
-0.0419464733025 -1.46420941616 -24.0151906512
-0.0254452580673 -1.47180545188 -24.0443887689
-0.0113794432749 -1.47935264858 -24.0725660943
0.000119355139907 -1.48686927411 -24.099731582
0.00896466501605 -1.49438730865 -24.1259523869
0.0151205910819 -1.50194948274 -24.1513467231
0.0186049159766 -1.50960584506 -24.1760744467
0.0194896676608 -1.51741004348 -24.2003258526
0.0178990803388 -1.52541551485 -24.2243092598
0.0140050092208 -1.53367178164 -24.2482380135
0.00801999040814 -1.54222104489 -24.272317554
0.000188259152362 -1.55109524517 -24.2967331902
-0.00922485355549 -1.56031373638 -24.3216391732
-0.0199446401805 -1.56988168289 -24.3471495893
-0.0316992850472 -1.57978925113 -24.3733314929
-0.0442320830895 -1.59001162312 -24.4002005778
-0.0573130079386 -1.60050981579 -24.4277195529
-0.0707490565139 -1.61123224624 -24.4557992432
-0.0843928544138 -1.62211694432 -24.4843022977
-0.0981490896534 -1.6330942792 -24.5130492508
-0.111978447479 -1.64409004075 -24.5418265655
-0.125898840813 -1.65502869807 -24.5703961868
-0.139983863185 -1.66583664978 -24.5985060638
-0.154358527123 -1.67644528241 -24.6259010533
-0.169192484005 -1.686793665 -24.6523336092
-0.18469104461 -1.69683072932 -24.6775736802
-0.201084426866 -1.70651681445 -24.7014172929
-0.218615743124 -1.71582448995 -24.7236933721
-0.237528299464 -1.72473861307 -24.744268459
-0.258052811046 -1.73325561763 -24.7630491026
-0.280395138872 -1.74138207619 -24.7799818355
-0.304725124518 -1.74913261745 -24.7950507802
-0.331167042061 -1.75652731804 -24.8082730645
-0.359792103496 -1.76358871794 -24.8196923487
-0.390613349859 -1.77033863119 -24.8293708708
-0.423583140246 -1.77679493692 -24.8373805037
-0.458593321327 -1.78296853873 -24.8437933682
-0.495478027259 -1.78886067369 -24.8486725794
-0.534018931022 -1.79446073549 -24.8520636916
-0.573952649546 -1.79974475056 -24.8539873769
-0.61497990271 -1.80467461229 -24.8544338004
-0.656775945318 -1.8091981395 -24.8533590689
-0.699001735697 -1.81324998172 -24.8506840128
-0.741315277044 -1.81675334897 -24.8462954354
-0.783382569499 -1.81962249967 -24.8400498255
-0.82488764165 -1.82176587882 -24.8317793952
-0.86554118807 -1.82308976301 -24.8213001691
-0.905087421241 -1.82350223968 -24.808421738
-0.943308847478 -1.82291732825 -24.7929581902
-0.980028791738 -1.82125904003 -24.7747396601
-1.01511161932 -1.81846517439 -24.7536238912
-1.04846072703 -1.8144906587 -24.7295071981
-1.08001449561 -1.80931026051 -24.7023342324
-1.10974050323 -1.80292052957 -24.6721060077
-1.13762839044 -1.79534086456 -24.6388857236
-1.16368183613 -1.78661364168 -24.6028020294
-1.18791014755 -1.77680338873 -24.5640494992

/group/IMA/6
6
posId 6
-1.32199020441 -1.56829753019 -24.3057380648
-1.32415682445 -1.54942228957 -24.2511999658
-1.32366128826 -1.52995318365 -24.1958749235
-1.3203857045 -1.51016614354 -24.140589548
-1.31423876086 -1.49034003758 -24.0861697779
-1.30516049212 -1.4707461895 -24.0334093821
-1.29312562257 -1.45163846478 -23.9830405642
-1.27814534285 -1.43324441324 -23.9357081118
-1.26026747565 -1.41575789395 -23.8919483188
-1.23957507992 -1.39933352456 -23.8521736384
-1.21618363269 -1.38408319493 -23.8166637051
-1.19023700717 -1.37007477115 -23.7855630088
-1.16190252949 -1.35733299654 -23.7588851453
-1.1313654423 -1.34584247808 -23.7365232117
-1.09882312696 -1.33555253624 -23.7182655967
-1.06447943825 -1.32638359962 -23.7038161345
-1.02853948477 -1.3182347484 -23.6928173823
-0.991205147259 -1.31099195637 -23.684875638
-0.952671568199 -1.3045365533 -23.6795862551
-0.913124773352 -1.29875342859 -23.676557835
-0.872740503861 -1.29353852312 -23.6754339789
-0.831684251814 -1.28880520821 -23.675911458
-0.790112407804 -1.28448922318 -23.6777538967
-0.748174351627 -1.28055193457 -23.680800351
-0.706015251707 -1.27698178227 -23.6849684784
-0.663779289249 -1.27379388691 -23.6902523213
-0.621612992709 -1.2710279009 -23.6967150476
-0.579668358954 -1.26874428727 -23.704477282
-0.53810545004 -1.26701929916 -23.7137019125
-0.497094188297 -1.26593900461 -23.7245764478
-0.456815125243 -1.26559275068 -23.7372941266
-0.417459028675 -1.2660664871 -23.752035028
-0.379225212734 -1.26743636949 -23.7689484066
-0.342318622955 -1.26976303735 -23.7881373749
-0.306945776779 -1.27308691389 -23.809646887
-0.273309744104 -1.27742480613 -23.8334557558
-0.241604426927 -1.28276799914 -23.8594731673
-0.212008456974 -1.28908194337 -23.8875398653
-0.184679071555 -1.29630753372 -23.9174338814
-0.159746347656 -1.30436388025 -23.9488803936
-0.137308170928 -1.31315237863 -23.981565041
-0.117426289332 -1.32256180927 -24.0151498003
-0.100123752031 -1.33247413228 -24.049290375
-0.0853839649752 -1.34277060454 -24.0836539522
-0.073151509408 -1.35333782776 -24.1179361638
-0.0633347727798 -1.36407334303 -24.151876137
-0.0558103389399 -1.37489041812 -24.1852686464
-0.0504289817795 -1.38572172601 -24.2179725599
-0.0470230098326 -1.39652168427 -24.2499150075
-0.0454146244221 -1.40726730985 -24.2810909742
-0.0454248859633 -1.41795753827 -24.3115583086
-0.0468828362595 -1.42861105317 -24.3414284326
-0.049634302154 -1.43926276707 -24.370853315
-0.0535499094958 -1.44995918 -24.4000095155
-0.0585318663025 -1.46075291492 -24.4290803004
-0.0645191290494 -1.4716967827 -24.4582369684
-0.0714906435061 -1.48283776163 -24.4876205873
-0.0794664475044 -1.49421128497 -24.5173253365
-0.0885065323748 -1.50583621413 -24.5473845658
-0.0987074766533 -1.5177108357 -24.5777605314
-0.110196983658 -1.52981015992 -24.6083385539
-0.123126567156 -1.54208471986 -24.6389260842
-0.137662730316 -1.55446097889 -24.6692568663
-0.153977066823 -1.56684335528 -24.699000076
-0.172235774621 -1.57911777179 -24.7277740065
-0.1925891087 -1.59115654169 -24.7551635838
-0.21516130753 -1.60282431669 -24.7807407475
-0.240041507458 -1.6139847517 -24.8040865393
-0.267276111605 -1.62450749047 -24.8248136109
-0.296863006981 -1.63427504933 -24.8425878123
-0.328747929541 -1.64318917342 -24.8571475463
-0.362823166703 -1.65117626362 -24.8683196784
-0.398928666495 -1.65819151987 -24.8760309694
-0.436855498378 -1.66422151634 -24.8803142381
-0.476351489721 -1.66928501188 -24.8813087532
-0.517128750407 -1.67343189991 -24.8792546804
-0.558872702131 -1.67674031016 -24.874481749
-0.601252153854 -1.67931198416 -24.8673926424
-0.643929914507 -1.68126615026 -24.8584419288
-0.68657341114 -1.68273221667 -24.8481116213
-0.728864786326 -1.68384167651 -24.836884669
-0.770509982319 -1.68471967309 -24.825217824
-0.811246379259 -1.68547670256 -24.8135153926
-0.850848637098 -1.68620093342 -24.8021053554
-0.889132491317 -1.68695159706 -24.7912192368
-0.925956365171 -1.68775385204 -24.7809769176
-0.961220779951 -1.68859544976 -24.7713773319
-0.994865662964 -1.68942543446 -24.7622956776
-1.02686576408 -1.69015500147 -24.7534874219
-1.05722448986 -1.69066051976 -24.7445990148
-1.08596654392 -1.69078860596 -24.7351848559
-1.1131298196 -1.69036302196 -24.724729713
-1.13875702257 -1.68919306532 -24.7126754884
-1.16288750605 -1.68708303555 -24.6984509787
-1.18554977945 -1.68384229529 -24.6815031019
-1.20675510394 -1.67929540771 -24.6613279712
-1.22649251948 -1.67329182092 -24.637500191
-1.24472556019 -1.66571458968 -24.6096988344
-1.2613908151 -1.65648767095 -24.5777287277
-1.27639838402 -1.64558140232 -24.5415359106
-1.28963417053 -1.63301586606 -24.5012164448
-1.30096385155 -1.61886195164 -24.457018092
-1.3102382714 -1.60324005013 -24.4093347572

/group/IMA/9
9
posId 9
-1.18873386092 -1.32521116673 -24.2020662615
-1.16470499516 -1.3064302632 -24.1618382762
-1.13827812539 -1.28794201641 -24.1231126642
-1.10967960702 -1.27011501886 -24.0867563793
-1.07911199973 -1.253314122 -24.0536343653
-1.04674792455 -1.23787616193 -24.0245496933
-1.01272712736 -1.22408647622 -24.0001847009
-0.97715719437 -1.21215845018 -23.9810486915
-0.940118065481 -1.20221812867 -23.9674373304
-0.901670157176 -1.19429551877 -23.9594079364
-0.861865568158 -1.1883236245 -23.9567734859
-0.820761529736 -1.1841455529 -23.9591164566
-0.778435010776 -1.1815292771 -23.9658218029
-0.734997219716 -1.18018891085 -23.9761265407
-0.690606683594 -1.1798107119 -23.9891818221
-0.645479636196 -1.18008155336 -24.0041221422
-0.599896614274 -1.18071733107 -24.0201355816
-0.554204431088 -1.18148874095 -24.0365288123
-0.508813049499 -1.18224206916 -24.0527810164
-0.464187283139 -1.18291307216 -24.0685818457
-0.420833679123 -1.18353264371 -24.083849992
-0.379283342055 -1.18422371322 -24.0987307148
-0.340071810429 -1.18518962376 -24.1135726057
-0.303717361251 -1.18669502147 -24.1288857853
-0.270699272254 -1.18904097678 -24.1452854255
-0.241437598915 -1.19253658467 -24.1634258309
-0.216275922165 -1.19746960723 -24.1839311425
-0.195468300251 -1.20407879668 -24.2073289931
-0.179171333768 -1.21253036436 -24.2339931028
-0.167441854404 -1.22290065975 -24.2640999101
-0.160240310096 -1.23516653184 -24.297602963
-0.157439480031 -1.24920412317 -24.334227096
-0.158837749843 -1.26479606283 -24.3734825518
-0.164175844689 -1.28164625661 -24.4146973528
-0.173155682854 -1.29940079192 -24.4570645705
-0.185459893332 -1.3176729477 -24.4996998379
-0.200770544937 -1.33606997248 -24.5417036113
-0.218785758167 -1.35421919618 -24.5822224054
-0.239233099946 -1.3717911773 -24.6205034954
-0.261878971989 -1.3885179395 -24.6559383831
-0.286533565924 -1.40420488139 -24.6880915541
-0.313051338561 -1.41873559365 -24.7167125921
-0.341327324677 -1.43206952299 -24.7417313957
-0.371289921056 -1.44423311017 -24.7632378947
-0.402891018553 -1.4553056329 -24.7814491223
-0.436094510929 -1.46540144442 -24.7966676236
-0.470864261757 -1.47465057368 -24.8092358632
-0.507152565193 -1.48317971955 -24.8194914812
-0.544890003527 -1.49109552939 -24.8277279229
-0.583977402698 -1.49847172141 -24.8341641929
-0.624280340385 -1.50534113073 -24.8389263389
-0.665626397183 -1.51169318476 -24.8420418916
-0.70780508668 -1.51747670746 -24.843447027
-0.750570179762 -1.52260737984 -24.8430048266
-0.793643971272 -1.52697870514 -24.8405318469
-0.836722935987 -1.53047499117 -24.8358293869
-0.879484190079 -1.53298470246 -24.8287154419
-0.921592210492 -1.53441256424 -24.8190533982
-0.962705357091 -1.53468901204 -24.806774032
-1.00248187457 -1.53377594818 -24.7918882705
-1.0405852027 -1.53166824583 -24.7744893438
-1.07668857303 -1.52839097729 -24.7547442766
-1.1104789981 -1.52399287495 -24.7328759805
-1.14166084802 -1.51853700013 -24.7091383667
-1.16995924983 -1.51208994427 -24.6837877796
-1.19512353136 -1.50471107816 -24.6570545371
-1.21693086814 -1.49644337692 -24.62911842
-1.23519018765 -1.487307177 -24.600091544
-1.24974625648 -1.47729788608 -24.5700112384
-1.26048374079 -1.4663882025 -24.5388444148
-1.26733090971 -1.45453485853 -24.5065035659
-1.27026256448 -1.44168934227 -24.472873138
-1.26930173832 -1.42781153758 -24.437843722
-1.26451973456 -1.41288481073 -24.4013504514
-1.25603415534 -1.39693081301 -24.3634113124
-1.24400471769 -1.38002219512 -24.3241608362
-1.22862684427 -1.36229155319 -24.283874899

/group/IMA/12
12
posId 12
-1.11702631596 -1.16865805366 -24.3235190975
-1.09414209681 -1.14614380503 -24.2825623283
-1.06852525939 -1.12429318064 -24.2437782552
-1.04065401361 -1.10329741614 -24.2074343366
-1.01101938823 -1.08331195234 -24.1737189725
-0.980105257341 -1.06445761393 -24.1427496482
-0.948367278411 -1.0468226715 -24.1145832476
-0.916212143555 -1.03046540886 -24.0892273426
-0.883978685984 -1.01541689714 -24.0666513919
-0.851922392777 -1.00168378317 -24.0467970056
-0.820204741772 -0.989251016276 -24.0295867123
-0.788888507654 -0.978084547274 -24.0149309764
-0.757939786418 -0.968134119411 -24.0027335055
-0.727236997673 -0.959336322011 -23.9928951343
-0.696586580114 -0.951618084616 -23.9853167393
-0.665744543343 -0.944900751407 -23.9799017174
-0.63444252823 -0.939104796126 -23.9765585369
-0.602416605359 -0.934155126352 -23.9752037535
-0.569436747808 -0.929986796816 -23.9757656979
-0.535334781142 -0.926550821567 -23.9781888032
-0.500028657148 -0.923819662243 -23.9824382909
-0.463541120364 -0.921791891608 -23.9885047085
-0.426011223691 -0.920495501835 -23.9964076376
-0.387697672303 -0.919989355052 -24.006197803
-0.348973592098 -0.920362362654 -24.0179568252
-0.310312979457 -0.921730126346 -24.0317939831
-0.272269737818 -0.924228967834 -24.0478395729
-0.235450788669 -0.928007499475 -24.0662347661
-0.200485210297 -0.933216124742 -24.0871182298
-0.167991667015 -0.939995081959 -24.1106101626
-0.138546517969 -0.94846183418 -24.1367947593
-0.112654927097 -0.958698741065 -24.16570242
-0.0907270403011 -0.970742008088 -24.1972932151
-0.0730608745246 -0.98457288371 -24.2314431844
-0.0598330126464 -1.00011196282 -24.2679349706
-0.0510975653825 -1.0172172598 -24.3064540527
-0.0467932008917 -1.03568644972 -24.3465914772
-0.0467574106144 -1.0552633617 -24.3878534975
-0.050746628992 -1.07564846943 -24.4296779787
-0.0584604003168 -1.09651278966 -24.4714568358
-0.0695675215076 -1.1175142991 -24.5125632187
-0.0837320040391 -1.1383157413 -24.5523816781
-0.100636794483 -1.15860254102 -24.5903391923
-0.120003458096 -1.17809949011 -24.6259347494
-0.141606436036 -1.19658492356 -24.6587651791
-0.16528099472 -1.21390126652 -24.688545124
-0.190924548453 -1.22996109006 -24.7151194256
-0.218491602805 -1.24474814781 -24.7384667416
-0.247983087132 -1.25831324833 -24.758693871
-0.279431276056 -1.27076522029 -24.7760209886
-0.312881807786 -1.2822576142 -24.7907587194
-0.348374469902 -1.29297212375 -24.8032786483
-0.385924433192 -1.30309997341 -24.813979419
-0.425505477906 -1.3128226842 -24.8232509567
-0.467036494339 -1.32229368216 -24.8314395399
-0.510372181749 -1.33162215022 -24.8388164086
-0.555298454641 -1.34086034869 -24.8455523484
-0.601532635279 -1.34999535779 -24.8517002359
-0.648728107325 -1.3589458498 -24.8571869187
-0.696482764386 -1.36756410896 -24.8618150772
-0.744350337628 -1.37564311473 -24.8652749408
-0.791853546402 -1.38292812324 -24.8671649653
-0.838497991102 -1.38913185267 -24.8670198944
-0.883785791786 -1.39395212685 -24.8643440732
-0.927228152277 -1.39709067625 -24.8586475046
-0.968356271157 -1.39827174708 -24.8494819702
-1.00673029628 -1.39725922799 -24.8364745818
-1.04194629387 -1.39387116121 -24.819356384
-1.07364144444 -1.38799074475 -24.7979840654
-1.10149785768 -1.37957323101 -24.7723534141
-1.12524549847 -1.36864845754 -24.7426038211
-1.14466472598 -1.35531907867 -24.709013835
-1.15958886967 -1.33975487487 -24.6719884407
-1.16990711235 -1.32218377386 -24.6320393222
-1.17556774251 -1.30288040753 -24.5897598288
-1.1765816051 -1.28215313664 -24.5457966558
-1.17302535353 -1.26033050001 -24.5008203696
-1.16504391809 -1.23774798874 -24.4554968387
-1.15285148627 -1.21473592094 -24.4104614064

/group/IMA/15
15
posId 15
-1.12817271276 -1.08237770958 -24.4831749598
-1.11864412982 -1.0536664633 -24.4363456365
-1.10608038901 -1.02572387368 -24.391749964
-1.0908530514 -0.998858725179 -24.3498114426
-1.07331503564 -0.973263998233 -24.3107587969
-1.05377341388 -0.949027466777 -24.2746524106
-1.03246913775 -0.926152880655 -24.2414270079
-1.00956588694 -0.904588651001 -24.2109445971
-0.985149190842 -0.884260196586 -24.1830506879
-0.959235798346 -0.86510180798 -24.1576266219
-0.931792095788 -0.84708407238 -24.1346315296
-0.902759333713 -0.830233546793 -24.1141288489
-0.872082638905 -0.814642390065 -24.0962943472
-0.839740349481 -0.800466941306 -24.081404925
-0.805770168916 -0.787915611256 -24.0698098802
-0.770288995408 -0.777227771237 -24.0618884824
-0.733504005598 -0.768646426887 -24.0579994007
-0.695713574381 -0.76238822231 -24.0584285398
-0.657297781085 -0.758614647004 -24.0633420594
-0.618699453236 -0.757408176165 -24.0727507448
-0.580397794768 -0.758756483182 -24.0864905511
-0.542877510131 -0.762546892244 -24.1042222022
-0.506596869402 -0.768572004635 -24.1254504351
-0.471958300084 -0.776546080726 -24.1495610974
-0.439284821306 -0.786130451015 -24.1758721241
-0.408804984906 -0.796965119149 -24.2036926926
-0.380648028493 -0.808702939723 -24.2323837894
-0.354849786272 -0.821042397843 -24.2614131553
-0.331368675671 -0.833755130008 -24.2903981318
-0.310109921214 -0.846704896674 -24.3191312666
-0.290955223488 -0.85985568166 -24.3475854891
-0.273794439745 -0.87326784202 -24.3758980139
-0.258555587456 -0.887082619815 -24.4043346124
-0.245229643503 -0.901496693295 -24.4332382033
-0.233887172688 -0.916729629397 -24.4629675963
-0.224684717802 -0.932987962696 -24.4938334498
-0.217860019137 -0.950430064656 -24.5260389224
-0.213716376631 -0.969135926427 -24.5596320578
-0.212597682906 -0.989085458866 -24.5944756826
-0.214856703583 -1.01014797072 -24.6302386513
-0.220819944757 -1.03208422482 -24.6664098674
-0.230752840453 -1.05456103544 -24.7023339027
-0.24482897165 -1.07717692142 -24.7372645425
-0.263106595676 -1.09949603544 -24.7704304691
-0.285514969826 -1.12108660079 -24.8011058269
-0.311851885924 -1.14155951838 -24.8286777419
-0.34179261362 -1.16060272842 -24.8527031002
-0.37490921686 -1.17800733685 -24.8729479909
-0.410698098519 -1.19368240174 -24.8894050812
-0.448612766716 -1.20765652427 -24.9022866096
-0.488098298097 -1.22006586335 -24.9119933884
-0.528623854666 -1.23112972768 -24.9190628967
-0.569709902059 -1.24111632182 -24.9241019179
-0.61094744256 -1.25030237107 -24.9277109674
-0.652007537277 -1.25893109364 -24.9304087531
-0.692640537159 -1.26717323984 -24.932565007
-0.732665639813 -1.2750956461 -24.9343491969
-0.771952501097 -1.28264098238 -24.9357009688
-0.810397530152 -1.28962118868 -24.9363258523
-0.847898081997 -1.29572562785 -24.9357170512
-0.884327967318 -1.3005433907 -24.9332013217
-0.919517503158 -1.30359764969 -24.9280043425
-0.953240755337 -1.3043886409 -24.9193288684
-0.9852117417 -1.30244090488 -24.9064375822
-1.01509027795 -1.29734994145 -24.8887320612
-1.04249698186 -1.28882348192 -24.8658197051
-1.06703584256 -1.27671315088 -24.8375617849
-1.08832183859 -1.26103331171 -24.8040978188
-1.10601045839 -1.24196525451 -24.765844024
-1.1198257136 -1.21984643759 -24.7234663632
-1.12958336951 -1.19514606459 -24.6778313763
-1.13520663383 -1.16842969428 -24.6299402874
-1.13673238483 -1.14031668538 -24.5808535339

/group/IMA/18
18
posId 18
-1.14331799549 -0.890114552138 -24.4155795977
-1.12474717326 -0.85740814703 -24.3742392655
-1.10109306557 -0.827446139634 -24.338857176
-1.07207527736 -0.800629509429 -24.3101305946
-1.03770660512 -0.7770587118 -24.2882030782
-0.998405729359 -0.756633635668 -24.2727698536
-0.95503020678 -0.73917359744 -24.2632426594
-0.908820516042 -0.7245280239 -24.2589341759
-0.86126516716 -0.712652301486 -24.2592205987
-0.813913906352 -0.703632653184 -24.2636483911
-0.768177191093 -0.697656673389 -24.2719659302
-0.725153008657 -0.69493941705 -24.284079266
-0.685516178939 -0.695625730993 -24.2999493749
-0.649491831388 -0.699695425884 -24.3194620591
-0.616916700402 -0.706897597821 -24.342307977
-0.587373146709 -0.716733973848 -24.3679078147
-0.560365426193 -0.728499992225 -24.3954068851
-0.535499003645 -0.741378906456 -24.4237468911
-0.512623516453 -0.754571509465 -24.451803918
-0.491908358021 -0.767434964403 -24.4785651294
-0.473834949371 -0.779600797287 -24.5033059162
-0.459108319581 -0.791045228599 -24.5257269037
-0.448508588796 -0.8020941489 -24.5460169667
-0.442716425438 -0.813358312821 -24.5648229447
-0.442152576155 -0.825608945042 -24.5831260833
-0.446868788607 -0.839616795386 -24.6020452342
-0.456516408304 -0.855985957682 -24.6226032078
-0.470401967096 -0.875015626436 -24.6455017799
-0.487619825983 -0.896617899908 -24.6709505855
-0.507234546054 -0.920308708652 -24.6985853668
-0.528473930421 -0.945274194197 -24.7274936458
-0.550890218038 -0.970499437217 -24.7563444126
-0.57445257961 -0.994933567132 -24.7835972915
-0.599547783754 -1.01765769748 -24.8077502985
-0.626884856624 -1.03802145971 -24.827577211
-0.657319796199 -1.0557203493 -24.8423074924
-0.691633658353 -1.07079835994 -24.8517133599
-0.730307931973 -1.08357594355 -24.8560875883
-0.773342762924 -1.09451897232 -24.8561181255
-0.820155835742 -1.10407683681 -24.8526868955
-0.869584108736 -1.1125244856 -24.8466358718
-0.919990306839 -1.11984268725 -24.8385503315
-0.969455281306 -1.12566315875 -24.8286057221
-1.0160203366 -1.12929201997 -24.81651147
-1.05793391015 -1.12980901527 -24.8015650522
-1.09385655995 -1.12622439471 -24.7828068464
-1.12298712336 -1.11766346759 -24.7592453942
-1.14508927111 -1.10354306093 -24.7301080427
-1.16041806164 -1.08370559585 -24.6950664784
-1.16956625161 -1.05848488647 -24.6543915047
-1.17326586204 -1.02869129518 -24.6090054949
-1.17218860899 -0.995519723311 -24.560421315
-1.16678767963 -0.960398804677 -24.5105789169

/group/IMA/21
21
posId 21
-1.18074218064 -0.759836120931 -24.4188978991
-1.14713902978 -0.724535773772 -24.3890268058
-1.11019076777 -0.691784756431 -24.3642758516
-1.07121050352 -0.6627771096 -24.3455648406
-1.03132946735 -0.638439202268 -24.3335496389
-0.991401608073 -0.61934336237 -24.3285558584
-0.951956734552 -0.605661773972 -24.3305413703
-0.913206774385 -0.597166225556 -24.3390927563
-0.875101718064 -0.593273325037 -24.3534569458
-0.837424433356 -0.593128906885 -24.3726052153
-0.799907854277 -0.595720347919 -24.3953229568
-0.762354898215 -0.600002058277 -24.4203156316
-0.724741296344 -0.605017981109 -24.4463195031
-0.687284349925 -0.610005694428 -24.4722053025
-0.650466021039 -0.614469531928 -24.4970639807
-0.615005925561 -0.618214611695 -24.5202659957
-0.581787653149 -0.621339142594 -24.5414888647
-0.551749223204 -0.624188094258 -24.5607115536
-0.52575429292 -0.627276470441 -24.5781781714
-0.504464087074 -0.631194308596 -24.5943369014
-0.48823039918 -0.636507620004 -24.6097626974
-0.477027334106 -0.643669523738 -24.6250736992
-0.470434085938 -0.652953847608 -24.6408514406
-0.467673732656 -0.664419789626 -24.657573763
-0.467704831847 -0.677911412639 -24.6755671217
-0.469354708837 -0.693090496081 -24.6949820162
-0.471476897411 -0.70949635849 -24.7157920256
-0.473111180121 -0.726622399621 -24.7378138261
-0.473623696354 -0.743996839353 -24.7607430433
-0.47280682642 -0.761254762044 -24.7841991471
-0.470923742019 -0.778190138961 -24.8077720245
-0.468689935573 -0.794779744925 -24.8310633865
-0.467192673545 -0.811175311186 -24.8537176406
-0.467757950278 -0.827665198016 -24.8754390266
-0.471781926593 -0.844611588819 -24.8959943085
-0.480548962976 -0.862373000679 -24.9152027471
-0.495060457769 -0.881224211372 -24.932917078
-0.515897456214 -0.901286178253 -24.9490004908
-0.543135557304 -0.922477099618 -24.9633049849
-0.576323614032 -0.944492654362 -24.9756559257
-0.614529068985 -0.966819111765 -24.9858462725
-0.656443693467 -0.988778073148 -24.9936420221
-0.700535269612 -1.00959682291 -24.9987982535
-0.745224520902 -1.0284943412 -25.0010831176
-0.789063228518 -1.04477055419 -25.0003055398
-0.830889439432 -1.05788574967 -24.9963415546
-0.869938979061 -1.06751837859 -24.9891542186
-0.905898660666 -1.07359252409 -24.9788029635
-0.938894766588 -1.07627071547 -24.9654399169
-0.969419414443 -1.07591286101 -24.9492928823
-0.998206048395 -1.07300712939 -24.9306369904
-1.0260723067 -1.06808288 -24.9097591362
-1.0537529379 -1.06161859162 -24.8869208462
-1.08174666304 -1.05395872927 -24.8623259198
-1.11019875576 -1.04525245008 -24.8360988857
-1.13883595437 -1.03542410018 -24.8082790319
-1.16696287315 -1.0241809962 -24.7788326345
-1.19352040638 -1.01105863644 -24.7476833281
-1.21719794612 -0.995498006129 -24.7147576905
-1.23658378484 -0.976944813022 -24.6800405016
-1.25033288487 -0.954957013983 -24.6436321533
-1.25732898142 -0.929305387865 -24.6057996862
-1.25681902855 -0.900052429392 -24.5670130861
-1.24850211943 -0.86759744184 -24.5279598296
-1.23256159719 -0.832680055207 -24.4895330971

/group/IMA/24
24
posId 24
-0.848377686225 -0.801088458241 -24.8805596687
-0.80243939623 -0.76384556212 -24.8652857382
-0.765571162375 -0.726603499543 -24.8439169131
-0.740126145686 -0.69173929162 -24.8178170855
-0.726929665818 -0.660920476729 -24.7884978588
-0.725073209679 -0.634720332288 -24.7572802039
-0.732159362644 -0.612559655135 -24.7250577003
-0.744950922654 -0.593009241021 -24.6922350822
-0.760248312194 -0.574366457975 -24.6588529842
-0.775741627444 -0.555324312142 -24.6248443436
-0.790584437321 -0.535515385597 -24.5903227631
-0.805517486182 -0.515749511201 -24.5557938807
-0.822507006479 -0.497861948422 -24.5222103279
-0.844011093809 -0.484215952198 -24.4908484126
-0.872100885665 -0.477017521002 -24.4630496539
-0.907704895234 -0.47766244353 -24.4399195665
-0.950201966747 -0.486325422176 -24.4220921043
-0.997475676211 -0.501921375438 -24.4096451461
-1.0463978277 -0.522446708851 -24.4021984199
-1.09357817811 -0.545584389148 -24.3991593829
-1.13614308692 -0.569372421697 -24.4000282255
-1.17230950292 -0.5927185326 -24.4046498566
-1.20159838766 -0.61559925564 -24.4133171573
-1.22465494638 -0.638889598385 -24.4266807366
-1.24276943939 -0.663892903838 -24.4454884295
-1.25728004116 -0.691737654815 -24.4702391933
-1.26906109147 -0.722846627047 -24.5008692637
-1.27825249798 -0.756652290092 -24.5365813659
-1.28428928542 -0.791643156636 -24.5758822882
-1.28618073266 -0.825710874537 -24.6168253668
-1.28290547428 -0.856667402076 -24.6573857884
-1.27376061802 -0.882749917782 -24.6958515986
-1.25853685076 -0.902944829772 -24.7311075041
-1.23747227511 -0.917034794144 -24.7627241603
-1.21103309063 -0.925376877034 -24.7908306886
-1.17964215362 -0.928517987068 -24.8158205805
-1.14349871253 -0.926810302767 -24.8379963171
-1.10259525928 -0.920184662246 -24.8572772439
-1.05695411988 -0.908176022293 -24.8730721073
-1.00700856488 -0.890195715201 -24.8843602732
-0.953978675664 -0.865946805517 -24.8899537914

/group/IMA/27
27
posId 27
-0.966529149785 -0.733364682994 -24.923621276
-0.924775020032 -0.697897872916 -24.9165630408
-0.887092507654 -0.663908472934 -24.9082069176
-0.85518367701 -0.631688811844 -24.8976842424
-0.829892481641 -0.600819865999 -24.8839988828
-0.811254164273 -0.570473037657 -24.8662960694
-0.798769118615 -0.539842028481 -24.8441084494
-0.791801269871 -0.508577285325 -24.8175197278
-0.789965699254 -0.477092500883 -24.7872073794
-0.793376395039 -0.446647560245 -24.7543567054
-0.802670551425 -0.419175407513 -24.7204706722
-0.818796946677 -0.396893605543 -24.6871249213
-0.842631199696 -0.381803844233 -24.6557286044
-0.874537445514 -0.375216280203 -24.6273466856
-0.914016944362 -0.377430538718 -24.6026199691
-0.959562666381 -0.387662726033 -24.5817911779
-1.00878087648 -0.404239874592 -24.5648169089
-1.05876298649 -0.425009167763 -24.5515240954
-1.10661626029 -0.4478501198 -24.5417612645
-1.15001249593 -0.471150387178 -24.5355010623
-1.18760452106 -0.494117728812 -24.5328687331
-1.21919454296 -0.516848208475 -24.5340955888
-1.24560671273 -0.540140236711 -24.5394195574
-1.26829926443 -0.565115489406 -24.548969866
-1.28882538553 -0.59276072138 -24.5626756661
-1.30829514778 -0.623524093762 -24.580228587
-1.32699067367 -0.6570806706 -24.6011103006
-1.34424298268 -0.69233019683 -24.6246743523
-1.35860399833 -0.72762148339 -24.6502537159
-1.36826242462 -0.76113187118 -24.6772573717
-1.37158196408 -0.791286442308 -24.7052232296
-1.36760488962 -0.817092402361 -24.7338096531
-1.35637357968 -0.838291668281 -24.7627289746
-1.33897461324 -0.855290645869 -24.7916469964
-1.31728953053 -0.868893695217 -24.8200858927
-1.29352060182 -0.879925792264 -24.847369593
-1.26962475189 -0.88886294265 -24.8726396249
-1.24681559544 -0.895586268751 -24.8949484574
-1.22527471227 -0.899338228231 -24.9134126763
-1.20415430368 -0.898898297425 -24.9273873028
-1.18187119619 -0.892928840995 -24.9366118756
-1.15661034988 -0.880389618376 -24.9412823478
-1.12689791737 -0.860897080838 -24.9420201617
-1.09208587515 -0.834919107317 -24.9397366982
-1.05261708245 -0.803743075649 -24.9354203512

/group/IMA/30
30
posId 30
-0.941953355711 -0.685950426897 -25.0596499558
-0.908603209099 -0.645559245352 -25.0499316473
-0.878004643771 -0.604454756747 -25.0381157463
-0.851722871704 -0.564155038876 -25.0243877624
-0.830912891433 -0.52568739359 -25.008817999
-0.816205439405 -0.489482954843 -24.991351779
-0.80773278257 -0.455447939849 -24.971845636
-0.80527103305 -0.423188153573 -24.9501461534
-0.808444399041 -0.39231991277 -24.926195027
-0.816922214809 -0.36277552431 -24.9001343879
-0.830545380653 -0.335011852424 -24.8723833731
-0.849342944095 -0.31005643611 -24.8436616152
-0.873434828389 -0.289370184756 -24.8149469255
-0.902852946279 -0.27455685246 -24.7873702259
-0.937339677045 -0.266993322616 -24.7620667812
-0.976192159057 -0.267479134687 -24.7400148068
-1.01821012781 -0.276001711478 -24.7218972935
-1.06177686195 -0.29168551919 -24.7080189044
-1.10506489602 -0.312946127386 -24.6982977794
-1.14632108884 -0.337816254359 -24.6923348389
-1.18415993527 -0.364364723635 -24.68954492
-1.21778725643 -0.39110324538 -24.6893193266
-1.24709108992 -0.417277246958 -24.69118185
-1.27256935754 -0.44296557946 -24.694901925
-1.29510630205 -0.468962546448 -24.7005389805
-1.31565050902 -0.496471708887 -24.708408641
-1.33487547803 -0.526689658822 -24.7189801357
-1.35291125699 -0.560386614019 -24.7327304584
-1.36922002949 -0.597591700546 -24.7499905565
-1.38265330435 -0.637463850304 -24.7708198382
-1.39168233249 -0.678381382416 -24.7949375248
-1.39474841331 -0.718227088371 -24.8217249894
-1.39064760789 -0.754795707747 -24.8502959675
-1.37885361734 -0.786220066358 -24.8796157937
-1.35969630186 -0.811308722556 -24.9086404497
-1.33434826169 -0.829712410682 -24.9364435818
-1.30461929294 -0.841882226015 -24.9623050394
-1.27260631355 -0.848837166876 -24.9857461181
-1.2402823263 -0.851807862037 -25.0065112199
-1.20912297352 -0.851854162067 -25.0245091091
-1.179859477 -0.849558842157 -25.0397358472
-1.15241485727 -0.8448770834 -25.0522036972
-1.12603456915 -0.837178029562 -25.0618955873
-1.09957484618 -0.825462393452 -25.0687548147
-1.07187429197 -0.808692918955 -25.0727076311
-1.04211600948 -0.786145077634 -25.0737057837
-1.01009306117 -0.757681393621 -25.0717700595

/group/IMA/33
33
posId 33
-1.17097247219 -0.268034878595 -24.8937082497
-1.11453198034 -0.252800246549 -24.910852883
-1.05906336781 -0.244082648023 -24.9306085048
-1.00799222 -0.242955677208 -24.9520037502
-0.96393891226 -0.25016664889 -24.9742612336
-0.928369181772 -0.265874280158 -24.9968256318
-0.901556117651 -0.289493350986 -25.0193078204
-0.88283342199 -0.319703364413 -25.041380202
-0.871035984072 -0.354633055495 -25.0626733498
-0.864976143904 -0.392181771855 -25.0827209315
-0.863805970206 -0.430397613384 -25.1009799258
-0.867164909826 -0.467813479148 -25.1169233958
-0.875090860657 -0.503651921025 -25.1301738396
-0.887754604684 -0.537845474288 -25.1406266132
-0.905135729465 -0.570870566397 -25.1485118467
-0.926774048395 -0.603445068052 -25.154360599
-0.951699674536 -0.636176744512 -25.1588715242
-0.978578361487 -0.669261469991 -25.1627082705
-1.0060292997 -0.70231301142 -25.1662839973
-1.03300727209 -0.734366019742 -25.1695987503
-1.05911229056 -0.764042979711 -25.1721841432
-1.08470788798 -0.789829633068 -25.1731805621
-1.11078896451 -0.810375416187 -25.1715334806
-1.13862239362 -0.824733463691 -25.1662592222
-1.16926157786 -0.832478309681 -25.1567079936
-1.20308379517 -0.833680330732 -25.1427505735
-1.23949987901 -0.82876090124 -25.1248356116
-1.27693786196 -0.81828705052 -25.1039012371
-1.31311975916 -0.802778645557 -25.0811666765
-1.34555921817 -0.782591154365 -25.057864197
-1.37213631856 -0.757907090217 -25.034988437
-1.39157760199 -0.728829817239 -25.013133971
-1.40369441368 -0.695537812275 -24.9924646949
-1.40930415042 -0.658437442247 -24.9728186116
-1.40985556955 -0.618254172515 -24.9539110221
-1.40687122662 -0.576024836801 -24.9355702297
-1.40137869729 -0.532989183088 -24.9179312581
-1.39350882789 -0.49041510615 -24.9015270703
-1.38239111477 -0.449416340371 -24.8872487623
-1.3663876283 -0.410825418678 -24.8761861381
-1.34360449075 -0.375166702378 -24.8693956599
-1.31253498119 -0.342739971803 -24.8676632785
-1.27264680177 -0.313785770466 -24.8713292145

/group/IMA/36
36
posId 36
-1.33469866617 -0.298478077574 -25.0859424437
-1.28970381645 -0.266218316959 -25.09107822
-1.240794054 -0.241964366701 -25.0995134953
-1.18976333385 -0.226270329827 -25.1108503591
-1.13852982056 -0.218894076536 -25.1244431628
-1.08891946472 -0.218990592822 -25.1395151706
-1.04248110697 -0.225429094589 -25.1552982994
-1.00037128057 -0.237135260107 -25.1711583467
-0.96332760204 -0.253355839051 -25.1866728719
-0.931725971032 -0.273769551036 -25.2016431051
-0.905695394691 -0.298417371547 -25.2160407295
-0.885251014348 -0.327482137343 -25.2299093895
-0.870404325941 -0.360994760391 -25.2432537538
-0.861219746271 -0.39856792528 -25.2559521021
-0.857805308774 -0.43925074251 -25.2677208004
-0.860246717808 -0.481561460636 -25.278142933
-0.868511879865 -0.523700703904 -25.2867535145
-0.882362142665 -0.563891052927 -25.2931560003
-0.90130424611 -0.600747153526 -25.2971345032
-0.924604240672 -0.633566694369 -25.2987263392
-0.951365286775 -0.662451236798 -25.2982303091
-0.980651170345 -0.688212172093 -25.2961444263
-1.01162260292 -0.712077967979 -25.2930473418
-1.04364837075 -0.735276816407 -25.2894545264
-1.07635970065 -0.75860687789 -25.285688401
-1.10963200774 -0.782113144848 -25.2817986216
-1.14349884785 -0.804963034142 -25.2775553553
-1.17802233337 -0.82555938991 -25.272518395
-1.21315674727 -0.8418645508 -25.2661640218
-1.24864391033 -0.851850877763 -25.2580355993
-1.28396946039 -0.853958198283 -25.2478775194
-1.31839134067 -0.847436968919 -25.2357170957
-1.35103072233 -0.832488097625 -25.2218738767
-1.38099752891 -0.810167184404 -25.2068963105
-1.40751303917 -0.782086299416 -25.1914458823
-1.42999362349 -0.750001794315 -25.1761629722
-1.44807209265 -0.715406423854 -25.1615527715
-1.46155276588 -0.679240007266 -25.1479225766
-1.47031738095 -0.641796457615 -25.135385797
-1.47421508601 -0.602846965551 -25.1239278197
-1.47297605137 -0.561936266556 -25.1135103728
-1.46618263443 -0.51875931116 -25.1041796455
-1.45331591026 -0.47350339206 -25.0961424371
-1.43387324075 -0.427051957438 -25.0897842701
-1.40753072848 -0.380987355811 -25.085620843

/group/IMA/39
39
posId 39
-1.34003985072 -0.247056769412 -25.3182391265
-1.28536798427 -0.220770157145 -25.3275843691
-1.22978617665 -0.202121130914 -25.3378075145
-1.17691949633 -0.191463099666 -25.3481646146
-1.12901860236 -0.188669653429 -25.3581628457
-1.08670848287 -0.19329901496 -25.3676289757
-1.04929243838 -0.204790028849 -25.3766618609
-1.01546662702 -0.222615356406 -25.3854932771
-0.984158599737 -0.246337981848 -25.3943135753
-0.955171269819 -0.275557731108 -25.4031291229
-0.92940114403 -0.309779549539 -25.4117038322
-0.908570814335 -0.348267419412 -25.4196033234
-0.894604071824 -0.38995464783 -25.4263205906
-0.888905586735 -0.433460159258 -25.4314315676
-0.891836011157 -0.477219455701 -25.4347191415
-0.902588571536 -0.519693783588 -25.4362182665
-0.919509546022 -0.559589137419 -25.4361669907
-0.940727307345 -0.596010412151 -25.4348856656
-0.964832457124 -0.628497937128 -25.4326347038
-0.99133241338 -0.656935677224 -25.4295091102
-1.02069465229 -0.681366783525 -25.4254127313
-1.05395767547 -0.701785449731 -25.4201228661
-1.09206278093 -0.717981676984 -25.4134193436
-1.13517429022 -0.729494775187 -25.405225797
-1.18226546714 -0.735690194414 -25.3957051263
-1.23114721714 -0.735928251609 -25.3852684524
-1.27894492002 -0.729759885384 -25.3744906126
-1.32285188318 -0.717076226339 -25.3639623438
-1.36087509367 -0.698158366123 -25.3541351847
-1.39228529052 -0.673613414895 -25.3452194662
-1.41759216705 -0.644227276977 -25.337176446
-1.43804652005 -0.610796379937 -25.3298097682
-1.45485566704 -0.574007595189 -25.3229225789
-1.4684153521 -0.534415126269 -25.3164797876
-1.47786443284 -0.492523175317 -25.3107107345
-1.48115452344 -0.448939255641 -25.3061080057
-1.47563671053 -0.404532227374 -25.3033160453
-1.45897209506 -0.360523639439 -25.3029445221
-1.43004573315 -0.318463239772 -25.3053706057

/group/IMA/42
42
posId 42
-1.31058747948 -0.144586264928 -25.5891671533
-1.2515641628 -0.138643049808 -25.5980959682
-1.19507700318 -0.14034875075 -25.6060989742
-1.14357989221 -0.150110561032 -25.6127932161
-1.09877906253 -0.167665032082 -25.6179524978
-1.06145475765 -0.192044015277 -25.6215355399
-1.03147297355 -0.221679660671 -25.6236765908
-1.00797725287 -0.254631746239 -25.6246411598
-0.989708904571 -0.28889146722 -25.6247576635
-0.975375896971 -0.322697235202 -25.6243411882
-0.963982774904 -0.354794692133 -25.6236269512
-0.955047774182 -0.384585906073 -25.6227281197
-0.948664778631 -0.412138428955 -25.6216262311
-0.945408388603 -0.438057193864 -25.6201942464
-0.946119502759 -0.463253162839 -25.6182443682
-0.951636479816 -0.488664708638 -25.6155871546
-0.962546425776 -0.514995774148 -25.612086507
-0.979020681644 -0.54252736707 -25.6076971653
-1.00077171489 -0.571038319534 -25.6024767208
-1.02713314626 -0.599843114528 -25.5965713278
-1.0572304509 -0.627926305873 -25.5901812838
-1.09018622015 -0.654131757289 -25.5835176178
-1.12529691194 -0.677355647951 -25.5767625045
-1.16212918905 -0.696696657633 -25.5700443894
-1.20050965095 -0.711532996426 -25.5634338178
-1.24041444103 -0.721518980168 -25.5569595705
-1.28179545957 -0.726517058022 -25.550638655
-1.32439911869 -0.726498177727 -25.544509691
-1.3676362951 -0.721449684194 -25.5386583768
-1.41054759962 -0.711324266701 -25.5332262307
-1.4518803988 -0.69604789072 -25.528398926
-1.49026104588 -0.675584027689 -25.5243767987
-1.52441692078 -0.650032042193 -25.5213356832
-1.55338650136 -0.6197251124 -25.5193895043
-1.57665674922 -0.585291295402 -25.5185660307
-1.5941857281 -0.547650939862 -25.5188038098
-1.60629978145 -0.507941927404 -25.5199724454
-1.61349029799 -0.467385959722 -25.5219116463
-1.61616520282 -0.427127964404 -25.5244787604
-1.61442623079 -0.38809101336 -25.5275914624
-1.60793984638 -0.350887573469 -25.5312528352
-1.59594754414 -0.315814373736 -25.5355502634
-1.57742552618 -0.282936002542 -25.5406263281
-1.55136356851 -0.252237419162 -25.5466274956
-1.51709885935 -0.223804739877 -25.553642825
-1.47462196394 -0.197982925531 -25.5616483789
-1.42477423809 -0.175461791798 -25.57047251

/group/IMA/45
45
posId 45
-1.32663471482 -0.152844312761 -25.8921383328
-1.27678399552 -0.16011083816 -25.8947175998
-1.2287897325 -0.173888066895 -25.8956438725
-1.18369127344 -0.193887739583 -25.8948947738
-1.14218753393 -0.219306708506 -25.8925951487
-1.10460637693 -0.248846880199 -25.8890150942
-1.07092895997 -0.280817532892 -25.8845443939
-1.04086212175 -0.313309366176 -25.8796463889
-1.01394422346 -0.34441673094 -25.8747979378
-0.989664944786 -0.372475181997 -25.8704246682
-0.96757813794 -0.39627748156 -25.8668417682
-0.947389120828 -0.415233263799 -25.8642098905
-0.929003248856 -0.42944552224 -25.8625134529
-0.912530203103 -0.439689671861 -25.8615650799
-0.89824676624 -0.447296131369 -25.8610357331
-0.88652841475 -0.453952669203 -25.8605059194
-0.877765483828 -0.461455616697 -25.8595299546
-0.872282005838 -0.471447319179 -25.857703158
-0.87027419639 -0.485179471071 -25.8547214304
-0.871781208067 -0.503337860233 -25.8504239837
-0.876694020937 -0.525954192921 -25.8448128274
-0.884800457273 -0.552416704977 -25.8380464975
-0.895856769854 -0.581575494557 -25.8304097721
-0.909670476547 -0.611923541888 -25.8222650532
-0.9261762039 -0.641822676314 -25.8139940237
-0.945486851657 -0.669737218588 -25.8059396449
-0.967906366688 -0.694437700298 -25.7983582959
-0.993897163188 -0.715142930076 -25.7913899322
-1.02400357622 -0.731579687356 -25.7850509022
-1.0587412067 -0.74395357405 -25.7792500687
-1.09846907425 -0.752839610946 -25.7738248199
-1.14326582625 -0.759014486654 -25.7685901324
-1.19283199739 -0.763261731269 -25.7633916296
-1.2464372283 -0.766184969311 -25.7581529548
-1.30292485552 -0.76806223098 -25.7529088298
-1.3607774013 -0.768766529869 -25.7478177087
-1.4182366808 -0.767765961175 -25.7431515221
-1.47346315436 -0.764202547655 -25.7392639967
-1.52471234025 -0.757035400855 -25.7365427545
-1.57050276479 -0.745222818619 -25.7353531943
-1.60975068798 -0.727911555501 -25.7359835572
-1.64185164654 -0.704600718163 -25.7386003491
-1.66669696361 -0.67525260737 -25.7432214854
-1.68462348486 -0.640332423218 -25.7497114579
-1.69630526487 -0.600771329381 -25.7577990441
-1.70260502654 -0.557860692695 -25.7671142455
-1.70440944563 -0.51309702772 -25.7772379221
-1.70247464202 -0.468005240164 -25.7877555398
-1.69730630286 -0.423970798864 -25.7983059168
-1.68909294659 -0.382108995091 -25.8086169269
-1.67770194555 -0.343191971938 -25.8185225923
-1.66273753507 -0.307643113875 -25.8279594286
-1.64364986927 -0.275595703295 -25.8369436855
-1.61987591523 -0.247000779765 -25.8455345783
-1.59098795702 -0.221760049077 -25.8537911187
-1.55682451031 -0.199855135075 -25.8617312853
-1.51758164457 -0.181445286845 -25.8693018093
-1.47384949433 -0.166911722376 -25.8763648823
-1.42658794229 -0.15683703654 -25.8827049562

/group/IMA/48
48
posId 48
-1.48490291029 -0.307751391433 -26.1729513512
-1.43101250976 -0.287722069922 -26.181729706
-1.37713134908 -0.273861339948 -26.1884484681
-1.32522729197 -0.266925490885 -26.1927787749
-1.27657714964 -0.267368106418 -26.1945196422
-1.23179361799 -0.275217319279 -26.1936378934
-1.19102328866 -0.290027926247 -26.1902764579
-1.15423570272 -0.310926821873 -26.1847279833
-1.12150148399 -0.336745642795 -26.1773797575
-1.09316733913 -0.366210875596 -26.1686434527
-1.06987342518 -0.398145659764 -26.1588870839
-1.05241224267 -0.431633734274 -26.1483857572
-1.0414811452 -0.466105643918 -26.1373024998
-1.03741646146 -0.501327872626 -26.1257022089
-1.0400050427 -0.537301367533 -26.1135928429
-1.04844627036 -0.574099837821 -26.1009808762
-1.06149098945 -0.611693664728 -26.0879246891
-1.07772757349 -0.64980804439 -26.0745708183
-1.09593657581 -0.687853474662 -26.0611633942
-1.11540933838 -0.72494599061 -26.0480250176
-1.13613106032 -0.760009574658 -26.0355154652
-1.15876447657 -0.791930960318 -26.0239806464
-1.1844266 -0.819723766158 -26.0137064775
-1.21431170951 -0.84265806336 -26.004890265
-1.24926104178 -0.860323020807 -25.9976364976
-1.28939917981 -0.872610585101 -25.99197641
-1.33394249902 -0.879631197265 -25.9879035547
-1.38123965766 -0.881591617038 -25.9854130161
-1.4290404341 -0.878674596727 -25.9845311414
-1.47492516393 -0.870957832921 -25.9853259262
-1.51678094563 -0.858396286493 -25.9878944297
-1.55319609297 -0.840871775821 -25.9923309063
-1.58366561768 -0.818292840561 -25.9986854917
-1.60855220004 -0.790712491817 -26.00692641
-1.62881482102 -0.758426134309 -26.0169178194
-1.64558199767 -0.722018145288 -26.0284208302
-1.65969012742 -0.682341339812 -26.0411182813
-1.67131748771 -0.640434008146 -26.0546566441
-1.67981808866 -0.597398148391 -26.068693121
-1.68380424387 -0.554274175135 -26.0829342655
-1.68145797045 -0.511948196767 -26.0971548471
-1.67098843361 -0.471117621333 -26.111191574
-1.65111312515 -0.432322445813 -26.1249139691
-1.62143509423 -0.396028649298 -26.1381818865
-1.58261838516 -0.362733019953 -26.150803707

/group/IMA/51
51
posId 51
-1.25708650078 -0.401387166346 -26.4888844397
-1.20176421517 -0.424472453963 -26.4799558972
-1.15483683574 -0.453449774352 -26.4687645764
-1.11896831849 -0.487386944759 -26.4556713179
-1.09517741632 -0.52537916112 -26.4410252475
-1.08279309663 -0.566573234627 -26.4251544123
-1.07980283865 -0.610140505211 -26.4083764584
-1.08348751056 -0.655217977385 -26.3910217494
-1.09116329192 -0.700847751519 -26.3734572174
-1.10082923855 -0.745945725351 -26.3560988763
-1.11155373746 -0.789321494686 -26.3394044341
-1.12351328126 -0.829755051748 -26.3238437874
-1.13769890573 -0.866117136901 -26.3098524702
-1.15539966185 -0.897504598535 -26.2977791647
-1.17763180321 -0.92335462574 -26.2878413085
-1.20469063506 -0.94350470762 -26.280101688
-1.23595797431 -0.958178059064 -26.2744739123
-1.27001596381 -0.967893540077 -26.2707571811
-1.30502261424 -0.973319365917 -26.2686928819
-1.33922448589 -0.975105374587 -26.2680295413
-1.37144104136 -0.973734811057 -26.2685802419
-1.40136523073 -0.969431640938 -26.2702585257
-1.42958239058 -0.962144622885 -26.2730845405
-1.45729697011 -0.951608858444 -26.2771611453
-1.48584747515 -0.937465045428 -26.2826276451
-1.51615687454 -0.919401921965 -26.289604551
-1.54828823609 -0.897282484659 -26.2981446617
-1.58124645913 -0.871220755985 -26.3082033631
-1.6130949166 -0.841591248046 -26.3196350672
-1.64136184526 -0.80897329437 -26.332214937
-1.66362338644 -0.774051273378 -26.3456777215
-1.67809470811 -0.737503990094 -26.3597607711
-1.68405467276 -0.699918637574 -26.37423747
-1.68197558476 -0.661756302193 -26.3889306107
-1.67331478618 -0.623379476273 -26.4037016522
-1.66002464615 -0.585132400184 -26.4184194339
-1.64392255123 -0.547448077658 -26.4329185204
-1.62610751657 -0.510946505314 -26.4469609616
-1.60660105116 -0.476489796887 -26.4602148112
-1.58432857382 -0.445171184378 -26.4722583482
-1.55746092422 -0.418233104273 -26.482611862
-1.52403080699 -0.396929478238 -26.4907911211
-1.48265647421 -0.382363144268 -26.4963704869
-1.43316869634 -0.375336639977 -26.4990408172
-1.37695816566 -0.376251137861 -26.4986486292

/group/IMA/54
54
posId 54
-1.15491697595 -0.581908459392 -26.750366093
-1.19458375466 -0.544151922523 -26.7668230953
-1.23956541867 -0.514491305515 -26.7803033143
-1.28796561487 -0.494277676632 -26.7901988086
-1.33801673486 -0.483603494937 -26.7964025581
-1.3881608875 -0.4814271088 -26.7992626562
-1.43704641316 -0.4860275931 -26.7994030065
-1.48348142959 -0.495633972475 -26.797473609
-1.52639304678 -0.509012519761 -26.7939175893
-1.56482715813 -0.525810129774 -26.7888359312
-1.5979961548 -0.546536373486 -26.781996452
-1.62535258179 -0.572192863685 -26.7729827404
-1.6466480615 -0.603682537174 -26.7614292001
-1.66193677802 -0.641210325178 -26.747257271
-1.67150202165 -0.683892746468 -26.7308262798
-1.67571559481 -0.729724555573 -26.7129409632
-1.67487102055 -0.775929124952 -26.694706786
-1.66904966712 -0.819587240931 -26.6772769058
-1.65807562482 -0.858341784899 -26.6615727895
-1.64158968444 -0.890946900628 -26.648070845
-1.61923268396 -0.91747989451 -26.6367262755
-1.590887406 -0.939145556016 -26.6270598205
-1.55690103045 -0.957737934784 -26.6183786525
-1.51820778003 -0.974937843657 -26.610057996
-1.47629663998 -0.991677122246 -26.6017902613
-1.43301519098 -1.00777545397 -26.5937202707
-1.39025336378 -1.02196149062 -26.5864243066
-1.34959299051 -1.03225986299 -26.5807436662
-1.31202585889 -1.0366040901 -26.57753197
-1.27782783027 -1.0334637976 -26.577403066
-1.24663302295 -1.02227675458 -26.580563809
-1.21769304404 -1.00355010486 -26.5867845384
-1.19025006737 -0.978614082431 -26.5955109937
-1.16391691691 -0.949133420084 -26.6060719556
-1.13895359598 -0.916563960203 -26.617904338
-1.11635919631 -0.881756302464 -26.6307129857
-1.09775163142 -0.844850396675 -26.6445073917
-1.08506848806 -0.805495968436 -26.6595029216
-1.08017176758 -0.76331260876 -26.6759237919
-1.08446268856 -0.718413446994 -26.6937814057
-1.09860397427 -0.671789669606 -26.7127117945

/group/IMA/57
57
posId 57
-1.2335957348 -0.617049654136 -27.0474809122
-1.17313544486 -0.641809863077 -27.0333972872
-1.123501769 -0.671883854974 -27.0182882773
-1.0890392172 -0.705402797919 -27.0031985118
-1.07094772978 -0.741019523774 -26.9887189319
-1.06711740735 -0.778052282583 -26.9749206093
-1.07302383073 -0.816353818733 -26.9614775129
-1.08337395675 -0.855973342948 -26.9479276227
-1.09392741759 -0.896751656197 -26.9339730874
-1.10285991364 -0.938009122068 -26.9197081725
-1.11120535204 -0.978446435656 -26.9056924701
-1.12224838949 -1.01629530019 -26.8928450959
-1.14011551776 -1.04966200103 -26.8822014416
-1.16809289739 -1.07693680172 -26.874623046
-1.20728193478 -1.09712162057 -26.8705655436
-1.25606244834 -1.10996386747 -26.8699849159
-1.31052481166 -1.11586063874 -26.8724086159
-1.3656744152 -1.11558449922 -26.8771364206
-1.41693803873 -1.10994624112 -26.8834895525
-1.46141185491 -1.09952725143 -26.8910127886
-1.49841315904 -1.08457903928 -26.8995573176
-1.52918020966 -1.06511512898 -26.9092221137
-1.55589499153 -1.04114032242 -26.920188508
-1.5804546477 -1.01290639909 -26.9325240525
-1.60349438021 -0.981073881186 -26.9460416666
-1.62404238591 -0.946700164034 -26.9602750049
-1.63991828824 -0.911048695799 -26.9745813302
-1.64867949194 -0.875291976931 -26.9883290013
-1.64869742272 -0.84023110981 -27.0010898366
-1.63989580076 -0.806155378803 -27.0127521595
-1.62382524191 -0.772915020545 -27.023500576
-1.60302563051 -0.740197365598 -27.0336619806
-1.57992894882 -0.707912731782 -27.0434730655
-1.55575913347 -0.676544913637 -27.0528604623
-1.52990784507 -0.647323334492 -27.0613257175
-1.50009233955 -0.62213123556 -27.0679919501
-1.46329746379 -0.603156888144 -27.0718098199
-1.41718497793 -0.592388969956 -27.0718594191
-1.36144529415 -0.59111777977 -27.0676452072

/group/IMA/60
60
posId 60
-1.0685241437 -0.927680032983 -27.2037650592
-1.06320725047 -0.889195631944 -27.215703179
-1.06177913134 -0.853179760606 -27.2273223675
-1.06574331628 -0.819819128981 -27.2387508212
-1.07657020426 -0.789160810551 -27.2501583098
-1.09528073759 -0.761318187332 -27.2616362725
-1.12214846898 -0.736604613288 -27.2731165051
-1.156594011 -0.715553022673 -27.284351443
-1.19728493727 -0.698824038524 -27.2949568472
-1.24239363317 -0.687046275085 -27.3044965979
-1.2899244762 -0.680655771865 -27.3125765045
-1.33801184455 -0.679798879505 -27.3189136532
-1.38511265376 -0.684335961163 -27.3233594443
-1.43006152453 -0.693942345307 -27.3258734674
-1.47200652704 -0.708263486631 -27.3264645766
-1.51028116163 -0.727058146144 -27.3251278603
-1.5442815882 -0.750265543098 -27.3218071794
-1.57340427809 -0.777959597479 -27.3164023051
-1.5970654204 -0.810196092411 -27.3088214334
-1.61478380694 -0.846801447427 -27.2990608243
-1.62627939113 -0.88717895485 -27.2872806925
-1.63153180821 -0.930209176191 -27.2738452093
-1.63075983994 -0.974294255882 -27.2593053981
-1.6243174595 -1.01754959864 -27.2443232474
-1.61254091908 -1.0580962194 -27.2295566756
-1.59560857373 -1.09437048175 -27.2155404044
-1.57347896591 -1.12535805045 -27.2026015156
-1.54594986372 -1.15067996898 -27.1908386879
-1.51283826593 -1.17050456618 -27.180173727
-1.47423361196 -1.18531454779 -27.1704597599
-1.43074115113 -1.19560566002 -27.1616106053
-1.38362375247 -1.20161586734 -27.1537073582
-1.33477374522 -1.20317425298 -27.1470443438
-1.28649596094 -1.1997197808 -27.1420956465
-1.2411437064 -1.19048443858 -27.1394092628
-1.20070097886 -1.17478146925 -27.1394600562
-1.16642893348 -1.15230513363 -27.1425070268
-1.13868277139 -1.12334491645 -27.1485000737
-1.11695899261 -1.08884516884 -27.1570664067
-1.10016594657 -1.05029123671 -27.1675819267
-1.0870436096 -1.00945832673 -27.1793063681

/group/IMA/63
63
posId 63
-1.10153852359 -1.07869764295 -27.4371306065
-1.08551684563 -1.02490440345 -27.4504815876
-1.07696513556 -0.97611573203 -27.4635387133
-1.07649212918 -0.934840533157 -27.4756573312
-1.08428545162 -0.901466228184 -27.4867527424
-1.10005101915 -0.874495658239 -27.497220605
-1.12307076352 -0.851395729819 -27.507695379
-1.15234794475 -0.829743587075 -27.5187347652
-1.18677804226 -0.808255177123 -27.5305429442
-1.22527880708 -0.787332549688 -27.5428295153
-1.26683642247 -0.76894957042 -27.5548505804
-1.31046547595 -0.755941524679 -27.5656122624
-1.3551212084 -0.750980402881 -27.5741595144
-1.39962593079 -0.75562467588 -27.5798451676
-1.44266731458 -0.769792262159 -27.5824853583
-1.48289551152 -0.791836099741 -27.5823526034
-1.51910086004 -0.819169562269 -27.5800192195
-1.55041281054 -0.84918289766 -27.5761181325
-1.57644126451 -0.880089585136 -27.5711152582
-1.59729337076 -0.911379936563 -27.5651781619
-1.61343941906 -0.943721009517 -27.5581843596
-1.62545669872 -0.978362490849 -27.5498562134
-1.6337294353 -1.01630136441 -27.5399601234
-1.63820683997 -1.05754920231 -27.5284846166
-1.63830930922 -1.1008004515 -27.5157234679
-1.63302739253 -1.14363712217 -27.5022309249
-1.62119435324 -1.18318954393 -27.4886697291
-1.60185330653 -1.21698950037 -27.4756173021
-1.5746055158 -1.24367350898 -27.4634132149
-1.53983017577 -1.26325174861 -27.452114594
-1.49870707179 -1.27683027621 -27.4415817788
-1.45303767547 -1.28589377905 -27.4316618411
-1.40492506105 -1.29143697362 -27.4223944301
-1.35641594036 -1.29330283449 -27.4141505079
-1.30921462036 -1.29001537595 -27.4076363873
-1.26454751372 -1.2792083127 -27.4037456106
-1.22320020126 -1.2585186579 -27.4033008369
-1.18568797171 -1.22662523389 -27.4067740881
-1.15247721096 -1.18404017487 -27.4140880286

/group/IMA/66
66
posId 66
-1.10257061538 -1.28110622246 -27.6655369128
-1.06005447976 -1.24875458088 -27.6667996249
-1.02472537386 -1.21257327257 -27.6703772178
-0.997117802104 -1.17307608494 -27.6762247041
-0.977146152111 -1.13090633534 -27.6841519894
-0.964281513307 -1.08688348554 -27.6938425307
-0.957816312201 -1.04201525549 -27.7048969363
-0.95714030676 -0.997467485998 -27.7168900674
-0.961946672899 -0.954494377339 -27.7294265262
-0.972306517547 -0.914341310235 -27.7421802832
-0.988588817547 -0.878138864589 -27.7549093079
-1.01124917862 -0.846808432465 -27.7674438003
-1.04055101911 -0.820996781681 -27.7796545773
-1.07630456549 -0.801050112568 -27.7914138756
-1.11770560583 -0.787029492429 -27.8025625818
-1.16332806885 -0.778761277306 -27.8128952076
-1.21128034752 -0.775910141235 -27.8221677328
-1.25948795867 -0.778059725808 -27.8301257647
-1.30602865821 -0.784786782002 -27.8365437614
-1.34943123684 -0.795718180963 -27.8412624775
-1.38886008189 -0.810564957383 -27.8442124122
-1.42414063843 -0.82913219713 -27.8454156327
-1.45562599874 -0.851307052716 -27.8449653922
-1.48394845824 -0.877029073621 -27.8429901722
-1.50972924104 -0.906247633097 -27.8396138211
-1.53332660148 -0.93887120257 -27.8349247101
-1.55468603858 -0.974713311633 -27.8289638843
-1.57332246179 -1.01344067586 -27.8217360072
-1.58842394644 -1.05453009367 -27.8132394665
-1.59903281169 -1.09724170695 -27.8035057324
-1.60424222503 -1.14061620169 -27.7926349572
-1.6033498529 -1.18350170121 -27.7808158907
-1.59593185028 -1.22461216125 -27.7683231129
-1.58183245049 -1.26261342862 -27.7554917891
-1.56109529144 -1.29622692489 -27.7426773086
-1.53388185631 -1.3243357874 -27.7302119713
-1.5004236984 -1.34607587482 -27.7183717764
-1.46103840707 -1.36089543305 -27.7073630283
-1.41621071992 -1.36857258674 -27.6973319538
-1.36671008178 -1.36918822868 -27.688392905
-1.31369522756 -1.36306143149 -27.6806644546
-1.2587529087 -1.35066282641 -27.6742998105
-1.20383381127 -1.33252626502 -27.6694994808

/group/IMA/69
69
posId 69
-1.12059730754 -1.38672386388 -27.9462751691
-1.072226905 -1.37063526217 -27.9419404745
-1.02760633211 -1.34854129977 -27.9397927561
-0.988357045019 -1.32143784073 -27.9398608046
-0.955482153551 -1.2905970466 -27.9419949949
-0.929331801554 -1.25741021608 -27.9459013539
-0.909717440388 -1.22318079525 -27.9512143273
-0.896133283761 -1.18892344556 -27.9575867031
-0.888013649276 -1.15522985837 -27.9647687638
-0.88494823676 -1.12224651319 -27.9726515287
-0.886795196846 -1.08977785509 -27.9812601527
-0.893667642488 -1.05749023001 -27.9906995257
-0.905810873535 -1.02515973491 -28.0010695952
-0.923421290857 -0.992891691693 -28.012377754
-0.946473104774 -0.961246248577 -28.0244765464
-0.974611382054 -0.931231934262 -28.0370466495
-1.00714337445 -0.904168366899 -28.0496303986
-1.04312437267 -0.881458269253 -28.0617049522
-1.08150218907 -0.864335084079 -28.0727719159
-1.12126672791 -0.853657633298 -28.0824358474
-1.16155343391 -0.849806118094 -28.09044885
-1.20166998615 -0.852700274622 -28.0967105974
-1.2410462795 -0.861921857329 -28.1012283462
-1.27913699401 -0.876892438234 -28.1040545586
-1.31532318771 -0.897043639819 -28.1052262843
-1.34885829643 -0.921924229505 -28.1047284064
-1.37888538775 -0.951213723664 -28.1024931804
-1.40452365162 -0.984646142973 -28.0984347849
-1.42499387935 -1.02187856345 -28.0925047652
-1.43973585277 -1.06235678172 -28.0847468009
-1.44847174847 -1.10522933102 -28.0753297147
-1.45118885997 -1.149342442 -28.0645457429
-1.44804543251 -1.19331955352 -28.0527738114
-1.43923409056 -1.23570019304 -28.0404202609
-1.42485667572 -1.27509456673 -28.0278575519
-1.40486450712 -1.31030813456 -28.0153820484
-1.3790980001 -1.34040483679 -28.0032047946
-1.34742538289 -1.36470258152 -27.9914768728
-1.30994340648 -1.38272048375 -27.9803378929
-1.26717635466 -1.39411438693 -27.9699671751
-1.22020318739 -1.39863902965 -27.9606155916

/group/IMA/72
72
posId 72
-1.02224013785 -0.980091076803 -28.3522284292
-0.96878910213 -1.00851004194 -28.337881522
-0.921938336021 -1.04153266481 -28.323375264
-0.886025678313 -1.07769766977 -28.3096728484
-0.863601558595 -1.11590407515 -28.2973981405
-0.854924988452 -1.15546435634 -28.2867515224
-0.858132417112 -1.19597486146 -28.2775646904
-0.87000099155 -1.23707149426 -28.269467086
-0.887033211369 -1.27818257323 -28.2620985945
-0.906494612623 -1.31838947111 -28.2552899269
-0.927071132205 -1.35645987584 -28.2491479622
-0.948961833616 -1.39104649829 -28.2440216078
-0.973428661829 -1.42097437443 -28.240369544
-1.00201186693 -1.44550040856 -28.2385871448
-1.03572119322 -1.46443568449 -28.2388626235
-1.0744961476 -1.47807247276 -28.2411178351
-1.11710586268 -1.48693439733 -28.2450535329
-1.16148149513 -1.4914403185 -28.2502765238
-1.20531150399 -1.49161172079 -28.2564537626
-1.24664377184 -1.48694352488 -28.2634285217
-1.28425791833 -1.47650165552 -28.2712499875
-1.31768368723 -1.45922776417 -28.2801033426
-1.34689816786 -1.43435305049 -28.2901683178
-1.3718708148 -1.40177882631 -28.3014640686
-1.39218548493 -1.3622885641 -28.3137450845
-1.40692934399 -1.31751283414 -28.3264937742
-1.41491662098 -1.26965436835 -28.339017646
-1.41516172128 -1.22106408644 -28.3506173368
-1.40739544355 -1.17380959021 -28.3607625482
-1.39238183478 -1.12937688595 -28.3692079904
-1.37185988744 -1.08859456428 -28.3760031575
-1.34808060938 -1.05178682009 -28.3813902318
-1.32307955453 -1.01907848241 -28.3856282811
-1.29794969748 -0.990722428174 -28.3888121754
-1.27240665816 -0.967316464064 -28.3907592873
-1.2448512463 -0.949823314481 -28.3910136074
-1.21296066904 -0.939385398548 -28.388973702
-1.17464187396 -0.937005678845 -28.384103922
-1.12903258572 -0.943216933137 -28.376155133

/group/IMA/75
75
posId 75
-0.864282023224 -1.32816823673 -28.5948232288
-0.852838405292 -1.27540367307 -28.6054725776
-0.848564873005 -1.22789563017 -28.6155685429
-0.852041204939 -1.18692731541 -28.6248775118
-0.863589305735 -1.15252392785 -28.6334210322
-0.883253173534 -1.12384424963 -28.6413879439
-0.910748955017 -1.09975735056 -28.649003253
-0.945397121532 -1.07939989462 -28.6563997707
-0.986070896892 -1.06253331818 -28.6635351635
-1.03120345925 -1.04960315252 -28.6701795044
-1.07888586451 -1.04151382319 -28.6759730768
-1.12706024477 -1.03923162698 -28.680530013
-1.17377770739 -1.04338195858 -28.6835486436
-1.21746042206 -1.05399722318 -28.6848890365
-1.2570947439 -1.07050511262 -28.6845918314
-1.29229361088 -1.09194925785 -28.6828349299
-1.32320041804 -1.11734254359 -28.6798476473
-1.35025347532 -1.14600167134 -28.675817256
-1.37387511703 -1.17771894924 -28.6708250116
-1.39417732099 -1.21269097385 -28.6648370716
-1.41077597997 -1.25122023229 -28.6577545351
-1.42277705496 -1.29329876442 -28.6495039059
-1.42894761328 -1.33823763883 -28.6401330338
-1.42802839099 -1.3845003809 -28.6298740808
-1.41909968765 -1.42983253605 -28.6191458035
-1.4018935293 -1.47167522382 -28.6084888103
-1.3769585301 -1.5077444357 -28.5984519447
-1.3456259496 -1.53658838968 -28.5894667648
-1.30978321947 -1.55792907883 -28.5817533134
-1.27151689095 -1.57265625615 -28.5752913895
-1.23272349616 -1.58245358689 -28.5698700735
-1.19479340745 -1.5891607795 -28.565201502
-1.15844818518 -1.59406987052 -28.5610620525
-1.12376467156 -1.59738519248 -28.5574132225
-1.09036455171 -1.59803227193 -28.5544596427
-1.05770325196 -1.59389375662 -28.5526214688
-1.02536999774 -1.58241469976 -28.5524264246
-0.993316777597 -1.56139954978 -28.5543536699
-0.961963775174 -1.52975871835 -28.5586783687
-0.932171033034 -1.48797524544 -28.5653665993
-0.905106011472 -1.43814803361 -28.5740546926

/group/IMA/78
78
posId 78
-1.02591628201 -1.1280398095 -28.9984234868
-0.961781424416 -1.14094381044 -28.9954615249
-0.904706396947 -1.16091405067 -28.9911130991
-0.858882154593 -1.18807393842 -28.9853767069
-0.826750865409 -1.22179544008 -28.9783927133
-0.808687781636 -1.26070031305 -28.9704413264
-0.803209199348 -1.30288188902 -28.9618990045
-0.807609178 -1.34627468533 -28.953167429
-0.818807438132 -1.38905120717 -28.9445981677
-0.834145218739 -1.4299193657 -28.9364371036
-0.851906021295 -1.46823124117 -28.9288053953
-0.871446491641 -1.50388078809 -28.9217208494
-0.892959609748 -1.53704080454 -28.9151496747
-0.917010407622 -1.56784269 -28.9090685112
-0.944044722433 -1.59611800083 -28.9035138381
-0.974056779054 -1.62129386129 -28.8986012226
-1.0065213719 -1.64247517684 -28.8945083516
-1.04058345022 -1.6586768619 -28.8914292292
-1.07539494505 -1.66911405331 -28.8895174963
-1.1104336233 -1.67343732933 -28.8888407462
-1.14565095917 -1.67182075971 -28.8893635827
-1.1813695436 -1.66486567352 -28.8909664661
-1.21795664734 -1.65335251691 -28.8934939623
-1.25539829327 -1.63793193873 -28.8968147003
-1.29294955022 -1.61887274403 -28.9008702792
-1.32902062613 -1.5959683419 -28.9056935101
-1.36137850049 -1.56864958298 -28.9113867726
-1.38762799549 -1.53627875285 -28.9180653765
-1.40582630322 -1.49853250399 -28.9257837221
-1.41502231136 -1.45574453871 -28.9344691618
-1.4155221417 -1.40908568836 -28.9438871452
-1.40876529086 -1.36050841755 -28.9536517258
-1.39682557778 -1.31245865596 -28.9632809234
-1.38168394231 -1.26743474181 -28.9722816639
-1.36450937611 -1.22752494696 -28.9802390862
-1.34519673737 -1.19406365233 -28.9868833414
-1.32233816633 -1.16750839098 -28.992114244
-1.29366934407 -1.1475681052 -28.9959778836
-1.25687629944 -1.13353112243 -28.9986049471
-1.21052426062 -1.12467704616 -29.0001327911
-1.15481930914 -1.12063155379 -29.0006380998

/group/IMA/81
81
posId 81
-0.977065183025 -1.25526674591 -29.3396752238
-0.921475583653 -1.2851731381 -29.3357740926
-0.882857726549 -1.32546660693 -29.3288506288
-0.863204753404 -1.37296110313 -29.3195010151
-0.860217404691 -1.42360661901 -29.3087052208
-0.868706132793 -1.47354424463 -29.2975347998
-0.88289990888 -1.51998826898 -29.2868563546
-0.898661800552 -1.56161875118 -29.2771449613
-0.914709988723 -1.59839605615 -29.2684680887
-0.932429673321 -1.63095843779 -29.2606242898
-0.954505466512 -1.65992223193 -29.253357128
-0.983110052907 -1.68540569619 -29.2465412175
-1.01852964864 -1.70695165341 -29.2402620969
-1.05883943276 -1.72380893581 -29.2347703894
-1.10070393549 -1.73535565596 -29.2303536437
-1.14083129138 -1.74139337348 -29.2272059926
-1.17731512014 -1.74213224265 -29.2253696868
-1.21018657007 -1.73787286114 -29.2247784031
-1.24091834969 -1.72857365482 -29.2253734304
-1.27116104632 -1.71357736503 -29.2272207931
-1.30138359034 -1.69170937484 -29.2305525094
-1.33014196283 -1.6617796556 -29.2356918438
-1.3543869905 -1.62330584892 -29.2428830659
-1.37069604236 -1.57713432213 -29.2521007709
-1.37683299345 -1.5256440918 -29.2629341616
-1.37284555238 -1.47238105546 -29.2746155752
-1.36110345351 -1.4212182155 -29.2862000145
-1.34518177043 -1.37535856648 -29.2968317227
-1.32806625077 -1.33658610427 -29.3059883543
-1.31052602872 -1.3050797866 -29.3135959274
-1.29047688664 -1.27986954238 -29.319959647
-1.26373955465 -1.25973471172 -29.3255351026
-1.2259642757 -1.2441480479 -29.3306360292
-1.17493351895 -1.23384282081 -29.3352060503
-1.11223173771 -1.23074091052 -29.3387574586

/group/IMA/84
84
posId 84
-1.10666358938 -1.3470948825 -29.6958948136
-1.04479622541 -1.35697727286 -29.6959710079
-0.985906086505 -1.37533126622 -29.69351858
-0.937019193557 -1.40157424378 -29.6883765741
-0.903370866461 -1.43439718931 -29.6806719566
-0.886694144446 -1.47210957442 -29.6708015497
-0.884844119529 -1.51300581013 -29.6593460134
-0.892923477428 -1.55559202507 -29.6469537235
-0.905425772774 -1.59859834432 -29.6342380511
-0.918476719743 -1.64081971575 -29.6217184885
-0.931225247236 -1.68091859767 -29.6098119127
-0.945825626761 -1.71734098209 -29.5988571116
-0.966081002226 -1.74843474071 -29.5891442043
-0.995402002659 -1.7727475708 -29.5809250948
-1.03501105984 -1.78937702535 -29.5743978493
-1.08317594831 -1.79820085142 -29.5696771879
-1.13576225987 -1.79985700413 -29.5667745393
-1.18778794351 -1.79545273037 -29.5656081491
-1.23522406422 -1.78611022 -29.5660479072
-1.27621124621 -1.77254110398 -29.5679790939
-1.31117427442 -1.7548407404 -29.5713551266
-1.34186040954 -1.73260249243 -29.5762098456
-1.36983828669 -1.70531090272 -29.5826160733
-1.39523238738 -1.67284454323 -29.5906023126
-1.4163255302 -1.63586377383 -29.600061728
-1.43021428684 -1.59590303859 -29.610695746
-1.43417062212 -1.55511373175 -29.622023563
-1.42700699407 -1.51575640028 -29.6334622314
-1.40973543984 -1.47965174875 -29.644451068
-1.38515845259 -1.44781862435 -29.6545727634
-1.35656353346 -1.42044520465 -29.6636219684
-1.32615460046 -1.39719362052 -29.6715919688
-1.29401402334 -1.37769352377 -29.678583465
-1.25816257378 -1.36200092814 -29.6846723075
-1.21576973891 -1.35081918923 -29.6897910852

/group/IMA/87
87
posId 87
-0.957771343956 -1.75568983023 -29.9453947543
-0.925642323255 -1.71147238008 -29.9632376817
-0.90372296656 -1.66486261924 -29.9820972665
-0.893231695771 -1.61812295551 -30.0010587398
-0.894136343317 -1.57357719853 -30.0191769948
-0.905379959991 -1.53325992314 -30.0356201412
-0.925315097669 -1.49858911832 -30.0498044858
-0.952182451217 -1.47017084145 -30.0614760246
-0.984473433095 -1.44781077747 -30.0707072981
-1.02107658894 -1.43074234111 -30.0778052637
-1.06119918654 -1.41800679484 -30.0831563852
-1.10414186936 -1.40886496715 -30.0870582414
-1.14905349595 -1.40310417357 -30.0895936656
-1.19478843319 -1.40113555997 -30.0905905482
-1.23993449913 -1.40384671559 -30.0896818914
-1.28300042098 -1.41225824445 -30.0864462677
-1.32268026918 -1.42710147772 -30.0805806773
-1.35807798536 -1.44846306544 -30.0720460372
-1.38879143942 -1.47562023811 -30.0611345326
-1.41481524998 -1.50712551264 -30.0484347542
-1.43629994658 -1.54111437286 -30.0347055468
-1.45326929502 -1.57573398179 -30.0207004622
-1.46542052223 -1.60955159291 -30.0070008215
-1.47210299261 -1.64181119879 -29.9939112591
-1.47249988214 -1.67246155152 -29.9814491078
-1.46595217076 -1.70195770592 -29.9694264921
-1.4522991088 -1.73091325646 -29.9575932057
-1.43209166669 -1.75972541798 -29.945790088
-1.40657489967 -1.78829573374 -29.9340625217
-1.37741897829 -1.81592773354 -29.9227008943
-1.34627621331 -1.84141666904 -29.9122022061
-1.31431548254 -1.86328098439 -29.9031739448
-1.28190633881 -1.88004417506 -29.8962181123
-1.24858219888 -1.89047231946 -29.8918344752
-1.21331856586 -1.89370490336 -29.8903685599
-1.17505078538 -1.88926895873 -29.8920081264
-1.13326658167 -1.8770163333 -29.8968112208
-1.08847460069 -1.85705061357 -29.904737904
-1.04238493486 -1.82970371615 -29.9156605451

/group/IMA/90
90
posId 90
-1.00155051194 -1.91357097423 -30.249878805
-0.950095939234 -1.88547788192 -30.2610811707
-0.907072163456 -1.85318593986 -30.2756540428
-0.874650829794 -1.8188587249 -30.2925462278
-0.853698996862 -1.78447422484 -30.3106790412
-0.843766230958 -1.75146355597 -30.3291586361
-0.843359260823 -1.7205107877 -30.3474232972
-0.850419336481 -1.69156862255 -30.3652843908
-0.862867594134 -1.66407880827 -30.3828533792
-0.879073993498 -1.63732406491 -30.4003830061
-0.898136855556 -1.61079996523 -30.4180767538
-0.919921228866 -1.58449269293 -30.4359285954
-0.944875301334 -1.55898213833 -30.4536427015
-0.973703060865 -1.53534776577 -30.4706546757
-1.00700174554 -1.51491767145 -30.4862418332
-1.04496782129 -1.49894859351 -30.499681528
-1.08724039846 -1.48834138772 -30.510402965
-1.13290041492 -1.48347829075 -30.518083367
-1.18059561412 -1.48422262828 -30.5226612963
-1.22873080601 -1.49006496608 -30.5242702299
-1.27565792209 -1.50035170094 -30.5231233523
-1.31981897166 -1.51450876507 -30.5193962827
-1.35982683143 -1.53218144197 -30.5131528794
-1.39449954797 -1.55324700225 -30.5043413752
-1.42288085991 -1.5777062374 -30.4928606904
-1.44427676768 -1.60550485145 -30.4786699209
-1.45831767169 -1.63636000118 -30.4618974717
-1.46502784862 -1.66966275657 -30.4429060579
-1.46486227296 -1.70449619182 -30.4222858786
-1.45866646659 -1.73976317287 -30.4007748103
-1.44753286873 -1.77437488673 -30.3791317874
-1.43256282604 -1.80742694784 -30.3580075987
-1.41458445349 -1.83829379855 -30.3378593686
-1.39390736034 -1.86660304523 -30.31893993
-1.37020177925 -1.89209824934 -30.3013662613
-1.34256574652 -1.91444429968 -30.2852416704
-1.30979393243 -1.93305662625 -30.2707850929
-1.27079961299 -1.94703324332 -30.2584156839
-1.22508679889 -1.95523635867 -30.2487542229
-1.1731415241 -1.95651832874 -30.2425306382
-1.11662121478 -1.95003281801 -30.2404198913

/group/IMA/93
93
posId 93
-1.05278891619 -2.0619165471 -30.5738956145
-0.999476044307 -2.04649981323 -30.5752585755
-0.949200372031 -2.02770294504 -30.5796883218
-0.904510996996 -2.00618502185 -30.5871773211
-0.867465606728 -1.98250435105 -30.597700085
-0.83930340864 -1.95706209632 -30.611193317
-0.820284597247 -1.93009332222 -30.6275323513
-0.809736859079 -1.90170900764 -30.6465088709
-0.806298390945 -1.87197952007 -30.6678149481
-0.808297936064 -1.841038838 -30.6910375191
-0.814178413546 -1.80918253863 -30.7156656556
-0.822860827989 -1.77693307142 -30.7411107679
-0.833961828554 -1.74505317651 -30.7667375901
-0.847816920654 -1.7145007131 -30.791901897
-0.865311449486 -1.68633249019 -30.8159897483
-0.887569669779 -1.66157725658 -30.8384528292
-0.915585855012 -1.64110557367 -30.8588351994
-0.949892058488 -1.62552494783 -30.8767882799
-0.990342829457 -1.61512225195 -30.8920729031
-1.03606274846 -1.6098638624 -30.9045493508
-1.08555822181 -1.60945016295 -30.9141581214
-1.13695304234 -1.61340869331 -30.9208954249
-1.18827903539 -1.6212023378 -30.9247879268
-1.23774557664 -1.63232735098 -30.9258710247
-1.28392566658 -1.64638075745 -30.9241740548
-1.32582622413 -1.66308611051 -30.9197144847
-1.36284661738 -1.68227794846 -30.9125015956
-1.39466112174 -1.70385540201 -30.9025486459
-1.42107886253 -1.7277216815 -30.8898912282
-1.44193432014 -1.75372725344 -30.8746086471
-1.45704390781 -1.78163061203 -30.8568447241
-1.46623597583 -1.81108328935 -30.8368245058
-1.46943247753 -1.84163761622 -30.8148638831
-1.46674016315 -1.87276931153 -30.7913700525
-1.45850431072 -1.90390410333 -30.7668319581
-1.44529036793 -1.93443888967 -30.741801216
-1.42778457259 -1.96375266057 -30.7168653695
-1.40663532612 -1.99120865371 -30.6926164818
-1.38228263896 -2.0161546586 -30.6696188534
-1.35483447401 -2.03793096429 -30.6483799107
-1.32404153736 -2.05589407821 -30.6293279533
-1.28939699674 -2.06945927914 -30.6127994765
-1.25035137673 -2.07815784454 -30.5990373062
-1.20659593602 -2.08169777562 -30.5881990238
-1.15834142216 -2.08001249402 -30.5803734036

/group/IMA/96
96
posId 96
-0.927805078022 -2.34798532757 -30.6769396446
-0.888659115237 -2.31967259289 -30.6911554508
-0.850461093792 -2.28975718894 -30.7069604221
-0.815122202895 -2.25827180314 -30.7248008154
-0.784331146732 -2.22538893931 -30.7449495894
-0.759426742184 -2.1914108309 -30.767483338
-0.741314287451 -2.15674698922 -30.792280524
-0.730431896476 -2.12188244554 -30.819039965
-0.726767147403 -2.08734063455 -30.847316321
-0.729918707978 -2.05364527999 -30.8765675788
-0.739192723571 -2.02128554707 -30.9062083937
-0.753720226778 -1.99068814304 -30.9356627744
-0.772580028198 -1.96219905619 -30.964409982
-0.79491164572 -1.93607634939 -30.9920186199
-0.820004770516 -1.91249402227 -31.0181655528
-0.847355282201 -1.89155559414 -31.0426383201
-0.876682462583 -1.87331489887 -31.0653218329
-0.907907239081 -1.85780075753 -31.086172134
-0.941096379773 -1.8450417989 -31.1051815893
-0.976381943732 -1.83508777314 -31.1223409078
-1.01386843503 -1.82802423528 -31.1376037139
-1.05354164091 -1.8239783938 -31.1508590029
-1.09519287464 -1.82311511066 -31.1619157363
-1.1383703288 -1.82562335458 -31.1705022263
-1.1823657247 -1.83169468932 -31.1762810011
-1.22623984963 -1.84149646429 -31.1788777882
-1.26888546845 -1.85514313382 -31.1779213467
-1.30912110582 -1.8726694681 -31.1730893544
-1.34580493772 -1.89400928951 -31.1641546133
-1.37795503695 -1.91898278426 -31.1510255849
-1.40486087461 -1.94729446679 -31.1337757564
-1.42617147704 -1.97854262719 -31.1126575168
-1.44194795013 -2.01223971624 -31.0880979567
-1.45267196376 -2.04784178312 -31.0606760993
-1.45920680526 -2.08478393879 -31.0310832801
-1.4627131849 -2.12251801279 -31.0000704539
-1.4645274575 -2.16054820545 -30.9683878775
-1.46601466246 -2.19846066171 -30.936723683
-1.46841220382 -2.23594350153 -30.9056481954
-1.47268166422 -2.27279487284 -30.8755703855
-1.47938593613 -2.30891793266 -30.8467116455
-1.48860655355 -2.34430316068 -30.8191002356
-1.49991203792 -2.37899989487 -30.7925874851
-1.512382662 -2.41308027959 -30.7668843936
-1.52469087351 -2.44659977841 -30.7416149352
-1.53523039072 -2.47955891035 -30.7163803975
-1.54228138711 -2.51187085259 -30.6908277116
-1.54419486239 -2.543339007 -30.6647141212
-1.53957676033 -2.57364760543 -30.6379607713
-1.52745195142 -2.60236703519 -30.6106888689
-1.50738993382 -2.6289739541 -30.5832338534
-1.47957785994 -2.65288460975 -30.5561353522
-1.44483188018 -2.67349826521 -30.5301033018
-1.40454424098 -2.69024643383 -30.5059632317
-1.36057038419 -2.70264287619 -30.4845860272
-1.31506673049 -2.71032910179 -30.4668092632
-1.27029518498 -2.7131104768 -30.4533582238
-1.22841408768 -2.71097893298 -30.4447748816
-1.19127693535 -2.7041196112 -30.4413623778
-1.16025954009 -2.69290041221 -30.4431509958
-1.13613342653 -2.67784519226 -30.4498894174
-1.11899850916 -2.65959304202 -30.4610624366
-1.10828194467 -2.6388475385 -30.4759335527
-1.1028031842 -2.61632090552 -30.49360828
-1.10089839812 -2.59267854469 -30.5131118656
-1.10059134755 -2.56848935033 -30.5334736359
-1.09979308412 -2.54418660378 -30.5538095535
-1.09651006777 -2.52004312451 -30.5733948143
-1.08903968585 -2.49616285977 -30.5917194324
-1.07613377969 -2.47248938433 -30.6085216044
-1.05711443682 -2.44883004273 -30.6237960217
-1.03193156835 -2.42489288665 -30.6377769373
-1.00115806897 -2.40033230592 -30.6508984117

/group/IMA/99
99
posId 99
-0.845794840629 -2.37957657423 -30.8295841617
-0.801469485845 -2.35033690241 -30.8437212402
-0.763361315331 -2.31809290264 -30.8625805798
-0.734003958674 -2.2849438486 -30.8849502825
-0.71495986687 -2.25251020988 -30.909775473
-0.7066171998 -2.22173250449 -30.9362864569
-0.708241012424 -2.19289574981 -30.9639911848
-0.718250753349 -2.16584306116 -30.992557925
-0.734640942738 -2.14028480384 -31.0216512283
-0.755431868298 -2.11608630386 -31.0507972386
-0.779039220346 -2.0934337788 -31.0793393146
-0.804483270264 -2.07282793678 -31.1065075663
-0.831408588161 -2.05491992686 -31.1315796459
-0.859938715021 -2.04026250971 -31.1540714414
-0.890431094866 -2.02908060046 -31.1738792133
-0.923215175962 -2.02115905277 -31.1913059888
-0.958387957281 -2.01590374697 -31.2069418532
-0.99571170247 -2.01256881006 -31.2214184852
-1.03461949676 -2.01057965545 -31.2351060067
-1.07429933016 -2.00984035401 -31.247848456
-1.11380761731 -2.01090958484 -31.2588322099
-1.15216374679 -2.01496501575 -31.2666482972
-1.18839623372 -2.02354117639 -31.2695537639
-1.22153982694 -2.03810031735 -31.2658757547
-1.25060980371 -2.05955530158 -31.2544539335
-1.27459397388 -2.08788818273 -31.2349979852
-1.2924987022 -2.12198834041 -31.2082543295
-1.30346354956 -2.1597743279 -31.1759259387
-1.30692759941 -2.19858122406 -31.1403573009
-1.30280092298 -2.23571518027 -31.1040631702
-1.29157873244 -2.26902385969 -31.0692249219
-1.27434121662 -2.29732256496 -31.0372883875
-1.25260944416 -2.32055473451 -31.0087686615
-1.22806998841 -2.33964121171 -30.9833087487
-1.20222528475 -2.35606288707 -30.9599672698
-1.17605860127 -2.37129897502 -30.9376468342
-1.14981024056 -2.38628494541 -30.9155376291
-1.12294044128 -2.40104743371 -30.8934506754
-1.09430848086 -2.41462043001 -30.8719512828
-1.06253876909 -2.42526382304 -30.8522639481
-1.02648997417 -2.43091710005 -30.8359866241
-0.985708830226 -2.42975409751 -30.8247049825
-0.940747301296 -2.42067877149 -30.8196208541

