/group/R_vrt/4
4
replaced_with_circle 1 creation_method hand_drawn num_subsample_pts 30 nrm {-0.386792 0.262083 0.884140} xhat {0.000000 0.958764 -0.284204} creation_type threshold pos {0.906617 -4.571207 -16.358470} pathId 300 num_hand_picked_pts 13 posId 4
0.961074 -4.413350 -16.381399
0.931996 -4.419460 -16.392300
0.903802 -4.430670 -16.401400
0.877348 -4.446650 -16.408199
0.853437 -4.466910 -16.412701
0.832798 -4.490830 -16.414600
0.816056 -4.517680 -16.414000
0.803721 -4.546660 -16.410801
0.796166 -4.576870 -16.405100
0.793622 -4.607410 -16.397200
0.796166 -4.637330 -16.387199
0.803721 -4.665750 -16.375500
0.816056 -4.691780 -16.362301
0.832798 -4.714640 -16.348200
0.853437 -4.733640 -16.333599
0.877347 -4.748200 -16.318800
0.903802 -4.757870 -16.304399
0.931996 -4.762360 -16.290701
0.961073 -4.761540 -16.278200
0.990152 -4.755430 -16.267300
1.018350 -4.744210 -16.258301
1.044800 -4.728240 -16.251499
1.068710 -4.707980 -16.247000
1.089350 -4.684060 -16.245100
1.106090 -4.657210 -16.245701
1.118430 -4.628230 -16.248899
1.125980 -4.598020 -16.254601
1.128530 -4.567480 -16.262501
1.125980 -4.537560 -16.272499
1.118430 -4.509140 -16.284201
1.106090 -4.483110 -16.297300
1.089350 -4.460250 -16.311399
1.068710 -4.441250 -16.326099
1.044800 -4.426690 -16.340900
1.018350 -4.417020 -16.355301
0.990152 -4.412530 -16.368999

/group/R_vrt/7
7
replaced_with_circle 1 creation_method hand_drawn num_subsample_pts 29 nrm {-0.276760 0.249961 0.927859} xhat {0.000000 0.965576 -0.260122} creation_type threshold pos {0.833719 -4.515860 -16.163691} pathId 300 num_hand_picked_pts 15 posId 7
0.871743 -4.381520 -16.188499
0.843147 -4.386170 -16.195801
0.815419 -4.395720 -16.201500
0.789403 -4.409850 -16.205500
0.765889 -4.428160 -16.207500
0.745591 -4.450080 -16.207701
0.729127 -4.474940 -16.205900
0.716995 -4.501990 -16.202200
0.709566 -4.530410 -16.196800
0.707063 -4.559330 -16.189800
0.709566 -4.587880 -16.181299
0.716995 -4.615180 -16.171801
0.729127 -4.640410 -16.161301
0.745591 -4.662810 -16.150400
0.765889 -4.681680 -16.139299
0.789403 -4.696460 -16.128300
0.815420 -4.706710 -16.117701
0.843147 -4.712090 -16.108000
0.871743 -4.712460 -16.099400
0.900340 -4.707810 -16.092100
0.928067 -4.698270 -16.086399
0.954083 -4.684130 -16.082500
0.977598 -4.665820 -16.080400
0.997895 -4.643910 -16.080200
1.014360 -4.619040 -16.082001
1.026490 -4.591990 -16.085699
1.033920 -4.563570 -16.091101
1.036420 -4.534650 -16.098200
1.033920 -4.506110 -16.106600
1.026490 -4.478800 -16.116199
1.014360 -4.453570 -16.126600
0.997895 -4.431170 -16.137501
0.977598 -4.412300 -16.148701
0.954083 -4.397520 -16.159700
0.928067 -4.387280 -16.170200
0.900340 -4.381890 -16.179899

/group/R_vrt/10
10
replaced_with_circle 1 creation_method hand_drawn num_subsample_pts 29 nrm {-0.009860 0.208719 0.977926} xhat {0.000000 0.977973 -0.208730} creation_type threshold pos {0.795269 -4.463491 -15.951355} pathId 300 num_hand_picked_pts 14 posId 10
0.804260 -4.308060 -15.984400
0.773616 -4.310740 -15.984200
0.743903 -4.318590 -15.982800
0.716025 -4.331360 -15.980400
0.690827 -4.348670 -15.976900
0.669076 -4.369990 -15.972600
0.651432 -4.394670 -15.967500
0.638433 -4.421960 -15.961800
0.630471 -4.451040 -15.955700
0.627790 -4.481010 -15.949300
0.630471 -4.510980 -15.942900
0.638433 -4.540020 -15.936600
0.651433 -4.567260 -15.930700
0.669076 -4.591870 -15.925200
0.690827 -4.613100 -15.920500
0.716024 -4.630300 -15.916600
0.743904 -4.642960 -15.913600
0.773616 -4.650680 -15.911600
0.804259 -4.653240 -15.910800
0.834904 -4.650560 -15.911000
0.864616 -4.642710 -15.912400
0.892494 -4.629940 -15.914800
0.917691 -4.612630 -15.918300
0.939443 -4.591310 -15.922600
0.957086 -4.566630 -15.927700
0.970087 -4.539340 -15.933400
0.978048 -4.510260 -15.939500
0.980729 -4.480290 -15.945900
0.978048 -4.450320 -15.952300
0.970087 -4.421280 -15.958600
0.957086 -4.394040 -15.964500
0.939443 -4.369430 -15.970000
0.917692 -4.348210 -15.974700
0.892494 -4.331000 -15.978700
0.864615 -4.318340 -15.981600
0.834904 -4.310620 -15.983600

/group/R_vrt/15
15
replaced_with_circle 1 creation_method hand_drawn num_subsample_pts 33 nrm {0.716739 -0.010399 0.697264} xhat {0.000000 0.999889 0.014913} creation_type threshold pos {0.897927 -4.429615 -15.689478} pathId 300 scale_factor 0.95 num_hand_picked_pts 15 posId 15
0.906299 -4.232920 -15.695100
0.883526 -4.236130 -15.671800
0.861445 -4.244950 -15.649200
0.840728 -4.259120 -15.628100
0.822002 -4.278210 -15.609200
0.805838 -4.301630 -15.592900
0.792726 -4.328680 -15.579800
0.783065 -4.358540 -15.570300
0.777149 -4.390290 -15.564700
0.775156 -4.422970 -15.563200
0.777149 -4.455590 -15.565700
0.783065 -4.487160 -15.572300
0.792727 -4.516720 -15.582600
0.805838 -4.543370 -15.596500
0.822002 -4.566300 -15.613500
0.840727 -4.584810 -15.633000
0.861446 -4.598350 -15.654500
0.883526 -4.606490 -15.677300
0.906298 -4.609000 -15.700800
0.929072 -4.605790 -15.724100
0.951152 -4.596970 -15.746700
0.971870 -4.582800 -15.767800
0.990595 -4.563720 -15.786700
1.006760 -4.540290 -15.803000
1.019870 -4.513240 -15.816100
1.029530 -4.483390 -15.825600
1.035450 -4.451630 -15.831200
1.037440 -4.418950 -15.832700
1.035450 -4.386330 -15.830200
1.029530 -4.354760 -15.823600
1.019870 -4.325200 -15.813300
1.006760 -4.298550 -15.799400
0.990595 -4.275620 -15.782400
0.971869 -4.257110 -15.762900
0.951152 -4.243570 -15.741400
0.929071 -4.235430 -15.718600

/group/R_vrt/21
21
replaced_with_circle 1 creation_method hand_drawn num_subsample_pts 30 nrm {0.960714 -0.277537 -0.001131} xhat {0.000000 0.004075 -0.999992} creation_type threshold pos {1.189185 -4.478188 -15.574572} pathId 300 scale_factor 0.95 num_hand_picked_pts 15 posId 21
1.187910 -4.481940 -15.738500
1.196090 -4.453630 -15.735800
1.204020 -4.426200 -15.728000
1.211470 -4.400490 -15.715400
1.218190 -4.377270 -15.698400
1.224000 -4.357260 -15.677400
1.228710 -4.341050 -15.653100
1.232180 -4.329150 -15.626200
1.234310 -4.321910 -15.597600
1.235020 -4.319550 -15.568100
1.234310 -4.322140 -15.538600
1.232180 -4.329620 -15.510100
1.228710 -4.341740 -15.483300
1.224000 -4.358150 -15.459100
1.218190 -4.378330 -15.438300
1.211470 -4.401690 -15.421400
1.204020 -4.427500 -15.409000
1.196090 -4.454990 -15.401500
1.187910 -4.483320 -15.399000
1.179730 -4.511630 -15.401700
1.171790 -4.539060 -15.409500
1.164350 -4.564770 -15.422100
1.157620 -4.587990 -15.439100
1.151820 -4.608000 -15.460200
1.147110 -4.624210 -15.484500
1.143640 -4.636110 -15.511300
1.141510 -4.643350 -15.539900
1.140800 -4.645710 -15.569400
1.141510 -4.643110 -15.598900
1.143640 -4.635640 -15.627400
1.147110 -4.623520 -15.654200
1.151820 -4.607110 -15.678400
1.157620 -4.586930 -15.699200
1.164350 -4.563570 -15.716100
1.171790 -4.537760 -15.728500
1.179730 -4.510270 -15.736000

/group/R_vrt/28
28
replaced_with_circle 1 creation_method hand_drawn num_subsample_pts 27 nrm {0.806528 -0.476825 -0.349501} xhat {0.000000 0.591175 -0.806543} creation_type threshold pos {1.542520 -4.629433 -15.667990} pathId 300 scale_factor 0.95 num_hand_picked_pts 15 posId 28
1.546040 -4.550600 -15.767400
1.561640 -4.534800 -15.753000
1.576760 -4.522210 -15.735300
1.590950 -4.513210 -15.714800
1.603780 -4.508080 -15.692200
1.614850 -4.506970 -15.668200
1.623830 -4.509910 -15.643400
1.630440 -4.516820 -15.618700
1.634500 -4.527490 -15.594800
1.635860 -4.541580 -15.572400
1.634500 -4.558680 -15.552300
1.630440 -4.578260 -15.534900
1.623830 -4.599730 -15.520900
1.614850 -4.622440 -15.510600
1.603780 -4.645690 -15.504500
1.590950 -4.668780 -15.502500
1.576760 -4.691010 -15.505000
1.561640 -4.711700 -15.511600
1.546040 -4.730230 -15.522300
1.530440 -4.746030 -15.536800
1.515320 -4.758610 -15.554500
1.501130 -4.767610 -15.575000
1.488300 -4.772740 -15.597600
1.477230 -4.773850 -15.621600
1.468250 -4.770910 -15.646400
1.461640 -4.764000 -15.671000
1.457580 -4.753340 -15.694900
1.456220 -4.739240 -15.717300
1.457580 -4.722140 -15.737500
1.461640 -4.702560 -15.754900
1.468250 -4.681090 -15.768900
1.477230 -4.658390 -15.779100
1.488300 -4.635140 -15.785300
1.501130 -4.612040 -15.787200
1.515320 -4.589810 -15.784800
1.530440 -4.569120 -15.778100

/group/R_vrt/33
33
replaced_with_circle 1 creation_method hand_drawn num_subsample_pts 24 nrm {0.716566 -0.667267 -0.203193} xhat {0.000000 0.291309 -0.956629} creation_type threshold pos {1.738286 -4.773847 -15.746134} pathId 300 num_hand_picked_pts 15 posId 33
1.739810 -4.742540 -15.843600
1.757250 -4.726030 -15.836300
1.774170 -4.711300 -15.825000
1.790040 -4.698800 -15.810100
1.804380 -4.688890 -15.792000
1.816770 -4.681900 -15.771300
1.826810 -4.678020 -15.748600
1.834210 -4.677370 -15.724700
1.838750 -4.679980 -15.700100
1.840270 -4.685770 -15.675700
1.838750 -4.694550 -15.652300
1.834210 -4.706070 -15.630400
1.826810 -4.719970 -15.610900
1.816770 -4.735840 -15.594200
1.804380 -4.753180 -15.580900
1.790040 -4.771470 -15.571400
1.774170 -4.790160 -15.566000
1.757250 -4.808670 -15.564900
1.739810 -4.826450 -15.568000
1.722360 -4.842960 -15.575300
1.705450 -4.857690 -15.586600
1.689580 -4.870200 -15.601500
1.675230 -4.880100 -15.619600
1.662850 -4.887100 -15.640300
1.652810 -4.890980 -15.662900
1.645400 -4.891620 -15.686900
1.640870 -4.889010 -15.711500
1.639350 -4.883230 -15.735900
1.640870 -4.874440 -15.759300
1.645400 -4.862920 -15.781200
1.652810 -4.849020 -15.800700
1.662850 -4.833160 -15.817400
1.675230 -4.815820 -15.830700
1.689580 -4.797530 -15.840100
1.705450 -4.778840 -15.845500
1.722360 -4.760320 -15.846700

/group/R_vrt/37
37
replaced_with_circle 1 creation_method hand_drawn num_subsample_pts 23 nrm {0.640282 -0.762057 0.096474} xhat {0.000000 0.125594 0.992082} creation_type threshold pos {1.851067 -4.893314 -15.758630} pathId 300 num_hand_picked_pts 14 posId 37
1.850430 -4.871970 -15.585800
1.832670 -4.886910 -15.585900
1.815440 -4.901910 -15.590100
1.799280 -4.916510 -15.598100
1.784670 -4.930260 -15.609800
1.772060 -4.942750 -15.624800
1.761830 -4.953600 -15.642600
1.754300 -4.962470 -15.662700
1.749680 -4.969100 -15.684400
1.748130 -4.973300 -15.707200
1.749680 -4.974920 -15.730300
1.754300 -4.973910 -15.753000
1.761830 -4.970320 -15.774700
1.772060 -4.964250 -15.794600
1.784670 -4.955890 -15.812300
1.799280 -4.945480 -15.827000
1.815440 -4.933350 -15.838400
1.832670 -4.919860 -15.846200
1.850430 -4.905420 -15.850000
1.868200 -4.890480 -15.849900
1.885420 -4.875480 -15.845700
1.901580 -4.860880 -15.837700
1.916190 -4.847130 -15.826000
1.928800 -4.834640 -15.811100
1.939030 -4.823790 -15.793300
1.946570 -4.814920 -15.773200
1.951180 -4.808280 -15.751400
1.952740 -4.804090 -15.728600
1.951180 -4.802470 -15.705500
1.946570 -4.803470 -15.682800
1.939030 -4.807060 -15.661100
1.928800 -4.813130 -15.641200
1.916190 -4.821500 -15.623600
1.901580 -4.831910 -15.608800
1.885420 -4.844040 -15.597400
1.868200 -4.857530 -15.589700

/group/R_vrt/43
43
replaced_with_circle 1 creation_method hand_drawn num_subsample_pts 25 nrm {0.475169 -0.531732 0.701053} xhat {0.000000 0.796747 0.604313} creation_type threshold pos {1.973030 -5.043077 -15.671092} pathId 300 num_hand_picked_pts 16 posId 43
1.971800 -4.931920 -15.585900
1.949120 -4.941120 -15.577600
1.927130 -4.953630 -15.572100
1.906500 -4.969080 -15.569900
1.887850 -4.986990 -15.570800
1.871750 -5.006820 -15.574900
1.858690 -5.027970 -15.582100
1.849070 -5.049790 -15.592200
1.843180 -5.071620 -15.604700
1.841190 -5.092810 -15.619500
1.843180 -5.112690 -15.635900
1.849070 -5.130680 -15.653500
1.858690 -5.146220 -15.671800
1.871750 -5.158850 -15.690300
1.887850 -5.168170 -15.708200
1.906500 -5.173910 -15.725200
1.927130 -5.175890 -15.740700
1.949120 -5.174050 -15.754200
1.971800 -5.168440 -15.765300
1.994480 -5.159250 -15.773700
2.016470 -5.146730 -15.779200
2.037100 -5.131290 -15.781400
2.055740 -5.113380 -15.780500
2.071840 -5.093550 -15.776300
2.084900 -5.072400 -15.769200
2.094520 -5.050580 -15.759100
2.100410 -5.028740 -15.746600
2.102400 -5.007560 -15.731800
2.100410 -4.987670 -15.715400
2.094520 -4.969690 -15.697800
2.084900 -4.954140 -15.679500
2.071840 -4.941520 -15.661000
2.055740 -4.932200 -15.643100
2.037100 -4.926460 -15.626100
2.016460 -4.924480 -15.610600
1.994470 -4.926320 -15.597100

/group/R_vrt/49
49
replaced_with_circle 1 creation_method hand_drawn num_subsample_pts 29 nrm {0.403107 0.039140 0.914315} xhat {0.000000 0.999085 -0.042769} creation_type threshold pos {2.066531 -5.103739 -15.487090} pathId 300 num_hand_picked_pts 13 posId 49
2.086920 -4.922570 -15.503800
2.059550 -4.924670 -15.491700
2.033010 -4.931940 -15.479700
2.008120 -4.944140 -15.468200
1.985610 -4.960920 -15.457500
1.966180 -4.981760 -15.448100
1.950420 -5.006040 -15.440100
1.938810 -5.033000 -15.433800
1.931700 -5.061840 -15.429400
1.929310 -5.091680 -15.427100
1.931700 -5.121600 -15.426900
1.938810 -5.150710 -15.428800
1.950430 -5.178110 -15.432700
1.966180 -5.202980 -15.438600
1.985610 -5.224550 -15.446200
2.008120 -5.242180 -15.455400
2.033020 -5.255320 -15.465800
2.059550 -5.263590 -15.477200
2.086920 -5.266720 -15.489100
2.114290 -5.264620 -15.501300
2.140830 -5.257350 -15.513300
2.165730 -5.245150 -15.524800
2.188240 -5.228370 -15.535400
2.207660 -5.207520 -15.544900
2.223420 -5.183250 -15.552900
2.235030 -5.156290 -15.559100
2.242140 -5.127450 -15.563500
2.244540 -5.097610 -15.565800
2.242140 -5.067690 -15.566100
2.235030 -5.038580 -15.564200
2.223420 -5.011180 -15.560200
2.207660 -4.986310 -15.554300
2.188240 -4.964740 -15.546700
2.165730 -4.947110 -15.537500
2.140830 -4.933970 -15.527100
2.114290 -4.925700 -15.515800

/group/R_vrt/57
57
replaced_with_circle 1 creation_method hand_drawn num_subsample_pts 30 nrm {0.253530 0.825098 0.504912} xhat {0.000000 0.521966 -0.852967} creation_type threshold pos {2.173420 -4.951843 -15.266072} pathId 300 num_hand_picked_pts 15 posId 57
2.198040 -4.859720 -15.429000
2.167700 -4.854370 -15.422500
2.138280 -4.852050 -15.411500
2.110670 -4.852820 -15.396400
2.085730 -4.856670 -15.377600
2.064190 -4.863480 -15.355600
2.046720 -4.873040 -15.331200
2.033850 -4.885050 -15.305100
2.025960 -4.899170 -15.278100
2.023310 -4.914950 -15.251000
2.025960 -4.931910 -15.224600
2.033840 -4.949550 -15.199700
2.046720 -4.967320 -15.177200
2.064190 -4.984690 -15.157500
2.085730 -5.001130 -15.141500
2.110670 -5.016130 -15.129500
2.138280 -5.029250 -15.121900
2.167700 -5.040080 -15.119000
2.198040 -5.048290 -15.120800
2.228380 -5.053640 -15.127300
2.257800 -5.055970 -15.138300
2.285410 -5.055190 -15.153400
2.310360 -5.051340 -15.172200
2.331890 -5.044540 -15.194200
2.349360 -5.034980 -15.218600
2.362240 -5.022960 -15.244700
2.370120 -5.008850 -15.271700
2.372770 -4.993070 -15.298800
2.370120 -4.976100 -15.325200
2.362240 -4.958470 -15.350100
2.349360 -4.940690 -15.372600
2.331890 -4.923330 -15.392200
2.310360 -4.906890 -15.408300
2.285410 -4.891890 -15.420300
2.257800 -4.878770 -15.427900
2.228380 -4.867940 -15.430800

/group/R_vrt/63
63
replaced_with_circle 1 creation_method hand_drawn num_subsample_pts 27 nrm {-0.032758 0.982746 0.182035} xhat {0.000000 0.182133 -0.983274} creation_type threshold pos {2.204122 -4.720074 -15.180963} pathId 300 num_hand_picked_pts 15 posId 63
2.223230 -4.684350 -15.370400
2.194650 -4.685730 -15.368100
2.166930 -4.687970 -15.360900
2.140930 -4.691020 -15.349200
2.117430 -4.694780 -15.333100
2.097140 -4.699130 -15.313300
2.080680 -4.703940 -15.290300
2.068560 -4.709070 -15.264700
2.061130 -4.714360 -15.237500
2.058630 -4.719650 -15.209400
2.061130 -4.724780 -15.181300
2.068560 -4.729590 -15.154000
2.080680 -4.733940 -15.128300
2.097140 -4.737690 -15.105100
2.117430 -4.740730 -15.085000
2.140930 -4.742980 -15.068700
2.166940 -4.744350 -15.056600
2.194650 -4.744810 -15.049100
2.223230 -4.744340 -15.046500
2.251810 -4.742960 -15.048800
2.279530 -4.740720 -15.055900
2.305530 -4.737670 -15.067700
2.329030 -4.733910 -15.083800
2.349320 -4.729560 -15.103600
2.365770 -4.724750 -15.126600
2.377900 -4.719620 -15.152100
2.385330 -4.714330 -15.179400
2.387830 -4.709040 -15.207500
2.385330 -4.703920 -15.235600
2.377900 -4.699100 -15.262900
2.365770 -4.694760 -15.288600
2.349320 -4.691000 -15.311800
2.329030 -4.687960 -15.331900
2.305530 -4.685720 -15.348200
2.279530 -4.684350 -15.360300
2.251810 -4.683890 -15.367700

/group/R_vrt/71
71
replaced_with_circle 1 creation_method hand_drawn num_subsample_pts 27 nrm {-0.431927 0.882417 0.186493} xhat {0.000000 0.206776 -0.978388} creation_type threshold pos {2.117105 -4.378251 -15.132872} pathId 300 num_hand_picked_pts 14 posId 71
2.162300 -4.319420 -15.306500
2.136660 -4.331950 -15.306700
2.111810 -4.345120 -15.301900
2.088480 -4.358550 -15.292400
2.067400 -4.371810 -15.278500
2.049210 -4.384500 -15.260500
2.034440 -4.396260 -15.239100
2.023570 -4.406700 -15.214900
2.016910 -4.415520 -15.188600
2.014660 -4.422450 -15.161000
2.016910 -4.427270 -15.133000
2.023570 -4.429850 -15.105400
2.034440 -4.430100 -15.079000
2.049210 -4.428020 -15.054600
2.067400 -4.423670 -15.033100
2.088480 -4.417170 -15.015000
2.111810 -4.408740 -15.000900
2.136660 -4.398620 -14.991200
2.162300 -4.387120 -14.986200
2.187940 -4.374590 -14.986100
2.212800 -4.361420 -14.990900
2.236120 -4.348000 -15.000400
2.257200 -4.334730 -15.014300
2.275400 -4.322030 -15.032200
2.290160 -4.310290 -15.053700
2.301040 -4.299840 -15.077900
2.307700 -4.291020 -15.104200
2.309940 -4.284090 -15.131800
2.307700 -4.279270 -15.159800
2.301040 -4.276690 -15.187400
2.290160 -4.276440 -15.213800
2.275400 -4.278520 -15.238100
2.257200 -4.282870 -15.259700
2.236120 -4.289370 -15.277800
2.212800 -4.297800 -15.291900
2.187940 -4.307920 -15.301600

/group/R_vrt/77
77
replaced_with_circle 1 creation_method hand_drawn num_subsample_pts 26 nrm {-0.552892 0.695545 0.458833} xhat {0.000000 0.550652 -0.834735} creation_type threshold pos {1.958027 -4.133415 -15.035996} pathId 300 num_hand_picked_pts 15 posId 77
1.963250 -4.026220 -15.192200
1.940560 -4.040100 -15.198500
1.918550 -4.056190 -15.200600
1.897900 -4.073990 -15.198500
1.879240 -4.092960 -15.192300
1.863130 -4.112520 -15.182000
1.850070 -4.132090 -15.168100
1.840440 -4.151070 -15.150900
1.834540 -4.168880 -15.131000
1.832550 -4.184980 -15.109000
1.834540 -4.198880 -15.085600
1.840440 -4.210150 -15.061400
1.850070 -4.218470 -15.037200
1.863130 -4.223560 -15.013700
1.879240 -4.225280 -14.991700
1.897900 -4.223580 -14.971800
1.918550 -4.218510 -14.954600
1.940560 -4.210220 -14.940600
1.963250 -4.198960 -14.930300
1.985950 -4.185080 -14.924000
2.007950 -4.168990 -14.921900
2.028600 -4.151190 -14.924000
2.047260 -4.132220 -14.930300
2.063370 -4.112650 -14.940500
2.076440 -4.093080 -14.954500
2.086070 -4.074110 -14.971600
2.091960 -4.056300 -14.991500
2.093950 -4.040200 -15.013500
2.091960 -4.026300 -15.037000
2.086070 -4.015030 -15.061200
2.076440 -4.006710 -15.085400
2.063370 -4.001620 -15.108900
2.047260 -3.999890 -15.130900
2.028600 -4.001600 -15.150800
2.007950 -4.006670 -15.168000
1.985950 -4.014960 -15.181900

/group/R_vrt/84
84
replaced_with_circle 1 creation_method hand_drawn num_subsample_pts 26 nrm {-0.366267 0.377733 0.850392} xhat {0.000000 0.913899 -0.405942} creation_type threshold pos {1.766215 -3.918961 -14.775391} pathId 300 scale_factor 0.9975 num_hand_picked_pts 13 posId 84
1.770580 -3.761870 -14.843300
1.745320 -3.768080 -14.851400
1.720820 -3.778440 -14.857400
1.697830 -3.792640 -14.861000
1.677050 -3.810250 -14.862100
1.659120 -3.830730 -14.860700
1.644570 -3.853460 -14.856900
1.633850 -3.877750 -14.850700
1.627290 -3.902860 -14.842400
1.625070 -3.928030 -14.832200
1.627290 -3.952500 -14.820300
1.633850 -3.975510 -14.807300
1.644570 -3.996380 -14.793400
1.659120 -4.014450 -14.779100
1.677050 -4.029200 -14.764800
1.697830 -4.040170 -14.751000
1.720820 -4.047030 -14.738100
1.745320 -4.049560 -14.726400
1.770580 -4.047690 -14.716300
1.795850 -4.041480 -14.708200
1.820350 -4.031120 -14.702300
1.843340 -4.016920 -14.698700
1.864110 -3.999320 -14.697500
1.882050 -3.978830 -14.698900
1.896600 -3.956100 -14.702700
1.907320 -3.931810 -14.708900
1.913880 -3.906700 -14.717200
1.916090 -3.881530 -14.727500
1.913880 -3.857070 -14.739300
1.907320 -3.834060 -14.752300
1.896600 -3.813190 -14.766200
1.882050 -3.795110 -14.780500
1.864110 -3.780360 -14.794800
1.843340 -3.769390 -14.808600
1.820350 -3.762540 -14.821600
1.795850 -3.760010 -14.833200

/group/R_vrt/89
89
replaced_with_circle 1 creation_method hand_drawn num_subsample_pts 30 nrm {-0.064026 0.156239 0.985642} xhat {0.000000 0.987668 -0.156560} creation_type threshold pos {1.697982 -3.839610 -14.501031} pathId 300 num_hand_picked_pts 19 posId 89
1.696930 -3.655460 -14.530300
1.665950 -3.658460 -14.531800
1.635910 -3.666720 -14.532500
1.607730 -3.680010 -14.532200
1.582250 -3.697920 -14.531000
1.560260 -3.719910 -14.529000
1.542430 -3.745300 -14.526100
1.529280 -3.773320 -14.522500
1.521230 -3.803130 -14.518300
1.518520 -3.833820 -14.513600
1.521230 -3.864450 -14.508600
1.529280 -3.894100 -14.503400
1.542430 -3.921870 -14.498100
1.560260 -3.946900 -14.493000
1.582250 -3.968440 -14.488100
1.607730 -3.985840 -14.483700
1.635910 -3.998560 -14.479900
1.665950 -4.006230 -14.476700
1.696930 -4.008600 -14.474300
1.727910 -4.005600 -14.472800
1.757950 -3.997340 -14.472100
1.786130 -3.984050 -14.472400
1.811610 -3.966140 -14.473600
1.833600 -3.944150 -14.475600
1.851430 -3.918760 -14.478500
1.864580 -3.890740 -14.482100
1.872620 -3.860920 -14.486300
1.875330 -3.830240 -14.491000
1.872620 -3.799600 -14.496000
1.864580 -3.769960 -14.501300
1.851430 -3.742190 -14.506500
1.833600 -3.717160 -14.511600
1.811610 -3.695620 -14.516500
1.786130 -3.678220 -14.520900
1.757950 -3.665500 -14.524700
1.727910 -3.657830 -14.527900

/group/R_vrt/94
94
replaced_with_circle 1 creation_method hand_drawn num_subsample_pts 29 nrm {0.378700 -0.071900 0.922722} xhat {0.000000 0.996978 0.077686} creation_type threshold pos {1.741254 -3.827009 -14.220978} pathId 300 num_hand_picked_pts 13 posId 94
1.728500 -3.653440 -14.202200
1.700710 -3.656950 -14.191100
1.673770 -3.665580 -14.180700
1.648490 -3.679080 -14.171400
1.625650 -3.697040 -14.163400
1.605920 -3.718910 -14.157000
1.589920 -3.744030 -14.152400
1.578140 -3.771640 -14.149700
1.570920 -3.800890 -14.149000
1.568490 -3.830900 -14.150400
1.570920 -3.860750 -14.153700
1.578140 -3.889540 -14.158900
1.589920 -3.916400 -14.165800
1.605920 -3.940500 -14.174300
1.625650 -3.961120 -14.184000
1.648490 -3.977630 -14.194600
1.673770 -3.989520 -14.205900
1.700710 -3.996440 -14.217500
1.728500 -3.998180 -14.229100
1.756290 -3.994670 -14.240200
1.783230 -3.986040 -14.250600
1.808500 -3.972540 -14.259900
1.831350 -3.954580 -14.267900
1.851080 -3.932710 -14.274300
1.867070 -3.907590 -14.278900
1.878860 -3.879980 -14.281600
1.886080 -3.850730 -14.282300
1.888510 -3.820720 -14.280900
1.886080 -3.790870 -14.277600
1.878860 -3.762080 -14.272400
1.867070 -3.735220 -14.265500
1.851080 -3.711120 -14.257000
1.831350 -3.690500 -14.247300
1.808500 -3.673990 -14.236700
1.783230 -3.662100 -14.225400
1.756290 -3.655180 -14.213800

/group/R_vrt/101
101
replaced_with_circle 1 creation_method hand_drawn num_subsample_pts 31 nrm {0.736669 -0.297950 0.607079} xhat {0.000000 0.897709 0.440589} creation_type threshold pos {1.968280 -3.901521 -13.915325} pathId 300 num_hand_picked_pts 12 posId 101
1.965220 -3.735880 -13.830300
1.943510 -3.748820 -13.810300
1.922450 -3.766420 -13.793400
1.902700 -3.788130 -13.780100
1.884840 -3.813290 -13.770800
1.869430 -3.841150 -13.765700
1.856930 -3.870850 -13.765200
1.847710 -3.901500 -13.769000
1.842070 -3.932160 -13.777200
1.840170 -3.961890 -13.789500
1.842070 -3.989810 -13.805500
1.847710 -4.015050 -13.824700
1.856930 -4.036850 -13.846600
1.869430 -4.054550 -13.870500
1.884840 -4.067610 -13.895600
1.902700 -4.075640 -13.921200
1.922450 -4.078390 -13.946500
1.943510 -4.075770 -13.970800
1.965220 -4.067870 -13.993300
1.986930 -4.054930 -14.013300
2.007990 -4.037330 -14.030200
2.027740 -4.015630 -14.043500
2.045600 -3.990460 -14.052800
2.061010 -3.962600 -14.057800
2.073510 -3.932900 -14.058400
2.082720 -3.902250 -14.054600
2.088370 -3.871600 -14.046400
2.090270 -3.841860 -14.034100
2.088370 -3.813950 -14.018100
2.082730 -3.788710 -13.998800
2.073510 -3.766900 -13.977000
2.061010 -3.749200 -13.953100
2.045600 -3.736140 -13.928000
2.027740 -3.728110 -13.902400
2.007990 -3.725360 -13.877100
1.986930 -3.727980 -13.852800

/group/R_vrt/110
110
replaced_with_circle 1 creation_method hand_drawn num_subsample_pts 30 nrm {0.632532 -0.767330 0.105392} xhat {0.000000 0.136072 0.990699} creation_type threshold pos {2.303070 -4.116923 -13.763448} pathId 300 num_hand_picked_pts 14 posId 110
2.281330 -4.114290 -13.613800
2.257420 -4.134000 -13.613800
2.234230 -4.153850 -13.619200
2.212480 -4.173230 -13.629700
2.192820 -4.191550 -13.645100
2.175850 -4.208270 -13.665000
2.162080 -4.222860 -13.688600
2.151940 -4.234890 -13.715300
2.145730 -4.243990 -13.744200
2.143640 -4.249880 -13.774600
2.145730 -4.252390 -13.805400
2.151940 -4.251430 -13.835700
2.162080 -4.247050 -13.864700
2.175850 -4.239370 -13.891400
2.192820 -4.228610 -13.915000
2.212480 -4.215130 -13.934800
2.234230 -4.199310 -13.950200
2.257420 -4.181640 -13.960700
2.281330 -4.162670 -13.966000
2.305240 -4.142950 -13.966000
2.328420 -4.123110 -13.960600
2.350170 -4.103720 -13.950100
2.369830 -4.085400 -13.934600
2.386810 -4.068690 -13.914800
2.400570 -4.054100 -13.891200
2.410720 -4.042070 -13.864500
2.416930 -4.032970 -13.835500
2.419020 -4.027070 -13.805200
2.416930 -4.024570 -13.774400
2.410720 -4.025520 -13.744000
2.400570 -4.029910 -13.715100
2.386810 -4.037590 -13.688400
2.369840 -4.048340 -13.664800
2.350170 -4.061830 -13.645000
2.328420 -4.077640 -13.629600
2.305240 -4.095310 -13.619100

/group/R_vrt/116
116
replaced_with_circle 1 creation_method hand_drawn num_subsample_pts 31 nrm {0.228432 -0.973350 0.020231} xhat {0.000000 0.020781 0.999784} creation_type threshold pos {2.447246 -4.430258 -13.749132} pathId 300 num_hand_picked_pts 13 posId 116
2.435820 -4.429400 -13.578700
2.404780 -4.436730 -13.581300
2.374690 -4.443970 -13.589500
2.346450 -4.450870 -13.602800
2.320920 -4.457240 -13.621100
2.298890 -4.462880 -13.643600
2.281010 -4.467620 -13.669700
2.267850 -4.471310 -13.698700
2.259780 -4.473840 -13.729500
2.257070 -4.475150 -13.761400
2.259780 -4.475170 -13.793300
2.267850 -4.473920 -13.824200
2.281020 -4.471430 -13.853300
2.298890 -4.467790 -13.879600
2.320920 -4.463090 -13.902300
2.346450 -4.457480 -13.920800
2.374690 -4.451140 -13.934500
2.404780 -4.444250 -13.942900
2.435820 -4.437030 -13.945800
2.466870 -4.429690 -13.943200
2.496960 -4.422450 -13.935100
2.525210 -4.415550 -13.921700
2.550730 -4.409180 -13.903400
2.572760 -4.403540 -13.880900
2.590630 -4.398800 -13.854800
2.603800 -4.395110 -13.825900
2.611870 -4.392580 -13.795000
2.614580 -4.391280 -13.763100
2.611870 -4.391250 -13.731200
2.603800 -4.392500 -13.700300
2.590630 -4.394990 -13.671200
2.572760 -4.398630 -13.644900
2.550730 -4.403330 -13.622200
2.525200 -4.408940 -13.603700
2.496960 -4.415280 -13.590100
2.466870 -4.422170 -13.581600

/group/R_vrt/121
121
replaced_with_circle 1 creation_method hand_drawn num_subsample_pts 31 nrm {-0.076520 -0.991536 0.104884} xhat {0.000000 0.105193 0.994452} creation_type threshold pos {2.475759 -4.753380 -13.732956} pathId 300 num_hand_picked_pts 14 posId 121
2.493810 -4.736430 -13.559600
2.461140 -4.734240 -13.562700
2.429460 -4.732720 -13.571400
2.399730 -4.731910 -13.585500
2.372860 -4.731850 -13.604400
2.349670 -4.732520 -13.627800
2.330860 -4.733920 -13.654700
2.317000 -4.736000 -13.684500
2.308510 -4.738690 -13.716100
2.305650 -4.741920 -13.748800
2.308510 -4.745590 -13.781300
2.317000 -4.749580 -13.812800
2.330860 -4.753770 -13.842400
2.349670 -4.758040 -13.869000
2.372860 -4.762260 -13.892000
2.399730 -4.766300 -13.910500
2.429460 -4.770030 -13.924100
2.461140 -4.773340 -13.932300
2.493810 -4.776140 -13.934900
2.526490 -4.778330 -13.931800
2.558170 -4.779850 -13.923100
2.587890 -4.780660 -13.909000
2.614760 -4.780720 -13.890000
2.637950 -4.780050 -13.866700
2.656770 -4.778650 -13.839800
2.670630 -4.776570 -13.810000
2.679110 -4.773870 -13.778300
2.681970 -4.770640 -13.745700
2.679110 -4.766980 -13.713200
2.670630 -4.762990 -13.681600
2.656770 -4.758790 -13.652100
2.637950 -4.754520 -13.625400
2.614760 -4.750310 -13.602500
2.587890 -4.746270 -13.583900
2.558170 -4.742540 -13.570400
2.526490 -4.739230 -13.562200

/group/R_vrt/127
127
replaced_with_circle 1 creation_method hand_drawn num_subsample_pts 30 nrm {-0.591672 -0.756124 0.279645} xhat {0.000000 0.346877 0.937911} creation_type threshold pos {2.367680 -5.059543 -13.663405} pathId 300 num_hand_picked_pts 17 posId 127
2.371160 -5.002770 -13.502500
2.345940 -4.986360 -13.511500
2.321490 -4.972340 -13.525400
2.298550 -4.961150 -13.543600
2.277810 -4.953130 -13.565800
2.259920 -4.948510 -13.591200
2.245400 -4.947440 -13.619000
2.234700 -4.949940 -13.648400
2.228150 -4.955960 -13.678500
2.225940 -4.965290 -13.708400
2.228150 -4.977660 -13.737200
2.234700 -4.992680 -13.764000
2.245400 -5.009920 -13.788000
2.259920 -5.028840 -13.808400
2.277810 -5.048860 -13.824700
2.298550 -5.069380 -13.836300
2.321490 -5.089780 -13.842900
2.345940 -5.109430 -13.844300
2.371160 -5.127740 -13.840400
2.396380 -5.144140 -13.831400
2.420830 -5.158160 -13.817600
2.443770 -5.169340 -13.799300
2.464510 -5.177370 -13.777100
2.482410 -5.181990 -13.751700
2.496930 -5.183060 -13.723900
2.507620 -5.180560 -13.694500
2.514180 -5.174550 -13.664400
2.516380 -5.165210 -13.634500
2.514180 -5.152850 -13.605700
2.507630 -5.137810 -13.578900
2.496930 -5.120580 -13.555000
2.482410 -5.101660 -13.534500
2.464510 -5.081640 -13.518300
2.443770 -5.061120 -13.506700
2.420830 -5.040720 -13.500100
2.396380 -5.021070 -13.498700

/group/R_vrt/133
133
replaced_with_circle 1 creation_method hand_drawn num_subsample_pts 30 nrm {-0.939546 -0.322351 0.115512} xhat {0.000000 0.337337 0.941384} creation_type threshold pos {2.124367 -5.228720 -13.592812} pathId 300 num_hand_picked_pts 13 posId 133
2.132430 -5.189890 -13.418900
2.121620 -5.162900 -13.431500
2.111140 -5.138600 -13.448900
2.101310 -5.117710 -13.470600
2.092420 -5.100880 -13.495900
2.084750 -5.088630 -13.524100
2.078520 -5.081310 -13.554300
2.073940 -5.079150 -13.585600
2.071130 -5.082220 -13.617000
2.070180 -5.090430 -13.647600
2.071130 -5.103520 -13.676500
2.073940 -5.121100 -13.702700
2.078520 -5.142630 -13.725500
2.084750 -5.167460 -13.744100
2.092420 -5.194840 -13.758100
2.101310 -5.223930 -13.767000
2.111140 -5.253850 -13.770500
2.121620 -5.283690 -13.768500
2.132430 -5.312540 -13.761100
2.143240 -5.339530 -13.748500
2.153720 -5.363830 -13.731100
2.163560 -5.384720 -13.709400
2.172440 -5.401540 -13.684100
2.180120 -5.413800 -13.655900
2.186340 -5.421120 -13.625700
2.190930 -5.423280 -13.594400
2.193730 -5.420210 -13.563000
2.194680 -5.412000 -13.532400
2.193730 -5.398910 -13.503500
2.190930 -5.381330 -13.477300
2.186340 -5.359800 -13.454500
2.180120 -5.334970 -13.435900
2.172440 -5.307590 -13.421900
2.163560 -5.278500 -13.413000
2.153720 -5.248580 -13.409500
2.143240 -5.218740 -13.411500

/group/R_vrt/138
138
replaced_with_circle 1 creation_method hand_drawn num_subsample_pts 30 nrm {-0.996523 -0.080632 0.020990} xhat {0.000000 0.251925 0.967747} creation_type threshold pos {1.854944 -5.278995 -13.580403} pathId 300 num_hand_picked_pts 14 posId 138
1.857500 -5.248000 -13.340000
1.854850 -5.218030 -13.350700
1.852280 -5.190380 -13.366400
1.849870 -5.165880 -13.386700
1.847690 -5.145270 -13.411000
1.845810 -5.129190 -13.438500
1.844290 -5.118120 -13.468400
1.843160 -5.112400 -13.499800
1.842470 -5.112200 -13.531700
1.842240 -5.117530 -13.563200
1.842470 -5.128220 -13.593300
1.843160 -5.143960 -13.621000
1.844290 -5.164260 -13.645600
1.845810 -5.188500 -13.666400
1.847690 -5.215960 -13.682500
1.849870 -5.245780 -13.693700
1.852280 -5.277080 -13.699500
1.854850 -5.308900 -13.699700
1.857500 -5.340270 -13.694400
1.860150 -5.370230 -13.683800
1.862720 -5.397890 -13.668000
1.865130 -5.422390 -13.647700
1.867310 -5.442990 -13.623400
1.869190 -5.459070 -13.595900
1.870710 -5.470140 -13.566000
1.871840 -5.475860 -13.534600
1.872530 -5.476060 -13.502700
1.872760 -5.470740 -13.471200
1.872530 -5.460040 -13.441200
1.871840 -5.444310 -13.413400
1.870710 -5.424010 -13.388800
1.869190 -5.399760 -13.368100
1.867310 -5.372310 -13.351900
1.865130 -5.342480 -13.340800
1.862720 -5.311180 -13.335000
1.860150 -5.279370 -13.334700

/group/R_vrt/145
145
replaced_with_circle 1 creation_method hand_drawn num_subsample_pts 28 nrm {-0.958726 -0.039128 0.281627} xhat {0.000000 0.990486 0.137613} creation_type threshold pos {1.457364 -5.297681 -13.530169} pathId 300 num_hand_picked_pts 11 posId 145
1.472480 -5.101820 -13.451500
1.464250 -5.100510 -13.479300
1.456270 -5.104250 -13.507000
1.448790 -5.112940 -13.533700
1.442020 -5.126300 -13.558600
1.436180 -5.143940 -13.580900
1.431440 -5.165310 -13.600000
1.427950 -5.189760 -13.615300
1.425820 -5.216560 -13.626300
1.425100 -5.244890 -13.632700
1.425820 -5.273880 -13.634300
1.427950 -5.302670 -13.631000
1.431440 -5.330360 -13.623000
1.436180 -5.356130 -13.610400
1.442020 -5.379180 -13.593700
1.448790 -5.398830 -13.573400
1.456270 -5.414460 -13.550100
1.464250 -5.425610 -13.524500
1.472480 -5.431930 -13.497400
1.480700 -5.433240 -13.469500
1.488680 -5.429500 -13.441900
1.496170 -5.420810 -13.415200
1.502930 -5.407450 -13.390300
1.508770 -5.389810 -13.368000
1.513510 -5.368440 -13.348900
1.517000 -5.343990 -13.333600
1.519140 -5.317190 -13.322600
1.519860 -5.288860 -13.316200
1.519140 -5.259860 -13.314600
1.517000 -5.231080 -13.317900
1.513510 -5.203390 -13.325900
1.508770 -5.177620 -13.338500
1.502930 -5.154570 -13.355200
1.496170 -5.134920 -13.375500
1.488680 -5.119290 -13.398800
1.480700 -5.108140 -13.424400

/group/R_vrt/151
151
replaced_with_circle 1 creation_method hand_drawn num_subsample_pts 28 nrm {-0.905448 0.219590 0.363240} xhat {0.000000 0.855777 -0.517344} creation_type threshold pos {1.156418 -5.281202 -13.418038} pathId 300 num_hand_picked_pts 15 posId 151
1.156180 -5.112260 -13.520800
1.143950 -5.127930 -13.541800
1.132080 -5.147430 -13.559600
1.120950 -5.170190 -13.573600
1.110880 -5.195500 -13.583400
1.102200 -5.222600 -13.588600
1.095150 -5.250670 -13.589200
1.089960 -5.278840 -13.585100
1.086780 -5.306280 -13.576500
1.085710 -5.332130 -13.563500
1.086780 -5.355620 -13.546600
1.089960 -5.376040 -13.526400
1.095150 -5.392760 -13.503300
1.102200 -5.405270 -13.478200
1.110880 -5.413200 -13.451700
1.120950 -5.416300 -13.424800
1.132080 -5.414480 -13.398100
1.143950 -5.407800 -13.372600
1.156180 -5.396450 -13.349000
1.168420 -5.380780 -13.327900
1.180290 -5.361280 -13.310100
1.191420 -5.338520 -13.296100
1.201490 -5.313210 -13.286300
1.210170 -5.286110 -13.281100
1.217220 -5.258040 -13.280500
1.222410 -5.229870 -13.284600
1.225590 -5.202430 -13.293200
1.226660 -5.176580 -13.306200
1.225590 -5.153080 -13.323100
1.222410 -5.132670 -13.343300
1.217220 -5.115950 -13.366400
1.210170 -5.103440 -13.391500
1.201490 -5.095510 -13.418000
1.191420 -5.092410 -13.444900
1.180290 -5.094230 -13.471600
1.168420 -5.100910 -13.497100

/group/R_vrt/157
157
replaced_with_circle 1 creation_method hand_drawn num_subsample_pts 29 nrm {-0.660940 0.718800 0.215602} xhat {0.000000 0.287301 -0.957840} creation_type threshold pos {0.917417 -5.139035 -13.336900} pathId 300 num_hand_picked_pts 14 posId 157
0.902791 -5.088790 -13.549300
0.880102 -5.108690 -13.552500
0.858103 -5.129500 -13.550500
0.837462 -5.150600 -13.543400
0.818806 -5.171340 -13.531500
0.802701 -5.191090 -13.515000
0.789638 -5.209260 -13.494500
0.780012 -5.225280 -13.470600
0.774118 -5.238670 -13.444000
0.772133 -5.249040 -13.415500
0.774118 -5.256050 -13.386100
0.780012 -5.259500 -13.356500
0.789638 -5.259280 -13.327700
0.802701 -5.255400 -13.300600
0.818806 -5.247980 -13.276000
0.837461 -5.237240 -13.254600
0.858104 -5.223510 -13.237100
0.880102 -5.207210 -13.224000
0.902791 -5.188830 -13.215700
0.925480 -5.168930 -13.212500
0.947479 -5.148120 -13.214500
0.968120 -5.127020 -13.221500
0.986776 -5.106280 -13.233500
1.002880 -5.086530 -13.250000
1.015940 -5.068370 -13.270500
1.025570 -5.052340 -13.294400
1.031460 -5.038950 -13.321000
1.033450 -5.028590 -13.349400
1.031460 -5.021580 -13.378900
1.025570 -5.018130 -13.408500
1.015940 -5.018340 -13.437200
1.002880 -5.022220 -13.464400
0.986777 -5.029640 -13.489000
0.968120 -5.040380 -13.510400
0.947479 -5.054110 -13.527900
0.925480 -5.070410 -13.541000

/group/R_vrt/164
164
replaced_with_circle 1 creation_method hand_drawn num_subsample_pts 30 nrm {-0.205216 0.852456 0.480838} xhat {0.000000 0.491294 -0.870994} creation_type threshold pos {0.753340 -4.822270 -13.215096} pathId 300 num_hand_picked_pts 14 posId 164
0.727776 -4.736930 -13.377300
0.697524 -4.743790 -13.378100
0.668191 -4.753090 -13.374100
0.640669 -4.764560 -13.365500
0.615793 -4.777850 -13.352600
0.594321 -4.792550 -13.335700
0.576903 -4.808210 -13.315300
0.564069 -4.824370 -13.292100
0.556209 -4.840530 -13.266800
0.553562 -4.856200 -13.240200
0.556209 -4.870900 -13.213000
0.564069 -4.884190 -13.186100
0.576903 -4.895670 -13.160300
0.594321 -4.904970 -13.136300
0.615793 -4.911830 -13.115000
0.640669 -4.916030 -13.097000
0.668192 -4.917450 -13.082700
0.697524 -4.916030 -13.072700
0.727775 -4.911840 -13.067200
0.758029 -4.904980 -13.066500
0.787361 -4.895680 -13.070400
0.814883 -4.884210 -13.079000
0.839758 -4.870930 -13.092000
0.861232 -4.856230 -13.108900
0.878649 -4.840560 -13.129200
0.891483 -4.824400 -13.152400
0.899343 -4.808240 -13.177700
0.901989 -4.792570 -13.204300
0.899343 -4.777870 -13.231500
0.891483 -4.764580 -13.258400
0.878649 -4.753110 -13.284200
0.861232 -4.743800 -13.308200
0.839759 -4.736940 -13.329500
0.814882 -4.732740 -13.347500
0.787360 -4.731330 -13.361800
0.758028 -4.732740 -13.371800

/group/R_vrt/169
169
replaced_with_circle 1 creation_method hand_drawn num_subsample_pts 27 nrm {-0.119790 0.791020 0.599949} xhat {0.000000 0.604300 -0.796757} creation_type threshold pos {0.708868 -4.551496 -13.030976} pathId 300 num_hand_picked_pts 12 posId 169
0.690587 -4.457060 -13.159100
0.662994 -4.461180 -13.159200
0.636240 -4.468120 -13.155400
0.611138 -4.477660 -13.147800
0.588449 -4.489510 -13.136700
0.568864 -4.503310 -13.122500
0.552977 -4.518650 -13.105400
0.541272 -4.535050 -13.086100
0.534104 -4.552030 -13.065200
0.531689 -4.569050 -13.043200
0.534104 -4.585620 -13.020900
0.541272 -4.601210 -12.998900
0.552978 -4.615370 -12.977900
0.568864 -4.627650 -12.958500
0.588449 -4.637690 -12.941400
0.611137 -4.645180 -12.927000
0.636241 -4.649890 -12.915700
0.662994 -4.651680 -12.908000
0.690586 -4.650500 -12.904100
0.718180 -4.646370 -12.904000
0.744933 -4.639440 -12.907800
0.770035 -4.629900 -12.915400
0.792724 -4.618050 -12.926500
0.812310 -4.604250 -12.940800
0.828196 -4.588910 -12.957800
0.839902 -4.572500 -12.977100
0.847071 -4.555530 -12.998100
0.849484 -4.538500 -13.020000
0.847071 -4.521940 -13.042400
0.839902 -4.506340 -13.064300
0.828196 -4.492190 -13.085300
0.812309 -4.479910 -13.104700
0.792725 -4.469870 -13.121900
0.770035 -4.462380 -13.136300
0.744933 -4.457670 -13.147500
0.718179 -4.455880 -13.155200

/group/R_vrt/174
174
replaced_with_circle 1 creation_method hand_drawn num_subsample_pts 27 nrm {-0.325501 0.757232 0.566258} xhat {0.000000 0.598871 -0.800845} creation_type threshold pos {0.637437 -4.274204 -12.817918} pathId 300 num_hand_picked_pts 14 posId 174
0.632448 -4.186040 -12.938700
0.605699 -4.194900 -12.942200
0.579762 -4.206450 -12.941700
0.555426 -4.220350 -12.937100
0.533431 -4.236170 -12.928600
0.514444 -4.253430 -12.916400
0.499042 -4.271610 -12.900900
0.487694 -4.290150 -12.882700
0.480745 -4.308490 -12.862100
0.478404 -4.326080 -12.840000
0.480745 -4.342370 -12.816800
0.487694 -4.356890 -12.793400
0.499043 -4.369170 -12.770500
0.514444 -4.378860 -12.748700
0.533430 -4.385650 -12.728700
0.555426 -4.389340 -12.711100
0.579763 -4.389820 -12.696500
0.605699 -4.387070 -12.685200
0.632448 -4.381180 -12.677700
0.659198 -4.372320 -12.674200
0.685135 -4.360770 -12.674700
0.709470 -4.346870 -12.679300
0.731465 -4.331050 -12.687800
0.750453 -4.313790 -12.700000
0.765854 -4.295610 -12.715500
0.777202 -4.277070 -12.733700
0.784152 -4.258730 -12.754300
0.786492 -4.241140 -12.776500
0.784152 -4.224840 -12.799600
0.777202 -4.210330 -12.823000
0.765854 -4.198050 -12.845900
0.750453 -4.188360 -12.867700
0.731466 -4.181570 -12.887700
0.709470 -4.177880 -12.905300
0.685134 -4.177400 -12.919900
0.659198 -4.180150 -12.931200

/group/R_vrt/180
180
replaced_with_circle 1 creation_method hand_drawn num_subsample_pts 26 nrm {-0.500697 0.680113 0.535490} xhat {0.000000 0.618618 -0.785692} creation_type threshold pos {0.447132 -3.961177 -12.584528} pathId 300 num_hand_picked_pts 12 posId 180
0.447228 -3.866270 -12.705000
0.423688 -3.878440 -12.711500
0.400863 -3.893190 -12.714100
0.379447 -3.910060 -12.712700
0.360091 -3.928540 -12.707400
0.343382 -3.948080 -12.698200
0.329828 -3.968070 -12.685500
0.319842 -3.987910 -12.669600
0.313726 -4.007000 -12.651100
0.311666 -4.024760 -12.630400
0.313726 -4.040650 -12.608300
0.319841 -4.054180 -12.585400
0.329829 -4.064950 -12.562400
0.343382 -4.072620 -12.540000
0.360090 -4.076970 -12.518900
0.379447 -4.077860 -12.499600
0.400864 -4.075260 -12.482900
0.423688 -4.069260 -12.469200
0.447228 -4.060030 -12.458900
0.470769 -4.047860 -12.452300
0.493593 -4.033120 -12.449700
0.515009 -4.016250 -12.451100
0.534365 -3.997770 -12.456500
0.551074 -3.978230 -12.465700
0.564628 -3.958240 -12.478400
0.574614 -3.938400 -12.494300
0.580730 -3.919300 -12.512800
0.582790 -3.901550 -12.533400
0.580730 -3.885660 -12.555500
0.574615 -3.872130 -12.578400
0.564628 -3.861360 -12.601400
0.551074 -3.853690 -12.623900
0.534366 -3.849340 -12.645000
0.515009 -3.848450 -12.664200
0.493593 -3.851050 -12.681000
0.470768 -3.857050 -12.694700

/group/R_vrt/188
188
replaced_with_circle 1 creation_method hand_drawn num_subsample_pts 25 nrm {-0.370962 0.612692 0.697851} xhat {0.000000 0.751470 -0.659767} creation_type threshold pos {0.196012 -3.606068 -12.242204} pathId 300 num_hand_picked_pts 11 posId 188
0.210596 -3.490450 -12.336000
0.186425 -3.498540 -12.341700
0.162989 -3.509790 -12.344300
0.140999 -3.523890 -12.343600
0.121123 -3.540390 -12.339700
0.103967 -3.558790 -12.332600
0.090050 -3.578540 -12.322700
0.079795 -3.599040 -12.310200
0.073516 -3.619660 -12.295400
0.071401 -3.639780 -12.278800
0.073516 -3.658780 -12.261000
0.079795 -3.676090 -12.242500
0.090050 -3.691180 -12.223800
0.103967 -3.703600 -12.205500
0.121123 -3.712960 -12.188200
0.140998 -3.718980 -12.172300
0.162989 -3.721480 -12.158400
0.186425 -3.720390 -12.146900
0.210596 -3.715730 -12.138200
0.234768 -3.707650 -12.132400
0.258204 -3.696390 -12.129800
0.280194 -3.682300 -12.130500
0.300069 -3.665800 -12.134400
0.317227 -3.647390 -12.141500
0.331143 -3.627640 -12.151400
0.341397 -3.607140 -12.164000
0.347677 -3.586520 -12.178700
0.349791 -3.566410 -12.195300
0.347677 -3.547400 -12.213100
0.341397 -3.530100 -12.231600
0.331142 -3.515000 -12.250300
0.317226 -3.502590 -12.268600
0.300070 -3.493230 -12.286000
0.280193 -3.487200 -12.301800
0.258204 -3.484700 -12.315700
0.234768 -3.485790 -12.327200

/group/R_vrt/194
194
replaced_with_circle 1 creation_method hand_drawn num_subsample_pts 20 nrm {-0.298516 0.704816 0.643524} xhat {0.000000 0.674267 -0.738488} creation_type threshold pos {0.081296 -3.384686 -12.002217} pathId 300 num_hand_picked_pts 12 posId 194
0.087100 -3.303120 -12.088900
0.067030 -3.309000 -12.091700
0.047571 -3.317170 -12.091800
0.029312 -3.327410 -12.089100
0.012809 -3.339380 -12.083600
-0.001436 -3.352740 -12.075600
-0.012992 -3.367070 -12.065300
-0.021506 -3.381930 -12.052900
-0.026720 -3.396880 -12.039000
-0.028476 -3.411470 -12.023800
-0.026720 -3.425240 -12.007900
-0.021506 -3.437780 -11.991700
-0.012992 -3.448720 -11.975800
-0.001436 -3.457710 -11.960600
0.012809 -3.464480 -11.946600
0.029312 -3.468830 -11.934200
0.047571 -3.470630 -11.923700
0.067030 -3.469820 -11.915600
0.087099 -3.466420 -11.910000
0.107170 -3.460550 -11.907100
0.126629 -3.452370 -11.907100
0.144887 -3.442140 -11.909800
0.161390 -3.430160 -11.915300
0.175636 -3.416810 -11.923300
0.187191 -3.402480 -11.933600
0.195705 -3.387610 -11.945900
0.200919 -3.372660 -11.959900
0.202675 -3.358080 -11.975100
0.200919 -3.344300 -11.991000
0.195705 -3.331760 -12.007100
0.187191 -3.320830 -12.023000
0.175636 -3.311840 -12.038200
0.161391 -3.305060 -12.052300
0.144887 -3.300710 -12.064700
0.126629 -3.298910 -12.075100
0.107170 -3.299730 -12.083300

/group/R_vrt/202
202
replaced_with_circle 1 creation_method hand_drawn num_subsample_pts 21 nrm {-0.232362 0.940694 0.247190} xhat {0.000000 0.254146 -0.967166} creation_type threshold pos {-0.006313 -3.114559 -11.847044} pathId 300 num_hand_picked_pts 13 posId 202
0.001698 -3.080170 -11.970400
-0.019834 -3.085630 -11.969800
-0.040711 -3.091920 -11.965500
-0.060299 -3.098830 -11.957600
-0.078004 -3.106160 -11.946400
-0.093287 -3.113690 -11.932100
-0.105685 -3.121180 -11.915300
-0.114819 -3.128410 -11.896300
-0.120412 -3.135150 -11.875900
-0.122296 -3.141220 -11.854600
-0.120412 -3.146410 -11.833100
-0.114819 -3.150570 -11.812000
-0.105684 -3.153580 -11.792000
-0.093287 -3.155340 -11.773600
-0.078004 -3.155800 -11.757500
-0.060300 -3.154950 -11.744100
-0.040710 -3.152810 -11.733800
-0.019834 -3.149450 -11.727000
0.001697 -3.144970 -11.723800
0.023229 -3.139500 -11.724400
0.044106 -3.133210 -11.728700
0.063694 -3.126300 -11.736600
0.081399 -3.118970 -11.747800
0.096683 -3.111440 -11.762100
0.109080 -3.103950 -11.778900
0.118214 -3.096730 -11.797900
0.123807 -3.089980 -11.818300
0.125691 -3.083920 -11.839600
0.123807 -3.078730 -11.861100
0.118214 -3.074560 -11.882200
0.109079 -3.071560 -11.902200
0.096682 -3.069790 -11.920600
0.081399 -3.069330 -11.936700
0.063694 -3.070180 -11.950100
0.044106 -3.072320 -11.960400
0.023229 -3.075680 -11.967200

/group/R_vrt/214
214
replaced_with_circle 1 creation_method hand_drawn num_subsample_pts 23 nrm {-0.104307 0.960670 -0.257358} xhat {0.000000 0.258769 0.965939} creation_type threshold pos {-0.087626 -2.692935 -11.852410} pathId 300 num_hand_picked_pts 14 posId 214
-0.066199 -2.652640 -11.710700
-0.042642 -2.650790 -11.713300
-0.019801 -2.650070 -11.719900
0.001630 -2.650500 -11.730200
0.021001 -2.652060 -11.743900
0.037721 -2.654720 -11.760600
0.051285 -2.658390 -11.779700
0.061278 -2.662950 -11.800800
0.067399 -2.668270 -11.823200
0.069459 -2.674190 -11.846100
0.067399 -2.680530 -11.868900
0.061278 -2.687090 -11.891000
0.051284 -2.693680 -11.911500
0.037721 -2.700100 -11.929900
0.021001 -2.706140 -11.945700
0.001631 -2.711630 -11.958400
-0.019801 -2.716400 -11.967500
-0.042642 -2.720310 -11.972800
-0.066198 -2.723230 -11.974200
-0.089756 -2.725080 -11.971500
-0.112596 -2.725800 -11.965000
-0.134027 -2.725380 -11.954700
-0.153397 -2.723810 -11.941000
-0.170119 -2.721150 -11.924300
-0.183682 -2.717490 -11.905100
-0.193675 -2.712920 -11.884000
-0.199796 -2.707600 -11.861700
-0.201856 -2.701680 -11.838800
-0.199796 -2.695340 -11.815900
-0.193675 -2.688780 -11.793900
-0.183681 -2.682190 -11.773400
-0.170119 -2.675770 -11.754900
-0.153398 -2.669730 -11.739100
-0.134027 -2.664240 -11.726500
-0.112596 -2.659470 -11.717400
-0.089756 -2.655560 -11.712000

/group/R_vrt/223
223
replaced_with_circle 1 creation_method hand_drawn num_subsample_pts 24 nrm {0.248937 0.830954 -0.497539} xhat {0.000000 0.513711 0.857963} creation_type threshold pos {-0.075362 -2.448353 -11.961923} pathId 300 num_hand_picked_pts 16 posId 223
-0.061938 -2.373770 -11.830600
-0.037364 -2.380330 -11.829300
-0.013536 -2.388970 -11.831800
0.008821 -2.399430 -11.838100
0.029028 -2.411390 -11.848000
0.046472 -2.424490 -11.861100
0.060621 -2.438320 -11.877100
0.071046 -2.452480 -11.895600
0.077431 -2.466530 -11.915800
0.079581 -2.480040 -11.937300
0.077431 -2.492600 -11.959400
0.071046 -2.503830 -11.981300
0.060620 -2.513390 -12.002500
0.046471 -2.520990 -12.022300
0.029029 -2.526390 -12.040000
0.008822 -2.529440 -12.055200
-0.013536 -2.530040 -12.067400
-0.037364 -2.528170 -12.076200
-0.061938 -2.523890 -12.081400
-0.086513 -2.517330 -12.082700
-0.110341 -2.508690 -12.080200
-0.132698 -2.498230 -12.073900
-0.152905 -2.486270 -12.064000
-0.170349 -2.473170 -12.050900
-0.184498 -2.459330 -12.034900
-0.194923 -2.445180 -12.016400
-0.201307 -2.431130 -11.996200
-0.203457 -2.417620 -11.974700
-0.201307 -2.405060 -11.952600
-0.194923 -2.393830 -11.930700
-0.184498 -2.384270 -11.909500
-0.170349 -2.376670 -11.889700
-0.152905 -2.371270 -11.872000
-0.132697 -2.368220 -11.856800
-0.110341 -2.367620 -11.844600
-0.086513 -2.369490 -11.835800

/group/R_vrt/232
232
replaced_with_circle 1 creation_method hand_drawn num_subsample_pts 21 nrm {0.516607 0.807862 -0.283683} xhat {0.000000 0.331319 0.943519} creation_type threshold pos {0.043062 -2.226008 -12.081020} pathId 300 num_hand_picked_pts 13 posId 232
0.041764 -2.182850 -11.960500
0.059889 -2.193780 -11.958600
0.077464 -2.205610 -11.960300
0.093954 -2.217970 -11.965500
0.108858 -2.230500 -11.974000
0.121724 -2.242800 -11.985600
0.132161 -2.254510 -11.999900
0.139849 -2.265270 -12.016600
0.144559 -2.274750 -12.035000
0.146144 -2.282660 -12.054600
0.144559 -2.288770 -12.074900
0.139849 -2.292900 -12.095200
0.132160 -2.294900 -12.115000
0.121724 -2.294730 -12.133500
0.108858 -2.292380 -12.150200
0.093955 -2.287930 -12.164700
0.077464 -2.281520 -12.176500
0.059889 -2.273340 -12.185200
0.041764 -2.263630 -12.190500
0.023638 -2.252700 -12.192400
0.006064 -2.240870 -12.190700
-0.010426 -2.228510 -12.185600
-0.025330 -2.215990 -12.177000
-0.038196 -2.203690 -12.165400
-0.048632 -2.191980 -12.151100
-0.056321 -2.181220 -12.134500
-0.061031 -2.171740 -12.116000
-0.062616 -2.163820 -12.096400
-0.061031 -2.157710 -12.076100
-0.056321 -2.153590 -12.055800
-0.048632 -2.151590 -12.036100
-0.038196 -2.151760 -12.017600
-0.025331 -2.154110 -12.000800
-0.010426 -2.158550 -11.986300
0.006064 -2.164970 -11.974600
0.023638 -2.173150 -11.965900

/group/R_vrt/243
243
replaced_with_circle 1 creation_method hand_drawn num_subsample_pts 20 nrm {0.263304 0.908302 0.325050} xhat {0.000000 0.336940 -0.941526} creation_type threshold pos {0.229086 -1.850718 -12.073673} pathId 300 num_hand_picked_pts 14 posId 243
0.238844 -1.813340 -12.186000
0.219563 -1.808980 -12.182600
0.200868 -1.805920 -12.176000
0.183326 -1.804270 -12.166400
0.167472 -1.804080 -12.154100
0.153786 -1.805340 -12.139500
0.142684 -1.808020 -12.123000
0.134505 -1.812050 -12.105100
0.129496 -1.817290 -12.086400
0.127809 -1.823590 -12.067400
0.129496 -1.830760 -12.048800
0.134505 -1.838580 -12.031000
0.142685 -1.846810 -12.014600
0.153786 -1.855190 -12.000200
0.167472 -1.863490 -11.988100
0.183326 -1.871440 -11.978700
0.200868 -1.878810 -11.972300
0.219563 -1.885360 -11.969200
0.238844 -1.890910 -11.969300
0.258126 -1.895270 -11.972700
0.276821 -1.898330 -11.979300
0.294362 -1.899980 -11.988900
0.310216 -1.900170 -12.001200
0.323902 -1.898910 -12.015800
0.335004 -1.896230 -12.032300
0.343184 -1.892200 -12.050200
0.348192 -1.886960 -12.068900
0.349880 -1.880660 -12.087900
0.348192 -1.873490 -12.106500
0.343184 -1.865670 -12.124300
0.335004 -1.857450 -12.140700
0.323902 -1.849050 -12.155100
0.310217 -1.840760 -12.167200
0.294362 -1.832810 -12.176600
0.276820 -1.825440 -12.183000
0.258125 -1.818890 -12.186100

/group/R_vrt/249
249
replaced_with_circle 1 creation_method hand_drawn num_subsample_pts 20 nrm {-0.042283 0.810283 0.584512} xhat {0.000000 0.585035 -0.811008} creation_type threshold pos {0.257610 -1.614728 -11.942433} pathId 300 num_hand_picked_pts 12 posId 249
0.274998 -1.548890 -12.032400
0.254188 -1.550670 -12.031500
0.234009 -1.554530 -12.027600
0.215076 -1.560350 -12.020900
0.197964 -1.567950 -12.011600
0.183192 -1.577110 -12.000000
0.171209 -1.587540 -11.986400
0.162381 -1.598930 -11.971200
0.156974 -1.610930 -11.955000
0.155154 -1.623180 -11.938100
0.156974 -1.635310 -11.921200
0.162381 -1.646940 -11.904700
0.171210 -1.657720 -11.889100
0.183192 -1.667330 -11.874900
0.197964 -1.675470 -11.862500
0.215076 -1.681900 -11.852400
0.234010 -1.686420 -11.844800
0.254188 -1.688890 -11.839900
0.274998 -1.689250 -11.837900
0.295810 -1.687460 -11.838800
0.315988 -1.683610 -11.842700
0.334921 -1.677790 -11.849400
0.352033 -1.670180 -11.858700
0.366805 -1.661030 -11.870400
0.378787 -1.650600 -11.883900
0.387616 -1.639210 -11.899100
0.393023 -1.627200 -11.915300
0.394843 -1.614950 -11.932200
0.393023 -1.602830 -11.949100
0.387616 -1.591200 -11.965600
0.378787 -1.580420 -11.981200
0.366805 -1.570810 -11.995400
0.352033 -1.562670 -12.007800
0.334920 -1.556240 -12.017900
0.315988 -1.551720 -12.025600
0.295810 -1.549240 -12.030400

/group/R_vrt/257
257
replaced_with_circle 1 creation_method hand_drawn num_subsample_pts 21 nrm {-0.493373 0.699769 0.516630} xhat {0.000000 0.593952 -0.804500} creation_type threshold pos {0.184080 -1.366431 -11.748968} pathId 300 num_hand_picked_pts 12 posId 257
0.184571 -1.287280 -11.855700
0.165521 -1.297110 -11.860600
0.147050 -1.308920 -11.862200
0.129720 -1.322340 -11.860600
0.114056 -1.336980 -11.855700
0.100534 -1.352380 -11.847800
0.089566 -1.368080 -11.837000
0.081485 -1.383600 -11.823700
0.076536 -1.398480 -11.808300
0.074869 -1.412240 -11.791200
0.076536 -1.424490 -11.773000
0.081485 -1.434850 -11.754300
0.089566 -1.442990 -11.735500
0.100535 -1.448680 -11.717300
0.114056 -1.451750 -11.700300
0.129720 -1.452090 -11.684900
0.147051 -1.449700 -11.671500
0.165521 -1.444650 -11.660700
0.184570 -1.437090 -11.652800
0.203621 -1.427260 -11.647900
0.222091 -1.415450 -11.646300
0.239421 -1.402030 -11.647900
0.255085 -1.387390 -11.652800
0.268607 -1.371990 -11.660700
0.279575 -1.356290 -11.671500
0.287656 -1.340760 -11.684800
0.292605 -1.325890 -11.700200
0.294272 -1.312120 -11.717300
0.292605 -1.299880 -11.735500
0.287656 -1.289520 -11.754200
0.279575 -1.281380 -11.773000
0.268607 -1.275690 -11.791200
0.255086 -1.272620 -11.808200
0.239421 -1.272280 -11.823600
0.222091 -1.274670 -11.837000
0.203620 -1.279720 -11.847800

/group/R_vrt/269
269
replaced_with_circle 1 creation_method hand_drawn num_subsample_pts 21 nrm {-0.440602 0.782441 0.440063} xhat {0.000000 0.490210 -0.871604} creation_type threshold pos {0.000218 -1.164091 -11.628101} pathId 300 num_hand_picked_pts 13 posId 269
0.010242 -1.093290 -11.743900
-0.009505 -1.102680 -11.747000
-0.028651 -1.113670 -11.746600
-0.046616 -1.125930 -11.742800
-0.062853 -1.139090 -11.735700
-0.076869 -1.152740 -11.725500
-0.088239 -1.166470 -11.712400
-0.096616 -1.179860 -11.697000
-0.101746 -1.192510 -11.679700
-0.103474 -1.204040 -11.660900
-0.101747 -1.214080 -11.641300
-0.096616 -1.222340 -11.621500
-0.088239 -1.228570 -11.602000
-0.076869 -1.232570 -11.583500
-0.062853 -1.234230 -11.566500
-0.046616 -1.233490 -11.551600
-0.028651 -1.230380 -11.539100
-0.009505 -1.224990 -11.529600
0.010241 -1.217490 -11.523100
0.029989 -1.208090 -11.520100
0.049135 -1.197100 -11.520400
0.067099 -1.184840 -11.524200
0.083336 -1.171690 -11.531400
0.097353 -1.158040 -11.541600
0.108722 -1.144310 -11.554600
0.117099 -1.130910 -11.570100
0.122230 -1.118260 -11.587400
0.123957 -1.106740 -11.606200
0.122230 -1.096700 -11.625800
0.117100 -1.088440 -11.645600
0.108722 -1.082210 -11.665000
0.097353 -1.078210 -11.683500
0.083337 -1.076550 -11.700500
0.067099 -1.077290 -11.715500
0.049135 -1.080400 -11.727900
0.029989 -1.085790 -11.737500

/group/R_vrt/275
275
replaced_with_circle 1 creation_method hand_drawn num_subsample_pts 26 nrm {-0.145287 0.815262 0.560571} xhat {0.000000 0.566582 -0.824005} creation_type threshold pos {-0.046444 -1.025177 -11.541118} pathId 300 num_hand_picked_pts 17 posId 275
-0.042724 -0.930494 -11.677900
-0.069987 -0.935159 -11.678100
-0.096422 -0.942414 -11.674400
-0.121225 -0.952038 -11.666900
-0.143643 -0.963740 -11.655700
-0.162995 -0.977164 -11.641200
-0.178692 -0.991901 -11.623800
-0.190258 -1.007500 -11.604100
-0.197341 -1.023500 -11.582700
-0.199726 -1.039400 -11.560200
-0.197341 -1.054720 -11.537300
-0.190258 -1.069000 -11.514600
-0.178692 -1.081810 -11.493000
-0.162994 -1.092750 -11.473100
-0.143644 -1.101490 -11.455300
-0.121226 -1.107770 -11.440400
-0.096421 -1.111390 -11.428700
-0.069987 -1.112240 -11.420600
-0.042724 -1.110310 -11.416300
-0.015460 -1.105650 -11.416100
0.010974 -1.098390 -11.419800
0.035777 -1.088770 -11.427300
0.058195 -1.077070 -11.438500
0.077547 -1.063640 -11.453000
0.093244 -1.048900 -11.470400
0.104810 -1.033300 -11.490100
0.111893 -1.017310 -11.511500
0.114278 -1.001410 -11.534000
0.111893 -0.986082 -11.556900
0.104810 -0.971801 -11.579500
0.093244 -0.958996 -11.601200
0.077547 -0.948058 -11.621100
0.058196 -0.939318 -11.638900
0.035777 -0.933041 -11.653800
0.010974 -0.929419 -11.665500
-0.015460 -0.928561 -11.673600

/group/R_vrt/282
282
replaced_with_circle 1 creation_method hand_drawn num_subsample_pts 26 nrm {-0.040221 0.756206 0.653097} xhat {0.000000 0.653626 -0.756818} creation_type threshold pos {-0.068493 -0.781608 -11.352764} pathId 300 num_hand_picked_pts 17 posId 282
-0.051169 -0.672389 -11.478200
-0.078505 -0.674787 -11.477100
-0.105011 -0.680240 -11.472400
-0.129881 -0.688584 -11.464300
-0.152359 -0.699565 -11.452900
-0.171762 -0.712849 -11.438700
-0.187502 -0.728033 -11.422100
-0.199098 -0.744654 -11.403600
-0.206200 -0.762209 -11.383700
-0.208593 -0.780165 -11.363100
-0.206200 -0.797974 -11.342300
-0.199099 -0.815096 -11.322000
-0.187502 -0.831012 -11.302900
-0.171762 -0.845237 -11.285500
-0.152359 -0.857338 -11.270200
-0.129881 -0.866949 -11.257700
-0.105011 -0.873778 -11.248300
-0.078505 -0.877616 -11.242200
-0.051169 -0.878348 -11.239700
-0.023832 -0.875951 -11.240800
0.002673 -0.870497 -11.245500
0.027543 -0.862154 -11.253600
0.050020 -0.851174 -11.264900
0.069424 -0.837889 -11.279100
0.085164 -0.822705 -11.295700
0.096760 -0.806084 -11.314200
0.103863 -0.788528 -11.334100
0.106254 -0.770573 -11.354800
0.103862 -0.752764 -11.375500
0.096761 -0.735642 -11.395800
0.085164 -0.719726 -11.415000
0.069424 -0.705501 -11.432400
0.050021 -0.693399 -11.447600
0.027542 -0.683788 -11.460100
0.002673 -0.676959 -11.469600
-0.023832 -0.673121 -11.475600

/group/R_vrt/287
287
replaced_with_circle 1 creation_method hand_drawn num_subsample_pts 28 nrm {-0.053283 0.686699 0.724987} xhat {0.000000 0.726018 -0.687676} creation_type threshold pos {-0.081072 -0.575919 -11.157118} pathId 300 num_hand_picked_pts 17 posId 287
-0.080747 -0.446015 -11.280100
-0.109800 -0.448929 -11.279500
-0.137969 -0.455451 -11.275400
-0.164400 -0.465382 -11.267900
-0.188289 -0.478420 -11.257300
-0.208910 -0.494169 -11.243900
-0.225638 -0.512152 -11.228100
-0.237963 -0.531820 -11.210400
-0.245511 -0.552577 -11.191300
-0.248052 -0.573794 -11.171400
-0.245511 -0.594823 -11.151300
-0.237963 -0.615026 -11.131600
-0.225637 -0.633791 -11.112900
-0.208910 -0.650546 -11.095800
-0.188289 -0.664781 -11.080800
-0.164401 -0.676066 -11.068400
-0.137969 -0.684058 -11.058900
-0.109800 -0.688512 -11.052600
-0.080748 -0.689294 -11.049700
-0.051694 -0.686380 -11.050300
-0.023526 -0.679858 -11.054400
0.002905 -0.669928 -11.061900
0.026794 -0.656890 -11.072500
0.047416 -0.641139 -11.085900
0.064142 -0.623158 -11.101700
0.076468 -0.603489 -11.119400
0.084016 -0.582731 -11.138500
0.086558 -0.561515 -11.158400
0.084016 -0.540487 -11.178500
0.076468 -0.520283 -11.198200
0.064142 -0.501518 -11.216900
0.047415 -0.484764 -11.234000
0.026795 -0.470528 -11.249000
0.002905 -0.459242 -11.261500
-0.023526 -0.451251 -11.271000
-0.051695 -0.446797 -11.277300

/group/R_vrt/295
295
replaced_with_circle 1 creation_method hand_drawn num_subsample_pts 27 nrm {-0.016128 0.453414 0.891154} xhat {0.000000 0.891270 -0.453473} creation_type threshold pos {-0.103581 -0.279355 -10.753959} pathId 300 num_hand_picked_pts 18 posId 295
-0.090187 -0.126541 -10.831500
-0.118281 -0.128937 -10.830800
-0.145522 -0.135642 -10.827800
-0.171082 -0.146454 -10.822800
-0.194183 -0.161042 -10.815800
-0.214125 -0.178963 -10.807000
-0.230302 -0.199674 -10.796800
-0.242220 -0.222545 -10.785400
-0.249519 -0.246880 -10.773100
-0.251977 -0.271942 -10.760400
-0.249519 -0.296966 -10.747600
-0.242220 -0.321195 -10.735200
-0.230301 -0.343892 -10.723400
-0.214125 -0.364365 -10.712700
-0.194183 -0.381995 -10.703400
-0.171082 -0.396245 -10.695700
-0.145522 -0.406683 -10.689900
-0.118281 -0.412990 -10.686200
-0.090187 -0.414975 -10.684700
-0.062091 -0.412579 -10.685400
-0.034851 -0.405873 -10.688300
-0.009292 -0.395063 -10.693400
0.013810 -0.380475 -10.700400
0.033752 -0.362552 -10.709100
0.049927 -0.341842 -10.719400
0.061845 -0.318971 -10.730800
0.069146 -0.294635 -10.743100
0.071603 -0.269574 -10.755800
0.069146 -0.244550 -10.768500
0.061846 -0.220321 -10.781000
0.049927 -0.197624 -10.792800
0.033751 -0.177150 -10.803500
0.013811 -0.159521 -10.812800
-0.009292 -0.145270 -10.820500
-0.034851 -0.134833 -10.826200
-0.062092 -0.128526 -10.829900

/group/R_vrt/301
301
replaced_with_circle 1 creation_method hand_drawn num_subsample_pts 29 nrm {0.039729 0.180159 0.982835} xhat {0.000000 0.983611 -0.180302} creation_type threshold pos {-0.097347 -0.163580 -10.405274} pathId 300 num_hand_picked_pts 16 posId 301
-0.063890 0.014352 -10.439200
-0.094238 0.011957 -10.437600
-0.123664 0.004406 -10.435000
-0.151274 -0.008070 -10.431600
-0.176229 -0.025092 -10.427500
-0.197770 -0.046142 -10.422700
-0.215243 -0.070582 -10.417600
-0.228118 -0.097668 -10.412100
-0.236002 -0.126577 -10.406500
-0.238657 -0.156434 -10.400900
-0.236002 -0.186327 -10.395500
-0.228118 -0.215349 -10.390500
-0.215243 -0.242621 -10.386000
-0.197770 -0.267311 -10.382200
-0.176229 -0.288670 -10.379200
-0.151274 -0.306049 -10.377000
-0.123664 -0.318921 -10.375700
-0.094238 -0.326894 -10.375500
-0.063891 -0.329725 -10.376200
-0.033542 -0.327329 -10.377800
-0.004116 -0.319778 -10.380400
0.023493 -0.307302 -10.383800
0.048447 -0.290281 -10.387900
0.069989 -0.269229 -10.392700
0.087462 -0.244790 -10.397900
0.100337 -0.217704 -10.403300
0.108222 -0.188793 -10.409000
0.110876 -0.158939 -10.414500
0.108222 -0.129046 -10.419900
0.100337 -0.100024 -10.424900
0.087462 -0.072752 -10.429400
0.069989 -0.048061 -10.433200
0.048448 -0.026702 -10.436300
0.023493 -0.009323 -10.438400
-0.004117 0.003549 -10.439700
-0.033542 0.011521 -10.439900

/group/R_vrt/308
308
replaced_with_circle 1 creation_method hand_drawn num_subsample_pts 26 nrm {0.014762 -0.027919 0.999501} xhat {0.000000 0.999610 0.027922} creation_type threshold pos {-0.084058 -0.135186 -10.006658} pathId 300 num_hand_picked_pts 16 posId 308
-0.065300 0.029758 -10.002300
-0.091873 0.027423 -10.002000
-0.117638 0.020510 -10.001800
-0.141813 0.009231 -10.001800
-0.163664 -0.006073 -10.001900
-0.182525 -0.024938 -10.002100
-0.197825 -0.046788 -10.002500
-0.209097 -0.070961 -10.003000
-0.216002 -0.096721 -10.003600
-0.218326 -0.123289 -10.004300
-0.216002 -0.149852 -10.005100
-0.209097 -0.175607 -10.005900
-0.197825 -0.199772 -10.006800
-0.182525 -0.221609 -10.007600
-0.163664 -0.240458 -10.008400
-0.141814 -0.255744 -10.009200
-0.117638 -0.267004 -10.009800
-0.091873 -0.273895 -10.010400
-0.065300 -0.276208 -10.010900
-0.038727 -0.273873 -10.011200
-0.012962 -0.266960 -10.011400
0.011213 -0.255681 -10.011400
0.033063 -0.240377 -10.011300
0.051925 -0.221512 -10.011100
0.067225 -0.199662 -10.010700
0.078497 -0.175489 -10.010200
0.085402 -0.149727 -10.009600
0.087726 -0.123162 -10.008900
0.085402 -0.096598 -10.008100
0.078498 -0.070843 -10.007300
0.067225 -0.046678 -10.006400
0.051925 -0.024841 -10.005600
0.033064 -0.005993 -10.004800
0.011213 0.009294 -10.004000
-0.012962 0.020554 -10.003400
-0.038727 0.027445 -10.002800

/group/R_vrt/317
317
replaced_with_circle 1 creation_method hand_drawn num_subsample_pts 27 nrm {0.218708 -0.234292 0.947246} xhat {0.000000 0.970747 0.240105} creation_type threshold pos {-0.059707 -0.183572 -9.615259} pathId 300 num_hand_picked_pts 17 posId 317
-0.046760 -0.015674 -9.576720
-0.074725 -0.019612 -9.571240
-0.101840 -0.028300 -9.567130
-0.127281 -0.041471 -9.564510
-0.150276 -0.058727 -9.563470
-0.170125 -0.079542 -9.564030
-0.186227 -0.103285 -9.566190
-0.198091 -0.129233 -9.569870
-0.205356 -0.156598 -9.574960
-0.207803 -0.184551 -9.581310
-0.205356 -0.212239 -9.588720
-0.198091 -0.238823 -9.596970
-0.186227 -0.263495 -9.605810
-0.170125 -0.285505 -9.614980
-0.150277 -0.304182 -9.624180
-0.127282 -0.318963 -9.633140
-0.101839 -0.329396 -9.641600
-0.074725 -0.335165 -9.649290
-0.046761 -0.336094 -9.655970
-0.018795 -0.332155 -9.661460
0.008320 -0.323468 -9.665570
0.033761 -0.310297 -9.668180
0.056756 -0.293042 -9.669230
0.076606 -0.272226 -9.668660
0.092707 -0.248484 -9.666510
0.104570 -0.222536 -9.662830
0.111836 -0.195169 -9.657740
0.114282 -0.167217 -9.651390
0.111836 -0.139529 -9.643970
0.104570 -0.112946 -9.635720
0.092707 -0.088273 -9.626880
0.076606 -0.066264 -9.617720
0.056757 -0.047585 -9.608510
0.033761 -0.032805 -9.599550
0.008319 -0.022372 -9.591090
-0.018795 -0.016603 -9.583410

/group/R_vrt/326
326
replaced_with_circle 1 creation_method hand_drawn num_subsample_pts 28 nrm {0.828151 -0.274396 0.488746} xhat {0.000000 0.871974 0.489552} creation_type threshold pos {0.061107 -0.252469 -9.430664} pathId 300 num_hand_picked_pts 13 posId 326
0.075052 -0.120287 -9.380080
0.059065 -0.134027 -9.360710
0.043563 -0.151702 -9.344360
0.029018 -0.172774 -9.331550
0.015872 -0.196604 -9.322650
0.004524 -0.222466 -9.317940
-0.004682 -0.249576 -9.317570
-0.011464 -0.277109 -9.321530
-0.015617 -0.304229 -9.329720
-0.017016 -0.330113 -9.341880
-0.015618 -0.353973 -9.357650
-0.011464 -0.375084 -9.376540
-0.004681 -0.392806 -9.397980
0.004524 -0.406600 -9.421320
0.015872 -0.416045 -9.445850
0.029018 -0.420856 -9.470830
0.043563 -0.420887 -9.495490
0.059065 -0.416137 -9.519090
0.075052 -0.406749 -9.540910
0.091040 -0.393007 -9.560290
0.106542 -0.375334 -9.576630
0.121087 -0.354261 -9.589440
0.134233 -0.330433 -9.598340
0.145581 -0.304570 -9.603050
0.154786 -0.277460 -9.603430
0.161569 -0.249927 -9.599460
0.165722 -0.222806 -9.591270
0.167121 -0.196923 -9.579110
0.165722 -0.173063 -9.563350
0.161569 -0.151952 -9.544460
0.154786 -0.134230 -9.523010
0.145581 -0.120437 -9.499670
0.134233 -0.110991 -9.475140
0.121086 -0.106179 -9.450160
0.106542 -0.106148 -9.425500
0.091040 -0.110900 -9.401900

/group/R_vrt/337
337
replaced_with_circle 1 creation_method hand_drawn num_subsample_pts 21 nrm {0.965162 -0.002038 0.261646} xhat {0.000000 0.999970 0.007788} creation_type threshold pos {0.320856 -0.289686 -9.351997} pathId 300 num_hand_picked_pts 11 posId 337
0.318455 -0.179673 -9.342280
0.312903 -0.181689 -9.321820
0.307521 -0.187355 -9.302010
0.302470 -0.196501 -9.283450
0.297905 -0.208848 -9.266710
0.293965 -0.224020 -9.252290
0.290769 -0.241558 -9.240640
0.288414 -0.260926 -9.232100
0.286971 -0.281539 -9.226940
0.286486 -0.302769 -9.225310
0.286971 -0.323971 -9.227270
0.288414 -0.344500 -9.232750
0.290769 -0.363735 -9.241590
0.293965 -0.381088 -9.253510
0.297905 -0.396034 -9.268160
0.302470 -0.408119 -9.285100
0.307521 -0.416974 -9.303800
0.312903 -0.422331 -9.323690
0.318455 -0.424028 -9.344190
0.324006 -0.422012 -9.364650
0.329389 -0.416346 -9.384460
0.334439 -0.407200 -9.403020
0.339004 -0.394854 -9.419760
0.342945 -0.379681 -9.434180
0.346141 -0.362144 -9.445830
0.348496 -0.342775 -9.454370
0.349938 -0.322162 -9.459530
0.350424 -0.300932 -9.461150
0.349938 -0.279730 -9.459200
0.348496 -0.259201 -9.453720
0.346141 -0.239966 -9.444880
0.342945 -0.222613 -9.432950
0.339004 -0.207667 -9.418300
0.334439 -0.195583 -9.401370
0.329389 -0.186727 -9.382670
0.324006 -0.181370 -9.362770

/group/R_vrt/345
345
replaced_with_circle 1 creation_method hand_drawn num_subsample_pts 21 nrm {0.955307 0.155194 0.251600} xhat {0.000000 0.851110 -0.524988} creation_type threshold pos {0.502265 -0.274850 -9.296851} pathId 300 num_hand_picked_pts 10 posId 345
0.498482 -0.159928 -9.353370
0.492114 -0.150728 -9.334870
0.485939 -0.145016 -9.314950
0.480145 -0.142964 -9.294210
0.474909 -0.144637 -9.273300
0.470388 -0.149983 -9.252840
0.466722 -0.158839 -9.233450
0.464020 -0.170936 -9.215730
0.462365 -0.185907 -9.200220
0.461808 -0.203298 -9.187370
0.462365 -0.222579 -9.177600
0.464020 -0.243164 -9.171180
0.466722 -0.264429 -9.168320
0.470388 -0.285726 -9.169110
0.474909 -0.306410 -9.173510
0.480145 -0.325851 -9.181400
0.485939 -0.343459 -9.192540
0.492114 -0.358698 -9.206590
0.498482 -0.371107 -9.223110
0.504851 -0.380307 -9.241620
0.511026 -0.386019 -9.261540
0.516819 -0.388070 -9.282280
0.522056 -0.386398 -9.303190
0.526576 -0.381052 -9.323650
0.530243 -0.372196 -9.343040
0.532945 -0.360099 -9.360760
0.534599 -0.345127 -9.376270
0.535157 -0.327737 -9.389120
0.534599 -0.308457 -9.398890
0.532945 -0.287871 -9.405310
0.530243 -0.266606 -9.408170
0.526576 -0.245309 -9.407380
0.522056 -0.224626 -9.402980
0.516819 -0.205184 -9.395080
0.511026 -0.187576 -9.383950
0.504851 -0.172337 -9.369900

/group/R_vrt/353
353
replaced_with_circle 1 creation_method hand_drawn num_subsample_pts 21 nrm {0.997597 0.008660 -0.068744} xhat {0.000000 0.992158 0.124993} creation_type threshold pos {0.648184 -0.252540 -9.284053} pathId 300 num_hand_picked_pts 11 posId 353
0.648957 -0.141390 -9.258840
0.650436 -0.145906 -9.237940
0.651871 -0.153992 -9.218140
0.653217 -0.165401 -9.200040
0.654433 -0.179788 -9.184200
0.655483 -0.196715 -9.171090
0.656335 -0.215669 -9.161120
0.656963 -0.236071 -9.154580
0.657347 -0.257304 -9.151680
0.657477 -0.278723 -9.152500
0.657347 -0.299675 -9.157020
0.656963 -0.319524 -9.165100
0.656335 -0.337669 -9.176490
0.655483 -0.353555 -9.190850
0.654433 -0.366703 -9.207750
0.653217 -0.376711 -9.226660
0.651871 -0.383276 -9.247020
0.650436 -0.386199 -9.268210
0.648957 -0.385390 -9.289580
0.647477 -0.380874 -9.310480
0.646043 -0.372788 -9.330280
0.644697 -0.361378 -9.348370
0.643480 -0.346992 -9.364210
0.642430 -0.330064 -9.377320
0.641578 -0.311111 -9.387290
0.640951 -0.290709 -9.393830
0.640566 -0.269475 -9.396730
0.640437 -0.248057 -9.395910
0.640566 -0.227105 -9.391400
0.640951 -0.207256 -9.383320
0.641578 -0.189111 -9.371920
0.642430 -0.173224 -9.357560
0.643480 -0.160077 -9.340660
0.644697 -0.150069 -9.321750
0.646043 -0.143504 -9.301390
0.647477 -0.140581 -9.280210

/group/R_vrt/362
362
replaced_with_circle 1 creation_method hand_drawn num_subsample_pts 19 nrm {0.893896 -0.443907 -0.062429} xhat {0.000000 0.139266 -0.990255} creation_type threshold pos {0.880478 -0.320633 -9.301134} pathId 300 num_hand_picked_pts 12 posId 362
0.882494 -0.297750 -9.434970
0.891235 -0.280729 -9.430850
0.899710 -0.264699 -9.423480
0.907661 -0.250149 -9.413090
0.914849 -0.237521 -9.399970
0.921053 -0.227197 -9.384540
0.926085 -0.219493 -9.367270
0.929793 -0.214642 -9.348680
0.932064 -0.212790 -9.329320
0.932828 -0.213996 -9.309800
0.932064 -0.218221 -9.290710
0.929793 -0.225337 -9.272620
0.926085 -0.235131 -9.256080
0.921052 -0.247300 -9.241600
0.914849 -0.261478 -9.229620
0.907662 -0.277234 -9.220500
0.899710 -0.294088 -9.214520
0.891235 -0.311528 -9.211850
0.882494 -0.329025 -9.212590
0.873754 -0.346047 -9.216710
0.865279 -0.362076 -9.224080
0.857327 -0.376626 -9.234480
0.850140 -0.389254 -9.247590
0.843936 -0.399578 -9.263020
0.838904 -0.407282 -9.280290
0.835196 -0.412134 -9.298890
0.832925 -0.413985 -9.318240
0.832160 -0.412780 -9.337760
0.832925 -0.408554 -9.356850
0.835195 -0.401438 -9.374950
0.838904 -0.391645 -9.391480
0.843936 -0.379475 -9.405960
0.850140 -0.365297 -9.417940
0.857327 -0.349541 -9.427060
0.865279 -0.332687 -9.433050
0.873754 -0.315247 -9.435710

/group/R_vrt/369
369
replaced_with_circle 1 creation_method hand_drawn num_subsample_pts 18 nrm {0.768835 -0.629279 -0.113579} xhat {0.000000 0.177620 -0.984099} creation_type threshold pos {1.112724 -0.470420 -9.324934} pathId 300 num_hand_picked_pts 10 posId 369
1.105670 -0.460978 -9.425020
1.117400 -0.447382 -9.420930
1.128770 -0.434770 -9.413810
1.139450 -0.423524 -9.403870
1.149090 -0.413986 -9.391420
1.157420 -0.406446 -9.376830
1.164170 -0.401134 -9.360540
1.169150 -0.398210 -9.343050
1.172200 -0.397763 -9.324890
1.173220 -0.399807 -9.306620
1.172200 -0.404280 -9.288780
1.169150 -0.411046 -9.271930
1.164170 -0.419900 -9.256570
1.157420 -0.430571 -9.243160
1.149090 -0.442737 -9.232130
1.139450 -0.456027 -9.223790
1.128770 -0.470038 -9.218410
1.117400 -0.484343 -9.216150
1.105670 -0.498509 -9.217070
1.093940 -0.512106 -9.221160
1.082560 -0.524718 -9.228280
1.071890 -0.535963 -9.238220
1.062240 -0.545501 -9.250670
1.053910 -0.553041 -9.265270
1.047160 -0.558354 -9.281560
1.042180 -0.561278 -9.299040
1.039130 -0.561724 -9.317200
1.038110 -0.559680 -9.335470
1.039130 -0.555207 -9.353310
1.042180 -0.548441 -9.370160
1.047160 -0.539588 -9.385530
1.053910 -0.528916 -9.398930
1.062240 -0.516751 -9.409970
1.071890 -0.503460 -9.418300
1.082560 -0.489450 -9.423680
1.093940 -0.475144 -9.425940

/group/R_vrt/378
378
replaced_with_circle 1 creation_method hand_drawn num_subsample_pts 19 nrm {0.537563 -0.842925 0.022424} xhat {0.000000 0.026593 0.999646} creation_type threshold pos {1.359752 -0.743827 -9.353368} pathId 300 num_hand_picked_pts 11 posId 378
1.349900 -0.746424 -9.214860
1.333340 -0.757023 -9.216300
1.317290 -0.767392 -9.221130
1.302220 -0.777214 -9.229200
1.288600 -0.786193 -9.240280
1.276850 -0.794054 -9.254010
1.267310 -0.800560 -9.269990
1.260290 -0.805512 -9.287730
1.255990 -0.808760 -9.306690
1.254540 -0.810206 -9.326300
1.255990 -0.809805 -9.345960
1.260290 -0.807569 -9.365070
1.267310 -0.803567 -9.383050
1.276850 -0.797920 -9.399350
1.288600 -0.790801 -9.413480
1.302220 -0.782424 -9.425020
1.317290 -0.773044 -9.433600
1.333340 -0.762947 -9.438970
1.349900 -0.752440 -9.440970
1.366460 -0.741840 -9.439540
1.382520 -0.731472 -9.434710
1.397580 -0.721650 -9.426630
1.411200 -0.712672 -9.415560
1.422950 -0.704810 -9.401830
1.432490 -0.698304 -9.385850
1.439510 -0.693352 -9.368100
1.443820 -0.690104 -9.349140
1.445270 -0.688658 -9.329530
1.443820 -0.689059 -9.309880
1.439510 -0.691295 -9.290770
1.432490 -0.695297 -9.272790
1.422950 -0.700943 -9.256490
1.411200 -0.708063 -9.242350
1.397580 -0.716441 -9.230820
1.382520 -0.725820 -9.222240
1.366460 -0.735917 -9.216860

/group/R_vrt/384
384
replaced_with_circle 1 creation_method hand_drawn num_subsample_pts 17 nrm {0.318820 -0.902485 0.289610} xhat {0.000000 0.305555 0.952174} creation_type threshold pos {1.462766 -0.955129 -9.318188} pathId 300 num_hand_picked_pts 12 posId 384
1.451260 -0.919800 -9.195420
1.434850 -0.925518 -9.195180
1.418940 -0.931989 -9.197830
1.404010 -0.939015 -9.203290
1.390510 -0.946383 -9.211390
1.378860 -0.953869 -9.221890
1.369420 -0.961245 -9.234480
1.362450 -0.968287 -9.248760
1.358190 -0.974782 -9.264310
1.356750 -0.980533 -9.280650
1.358190 -0.985363 -9.297280
1.362450 -0.989127 -9.313700
1.369420 -0.991710 -9.329420
1.378860 -0.993034 -9.343940
1.390510 -0.993059 -9.356840
1.404000 -0.991783 -9.367720
1.418940 -0.989245 -9.376250
1.434850 -0.985523 -9.382170
1.451260 -0.980730 -9.385300
1.467670 -0.975011 -9.385540
1.483580 -0.968541 -9.382890
1.498510 -0.961515 -9.377440
1.512000 -0.954147 -9.369330
1.523650 -0.946661 -9.358820
1.533100 -0.939285 -9.346240
1.540060 -0.932243 -9.331960
1.544320 -0.925747 -9.316410
1.545760 -0.919997 -9.300070
1.544320 -0.915167 -9.283440
1.540060 -0.911403 -9.267020
1.533100 -0.908820 -9.251300
1.523650 -0.907496 -9.236780
1.512000 -0.907471 -9.223880
1.498510 -0.908747 -9.213000
1.483580 -0.911285 -9.204470
1.467670 -0.915006 -9.198550

/group/R_vrt/392
392
replaced_with_circle 1 creation_method hand_drawn num_subsample_pts 16 nrm {0.051103 -0.818132 0.572755} xhat {0.000000 0.573504 0.819203} creation_type threshold pos {1.528567 -1.269330 -9.147792} pathId 300 num_hand_picked_pts 12 posId 392
1.545610 -1.201920 -9.053030
1.529020 -1.203450 -9.053730
1.512940 -1.206600 -9.056790
1.497860 -1.211270 -9.062120
1.484220 -1.217330 -9.069550
1.472450 -1.224580 -9.078860
1.462900 -1.232810 -9.089770
1.455860 -1.241770 -9.101940
1.451560 -1.251180 -9.115000
1.450100 -1.260770 -9.128560
1.451550 -1.270230 -9.142210
1.455860 -1.279290 -9.155520
1.462900 -1.287650 -9.168110
1.472450 -1.295090 -9.179570
1.484220 -1.301350 -9.189570
1.497860 -1.306260 -9.197810
1.512940 -1.309670 -9.204020
1.529020 -1.311470 -9.208030
1.545610 -1.311610 -9.209700
1.562190 -1.310080 -9.209000
1.578270 -1.306930 -9.205940
1.593360 -1.302260 -9.200610
1.607000 -1.296200 -9.193180
1.618770 -1.288950 -9.183870
1.628320 -1.280720 -9.172960
1.635350 -1.271760 -9.160790
1.639660 -1.262350 -9.147730
1.641110 -1.252760 -9.134170
1.639660 -1.243300 -9.120520
1.635350 -1.234250 -9.107210
1.628320 -1.225880 -9.094620
1.618770 -1.218450 -9.083160
1.607000 -1.212180 -9.073150
1.593360 -1.207270 -9.064920
1.578270 -1.203860 -9.058710
1.562190 -1.202060 -9.054700

/group/R_vrt/399
399
replaced_with_circle 1 creation_method hand_drawn num_subsample_pts 17 nrm {-0.213149 -0.836406 0.504968} xhat {0.000000 0.516845 0.856079} creation_type threshold pos {1.497630 -1.587969 -8.931741} pathId 300 num_hand_picked_pts 11 posId 399
1.504890 -1.536110 -8.842790
1.487810 -1.533710 -8.846020
1.471250 -1.532970 -8.851780
1.455720 -1.533900 -8.859880
1.441670 -1.536480 -8.870080
1.429550 -1.540630 -8.882070
1.419720 -1.546220 -8.895480
1.412470 -1.553090 -8.909910
1.408040 -1.561020 -8.924920
1.406540 -1.569770 -8.940050
1.408040 -1.579090 -8.954850
1.412470 -1.588680 -8.968860
1.419720 -1.598250 -8.981650
1.429550 -1.607510 -8.992850
1.441670 -1.616190 -9.002100
1.455720 -1.624010 -9.009140
1.471250 -1.630750 -9.013730
1.487810 -1.636190 -9.015750
1.504890 -1.640170 -9.015140
1.521970 -1.642570 -9.011900
1.538530 -1.643310 -9.006150
1.554070 -1.642380 -8.998050
1.568110 -1.639800 -8.987850
1.580230 -1.635660 -8.975860
1.590070 -1.630060 -8.962450
1.597310 -1.623200 -8.948010
1.601750 -1.615260 -8.933000
1.603240 -1.606510 -8.917870
1.601750 -1.597200 -8.903080
1.597310 -1.587610 -8.889070
1.590060 -1.578040 -8.876270
1.580230 -1.568770 -8.865070
1.568110 -1.560090 -8.855820
1.554070 -1.552270 -8.848790
1.538530 -1.545530 -8.844190
1.521970 -1.540090 -8.842170

/group/R_vrt/404
404
replaced_with_circle 1 creation_method hand_drawn num_subsample_pts 16 nrm {-0.323198 -0.806491 0.495092} xhat {0.000000 0.523169 0.852229} creation_type threshold pos {1.418005 -1.827772 -8.790552} pathId 300 num_hand_picked_pts 9 posId 404
1.408240 -1.768920 -8.701060
1.393540 -1.765360 -8.704850
1.379290 -1.763320 -8.710830
1.365910 -1.762870 -8.718840
1.353830 -1.764030 -8.728620
1.343390 -1.766760 -8.739880
1.334930 -1.770990 -8.752280
1.328690 -1.776560 -8.765440
1.324870 -1.783330 -8.778960
1.323590 -1.791080 -8.792420
1.324870 -1.799580 -8.805430
1.328690 -1.808580 -8.817590
1.334930 -1.817790 -8.828520
1.343390 -1.826930 -8.837890
1.353830 -1.835740 -8.845420
1.365910 -1.843940 -8.850880
1.379290 -1.851280 -8.854110
1.393540 -1.857540 -8.855010
1.408240 -1.862520 -8.853540
1.422940 -1.866090 -8.849750
1.437200 -1.868130 -8.843760
1.450570 -1.868580 -8.835760
1.462660 -1.867410 -8.825980
1.473090 -1.864680 -8.814720
1.481560 -1.860460 -8.802320
1.487790 -1.854880 -8.789160
1.491610 -1.848120 -8.775640
1.492900 -1.840360 -8.762170
1.491610 -1.831860 -8.749160
1.487790 -1.822870 -8.737010
1.481560 -1.813660 -8.726080
1.473090 -1.804520 -8.716710
1.462660 -1.795710 -8.709170
1.450570 -1.787510 -8.703710
1.437200 -1.780170 -8.700480
1.422940 -1.773910 -8.699590

