/group/LSA_b3/0
0
posId 0-3.38868497497 0.54028980375 -0.32034314595
-3.38552983763 0.582432050355 -0.340867677487
-3.38613541545 0.623233345013 -0.360830964618
-3.39070310071 0.660086661945 -0.378963463749
-3.39972463899 0.691053327853 -0.39432967949
-3.41379261097 0.715162614439 -0.406469882826
-3.4333323606 0.732475034119 -0.415424330867
-3.45834636191 0.743896620431 -0.421636053034
-3.48825799146 0.750802867683 -0.425763072191
-3.52190773055 0.754584025701 -0.428456000171
-3.55770348763 0.756241603157 -0.430164536558
-3.59387647686 0.756144341347 -0.431024582346
-3.62876249377 0.753998761959 -0.430850897843
-3.6610258064 0.749022843288 -0.429227631957
-3.6897687091 0.740253160048 -0.42566123417
-3.71451324657 0.72688372569 -0.419745658809
-3.73508594121 0.708536848325 -0.411291896528
-3.75146529626 0.685398689545 -0.400390423914
-3.76365574969 0.658201256833 -0.387399236877
-3.7716309813 0.628080305134 -0.372872955083
-3.77535389308 0.596369453205 -0.357462665048
-3.77484539634 0.564396818356 -0.341818219065
-3.77025376552 0.533333571131 -0.326515932446
-3.76187867867 0.50411410181 -0.312020155454
-3.75012754124 0.477418556383 -0.29867363913
-3.73541590083 0.453691726402 -0.286704272061
-3.71805382395 0.433172430551 -0.276236594411
-3.69817270679 0.415921299453 -0.267303545791
-3.67573584262 0.40185288283 -0.259862427857
-3.65064461198 0.390789287011 -0.253823792504
-3.62291240392 0.382549708789 -0.249099579473
-3.59284628417 0.377072930345 -0.245667563292
-3.5611656383 0.374545303111 -0.243636902462
-3.52900332191 0.375486887248 -0.243290282627
-3.49777361046 0.380744743697 -0.245077323797
-3.46893882152 0.391360771371 -0.249544109291
-3.44374521872 0.408318953404 -0.257202986021
-3.42301366149 0.432221816158 -0.268369129908
-3.40705484804 0.462981905164 -0.283007579304

/group/LSA_b3/3
3
posId 3-3.42709672419 0.496579547331 -0.21784020191
-3.40570866279 0.529704822371 -0.233564596665
-3.39072721509 0.565123250726 -0.250856231226
-3.38259031592 0.60079838625 -0.268695191976
-3.38091370538 0.634968008618 -0.286152584369
-3.38477749997 0.666381743236 -0.302530034052
-3.39314527495 0.694367982313 -0.317419511321
-3.40525507705 0.718732382716 -0.330674902329
-3.42083687021 0.739546156941 -0.342316412872
-3.4400801738 0.756913929184 -0.352409309724
-3.46337257325 0.770807972737 -0.360962867954
-3.49091762935 0.781021199886 -0.367883023443
-3.52238644 0.787239983679 -0.372988647276
-3.55674383658 0.789190139533 -0.376076014565
-3.59232348777 0.786783394168 -0.376998630363
-3.62713178256 0.780196538618 -0.375726348229
-3.65927429159 0.769847947927 -0.372359186888
-3.68735340089 0.756282189023 -0.36709216548
-3.71069808922 0.740013892791 -0.360149017895
-3.72935142601 0.72140036473 -0.351715970914
-3.74383299203 0.700601100256 -0.341906520712
-3.75477679305 0.677646045464 -0.330774535094
-3.76258857582 0.652587887245 -0.31837171446
-3.76725366554 0.625675968867 -0.30482530115
-3.76836318151 0.597476408586 -0.2904013973
-3.76533786605 0.568880780618 -0.275523010446
-3.75774957285 0.54098814789 -0.260728944056
-3.74560168279 0.514896080987 -0.246583424937
-3.72944651694 0.491475450899 -0.233567499342
-3.71028366718 0.471215107965 -0.221993045776
-3.68927232502 0.45420033297 -0.211974242088
-3.66736813876 0.440240381514 -0.203471068355
-3.64503011415 0.429103245736 -0.1963921579
-3.62212107814 0.420771585326 -0.190720274554
-3.59805373126 0.415620042378 -0.186612295738
-3.57214012759 0.41443727467 -0.184431745599
-3.54402152731 0.41826876307 -0.18469410517
-3.51401938488 0.428120270324 -0.187935727383
-3.4832715181 0.444613709826 -0.194545258638

/group/LSA_b3/6
6
posId 6-3.47597146654 0.576226533247 -0.0602194087416
-3.45300115682 0.613264773648 -0.0780189943031
-3.43902531877 0.651914277646 -0.0977319329054
-3.43386487106 0.687713149607 -0.116878162133
-3.43599128555 0.718251965651 -0.133955257967
-3.44346263031 0.743532793764 -0.148743031393
-3.45489645591 0.765114511708 -0.161943262162
-3.46997614339 0.784615607704 -0.174412067269
-3.48925345537 0.802454145024 -0.186442793465
-3.51339918971 0.817505041684 -0.197491684518
-3.54234915504 0.827781201783 -0.206456023484
-3.57483304437 0.831642245758 -0.21228675792
-3.60854396486 0.82875388476 -0.214536683788
-3.64084309419 0.820215167858 -0.213510903622
-3.66960509988 0.807808833504 -0.209949932911
-3.69375478881 0.792879520491 -0.204472469754
-3.71324486662 0.775572398825 -0.197153149849
-3.72855326253 0.754935435715 -0.187521629631
-3.74004118147 0.729844031082 -0.1749991331
-3.74756064443 0.700180437993 -0.159503885714
-3.75051535927 0.66751638035 -0.14183434994
-3.74828247467 0.634825129985 -0.123558574514
-3.74067943553 0.605329836998 -0.10643253751
-3.72814548179 0.581132328073 -0.0916649476789
-3.71150696752 0.56243318562 -0.079460560069
-3.69148258922 0.547836719903 -0.069131903174
-3.6682765956 0.535606985582 -0.0597453036784
-3.64157900255 0.525166231344 -0.0509469420301
-3.61105011016 0.517946787895 -0.0434876839446
-3.57705307846 0.517040218814 -0.0391131666089
-3.54120423369 0.525755603069 -0.0398317620111

/group/LSA_b3/9
9
posId 9-3.52185365236 0.711410673803 0.135371907717
-3.49115061306 0.741780034754 0.122955641214
-3.47224648424 0.773981948767 0.107035011086
-3.46541449858 0.804780682528 0.0895379818157
-3.46864327657 0.832259520416 0.0720451977804
-3.47903715513 0.85596017102 0.0554219325477
-3.49410908348 0.876351402351 0.0398828205816
-3.51233376663 0.893980210223 0.0254004526062
-3.53290846343 0.908793719667 0.0121692421565
-3.5551817413 0.919977864687 0.000819582738645
-3.57832635849 0.926337223897 -0.00774892658656
-3.60151548036 0.926936103575 -0.0127959501302
-3.62437840367 0.921607392353 -0.0141442544998
-3.64723458422 0.911059743803 -0.0122926293971
-3.6707449814 0.896576217214 -0.00816082639164
-3.69508000496 0.879525929076 -0.00262233778142
-3.71914439472 0.860971833422 0.00389241923781
-3.74047907152 0.841539805884 0.0114961462446
-3.75607969563 0.821520770756 0.020616872354
-3.76375908584 0.801049455341 0.0316134389296
-3.76324789739 0.78021889609 0.044483184673
-3.75629527343 0.7591148574 0.058820537837
-3.7456008108 0.737873426229 0.0739972663902
-3.73314461733 0.716870536977 0.0893833471093
-3.71891425783 0.697027009564 0.104416939931
-3.70085704324 0.680047804706 0.118467382731
-3.67618726651 0.668346467089 0.13061767456
-3.6433635747 0.664517915136 0.139588521474
-3.60362025239 0.670475244862 0.143958329262

/group/LSA_b3/12
12
posId 12-3.78598820835 0.881301947124 0.252517252782
-3.78664073426 0.922926064101 0.222191235697
-3.78026105012 0.960355217372 0.197471973406
-3.76921778694 0.988712894052 0.181017188861
-3.75469949899 1.00774896658 0.172572548356
-3.73643563779 1.0211892968 0.169543938896
-3.71346275527 1.03386917554 0.168788992452
-3.68542247447 1.04839684114 0.168553601144
-3.65355111252 1.06337038006 0.169398489643
-3.62071690244 1.07419267866 0.173596517208
-3.5904535121 1.07591354726 0.183432139123
-3.56555397996 1.06629575135 0.199499954144
-3.54704494943 1.04721893668 0.220065442366
-3.53410881395 1.02362775054 0.241853796704
-3.52493552865 1.00077707197 0.261729300096
-3.51794410333 0.981537229012 0.278196000892
-3.51265005737 0.96537688901 0.291815331596
-3.50974745551 0.949483958947 0.304365855907
-3.51050478265 0.931105887187 0.317372802361
-3.51598325822 0.90949437895 0.330988544704
-3.52661501682 0.886247250434 0.343899929055
-3.54233637873 0.864026275739 0.354206260809
-3.56302043939 0.844758359229 0.360561177446
-3.58872220927 0.828725086132 0.362741001452
-3.61940529171 0.815225232965 0.361265922534
-3.6542507065 0.804276144763 0.356423234246
-3.6910432793 0.797971259654 0.347510720295
-3.72619081596 0.800252102027 0.332994444725
-3.75558247956 0.814923417419 0.311629215973

/group/LSA_b3/15
15
posId 15-3.64604472516 1.08043169554 0.477234870991
-3.65014285193 1.12536092084 0.440132685969
-3.66183546781 1.1560005821 0.409654945055
-3.68113543789 1.16861769963 0.388678767492
-3.70759283728 1.16747693001 0.37417041983
-3.73926518681 1.16020503816 0.361366346796
-3.77253897724 1.15164941432 0.348622724522
-3.80323542991 1.14114654196 0.338883006106
-3.82834465873 1.12497909679 0.336770500903
-3.84713260959 1.10136557995 0.344088822689
-3.86078990525 1.07336439341 0.357782071524
-3.87091333319 1.047149919 0.372150262188
-3.8780062413 1.02730686302 0.383357843726
-3.88111469152 1.01340286428 0.392293807583
-3.87875239288 1.00090051491 0.403328918416
-3.87022573518 0.9855842046 0.420124186581
-3.85621653726 0.967565539963 0.442196766318
-3.83819698582 0.951339173468 0.465217135818
-3.81729505387 0.941913749206 0.484658817907
-3.79369332828 0.940580405372 0.499417897445
-3.76714161405 0.944239587442 0.512035042095
-3.73814933244 0.949013879132 0.52521014321
-3.70879123241 0.954913487353 0.537728464197
-3.68236168706 0.967122846859 0.543667526938
-3.66208314877 0.992221086747 0.536068959896

/group/LSA_b3/18
18
posId 18-3.77226947912 1.15765622805 0.653877450858
-3.78908375929 1.11647708149 0.667277927113
-3.81384384005 1.09065375005 0.663867928155
-3.84316884904 1.07742450227 0.648292771985
-3.87167849941 1.07208522645 0.628150453763
-3.89495119736 1.0734332114 0.607914798471
-3.91196519178 1.08234665495 0.587851113896
-3.92444749604 1.09713985279 0.56764479574
-3.93383321524 1.11295840886 0.549330149388
-3.9391483257 1.12665811061 0.535806650126
-3.9380527774 1.14092027948 0.527236515959
-3.9296965888 1.16157952778 0.520447621882
-3.91602301671 1.19032164697 0.512704520802
-3.89999371403 1.22114963234 0.505532487053
-3.88278106015 1.24533408366 0.503759994199
-3.8631739295 1.2597434275 0.510475147493
-3.83992264726 1.26898255222 0.52365540503
-3.8144244606 1.27838857054 0.538591899798
-3.79080843124 1.28550558998 0.553485895513
-3.77341945792 1.28004641785 0.571565019204
-3.76447545405 1.25339098143 0.596716232365

/group/LSA_b3/21
21
posId 21-3.90570309535 1.14823758244 0.804963456617
-3.8855544851 1.18622645307 0.816011519607
-3.87299680929 1.22652319796 0.817853534618
-3.8676772903 1.26403849384 0.812429254987
-3.86836985155 1.29541694198 0.802130772552
-3.87389223189 1.3200355605 0.788471873166
-3.88350040348 1.33940616645 0.771827449731
-3.89666851377 1.35547263754 0.752196810785
-3.91264665367 1.36900793049 0.730185662277
-3.93029977517 1.37915508419 0.707325893535
-3.94841653166 1.38426576235 0.685475046617
-3.966220015 1.38324474608 0.665836018065
-3.98359898768 1.37630605295 0.64846850175
-4.00078871118 1.36458555403 0.632764181701
-4.01769729231 1.34899860719 0.61854823959
-4.03341318998 1.32934518985 0.606902762205
-4.04634744793 1.30447836444 0.599956244567
-4.05499469527 1.27351231652 0.599664280513
-4.058790169 1.23720355031 0.606430111897
-4.05839952227 1.1984473728 0.618629228411
-4.05514637576 1.16144967454 0.633502139626
-4.04991576302 1.13010020059 0.648876734978
-4.0423069317 1.106656266 0.664517028381
-4.03070496261 1.09159909604 0.682086505404
-4.01333913565 1.08463046303 0.703659768973
-3.98970588596 1.08591184097 0.729752062861
-3.96144341016 1.09647345961 0.758215135528

/group/LSA_b3/24
24
posId 24-3.98565819419 1.10717180957 0.930758955336
-3.97865903894 1.13814250596 0.951401106143
-3.97543792746 1.17012970489 0.96710816176
-3.97593740896 1.20153473694 0.977401014173
-3.97975555478 1.23126035059 0.982458478483
-3.98627043719 1.25883684957 0.982987119208
-3.99482580912 1.28437642713 0.979945234834
-4.00491615599 1.30837528014 0.97421444181
-4.01630750209 1.33142606887 0.966329848986
-4.02905086061 1.35392644994 0.956359203118
-4.04338140006 1.37586624996 0.943969606022
-4.05953603169 1.39674832427 0.928655270018
-4.07755152915 1.41565583003 0.910043784172
-4.09711409433 1.43143538755 0.888170896911
-4.11751602627 1.44293489803 0.863624438768
-4.13774059053 1.44922537092 0.837503112378
-4.15665374732 1.44974932247 0.811199932657
-4.17324532639 1.44436798396 0.786081001836
-4.18684475929 1.43331450053 0.763167009883
-4.19724362328 1.41708833245 0.742924658813
-4.20468676432 1.39633826927 0.725238147087
-4.20973587027 1.37177511017 0.709569662426
-4.21305005631 1.34413427204 0.695253568944
-4.21515382607 1.31418251741 0.681823716532
-4.21626528492 1.2827422804 0.669262530801
-4.21623619212 1.25069982067 0.658087819957
-4.21461781907 1.21897224516 0.64924900185
-4.2108254775 1.18842947581 0.643869380877
-4.20434378427 1.15979174377 0.642922809798
-4.19490427396 1.13354080167 0.646953878284
-4.18257977133 1.10988578518 0.655933801608
-4.1677709143 1.08881006652 0.66929569394
-4.1510981816 1.07019774494 0.686130050219
-4.13324439778 1.05400721062 0.705466057488
-4.1148071499 1.0404361424 0.726536027526
-4.09621328606 1.03001683868 0.748928503255
-4.07772185522 1.02359666092 0.772577296658
-4.05950718426 1.02219190049 0.797593995717
-4.04178298241 1.0267443626 0.824008964621
-4.02491259758 1.03784493938 0.851520182832
-4.00945551058 1.05550521254 0.879348189861

/group/LSA_b3/27
27
posId 27-4.20137487997 1.28584741748 1.03844826473
-4.23667640305 1.31353278328 1.01352271329
-4.27121605834 1.33820478671 0.987082812058
-4.30176187225 1.35744316168 0.961507781857
-4.32614072619 1.36904113045 0.937905133037
-4.34367210295 1.37158130989 0.916004668742
-4.35510596752 1.36479747057 0.894551047031
-4.36211554058 1.3496099511 0.872029933789
-4.36655447052 1.32784003623 0.847444750694
-4.36976096866 1.30171841644 0.820854046901
-4.37215363069 1.27336384552 0.793483271966
-4.37323449263 1.24439999089 0.767395095043
-4.37194964853 1.21580903987 0.744870166088
-4.36722404633 1.1880215102 0.72774950852
-4.35843676079 1.16115446413 0.716984664563
-4.34565156424 1.13526894495 0.712539975814
-4.32953885558 1.11053468947 0.713639644077
-4.31106364879 1.08725321673 0.719215519624
-4.29111014111 1.06576755482 0.728345619825
-4.27022702996 1.04634207954 0.740501553984
-4.24860702299 1.02910474649 0.755527567645
-4.22629385252 1.01410409433 0.77340488059
-4.20349665272 1.00146520291 0.793952753238
-4.18083700156 0.991565958496 0.816639208312
-4.15938351195 0.985129019513 0.840611686477
-4.14042966025 0.983150688812 0.864941509733
-4.12509705591 0.986656579919 0.88896075301
-4.1139404352 0.996356149194 0.912510836146
-4.10674723945 1.01232657768 0.935949019568
-4.10265209969 1.0338623589 0.959863521014
-4.10055279955 1.05957321542 0.984585868952
-4.09967569118 1.08771839344 1.00969896532
-4.10005619986 1.11666761799 1.03376927102
-4.10271344177 1.14531922325 1.0544623807
-4.10940714838 1.17331154991 1.06905617901
-4.12202926801 1.20093603057 1.07520191321
-4.14183609671 1.22877336164 1.07166886861

/group/LSA_b3/30
30
posId 30-4.23517838408 1.0854805828 1.08525001432
-4.25284470575 1.12357666346 1.10407811649
-4.27507314513 1.15548288622 1.11280978453
-4.30108566725 1.1792799042 1.11039035892
-4.3300845773 1.19641599064 1.09892677287
-4.36085912351 1.20993394332 1.08240520751
-4.39153149881 1.22180394474 1.06444235659
-4.41970677708 1.23116650683 1.04650361596
-4.4430440186 1.23468284421 1.02768935393
-4.45997358387 1.22874737821 1.00612066413
-4.47015037101 1.21204654016 0.980898348679
-4.47435923098 1.18673570648 0.953290898511
-4.47390643107 1.15748174012 0.92641707452
-4.46983687691 1.12907223581 0.903755776783
-4.46241343499 1.10419832756 0.887569737839
-4.45112441777 1.08277562893 0.878264673508
-4.43516640976 1.0630174514 0.87493376411
-4.41409065712 1.04328794716 0.876475169853
-4.3882565156 1.02338308534 0.882358226831
-4.3589054502 1.00451372126 0.892537581623
-4.32791381354 0.988340109268 0.906786181337
-4.29743198797 0.976074248423 0.924199163933
-4.26959347767 0.968436103756 0.943428435634
-4.24633889301 0.966364829184 0.963513104918
-4.22928123055 0.971610701199 0.98455948529
-4.21953792976 0.98633700326 1.00752854767
-4.21755642168 1.01167853186 1.03305575627

/group/LSA_b3/33
33
posId 33-4.29783472417 0.975627708822 1.10327658525
-4.29013133843 1.02132137224 1.1335871195
-4.29622026964 1.06270274075 1.15718797574
-4.31156064534 1.09244665857 1.17092166865
-4.33204307166 1.11021412719 1.1757908249
-4.35718397726 1.12066093316 1.17479504782
-4.38842508502 1.12844983784 1.17037101335
-4.42477940431 1.13452029614 1.16338601698
-4.46083048638 1.13617749364 1.15378204957
-4.48959075604 1.13002350182 1.14153248541
-4.50757154471 1.11469570931 1.12682891483
-4.51693658583 1.0913635199 1.10975151775
-4.52241342894 1.0624940885 1.09042154981
-4.52594100712 1.03078480192 1.06992310373
-4.52444236239 0.999203224255 1.05098379638
-4.5130832794 0.971216479831 1.03715551476
-4.49084823418 0.949851854589 1.03059520995
-4.46277740146 0.935808723231 1.03024719336
-4.43635925419 0.926620142284 1.03239139751
-4.41534660833 0.91856257835 1.03363717282
-4.39695813305 0.910471983156 1.03408957525
-4.37530359809 0.906237923522 1.03787084491
-4.34790956244 0.913165601455 1.05019269692

/group/LSA_b3/36
36
posId 36-4.28494120762 0.994851073023 1.20139695389
-4.29170545687 1.03046460441 1.21139304955
-4.30672318461 1.06216480233 1.22189999974
-4.33085889113 1.08587054908 1.23206559127
-4.36232174657 1.09917627142 1.24097602083
-4.39710919822 1.10228456397 1.24796532966
-4.43087187698 1.09754016611 1.25283400939
-4.46089886637 1.08785774391 1.25581622913
-4.48685885082 1.07507591669 1.2573063295
-4.5098651245 1.05929302503 1.25752770802
-4.53065921968 1.0395322698 1.25637201845
-4.54831763374 1.01515710665 1.25351703196
-4.56043921863 0.986974575545 1.24873235657
-4.56462257115 0.957253948664 1.24214830007
-4.56006824202 0.928713196322 1.23429241107
-4.54807141076 0.903267790439 1.22586892319
-4.5310452833 0.881458592136 1.2174429241
-4.51085600982 0.862916030292 1.20925703755
-4.48778083293 0.847421579396 1.20130694204
-4.46091543652 0.835700808172 1.19360988577
-4.42972489745 0.829333080346 1.18645982925
-4.39552224784 0.829876133798 1.18047594333
-4.36167320885 0.83791574528 1.1764047741
-4.33226798976 0.852787251822 1.17481396323
-4.31016531019 0.873156308527 1.17588565826
-4.29581590617 0.897937511515 1.17943270423
-4.28771994951 0.926738058447 1.18508991762

/group/LSA_b3/39
39
posId 39-4.2726958445 0.922689144452 1.31162563498
-4.26436831574 0.977999122026 1.31065336855
-4.26720261161 1.02358673623 1.3129015322
-4.27985536109 1.05307765187 1.31775797178
-4.30089086314 1.07055962601 1.32489290621
-4.32817346991 1.08156781597 1.33379953942
-4.35855494306 1.08622032524 1.34349142822
-4.38877493709 1.08157709234 1.35285585068
-4.41677500528 1.06830942409 1.36126551305
-4.44189382626 1.05188981322 1.36867535366
-4.46364440881 1.03623346245 1.37504877562
-4.48050868264 1.01809134478 1.37981171624
-4.49026593496 0.99038285582 1.38205512042
-4.49158403831 0.95177455013 1.38132041253
-4.48501937528 0.9112921928 1.37805119976
-4.47214090137 0.881469718905 1.37311391261
-4.45367974005 0.866733130714 1.36687019245
-4.42890196583 0.860036898365 1.35887954608
-4.39720504099 0.852187812225 1.34867886888
-4.36046650387 0.843972170279 1.3368819541
-4.32366593355 0.847436182429 1.32541318015

/group/LSA_b3/42
42
posId 42-4.23057523452 0.886703060797 1.456706411
-4.22010724455 0.939479461458 1.44877908231
-4.22102507985 0.989535193321 1.44339370735
-4.2297033088 1.02889133435 1.44072442355
-4.24355498645 1.05575244269 1.44046205771
-4.26264102107 1.07319525819 1.44227647445
-4.28864204967 1.08534180914 1.44603988631
-4.32220286744 1.09414926964 1.45166148929
-4.36095934032 1.09886439589 1.45876004775
-4.3999178483 1.09772608056 1.46654921163
-4.4338706208 1.08983248406 1.47410496498
-4.45989239851 1.07549436093 1.48081739644
-4.47801890542 1.05523292405 1.48663557662
-4.4898256925 1.02899401545 1.49187541627
-4.49636119713 0.996807399982 1.49673981858
-4.49725708836 0.960413335172 1.50096283173
-4.49159961893 0.924033185255 1.50389534385
-4.47947028646 0.892911770823 1.50497019148
-4.46247700149 0.870269684106 1.50414551723
-4.44261740618 0.855090584372 1.50192724024
-4.42050007855 0.842965900906 1.49892526614
-4.39473233114 0.829919819843 1.49530775982
-4.36338212431 0.816531879485 1.49063027505
-4.32656169015 0.809009960184 1.48422460687
-4.28799438211 0.81591245559 1.4758714439

/group/LSA_b3/45
45
posId 45-4.23791380068 0.941897999674 1.61150038959
-4.259020598 0.894453157694 1.61655943385
-4.28865277523 0.874412457857 1.61417840516
-4.32096026145 0.87654061073 1.60669927048
-4.35110165318 0.885094601142 1.59838391052
-4.3774704218 0.892838133378 1.59105634743
-4.39997054432 0.906337552512 1.58340029272
-4.41699290702 0.933505132687 1.57415534131
-4.42535425944 0.971396889765 1.56461524789
-4.42331901787 1.00932676131 1.55733472093
-4.41255003537 1.04067790069 1.55329863333
-4.39624127949 1.06662510914 1.5515711855
-4.37584643919 1.08861284151 1.55154118968
-4.35070865889 1.10276648157 1.55414095712
-4.32098511621 1.10508973305 1.56015005164
-4.2898988406 1.09867440494 1.56823593902
-4.2623911175 1.0899733781 1.5760068824
-4.24208857343 1.07759117624 1.58295616075
-4.23044879886 1.05045806609 1.59102023724

/group/LSA_b3/48
48
posId 48-4.27898310401 1.05818327671 1.75738954775
-4.29694203635 1.0942680867 1.73792627202
-4.31967273631 1.12128537828 1.71599448725
-4.34421938048 1.13810482806 1.69410086996
-4.36783644685 1.14600033907 1.6742370566
-4.38895071218 1.14768567143 1.65725685254
-4.40758686962 1.14586383502 1.64274904782
-4.425045872 1.14199606989 1.62947073679
-4.44299139797 1.13585058267 1.61613680508
-4.46239271943 1.1259768938 1.60218912769
-4.48284228666 1.11078532749 1.58818107192
-4.50257710985 1.08962985824 1.57560365672
-4.51918022998 1.06333189102 1.5662536484
-4.53060122365 1.03390948398 1.56146390018
-4.53598322441 1.0037101129 1.56157347483
-4.53589301424 0.974454014436 1.56588387426
-4.53186149166 0.946719789263 1.57309781358
-4.52549308134 0.920138990743 1.58199694511
-4.517614573 0.894161232664 1.59200566709
-4.5079005931 0.868928526644 1.60336130772
-4.49515618274 0.845733342411 1.61682377456
-4.47809335115 0.826764800831 1.63309680084
-4.45618723124 0.81424717342 1.65227414424
-4.43016693518 0.80942662757 1.67359732478
-4.40189775572 0.811971127502 1.69563594469
-4.37373491379 0.820148033369 1.71677420191
-4.34770220313 0.831733746401 1.73573013163
-4.32492813398 0.845205018819 1.75182993343
-4.30561834364 0.860580723697 1.76490787641
-4.28954123432 0.879431412355 1.77491997823
-4.27671770668 0.903985939844 1.78152673498
-4.26789052946 0.935733326098 1.7839236552
-4.26446808835 0.974201859177 1.78106274163

/group/LSA_b3/51
51
posId 51-4.3973083277 0.951990832437 1.88852793715
-4.39573526047 0.994589972682 1.8976371039
-4.39834888825 1.03551361014 1.90073934367
-4.40471147073 1.07210756248 1.89800077395
-4.41416370668 1.10291841611 1.8900869679
-4.42599290632 1.12785351924 1.87795877564
-4.43956533814 1.14790716145 1.86264637966
-4.45438981862 1.16456075065 1.84506428278
-4.47010878169 1.17907709719 1.82590831909
-4.48643983552 1.19194108549 1.80564436855
-4.50310538238 1.20263997342 1.7845688681
-4.51978578956 1.2098488928 1.76290322643
-4.53611521017 1.21193849194 1.74088242764
-4.55171637481 1.20760690022 1.71881056439
-4.56625159858 1.19639882988 1.69707573895
-4.57945998653 1.17892356101 1.67613470239
-4.59115824356 1.15670060783 1.65648654815
-4.60120112037 1.13170183199 1.63865212138
-4.60941901266 1.10576877464 1.62316434281
-4.61556484036 1.08012352242 1.61056109512
-4.61930300997 1.05514748155 1.60136421976
-4.62025865487 1.03049394069 1.59603046338
-4.61812058151 1.00547039823 1.59487292151
-4.61276616658 0.979525767319 1.59796954442
-4.60436144003 0.952644028149 1.60509035069
-4.59339191535 0.925491174164 1.61567919843
-4.58060008827 0.89926700515 1.62891517935
-4.56683751326 0.875335030597 1.64385476522
-4.55287162271 0.854793756294 1.65962636098
-4.53920779035 0.838175063367 1.67562473172
-4.52598716641 0.825401279833 1.69164390128
-4.51299925539 0.816023378656 1.70789881741
-4.49981167491 0.809642123335 1.72491641495
-4.48598033618 0.806330624617 1.74331677776
-4.47127509634 0.806865325585 1.76354183609
-4.45584885396 0.812639680654 1.7856097093
-4.44029491836 0.82525654305 1.80896959374
-4.42557274153 0.845925265429 1.83250503489
-4.41282378326 0.87487701955 1.85469062863

/group/LSA_b3/54
54
posId 54-4.55171225779 0.872963060901 1.95073748491
-4.54862706444 0.90969421421 1.98320838685
-4.54728317785 0.946900277171 2.01280000295
-4.54804790733 0.982183949721 2.03708571105
-4.55166630595 1.01434618175 2.05381209238
-4.55892032492 1.04323003425 2.06141650392
-4.57023076591 1.0692438036 2.05941696169
-4.58537046263 1.09280778888 2.04854038454
-4.60341272861 1.11396903884 2.03053744381
-4.62294266386 1.13232579212 2.0077361425
-4.64245064449 1.14724805536 1.98247367624
-4.66075240655 1.15824319377 1.95658467027
-4.67726976797 1.16525556228 1.93109949318
-4.69206436095 1.16873109496 1.90622882784
-4.70561919065 1.1693996501 1.881609717
-4.71846646325 1.16787248381 1.85670167893
-4.73082171103 1.16425226391 1.83118029461
-4.74237839821 1.15796121613 1.80519245098
-4.75234695828 1.14790305792 1.77940199598
-4.7597176495 1.13292436702 1.75483896083
-4.7636320313 1.11239714054 1.7326358761
-4.76370308795 1.08667213375 1.71376507345
-4.76014762388 1.05718820518 1.6988731159
-4.75367607353 1.02615621998 1.68825463261
-4.74518935156 0.995913794182 1.68194377804
-4.7354152279 0.968194575263 1.67985544703
-4.72464264045 0.943608150163 1.68189852094
-4.71267029369 0.92155731035 1.68801080508
-4.69899370186 0.900651968098 1.69811410354
-4.68315174183 0.879479063868 1.71203317095
-4.66508373518 0.857436436376 1.72944175528
-4.64534111447 0.83529917892 1.7498831099
-4.62505718779 0.815278549565 1.77286890802
-4.60567955444 0.80052229407 1.7980108735
-4.58856975481 0.794217821976 1.82510902045
-4.57463140051 0.798612384002 1.85412668207
-4.56411712433 0.814297174708 1.8850265859

/group/LSA_b3/57
57
posId 57-4.70087475264 0.738273917282 2.02909727458
-4.69635147979 0.75957487076 2.06904732884
-4.69552181327 0.783761346627 2.10521694338
-4.69871976663 0.80970834461 2.13529313496
-4.70601759484 0.836463323324 2.15776694078
-4.7171482326 0.863295806672 2.17216953169
-4.73149132089 0.889673630515 2.17906825708
-4.7481378478 0.915191882302 2.1798275999
-4.76602677551 0.939492582331 2.17620330386
-4.78412532957 0.962211114538 2.16988134384
-4.8016096251 0.982970773309 2.16208460879
-4.81799900135 1.00142516949 2.15334646476
-4.83320746866 1.01732748755 2.14349943625
-4.84749669005 1.03059313678 2.13186467525
-4.86134117839 1.0413227001 2.11757234697
-4.87524041559 1.04976531842 2.09991060118
-4.88952740445 1.05622433531 2.07860003931
-4.90422435981 1.06092970717 2.05392029182
-4.91898338217 1.06391733668 2.02666504019
-4.93312668442 1.06495822551 1.99795538895
-4.94577393142 1.06356843862 1.96898222031
-4.95602121384 1.05910746336 1.94076404887
-4.96312356561 1.05094473629 1.91399426194
-4.96663405962 1.03865076883 1.88901603215
-4.96646661272 1.02215822716 1.86591734712
-4.96287217577 1.00184368463 1.84469810405
-4.9563421344 0.97850165539 1.82543937865
-4.94747145408 0.953213088407 1.80840852192
-4.93682223455 0.927141669089 1.79406070933
-4.92482415643 0.901313502341 1.78293810519
-4.91173385972 0.876442000667 1.77550752407
-4.89765564808 0.852847782368 1.77200231281
-4.88260743728 0.830496339954 1.77233515134
-4.86660419617 0.809142029291 1.77612472606
-4.84972942169 0.788535684743 1.78283843621
-4.83217321877 0.768634209732 1.79200919429
-4.81422993014 0.749749506333 1.80345229688
-4.79626365418 0.732591395414 1.81740007174
-4.77866097707 0.71818958049 1.83449178982
-4.76179313035 0.707714183639 1.85559920471
-4.74600381021 0.702242770705 1.88152121057
-4.73162646423 0.702535886713 1.91262770298
-4.71902067412 0.70887915285 1.94855734324

/group/LSA_b3/60
60
posId 60-4.91498076289 0.561943016925 2.01298053992
-4.89983000794 0.566658640968 2.05327138955
-4.8902128847 0.57783321824 2.09411244704
-4.88566512 0.593450651053 2.13270676703
-4.88524626597 0.611389613261 2.16705080705
-4.88794775015 0.630031336714 2.19622037955
-4.89308156605 0.648629717867 2.22025334249
-4.90050338399 0.667329305203 2.23971941503
-4.91058892415 0.68685306779 2.25518667534
-4.92397891834 0.708003348676 2.26682046929
-4.94119756074 0.731179282586 2.27427600098
-4.96229662902 0.75609159839 2.27690587868
-4.98666432945 0.781764284574 2.27416054829
-5.01307071426 0.806792546506 2.26597522952
-5.03992814155 0.829728110706 2.25294749902
-5.06566352037 0.849425217629 2.23620916809
-5.08906118234 0.865215455242 2.2170398382
-5.10945468405 0.876867652356 2.19639339167
-5.12671248101 0.884389217113 2.17455707422
-5.14104711384 0.887792862226 2.15111282999
-5.15274483267 0.886958795852 2.12524214539
-5.16193554325 0.881666494324 2.09626351532
-5.16849425771 0.871779380069 2.06418188528
-5.17209966351 0.857482933584 2.03001122059
-5.17240301286 0.839441194359 1.99571548533
-5.16921330189 0.818766278918 1.96376685909
-5.16260278928 0.796778956426 1.93647965389
-5.15287998171 0.774639035155 1.91537678031
-5.14044489759 0.752996626834 1.90083986229
-5.12560235392 0.731824363107 1.89218425269
-5.10843476004 0.710528015597 1.88812985141
-5.0888135548 0.688321592511 1.88747724868
-5.06656657228 0.664738143004 1.88971298803
-5.04174390679 0.640078228653 1.89529378234
-5.01487061404 0.61560628733 1.9054876681
-4.98706639861 0.593391692535 1.92182865131
-4.95995668287 0.575824441061 1.94539784686

/group/LSA_b3/63
63
posId 63-5.07299416834 0.397732605552 2.19285637286
-5.06858547043 0.415238190992 2.23587217435
-5.06794727811 0.434323247106 2.27561556586
-5.07167799842 0.454314963754 2.30969709392
-5.0801854639 0.47482804775 2.33663660286
-5.09347929788 0.495675200635 2.35603828902
-5.1110497911 0.516721841014 2.36850437783
-5.13188173896 0.537744931226 2.37532549373
-5.15461130813 0.558350728538 2.37804488926
-5.177789392 0.577982755581 2.37802261708
-5.20018010913 0.596017493198 2.37611703172
-5.2210093078 0.611912755767 2.37255877505
-5.24008996856 0.625353438062 2.36703070553
-5.25778605215 0.636338244929 2.35890557387
-5.27482333531 0.64516967579 2.34755038324
-5.29200088061 0.652341905848 2.33259451664
-5.30988622285 0.658356622189 2.31407991511
-5.32858208613 0.663523499874 2.29245739084
-5.34763099608 0.667810698133 2.26844757872
-5.36608306957 0.670798095975 2.242829896
-5.3827040972 0.671755466514 2.21624373956
-5.39626043005 0.669828803467 2.18907688527
-5.40579635725 0.664282912898 2.16148071453
-5.41082463083 0.654728549542 2.1335031986
-5.41137957285 0.641264552848 2.10528558873
-5.40792548867 0.62448949585 2.07724318607
-5.40115727701 0.605376231515 2.05015348373
-5.39176150295 0.585044531331 2.02510579367
-5.38021534951 0.56449876065 2.00331506498
-5.36668547869 0.544409178872 1.98585258029
-5.35105436065 0.525003084198 1.97338033283
-5.33305943233 0.506099161374 1.96598175942
-5.3124941292 0.487274946331 1.96315585496
-5.28940088765 0.468116554644 1.96399165516
-5.26419038383 0.448474241713 1.96748112102
-5.23764679137 0.42864485121 1.97287958228
-5.21081707406 0.409423566977 1.98000053237
-5.18482063673 0.392006092356 1.98934421272
-5.16064149123 0.377766627139 2.00200468877
-5.13897007132 0.367973359373 2.01936518365
-5.12014442688 0.363520731661 2.0426568269
-5.10420656107 0.364751449874 2.07250152844
-5.09105040175 0.37141341437 2.10857081487

/group/LSA_b3/66
66
posId 66-5.20948613946 0.156747295307 2.21070811977
-5.22883495778 0.150134631909 2.17618063488
-5.25215715314 0.148060236817 2.14601450457
-5.27871690721 0.15076368152 2.12149966164
-5.30764714078 0.158004660993 2.10314111674
-5.33804185929 0.169101580572 2.0906304109
-5.36903487063 0.183065691237 2.0830179169
-5.39985079159 0.198798796098 2.07903966599
-5.42982391423 0.215305933683 2.07750928225
-5.45839029805 0.231870654842 2.07766727147
-5.48506545784 0.248150622044 2.07939170131
-5.50942229679 0.264172511243 2.08321302999
-5.53108109794 0.280231764101 2.0901306195
-5.54971665915 0.296727370315 2.10128385028
-5.56507945787 0.313977906709 2.11757110897
-5.57702090467 0.332068324082 2.13932391307
-5.58550965024 0.350766853467 2.16612724919
-5.59062768997 0.369531014879 2.196835609
-5.59254121015 0.387596951037 2.22977916774
-5.59144982145 0.404124148434 2.26310175858
-5.58752622071 0.418354107968 2.29513666717
-5.58086358064 0.429740137484 2.32471767775
-5.57144812215 0.438016077483 2.35134329197
-5.55916891687 0.44319093249 2.37515531613
-5.54386724825 0.445478222656 2.39674632723
-5.52541647375 0.445186962496 2.41685842818
-5.50381357469 0.442610380283 2.43606451612
-5.47925844706 0.437946445291 2.45452506762
-5.45219825691 0.431272007816 2.4718882037
-5.42332186841 0.422573944164 2.48735642482
-5.39350161391 0.411821961439 2.49989327217
-5.36369330289 0.399054466106 2.50850216341
-5.33481664746 0.384445179267 2.51248978147
-5.30764404274 0.368325056182 2.51163329103
-5.28272415263 0.35114931682 2.50620194199
-5.26035824849 0.333418192537 2.49682965926
-5.24063389107 0.315576379569 2.48428201184
-5.22350585171 0.297924881559 2.46919430316
-5.20890205079 0.280576943589 2.45186725984
-5.19682598583 0.263477398094 2.43218981462
-5.18742829301 0.246485448494 2.40971969136
-5.1810283794 0.229500425982 2.38390340932
-5.17808020448 0.212594633535 2.35437264424
-5.17909073145 0.196111981689 2.3212271925
-5.18451147025 0.180697831649 2.28521448076

/group/LSA_b3/69
69
posId 69-5.27923639977 0.0375652658803 2.44494610996
-5.28455712973 0.0564594156765 2.47551537445
-5.29307630742 0.0754442879259 2.50455665205
-5.30483032397 0.0940814819278 2.53127627112
-5.31982155217 0.111965580923 2.55495678438
-5.3379588798 0.128731538731 2.57500140645
-5.35902385744 0.144069311441 2.59097773013
-5.38266929315 0.157742741583 2.60265182818
-5.4084464714 0.169605862738 2.61000268947
-5.43584865438 0.179608436647 2.61320903904
-5.464354654 0.187784362812 2.61260586406
-5.49345801526 0.194221248637 2.60861525354
-5.52267391309 0.199015549353 2.60166350971
-5.55152491721 0.202223344574 2.59210170542
-5.57951524982 0.203820078115 2.58014814967
-5.60610818776 0.203682130203 2.56586776164
-5.63072109486 0.201598659071 2.54919561175
-5.6527471313 0.197314686857 2.53000157671
-5.671603609 0.190597842572 2.50818272157
-5.68679710707 0.181313904769 2.4837623805
-5.69798805037 0.169492482783 2.4569721001
-5.70503506648 0.155365150067 2.42829559116
-5.70800318967 0.139364128689 2.39846207445
-5.70712912985 0.122078909428 2.36838797959
-5.70274892298 0.104178640991 2.33907802924
-5.69520484904 0.0863169905103 2.31150630105
-5.68475604232 0.0690410626583 2.28650251046
-5.67151823891 0.0527254727756 2.26466735003
-5.65545191022 0.0375468175034 2.24633365368
-5.63640597819 0.0235040181902 2.23157926028
-5.61420949736 0.0104788217183 2.22028549913
-5.58879012601 -0.00167899226561 2.21222518079
-5.56028969195 -0.0130629415674 2.20715823831
-5.5291462054 -0.0236393695007 2.20491293109
-5.49611877843 -0.0332118655567 2.20543554472
-5.46224537991 -0.0414283279703 2.20880021297
-5.42873972913 -0.0478278994271 2.215180426
-5.39684862665 -0.051915659215 2.22479238767
-5.36770069641 -0.0532471086097 2.23782560599
-5.34217934988 -0.0515034466285 2.25437696759
-5.32084636817 -0.0465423660065 2.27440133948
-5.30392962477 -0.0384162967244 2.29768582102
-5.2913726274 -0.0273585248449 2.32384811597
-5.28292895055 -0.0137450444137 2.3523540787
-5.27827502731 0.00195554841589 2.38254669395

/group/LSA_b3/72
72
posId 72-5.44375355094 -0.248068277392 2.33549718601
-5.48909460528 -0.248555075931 2.32664014603
-5.5332633271 -0.246507804261 2.32224152609
-5.57415990489 -0.24209344213 2.32239361036
-5.610319994 -0.23556605782 2.32692991512
-5.64106873751 -0.227224521403 2.33546880532
-5.66651924149 -0.217369571448 2.34748577923
-5.68742173272 -0.206269259288 2.36239817994
-5.70490052674 -0.194139466911 2.37964451825
-5.72013830462 -0.181142403619 2.39874298269
-5.73407630483 -0.167401633361 2.41931939959
-5.74719312968 -0.153028289016 2.44110248766
-5.75940553317 -0.138150594669 2.46389193241
-5.77010634024 -0.122938219301 2.48751081212
-5.77832398312 -0.107614445272 2.5117568958
-5.78296189891 -0.0924522890224 2.53636669682
-5.78305995993 -0.0777547994135 2.56100215903
-5.77801755264 -0.0638238024756 2.58526352336
-5.76772910689 -0.0509243917904 2.60872485592
-5.75260490376 -0.0392537500747 2.6309826553
-5.73347754099 -0.028922106971 2.65170437983
-5.71142102978 -0.0199509532726 2.67066352328
-5.68752899756 -0.0122896551803 2.68775107902
-5.66270649455 -0.00584726544724 2.70295910143
-5.63752480754 -0.000532629702422 2.71633917986
-5.61217192649 0.0037062855778 2.72794525579
-5.5865070603 0.00685302842401 2.73777470054
-5.5602017499 0.00881043407172 2.74572278161
-5.53292889199 0.00940900378015 2.75156319661
-5.50454943833 0.00843478289236 2.75496172641
-5.47524741182 0.00567121870021 2.75552250256
-5.44557694955 0.000946236866936 2.75285862864
-5.41640719228 -0.00582554519254 2.74667275994
-5.38877666518 -0.0146146283204 2.73683021112
-5.36369208972 -0.0252686490638 2.72340802332
-5.34192163937 -0.0375264113649 2.70670809084
-5.32383571539 -0.0510509367215 2.68722996025
-5.30933840626 -0.0654743863539 2.66560763474
-5.29791201383 -0.0804451450088 2.64252270202
-5.28877010725 -0.0956669590849 2.61861154431
-5.28108777148 -0.110921884761 2.59438601538
-5.27425741253 -0.126072508383 2.57018435321
-5.26810964135 -0.141043619044 2.54616275135
-5.26304378664 -0.155788181339 2.52232929014
-5.26003071985 -0.170246025089 2.49861272766
-5.26047810807 -0.184305337259 2.47495098647
-5.26597891916 -0.197776437027 2.45137974066
-5.2779910956 -0.210384578094 2.42810129358
-5.29751358434 -0.221784272536 2.40551800262
-5.32482726173 -0.23159282555 2.38422197244
-5.35935769148 -0.239436489067 2.36494197686

/group/LSA_b3/75
75
posId 75-5.39107619461 -0.397363668986 2.46114999173
-5.35722457835 -0.385268848958 2.48080611931
-5.32940001274 -0.370791038044 2.50451097991
-5.30879084038 -0.354539863395 2.53126664831
-5.29565256049 -0.337158707442 2.56000610308
-5.28933337529 -0.31923590252 2.58974134928
-5.28851406663 -0.301247146908 2.61966256038
-5.29159853054 -0.28354030679 2.6491687798
-5.29715075058 -0.266360446685 2.67783232755
-5.30426195113 -0.249900957823 2.70531881321
-5.31275153288 -0.234359566374 2.73129672537
-5.32315158294 -0.219977801803 2.75537154316
-5.33648432189 -0.207049080669 2.77706920071
-5.35389814777 -0.195891750715 2.7958758964
-5.37626533949 -0.186795697044 2.81132136243
-5.40385281307 -0.1799605815 2.82307706884
-5.43615469041 -0.175447471924 2.83103438997
-5.47192870021 -0.173162291317 2.8353326489
-5.50942114631 -0.172880097843 2.83632183443
-5.54671367964 -0.174306501513 2.8344652123
-5.58209379847 -0.177160396032 2.83020679764
-5.61434826083 -0.181254403091 2.8238415655
-5.64290447306 -0.186548528011 2.81542812953
-5.66779124923 -0.193159032576 2.80477343416
-5.68944321964 -0.20131675767 2.79149939319
-5.70841709163 -0.211283639922 2.77517787029
-5.72511035152 -0.22324876002 2.75549975177
-5.73956782083 -0.237232187758 2.7324322635
-5.75143095529 -0.253023964122 2.70631979958
-5.7600385864 -0.270176826267 2.67789742395
-5.76464015822 -0.288057034963 2.64820925088
-5.76464786962 -0.305941831559 2.61844977507
-5.75984290243 -0.323139080251 2.58976764997
-5.75046636429 -0.339098242059 2.56308229194
-5.73716287223 -0.353483867121 2.53896081016
-5.72079237726 -0.366192801149 2.51758676771
-5.70216921025 -0.377311550101 2.49882750839
-5.68181293898 -0.387026516273 2.4823800672
-5.65979524785 -0.39551259158 2.46795442456
-5.63574024541 -0.402831328987 2.45544294913
-5.6089899229 -0.408867045722 2.44502901272
-5.57889532499 -0.413318589109 2.43720472706
-5.54515267205 -0.415749126786 2.43269275342
-5.50808491283 -0.415680516513 2.43229317717
-5.46877929625 -0.412706948424 2.43669631836

/group/LSA_b3/78
78
posId 78-5.33025359341 -0.482777961241 2.59496779839
-5.31355827655 -0.465916393083 2.62536762593
-5.30349073982 -0.448760645234 2.65631469588
-5.29960027194 -0.431964330513 2.68662792968
-5.30087611583 -0.415912384463 2.71560993209
-5.30605215552 -0.400724125546 2.74304220924
-5.31395552574 -0.386329094559 2.76904910384
-5.32380474264 -0.372588459876 2.79387934663
-5.33537769669 -0.359422903259 2.81767559102
-5.34900658858 -0.346907712912 2.84030272743
-5.36540522624 -0.335307109691 2.86128549253
-5.38538040423 -0.325039078257 2.87987125686
-5.40951038505 -0.31658335278 2.89519535633
-5.43788117255 -0.310362352655 2.90649539854
-5.46995346139 -0.306632737958 2.91330671557
-5.50459526237 -0.305421613683 2.91557761522
-5.54026827633 -0.306527452098 2.91366817011
-5.5753135795 -0.30958578581 2.90823231705
-5.60825608886 -0.314179703705 2.90001911859
-5.63804470597 -0.319961201821 2.88965427122
-5.66416622371 -0.326745740686 2.87746967683
-5.68660939972 -0.334550112468 2.86343499278
-5.70569958131 -0.343560676024 2.84721457476
-5.72186098525 -0.354040158683 2.82833514991
-5.73538260254 -0.366200242889 2.80641526814
-5.7462595248 -0.380078318464 2.78138741691
-5.75415595492 -0.395456629953 2.75364389597
-5.75849724993 -0.411850445803 2.72405840009
-5.75865791781 -0.428572076809 2.69387090354
-5.75418276565 -0.444855295289 2.66446358273
-5.74496830046 -0.460006482047 2.63708838973
-5.73134401274 -0.473540083309 2.61262270737
-5.71402450443 -0.485259420853 2.5914233444
-5.69394406381 -0.49525876522 2.57332238954
-5.67202288819 -0.503844723823 2.55776856123
-5.64893719167 -0.511398120214 2.5440759994
-5.62496666015 -0.518214996559 2.53171093502
-5.59997135526 -0.524372070034 2.52053452798
-5.57351221529 -0.529655869597 2.51093109161
-5.54508580697 -0.533577479335 2.50378204836
-5.51440784218 -0.535471137111 2.50028861876
-5.48166213571 -0.534651545709 2.50168843131
-5.44763788739 -0.530588254224 2.50894104298
-5.41370720407 -0.52305052052 2.52246636131
-5.38163871192 -0.512184054379 2.54200564431

/group/LSA_b3/81
81
posId 81-5.40695212226 -0.584028163564 2.57050809413
-5.44419480665 -0.587552543399 2.54977183674
-5.48168292558 -0.588408114594 2.53533308818
-5.51727473631 -0.586616682398 2.52784780944
-5.54956500707 -0.582429378577 2.52718035766
-5.57806671247 -0.576269954077 2.53247895098
-5.6031504393 -0.568642539721 2.54241616024
-5.62576754915 -0.560028187456 2.55552770778
-5.64704127421 -0.550797231137 2.5705571186
-5.6678434671 -0.541159725869 2.58671410398
-5.68847465979 -0.531165325863 2.60378062838
-5.70853205361 -0.520750060703 2.62204275432
-5.7269940856 -0.509814519531 2.64207581796
-5.74248772001 -0.498309601035 2.66445111161
-5.75365362384 -0.486304538881 2.68945256795
-5.75949931293 -0.47401767621 2.71688645372
-5.75963787682 -0.461801679684 2.74603778503
-5.75434710599 -0.450088249129 2.77578292738
-5.74443924359 -0.439309010998 2.80482172738
-5.73098850271 -0.429815848622 2.83195801427
-5.71500505608 -0.421823594537 2.85634435116
-5.6971582909 -0.415390988687 2.87761904051
-5.67763488051 -0.410444237692 2.8958967383
-5.6561741627 -0.406834846472 2.91161853581
-5.63226760458 -0.404413372151 2.92530973767
-5.60545767039 -0.40309629885 2.93732121801
-5.57563977683 -0.402905614915 2.9476349991
-5.54326885381 -0.403969130072 2.95579520274
-5.50940013709 -0.406481547352 2.96098760487
-5.47554392169 -0.410638220084 2.96224598097
-5.44337115888 -0.41656182428 2.95872469645
-5.41435379363 -0.424244387479 2.94995616943
-5.38944627309 -0.433522573411 2.93601523794
-5.36890550873 -0.44409417265 2.91753926805
-5.35230788818 -0.455571350666 2.89559526279
-5.33876466613 -0.467555055919 2.87143081131
-5.32727784861 -0.479708440404 2.84618095018
-5.31713500047 -0.491807197625 2.82061732532
-5.30822644779 -0.503751437295 2.79501494105
-5.30118710869 -0.515535174052 2.76917819385
-5.29731290211 -0.527182364537 2.74262138448
-5.29826509407 -0.538668884759 2.71485294333
-5.3056370511 -0.549854758743 2.68568064381
-5.32049910223 -0.560448777683 2.65544663736
-5.34304648739 -0.570018891461 2.62511900808

/group/LSA_b3/84
84
posId 84-5.3914232691 -0.610173810931 2.61611260104
-5.41750954947 -0.598053424919 2.58779680237
-5.44590059518 -0.584543135272 2.56341428822
-5.474934066 -0.570435238658 2.54436752102
-5.50322439243 -0.556400740354 2.53161122512
-5.5298927799 -0.542878978128 2.52547352007
-5.55465467379 -0.530033903308 2.5256231086
-5.57774657422 -0.517785992818 2.53119090719
-5.59971864657 -0.505907775411 2.54101195116
-5.62115600588 -0.494153696931 2.55392053872
-5.64240964943 -0.482386354329 2.56901772725
-5.66341289804 -0.470663331644 2.585839324
-5.68363270221 -0.459261163989 2.60438172376
-5.70216520503 -0.448631645836 2.62498387137
-5.71794323149 -0.439305304594 2.64810448555
-5.7299919513 -0.431771708372 2.67406278734
-5.73765675723 -0.426372151757 2.70282010528
-5.74073763643 -0.42323561431 2.73386647248
-5.73949363028 -0.422275251976 2.76624475741
-5.73452048253 -0.423244211788 2.79870431285
-5.72654247649 -0.425831779093 2.82993844306
-5.71618455711 -0.429769040188 2.85883610477
-5.70379579512 -0.434910832884 2.88467499884
-5.68937875554 -0.441268410074 2.90720133831
-5.67264643297 -0.448982611272 2.92657560685
-5.6531890157 -0.458245789461 2.94320344273
-5.63069866386 -0.469196728449 2.95750465305
-5.60518197074 -0.481821494058 2.96969133874
-5.57709244261 -0.495891936313 2.97962296499
-5.54733850874 -0.510962697758 2.98678294381
-5.51715947684 -0.526430258314 2.99038483217
-5.48790156923 -0.541638881207 2.98957739139
-5.46075687771 -0.556003881683 2.98368800474
-5.43654050105 -0.56911678427 2.97243212725
-5.41557134244 -0.580801530262 2.95602608126
-5.39769263668 -0.591104739527 2.93516882277
-5.38242765887 -0.600222171665 2.91089697534
-5.36922604445 -0.608382414696 2.88435506178
-5.35772849739 -0.615721904355 2.85654831276
-5.34797066844 -0.622188723282 2.82815108401
-5.340463003 -0.627505116878 2.79942794243
-5.33611806893 -0.631202306814 2.77029141064
-5.3360404808 -0.632720587955 2.7404797735
-5.3412345647 -0.631548738966 2.70980211447
-5.3523097951 -0.627364925049 2.67837655284

/group/LSA_b3/87
87
posId 87-5.61400763569 -0.589657565456 2.85748045972
-5.5983143237 -0.628786442091 2.85280330459
-5.58086353926 -0.661816563426 2.84361115254
-5.56240871196 -0.687101596465 2.83021698771
-5.54339464197 -0.704394005385 2.81308144895
-5.52398030785 -0.714733566767 2.79279882858
-5.50419320287 -0.719932376487 2.77009349592
-5.48414415129 -0.721835946214 2.74580650385
-5.46420434913 -0.721625649825 2.72085081559
-5.44506123153 -0.71941373683 2.69612677676
-5.42762097647 -0.71427256892 2.67241161908
-5.41279167547 -0.70467667301 2.65025729797
-5.40123438241 -0.689182841483 2.6299389085
-5.39318645909 -0.66708897418 2.61148519863
-5.38843483845 -0.638828133878 2.59479527587
-5.38645646241 -0.605961958761 2.57981129974
-5.38667394428 -0.570792780622 2.56668971898
-5.38872523335 -0.535754654929 2.55590578377
-5.39263753984 -0.50281580251 2.54824296479
-5.39883211205 -0.473103696081 2.54465614093
-5.40795320758 -0.446862575515 2.54604205607
-5.42058469191 -0.42371653168 2.55298595162
-5.43696260075 -0.40309650619 2.56556558537
-5.45679352691 -0.384641768183 2.58327755035
-5.47924647611 -0.368420641946 2.60511117076
-5.50311742566 -0.354911231128 2.62974645426
-5.52709930406 -0.344795109291 2.65581233559
-5.55005243152 -0.338695097558 2.68212420277
-5.57117628451 -0.336999187332 2.70783112693
-5.59002923017 -0.339854513591 2.73243818651
-5.60640858815 -0.347317621276 2.75571406372
-5.62016109464 -0.359557483587 2.77753190383
-5.6310195479 -0.376969579884 2.79770896716
-5.63854504188 -0.400093080867 2.81590302643
-5.6422036886 -0.429316026193 2.83159580834
-5.64154446102 -0.464464487626 2.84415840657
-5.63639788657 -0.504449800094 2.85296481981

/group/LSA_b3/90
90
posId 90-5.65510943944 -0.663576388412 2.85317712274
-5.66702850377 -0.626951674336 2.86550029086
-5.67563717556 -0.587832783394 2.87441732248
-5.68100600152 -0.547947872408 2.87999862382
-5.68327973205 -0.508921710783 2.88239115832
-5.68262634656 -0.472082314454 2.88176619944
-5.67920137694 -0.438332420389 2.87828275462
-5.67313392623 -0.408108251167 2.87207321952
-5.66453447513 -0.381428547049 2.86325135417
-5.65351868566 -0.358017168718 2.85193663879
-5.64023742702 -0.33746724367 2.83828498382
-5.62490211312 -0.319407301018 2.82251460877
-5.60779634124 -0.303631670192 2.80491785915
-5.58926915624 -0.290167917899 2.78585418153
-5.56971080813 -0.279270525325 2.7657251643
-5.54951709985 -0.271348268559 2.74493791396
-5.52905191452 -0.266848421175 2.72386661255
-5.50861831383 -0.266130250014 2.70282291652
-5.48844647651 -0.269361251473 2.68204366959
-5.46870224143 -0.276462207363 2.6616997729
-5.44951431914 -0.287113513895 2.64192420197
-5.43101285819 -0.300818944382 2.62285164333
-5.4133684629 -0.317008220618 2.60465854539
-5.39681997962 -0.335150198387 2.58759158833
-5.3816817102 -0.354846440992 2.57197499141
-5.36832567532 -0.375880831169 2.55819218131
-5.35714094163 -0.398213006674 2.54664391157
-5.34847824412 -0.421918568456 2.53769130687
-5.34259256834 -0.44709322833 2.531596853
-5.33959779807 -0.473747634805 2.5284778254
-5.3394454905 -0.501722058535 2.52828454061
-5.34193467807 -0.530644800772 2.53081050544
-5.34675246873 -0.559946488957 2.5357342127
-5.35353780047 -0.588927384754 2.54268471454
-5.36195479815 -0.616860379991 2.55131703873
-5.37175926115 -0.643102307807 2.5613805197
-5.38284267543 -0.667183266424 2.57276401029
-5.39524269726 -0.688848753644 2.58550662417
-5.40911632199 -0.708041392873 2.59977012608
-5.4246802898 -0.724824950377 2.61577765439
-5.44213077311 -0.739269177001 2.6337311569
-5.46155929607 -0.751325661004 2.65372495765
-5.48288300079 -0.760729218352 2.6756740663
-5.50580451137 -0.766955008065 2.69927289782
-5.5298104007 -0.769249324422 2.72399365327
-5.55420906635 -0.766734659524 2.74912519163
-5.5782005407 -0.758571266851 2.773844717
-5.60096426778 -0.744142558233 2.79730793896
-5.62174760725 -0.723223961788 2.81874000319

/group/LSA_b3/93
93
posId 93-5.4142608364 -0.615272848187 2.60267367185
-5.40750556536 -0.578360246989 2.59576445672
-5.40350420275 -0.543666350592 2.59168861199
-5.40201549577 -0.511958397997 2.59019667168
-5.40280246352 -0.483148236675 2.59104468316
-5.40568997631 -0.456540651198 2.59405318498
-5.41060576945 -0.431225496158 2.59914893652
-5.41759509362 -0.406492145023 2.60637946682
-5.42680392618 -0.382143695616 2.61589537482
-5.43843200864 -0.358622951845 2.6279017984
-5.45266360633 -0.33692154326 2.64258722191
-5.46958928713 -0.318309689149 2.66004326769
-5.48913484506 -0.303977367838 2.6801919614
-5.5110129407 -0.294702389336 2.70273635852
-5.53470904699 -0.290650101396 2.72714633071
-5.55950663569 -0.291366832401 2.75268451392
-5.58454863266 -0.295967825978 2.77846935667
-5.60892474822 -0.303459035692 2.80356464295
-5.63176900644 -0.313089381334 2.82707947927
-5.65234981975 -0.32461899419 2.84826071356
-5.67013668837 -0.338413180342 2.86656150673
-5.68483259784 -0.355324302984 2.88167485287
-5.69636826494 -0.376388969332 2.89352804731
-5.70486193213 -0.402426274033 2.90224180187
-5.71055478775 -0.433656675106 2.90806423017
-5.71373600159 -0.469459724842 2.91129395692
-5.71467215734 -0.508352026802 2.91220746891
-5.71355363065 -0.54820464548 2.91100360652
-5.71046596782 -0.586649599416 2.90777355725
-5.7053887589 -0.62156834379 2.9024990592
-5.69821916593 -0.65152816546 2.8950760646
-5.68881323535 -0.676043615719 2.88535694729
-5.67703601403 -0.695586948606 2.87320210371
-5.66281137674 -0.711341100092 2.85853159207
-5.6461639615 -0.724761385908 2.84136889232
-5.62724800797 -0.737067047381 2.82187126893
-5.60636046962 -0.748805133939 2.80034384297
-5.58393795997 -0.759610554517 2.77723675947
-5.56053863981 -0.768232417633 2.75312649868
-5.53681111565 -0.772822991264 2.72868346826
-5.51345307371 -0.771412500421 2.70462878218
-5.49116303556 -0.762441150142 2.68168388087
-5.47058947462 -0.745203796828 2.66051754732
-5.4522825127 -0.720086992677 2.64169585045
-5.43665419737 -0.688535683012 2.62564127805

/group/LSA_b3/96
96
posId 96-5.41245677275 -0.616201707082 2.60357775046
-5.40563095872 -0.579273318798 2.59659590343
-5.40156580488 -0.544432075379 2.59245455175
-5.40002937949 -0.512459539314 2.59091381059
-5.40079311138 -0.483307523899 2.59173833648
-5.40368751067 -0.456337952797 2.59475440204
-5.40864181862 -0.430702234197 2.59989023748
-5.41569812457 -0.405741895722 2.60719004807
-5.42499501201 -0.381291425897 2.61679677691
-5.43672190334 -0.357798171833 2.62890492826
-5.45105169656 -0.336232054742 2.64369130752
-5.46806456061 -0.317822225099 2.66123688057
-5.48767856754 -0.30370938869 2.68145578434
-5.50960238117 -0.29462621801 2.70404701684
-5.5333214161 -0.290707310363 2.72848042966
-5.5581224388 -0.291488241706 2.75402206596
-5.58315386266 -0.296093307764 2.77979601413
-5.60751168265 -0.303551815774 2.80487250033
-5.63033572963 -0.313141473594 2.828366574
-5.65089886913 -0.324647185627 2.84952963708
-5.66867335672 -0.338447770795 2.86781767067
-5.68336338989 -0.355394787042 2.88292491805
-5.6948998356 -0.3765114814 2.89477884664
-5.70340059211 -0.402596766697 2.90349984006
-5.70910643308 -0.433851774885 2.90933560996
-5.71230618006 -0.469644660042 2.91258443729
-5.7132659692 -0.508492743851 2.91352234696
-5.71217526982 -0.548279919902 2.91234722921
-5.70911790054 -0.586658996784 2.90914846513
-5.70407073802 -0.62153326504 2.90390496987
-5.69692741684 -0.651485481268 2.89650904259
-5.68754017028 -0.676033842769 2.88680912514
-5.67577071946 -0.695640775886 2.87466220163
-5.6615409038 -0.711468742151 2.85998626066
-5.64487519457 -0.724948488523 2.84280464245
-5.62592967601 -0.737278900182 2.82327653772
-5.60500476884 -0.748998334959 2.80171064977
-5.58254131706 -0.759748813873 2.77856147138
-5.5591013561 -0.768301646825 2.75440944436
-5.5353359412 -0.772840709557 2.72992745723
-5.51194308141 -0.771427994336 2.70583691502
-5.4896194027 -0.762525387382 2.68285727769
-5.46900985841 -0.745431105977 2.6616536985
-5.45066059191 -0.720513104304 2.64278817316
-5.43498066509 -0.689178112935 2.62668016427

/group/LSA_b3/99
99
posId 99-5.41018427114 -0.617457056879 2.60458066005
-5.40326130315 -0.580557114484 2.59749871681
-5.39912348054 -0.54555973752 2.59328272662
-5.39754746276 -0.513260524441 2.59170163446
-5.39830902766 -0.48366251625 2.59252450924
-5.40123823555 -0.456204842877 2.59557705981
-5.40625945053 -0.430124450243 2.60078238198
-5.41340659318 -0.404837196253 2.60817617122
-5.42280836166 -0.380224274244 2.61789112889
-5.43464420122 -0.356742935281 2.63011147087
-5.44907826837 -0.335336396794 2.64500503441
-5.46618403665 -0.317179648454 2.66264596031
-5.48587517329 -0.303347107103 2.68294393527
-5.50785801732 -0.294510208557 2.70559564273
-5.53161728785 -0.2907617574 2.73007027238
-5.55644023065 -0.291622921293 2.75563437981
-5.58147663104 -0.296230759462 2.78141344971
-5.60582469909 -0.303646809379 2.80647994763
-5.62862743996 -0.313188020232 2.82995214116
-5.64916197164 -0.32467229711 2.85108576886
-5.6669058119 -0.338495146032 2.86934220967
-5.68156903437 -0.355504436605 2.88442176355
-5.69308824588 -0.376702195793 2.89625783704
-5.70158595595 -0.40285708885 2.90497560228
-5.70730541776 -0.434142192786 2.91082536115
-5.71053507323 -0.469910031466 2.91410502394
-5.71153762236 -0.508680654287 2.91508707311
-5.71049651138 -0.548358773934 2.9139631686
-5.70748804881 -0.586629729041 2.91081491448
-5.7024816266 -0.621430594424 2.90561347338
-5.69536499264 -0.651367987513 2.89824505064
-5.68598732679 -0.675965776597 2.88855493605
-5.67421069431 -0.695671289806 2.87640048777
-5.65996039637 -0.711615266407 2.86170330099
-5.64326640442 -0.725189914873 2.84449243075
-5.62429072405 -0.73756135122 2.82493320885
-5.60333837958 -0.749252427206 2.80333910007
-5.58085210489 -0.759913626739 2.78016653252
-5.55739244745 -0.768348221739 2.75599437399
-5.53360587142 -0.772787595936 2.73149072273
-5.51018386904 -0.771343302526 2.70737020759
-5.48781642878 -0.762513509575 2.6843454053
-5.46714373197 -0.745606696988 2.66307654104
-5.44871067866 -0.720968803865 2.64412435869
-5.43292952525 -0.689954690951 2.62791167843

