/group/N_LCA4/0
0
posId 0-5.10682866619 2.6825261944 -9.93148800827
-5.13205822965 2.64860587625 -9.94604538612
-5.15217231986 2.621601502 -9.9654969167
-5.16583267407 2.60331686443 -9.98999954445
-5.17323770992 2.59348372965 -10.0193675121
-5.17584453364 2.59013516996 -10.0528264744
-5.17564345388 2.59058281925 -10.0889759546
-5.17429498439 2.59258049496 -10.1259767052
-5.17248912164 2.59518907186 -10.1618853647
-5.16978041469 2.59900039637 -10.1950033829
-5.16493929255 2.60566509888 -10.2241125417
-5.15663648028 2.61697075342 -10.2485292184
-5.14414223676 2.63389925934 -10.2679932097
-5.1277327794 2.65607832632 -10.2824746766
-5.10864277051 2.68184465963 -10.2920045157
-5.0886141386 2.70885147687 -10.296602592
-5.069269498 2.73491286866 -10.2963138177
-5.05160317216 2.7586899795 -10.2912986754
-5.03580928573 2.77992292062 -10.2818952811
-5.02149455784 2.79914392901 -10.2685892805
-5.00813801977 2.81705736689 -10.2518853276
-4.99554947532 2.83392122232 -10.2321391132
-4.98409357881 2.84924466967 -10.2094465165
-4.97457595471 2.86194164755 -10.1836739494
-4.96786562668 2.87084050983 -10.154653504
-4.96446524858 2.87526452417 -10.1224848308
-4.96426880572 2.87535972037 -10.0878219373
-4.9666508673 2.87197531238 -10.052010374
-4.97085850473 2.86613519185 -10.0169891554
-4.97651206272 2.85836164919 -9.98496430479
-4.98394742312 2.84821203999 -9.95795771719
-4.99419089251 2.83431059272 -9.93739279577
-5.00852565486 2.81493142268 -9.92386961293
-5.02780912239 2.78891847106 -9.91720866831
-5.05183810836 2.75654218472 -9.91673413154

/group/N_LCA4/3
3
posId 3-5.11012030829 2.68744610954 -9.93523310346
-5.13419751729 2.65522382791 -9.95122697232
-5.15341034963 2.62954644505 -9.97153881457
-5.16669587518 2.6118393117 -9.99607642626
-5.17438017215 2.6016641297 -10.0246436596
-5.17784502608 2.597164842 -10.0566837686
-5.17882005757 2.59601657407 -10.091155426
-5.17860707725 2.59646634949 -10.1265958557
-5.17756482479 2.5980252673 -10.16134201
-5.1750598521 2.60153570538 -10.1938156286
-5.16987957241 2.60861836291 -10.2227591108
-5.16090142121 2.62077516271 -10.2473417363
-5.14770772385 2.63856431144 -10.2671212494
-5.1308734736 2.66121367057 -10.281911371
-5.11181276114 2.68682609583 -10.2916403927
-5.09227351247 2.71305682638 -10.2962751726
-5.07372510202 2.73793499286 -10.2958370032
-5.05691991301 2.76045207647 -10.2904775041
-5.04181517207 2.78066706498 -10.2805450589
-5.02786388516 2.79931615808 -10.2665754802
-5.01450939553 2.81714888224 -10.2491835338
-5.00162931156 2.83433183354 -10.2288927974
-4.98971126565 2.85021223687 -10.205987956
-4.97968444359 2.86354376398 -10.1804796693
-4.97250633041 2.87304144064 -10.1522303724
-4.96872726199 2.87796695544 -10.1212163154
-4.96826573308 2.87843145434 -10.0878300738
-4.9705196537 2.87524729066 -10.0530933846
-4.97476531509 2.86939293503 -10.0186720523
-4.98064195735 2.86136198033 -9.9866572114
-4.98846262374 2.85074434731 -9.95917110842
-4.99916300065 2.83629288649 -9.93793032412
-5.01386915177 2.81650170323 -9.92392149382
-5.03325401092 2.79046888032 -9.91730290928
-5.05697078862 2.75865719062 -9.9175565368

/group/N_LCA4/6
6
posId 6-5.1359208382 2.67935675842 -9.95047636821
-5.15613168502 2.65247502282 -9.97286667038
-5.17236403962 2.6309229648 -9.99959884521
-5.18385274377 2.61571700985 -10.0295296639
-5.19070580369 2.60670803994 -10.0615218193
-5.19368352337 2.60287667865 -10.0945485865
-5.19375385462 2.60292696988 -10.1277224629
-5.19162577824 2.60590903018 -10.1602428337
-5.1874674014 2.61159492957 -10.1912981166
-5.18092678303 2.62045053423 -10.2199834063
-5.17143250032 2.63323424803 -10.2452916494
-5.15862269745 2.65042467837 -10.2662043278
-5.14269457049 2.67175484817 -10.2818599472
-5.12450628959 2.69607693733 -10.2917370257
-5.10538065543 2.72162489336 -10.2957727488
-5.08669919357 2.74655624462 -10.2943579252
-5.06947203942 2.76952564179 -10.2881965817
-5.05407846188 2.79003022215 -10.2780746166
-5.04029176759 2.80837533199 -10.2646220259
-5.02756939969 2.82528661242 -10.2481593462
-5.01546686367 2.8413574146 -10.2286876318
-5.00397961219 2.85659301934 -10.2060252552
-4.99365488991 2.87026233559 -10.1800375293
-4.98542688609 2.88111896776 -10.1508704401
-4.98026006159 2.88787798658 -10.1191014712
-4.97877480306 2.88971570946 -10.085756565
-4.98103458911 2.88655331223 -10.0521960773
-4.9865927965 2.87899350518 -10.0199207006
-4.99476926003 2.86795048779 -9.99037103816
-5.00501326018 2.85416478156 -9.96478437992
-5.01716548602 2.83785328957 -9.94413683339
-5.03147862292 2.81868187242 -9.92915666788
-5.04837302928 2.79609167007 -9.920365689
-5.06803544947 2.7698348714 -9.91810215766
-5.09005208515 2.74046443149 -9.92250049081

/group/N_LCA4/9
9
posId 9-5.09595634403 2.77404557855 -9.95398020007
-5.12433181469 2.7363632258 -9.95251868917
-5.14904140359 2.70357285821 -9.95712682707
-5.16847590948 2.67780735889 -9.96686626809
-5.1826317244 2.65907012935 -9.98139275595
-5.19270932774 2.64576821884 -10.0009602832
-5.20029314354 2.63579942991 -10.0259587314
-5.20650763121 2.62767016528 -10.0562493951
-5.21152460794 2.62114762712 -10.0906769072
-5.21460339035 2.61720643458 -10.1270486337
-5.21458035722 2.61738058711 -10.1626293995
-5.21052046827 2.62290156318 -10.1949280938
-5.20219594403 2.63406555489 -10.2223958965
-5.19017921163 2.65011114589 -10.2446963666
-5.17555474747 2.66960079026 -10.2624250206
-5.15944931475 2.69104184287 -10.2764372206
-5.14265243237 2.71338764299 -10.2871415671
-5.12551870123 2.73616570327 -10.2941280314
-5.10816385337 2.75921801103 -10.2963196339
-5.09079188846 2.7822690254 -10.2925580953
-5.07391984474 2.80463005325 -10.2823034553
-5.05833792336 2.82525393878 -10.2660661192
-5.04481352806 2.84312772369 -10.2453298517
-5.03371897011 2.85776471936 -10.2219929742
-5.02483271576 2.8694653542 -10.197611797
-5.01748630296 2.87911983867 -10.1728401393
-5.01103886451 2.8875778335 -10.1473628714
-5.00545951348 2.89487707413 -10.1203681798
-5.00169814002 2.89975416382 -10.0913234447
-5.00159192358 2.89977146184 -10.0606584299
-5.00726632282 2.89211338994 -10.0300010633
-5.0202449588 2.87476693104 -10.001834696
-5.04065287178 2.84757645747 -9.9787364139

/group/N_LCA4/12
12
posId 12-5.0743088748 2.85742094069 -9.99557462826
-5.09303474021 2.83258774457 -9.96437935028
-5.11366762022 2.80528801632 -9.94691124941
-5.13485747344 2.77730372557 -9.94315088426
-5.15535848545 2.75026735598 -9.94985538385
-5.17410558149 2.72556740299 -9.96231636569
-5.19035171271 2.70417563604 -9.97665519718
-5.20381001407 2.68646556847 -9.99147890128
-5.21468565676 2.6721711377 -10.0080764169
-5.22350778207 2.66060378811 -10.0291292957
-5.2307787548 2.65110803331 -10.0567031134
-5.23658499217 2.64356922462 -10.0906411749
-5.24037769247 2.63870169828 -10.1282156609
-5.241079663 2.6379116094 -10.1651686713
-5.23751943179 2.64273055935 -10.197512635
-5.22901389538 2.65405223874 -10.2230820741
-5.21581720968 2.67154173216 -10.2420307323
-5.19919306813 2.693537439 -10.2561080307
-5.1810406456 2.71753958529 -10.2672409705
-5.16322673012 2.74108721555 -10.2762921608
-5.14693168197 2.76262011846 -10.2826803294
-5.13232015953 2.78191565453 -10.2849728878
-5.11869327426 2.79989186317 -10.2819552612
-5.10504476093 2.81787623163 -10.2734181789
-5.09074990463 2.83669623166 -10.2601342837
-5.07606020485 2.85602343897 -10.2430652864
-5.06218291562 2.87426493657 -10.2223862161
-5.05093174533 2.88902290031 -10.1970828018
-5.04413293914 2.89788077399 -10.1655496533
-5.04306124562 2.89915291136 -10.1269772007
-5.0481280899 2.89230135887 -10.0827524459

/group/N_LCA4/15
15
posId 15-5.10730987372 2.88009074524 -9.99686815803
-5.1257654463 2.85578554023 -9.96590672408
-5.14654342533 2.82848091641 -9.94885853897
-5.16730989043 2.80123774866 -9.94578157754
-5.18624012448 2.77643794421 -9.95335740645
-5.20263584743 2.75498111485 -9.96673177856
-5.21690869698 2.73631428031 -9.98193780689
-5.22995995003 2.71925086199 -9.9975734269
-5.24235328478 2.70305571686 -10.0148621233
-5.25378869659 2.68813017865 -10.0361879508
-5.26317525977 2.67590992616 -10.0630724466
-5.26921046893 2.66810075924 -10.0948241809
-5.2710599486 2.66578745466 -10.128605378
-5.26869403013 2.66899677666 -10.1607563236
-5.26269240565 2.67695922445 -10.1884748537
-5.25369774139 2.68882887391 -10.2108154188
-5.24193417707 2.70431416013 -10.2284922862
-5.22715145322 2.72374746463 -10.2427693037
-5.20905098276 2.74752239608 -10.2542625655
-5.18790509855 2.77528004551 -10.262437391
-5.16493046902 2.80542066068 -10.2660207255
-5.14212546184 2.83531987494 -10.2638899053
-5.12163167939 2.8621680749 -10.2557028668
-5.10499771893 2.88393556358 -10.2417970781
-5.09279382955 2.8998756059 -10.2224994013
-5.08479880661 2.91027725779 -10.1974994442
-5.08060374683 2.91567396378 -10.1659570684
-5.08020154136 2.91607380604 -10.1274984573
-5.08414209091 2.91076037678 -10.0835483037

/group/N_LCA4/18
18
posId 18-5.15217697073 2.89753039074 -9.98283903509
-5.13267098013 2.9230192981 -10.0155773854
-5.12100008601 2.93832079004 -10.0527034135
-5.1169675228 2.94367912733 -10.0901154129
-5.11835065425 2.94198094532 -10.1254313239
-5.12245621956 2.93673067317 -10.1580304682
-5.12773385866 2.92994697244 -10.1880233613
-5.13449438128 2.92122406841 -10.21501493
-5.14436944206 2.9084336668 -10.2375850635
-5.15893730771 2.88951559368 -10.2538369616
-5.17842545057 2.86417022668 -10.2625687031
-5.20129224371 2.83440563731 -10.2641594009
-5.2248837856 2.80368215097 -10.2604482817
-5.24666996608 2.77529986362 -10.2535947327
-5.26523680853 2.75110261623 -10.2446505308
-5.28044358188 2.7312713503 -10.2328333001
-5.29276086738 2.71518741809 -10.2160678581
-5.30236359533 2.70261778281 -10.1925261494
-5.30868276941 2.69430317818 -10.1622026932
-5.31074501346 2.69151772601 -10.1274860118
-5.30802323485 2.69495900795 -10.092300426
-5.30111673824 2.70385744779 -10.0603103006
-5.29166841907 2.71607941957 -10.0333020732
-5.28146080757 2.72930286644 -10.0107709285
-5.27124819888 2.7425407712 -9.99098099131
-5.26014524233 2.75694250738 -9.97282130264
-5.24609601182 2.7751873825 -9.95725492879
-5.22726043265 2.79967994443 -9.94739838731
-5.20352019202 2.83058545385 -9.94712440438

/group/N_LCA4/21
21
posId 21-5.18361210497 2.94118011203 -10.0074565137
-5.16925586843 2.95981982751 -10.0496537494
-5.16117335138 2.97035822597 -10.0916019534
-5.15950405216 2.97260224861 -10.1279883448
-5.16321378611 2.96788362122 -10.157323277
-5.17075970838 2.95819900201 -10.1814614772
-5.1808824331 2.94518159145 -10.2033041955
-5.19308073814 2.92948206142 -10.2242835318
-5.20753210513 2.91086841487 -10.2432370964
-5.22456206311 2.88891324369 -10.2572570453
-5.24402595944 2.86379701839 -10.2637532723
-5.26499284886 2.83672051787 -10.2622041712
-5.2859088363 2.80969443456 -10.2543683966
-5.30511164222 2.78487149335 -10.2428608369
-5.32136589002 2.7638504415 -10.2291650364
-5.33410988277 2.7473547877 -10.2125574185
-5.3433194438 2.73541025167 -10.1907802886
-5.34914888042 2.72781327011 -10.162059675
-5.35163225362 2.72452152079 -10.1270763789
-5.3506461665 2.72570316494 -10.0894564718
-5.34611776764 2.73146470341 -10.0543063516
-5.33826952789 2.74152867356 -10.0256484767
-5.3276647276 2.7551700378 -10.0044181721
-5.31497487173 2.77151632776 -9.98839279655
-5.30061941156 2.7900177227 -9.97419673304
-5.28456062426 2.81071883428 -9.9601476279
-5.26646592538 2.83405359577 -9.94809177995
-5.24620951361 2.86019642796 -9.94295093244
-5.22443112259 2.88833445244 -9.95012720783

/group/N_LCA4/24
24
posId 24-5.23195751993 2.96986278128 -10.0138142778
-5.21548180076 2.9910157214 -10.0535459072
-5.20525334776 3.00417603045 -10.0929243329
-5.20232087836 3.00799371013 -10.1275570006
-5.20597938085 3.00336867175 -10.1564032571
-5.21432693901 2.99273709162 -10.1810874253
-5.22535695548 2.97867011196 -10.2037828062
-5.23793076063 2.96262568524 -10.2251605001
-5.25207431007 2.94456775434 -10.2437292084
-5.26847917137 2.92360660104 -10.2568674681
-5.28758142638 2.89918073384 -10.2626808663
-5.30883172976 2.87199314894 -10.2612916526
-5.33061418665 2.84411469612 -10.254623513
-5.35083572625 2.81822713572 -10.244847145
-5.36778172299 2.79652522218 -10.2326323034
-5.38069113013 2.77997976273 -10.2165263443
-5.38972429125 2.76838082819 -10.1940169623
-5.3954174437 2.76103964425 -10.1636506106
-5.3980512478 2.75759976036 -10.1267814184
-5.39738604581 2.75837593887 -10.087682668
-5.39292767705 2.76401074722 -10.0517915169
-5.38449263966 2.77474657917 -10.0231042437
-5.37261843981 2.78989723248 -10.0023603105
-5.35847173483 2.80796574118 -9.98721083403
-5.34327188531 2.82738582762 -9.9743190363
-5.32761746171 2.84738869611 -9.96208483149
-5.3112147373 2.86835342315 -9.95224369014
-5.29326797565 2.89130652426 -9.94926599508
-5.27334825687 2.91680571109 -9.95785965556

/group/N_LCA4/27
27
posId 27-5.28559398886 2.99720987591 -9.9819318022
-5.26741247684 3.02026639121 -10.0143746362
-5.25444050996 3.03673598781 -10.0522418881
-5.24685010335 3.04639544266 -10.0913797397
-5.24437996753 3.0495713799 -10.1286804719
-5.24663957628 3.04675613851 -10.1626480904
-5.25318859027 3.03850675453 -10.1930310186
-5.26341103675 3.02560300748 -10.2199043167
-5.27636903069 3.00923151679 -10.2428686086
-5.29084450889 2.99093271019 -10.2608943692
-5.30564342523 2.97221651805 -10.2728785137
-5.32003266833 2.95401045255 -10.2784891833
-5.33404233909 2.93627765045 -10.278662523
-5.34839508844 2.9181059387 -10.2753178446
-5.36401845168 2.89832378188 -10.2703550286
-5.38134829856 2.87638040951 -10.2644856284
-5.39978961619 2.85302753111 -10.2566201008
-5.41765881435 2.83039289024 -10.2442655153
-5.43269641588 2.81133302941 -10.2248215866
-5.44293219285 2.79834026637 -10.1971241033
-5.44747741523 2.79254114595 -10.1623957454
-5.44683361302 2.79330536069 -10.1240514091
-5.44254617111 2.79868253029 -10.0864199055
-5.43637049705 2.8064553934 -10.0530429496
-5.42937567731 2.81527275809 -10.0254533871
-5.42144501898 2.82528156822 -10.0030743763
-5.41142514123 2.8379395647 -9.98426082604
-5.39783785147 2.85511629116 -9.96787106487
-5.37978367284 2.87795102142 -9.95446661992
-5.35758261093 2.90604188186 -9.94645301775
-5.33285300239 2.93734471294 -9.9470704918

/group/N_LCA4/30
30
posId 30-5.51463123693 2.80926186949 -10.0588549602
-5.51864752535 2.80427239235 -10.10883638
-5.5209185317 2.8014647257 -10.1580972648
-5.52107614594 2.80129736773 -10.2038920816
-5.51860941866 2.80440776177 -10.2440001905
-5.51297014753 2.81148045581 -10.277008472
-5.50370961119 2.82307620279 -10.3024201147
-5.49061458241 2.83946184232 -10.3205787382
-5.47380887959 2.86048317391 -10.3324403956
-5.45379354163 2.88551451869 -10.339258802
-5.43141269229 2.91350119323 -10.34226355
-5.40774979474 2.94308906567 -10.3424045188
-5.38397574896 2.97281440154 -10.340211305
-5.36118181441 3.00131276783 -10.3357820663
-5.34023367587 3.02750157091 -10.328881712
-5.32167731415 3.05069785996 -10.3191042442
-5.30571427254 3.07064936482 -10.3060443902
-5.29224692904 3.08747797461 -10.2894306972
-5.28097795145 3.1015554237 -10.2691923379
-5.27153641783 3.11334559139 -10.2454576668
-5.26359892639 3.12325303607 -10.2185055575
-5.25697808241 3.13151231224 -10.188703582
-5.25166149202 3.13813918627 -10.1564665703
-5.24779854709 3.14294715995 -10.1222559896
-5.24564583109 3.14561576042 -10.0866199671
-5.24549128929 3.14578539545 -10.0502532011
-5.2475801645 3.14314999245 -10.01404293
-5.25206183791 3.13752346637 -9.97906662261
-5.25896782232 3.12886719006 -9.94652001181
-5.26822027769 3.11727925551 -9.91757690734
-5.27966101137 3.10295809455 -9.89320777809
-5.29308579068 3.0861594609 -9.87400393682
-5.3082692685 3.06716518778 -9.86006112815
-5.32497140937 3.04627514476 -9.85096686701
-5.34292488501 3.02382307007 -9.84591136337
-5.36181144771 3.0002062565 -9.84390841126
-5.38124080089 2.97591215568 -9.84407948058
-5.40074599359 2.95152431686 -9.84593123093
-5.4198045368 2.92769611038 -9.84955123582
-5.43788571396 2.90509160608 -9.85566170037
-5.45451472026 2.8843052991 -9.86550354649
-5.46933659115 2.86578199871 -9.880565501
-5.48216010998 2.8497616864 -9.90221377451
-5.49296534077 2.83626984678 -9.93130649913
-5.50186754085 2.82516239058 -9.9678852254

/group/N_LCA4/33
33
posId 33-5.4662336115 2.97173108376 -9.86223606785
-5.4404280283 3.00354270841 -9.85164562956
-5.41316924127 3.03714556937 -9.84196594651
-5.38511363146 3.07173049783 -9.83362886853
-5.35707827475 3.10629020871 -9.82729973217
-5.32996812957 3.13970906418 -9.82380921144
-5.30468811774 3.17087146367 -9.82405099382
-5.28205284129 3.19877315049 -9.82885884845
-5.26270706931 3.22261924267 -9.83888056632
-5.24706841831 3.24189490427 -9.8544675219
-5.23530012762 3.25639891455 -9.87559695095
-5.22731708718 3.26623624173 -9.90183965593
-5.22282309622 3.271772112 -9.93237938124
-5.22137257137 3.27355593389 -9.9660825373
-5.22244635414 3.27222783713 -10.0016094771
-5.22552945826 3.26842281693 -10.0375523187
-5.23017880969 3.26268721331 -10.0725803457
-5.23607118836 3.25541959706 -10.1055729304
-5.24302527641 3.24684357838 -10.1357218786
-5.25099629518 3.2370144103 -10.1625897724
-5.26004637844 3.22585550856 -10.1861175344
-5.27029778553 3.21321613049 -10.2065819959
-5.28187864842 3.19893826279 -10.2245115309
-5.29487175777 3.18291976649 -10.2405736816
-5.30927583082 3.1651621371 -10.2554522697
-5.32498599943 3.14579457121 -10.2697322575
-5.34179642519 3.12507075435 -10.2838085567
-5.35942369555 3.10334002775 -10.2978305024
-5.3775457498 3.08099940644 -10.311687614
-5.39584822378 3.05843644727 -10.3250355971
-5.41406879124 3.03597458243 -10.3373553974
-5.4320305394 3.01383196754 -10.3480334837
-5.44965754969 2.99210226454 -10.3564490952
-5.4669692638 2.97076157656 -10.3620542475
-5.48405427477 2.94970074775 -10.3644347081
-5.50102814999 2.92877735014 -10.3633443975
-5.51798304159 2.90787779777 -10.3587109227
-5.53493858889 2.88697787126 -10.3506152216
-5.55180363592 2.86618991324 -10.3392526729
-5.56835655215 2.84578709262 -10.324885738
-5.5842487506 2.82619907358 -10.3077988507
-5.59903189989 2.80797847575 -10.2882648107
-5.6122050521 2.79174278212 -10.266528737
-5.62327422006 2.77810089827 -10.2428113629
-5.63181450587 2.7675765647 -10.217328968
-5.63752416156 2.76054171292 -10.1903234305
-5.64026111197 2.75717144016 -10.1620934932
-5.64005531796 2.75742876648 -10.1330178412
-5.63709443423 2.76108231331 -10.1035620994
-5.63168482636 2.76775435916 -10.074265095
-5.62419435783 2.77699136984 -10.0457040877
-5.61498667693 2.7883450088 -10.0184433133
-5.60435842952 2.80144954191 -9.99297419832
-5.59249057275 2.81608185968 -9.96965819133
-5.57942277687 2.83219303734 -9.94868373415
-5.56505611841 2.84990501734 -9.93004727348
-5.54918451104 2.86947186347 -9.913564577
-5.53155038516 2.89121111969 -9.89891354506
-5.51191585156 2.91541607869 -9.88570405783

/group/N_LCA4/36
36
posId 36-5.55843076419 2.96056650055 -10.2606314375
-5.57638670702 2.9388298155 -10.2331099315
-5.59206203501 2.91985871817 -10.204426045
-5.60476667907 2.9044894066 -10.1748273758
-5.61406440329 2.89325055634 -10.1444095767
-5.61981825176 2.88630814728 -10.1132001341
-5.62218165012 2.88347615056 -10.0812550351
-5.62153809154 2.88428954856 -10.0487449665
-5.61840269702 2.88812359966 -10.0160106291
-5.61330651117 2.89433407484 -9.98357413052
-5.60668761446 2.90238927983 -9.95210359101
-5.59881135096 2.91196682548 -9.92233878482
-5.58973558378 2.92299584165 -9.89499451309
-5.57932725469 2.93563700434 -9.8706635033
-5.56732567201 2.95020590019 -9.84974084677
-5.55343815557 2.96705713017 -9.83238727138
-5.53744697238 2.98645467887 -9.81853993446
-5.51930427906 3.00845677435 -9.80796879762
-5.4991944785 3.03284021198 -9.80036634635
-5.47755039186 3.05908064619 -9.79545071596
-5.45501943796 3.0863934898 -9.79305890416
-5.43238651402 3.11382732919 -9.79320848027
-5.4104692656 3.14039085496 -9.79611272744
-5.39000703629 3.16518750652 -9.80214411554
-5.37156584755 3.18753073276 -9.81175227903
-5.35547809829 3.20701719774 -9.82535283728
-5.34182811665 3.22354441393 -9.8432102293
-5.33048489021 3.2372711695 -9.86533971501
-5.32117335813 3.24853117151 -9.89145032063
-5.31356769485 3.25771997677 -9.92094241587
-5.30738573138 3.26518048499 -9.95296245854
-5.30246393216 3.27111195217 -9.98650555277
-5.29879706841 3.27552176722 -10.0205463461
-5.29653484374 3.27822940534 -10.0541725952
-5.2959374455 3.27892019296 -10.086694812
-5.29730118999 3.27723536995 -10.1177100048
-5.30087209304 3.27287684796 -10.1471067553
-5.3067678768 3.26570180381 -10.1750108212
-5.31492703281 3.25578452661 -10.2016826725
-5.325097508 3.2434302642 -10.227388311
-5.33686868036 3.22913659674 -10.2522703166
-5.349740486 3.21350975009 -10.2762461364
-5.36321499587 3.19715364745 -10.2989551561
-5.37689031195 3.18055608751 -10.3197661906
-5.39053558279 3.163997747 -10.3378447483
-5.40412951927 3.14750537772 -10.3522672999
-5.41785230812 3.1308614657 -10.3621603042
-5.43203070479 3.11367064572 -10.3668368622
-5.44704624013 3.0954708559 -10.3659045458
-5.46322472027 3.075867218 -10.3593240077
-5.4807297419 3.05466111123 -10.3474081057
-5.49948276352 3.03194711627 -10.3307633477
-5.51912733673 3.00815647692 -10.3101869438

/group/N_LCA4/39
39
posId 39-5.60080496827 3.01004957873 -10.2229156552
-5.57939460722 3.03543831629 -10.2446627624
-5.55770578276 3.06116300888 -10.2639341631
-5.53648430477 3.08633872849 -10.2802291048
-5.51623175346 3.11037136552 -10.2927156593
-5.4971855179 3.13298105609 -10.3003678092
-5.47935990479 3.15415287137 -10.302193906
-5.4626352249 3.17403044603 -10.2974972468
-5.44686997801 3.19278224784 -10.2860978359
-5.43200596641 3.21047646101 -10.2684518687
-5.41813872161 3.2269973684 -10.2456304546
-5.40553532274 3.24202452713 -10.2191551663
-5.39459594024 3.25507901968 -10.1907256839
-5.38577048846 3.265623123 -10.1619040353
-5.37945365832 3.27318558989 -10.1338327984
-5.37588722096 3.27747807578 -10.1070574685
-5.37509641015 3.2784707723 -10.0814976177
-5.37687801084 3.27640629227 -10.0565739991
-5.38084398104 3.27174732796 -10.0314590681
-5.38650969491 3.26507117825 -10.0053868646
-5.39340412305 3.25693825762 -9.97794307198
-5.4011735496 3.24776847803 -9.94926133386
-5.40965222952 3.23775720256 -9.92007620423
-5.41888216744 3.22685196417 -9.89162010281
-5.42907756441 3.21479518334 -9.86539167862
-5.4405438435 3.2012209857 -9.84285563274
-5.45357271695 3.18578046343 -9.82515086085
-5.46834046952 3.16826294523 -9.81288049299
-5.48483507538 3.14868273667 -9.80603507308
-5.50282946856 3.12731072262 -9.80406476885
-5.5219055857 3.10464539302 -9.80607754457
-5.54152018828 3.08133409047 -9.81110793372
-5.56109265143 3.05806816708 -9.81838382963
-5.58008978405 3.03548181866 -9.8275209065
-5.59808464561 3.01408206355 -9.8385950383
-5.6147746414 2.99422738342 -9.85207662579
-5.62995654413 2.97615777666 -9.86864796389
-5.64346902668 2.96006354132 -9.88895569431
-5.65512316636 2.94616833995 -9.91336680783
-5.6646453965 2.93479733239 -9.94179438161
-5.67165434958 2.92640480632 -9.97363912926
-5.67568370981 2.92154688167 -10.0078605768
-5.67625007387 2.92080052339 -10.0431561614
-5.6729514885 2.92464599309 -10.0781974918
-5.66557248558 2.93334159946 -10.1118582941
-5.65416787064 2.94682383456 -10.1433721047
-5.63910137714 2.96466135882 -10.1723784852

/group/N_LCA4/42
42
posId 42-5.59497793927 3.11290430787 -10.2626241068
-5.5726654088 3.13871960336 -10.2763741855
-5.55155510455 3.16315794844 -10.2851978676
-5.5321155658 3.18568136102 -10.2875780057
-5.51460670432 3.20599179563 -10.282557028
-5.4991017152 3.22400494686 -10.2699761965
-5.48554250093 3.23978581022 -10.2505353485
-5.47381265118 3.25346455061 -10.2256567516
-5.46380864737 3.26515497032 -10.1971870742
-5.45549164909 3.27489577223 -10.1670130851
-5.44890839421 3.28262758444 -10.1366885361
-5.44417865569 3.28820839581 -10.1071660286
-5.4414559065 3.29145947381 -10.0786994737
-5.44087487596 3.29222583643 -10.0509375449
-5.44250269424 3.29043202616 -10.023178236
-5.44630859095 3.28611608026 -9.99471259671
-5.45216121377 3.27943150652 -9.96516297291
-5.45985426857 3.27061675997 -9.93472355899
-5.46915271699 3.25994143802 -9.90423797196
-5.47984557185 3.24764544487 -9.87509259992
-5.491789138 3.23388975274 -9.84895386277
-5.50492697736 3.21873442983 -9.82741908143
-5.51927927547 3.20215211353 -9.8116733682
-5.53490289449 3.18407513674 -9.80224288848
-5.55183183949 3.16446481866 -9.79890870786
-5.57001379201 3.14338470574 -9.80080235936
-5.58926010236 3.12105769617 -9.80665586676
-5.60922363769 3.09789058886 -9.81513822484
-5.62941190374 3.074457761 -9.82518812986
-5.64923373606 3.05144624432 -9.83625490863
-5.66806903747 3.02957460515 -9.84838537779
-5.68534491098 3.00950499443 -9.86213668831
-5.70059978684 2.99176960364 -9.87834256591
-5.71352028886 2.97672898385 -9.89779992624
-5.723942831 2.9645712158 -9.9209639519
-5.73182137158 2.95534999183 -9.94773671797
-5.73717186094 2.94904920107 -9.97740822946
-5.7400102443 2.94565441887 -10.0087664692
-5.74030269261 2.94520975869 -10.0403462724
-5.73794349161 2.94784243218 -10.0707483025
-5.73276853069 2.95374610876 -10.0989396376
-5.72460255008 2.96312549061 -10.1244519502
-5.7133288083 2.97611543289 -10.147420871
-5.6989631548 2.99269553337 -10.1684534883
-5.68171244392 3.01262333152 -10.1883583414
-5.66200040853 3.03540543946 -10.2078108647
-5.64045175669 3.06031700201 -10.2270464624

/group/N_LCA4/45
45
posId 45-5.6336555059 3.15884890939 -10.2538626302
-5.60736230671 3.18837202306 -10.2599630469
-5.58233934517 3.21650128327 -10.2591274989
-5.55960535527 3.24209463541 -10.2507462354
-5.53989360485 3.26432663988 -10.2350783544
-5.52359100668 3.28275697782 -10.2132378556
-5.51074570441 3.29732302203 -10.1869688745
-5.50113516763 3.30826514035 -10.1582686707
-5.49437349934 3.31600817451 -10.1289595926
-5.4900296082 3.32103039256 -10.1003254855
-5.48772854722 3.32375057271 -10.0729097286
-5.48721593213 3.32445554394 -10.046526447
-5.4883773329 3.32327733621 -10.0204764526
-5.49121724537 3.32021508278 -9.99390222123
-5.49581210022 3.31518593259 -9.96617797761
-5.50225622398 3.30808426139 -9.9372225185
-5.51061795235 3.29883028305 -9.9076459431
-5.52091631946 3.28739654134 -9.8786900118
-5.53311949182 3.27381087522 -9.8519813031
-5.54715758388 3.25814378022 -9.82916955476
-5.56293749646 3.24049354795 -9.81155534578
-5.58034751371 3.22098245362 -9.79981269905
-5.59924440651 3.19977176841 -9.79388318818
-5.61942390617 3.17709449954 -9.79306744537
-5.64058375812 3.15329566061 -9.79628252062
-5.66229413773 3.12886384291 -9.80240609801
-5.68399084158 3.10443726538 -9.81060483453
-5.70500174839 3.08077297681 -9.82055072648
-5.72460776873 3.05867813967 -9.83246417077
-5.74212855799 3.03891437034 -9.84697480202
-5.75701404666 3.0220962079 -9.86484566808
-5.76891842133 3.0086095552 -9.88664676275
-5.77773535792 2.99857342769 -9.91247848101
-5.78358196308 2.99185869429 -9.94183001027
-5.78673196032 2.98816299175 -9.97361673611
-5.78751267064 2.98712550834 -10.0063866435
-5.7861913142 2.98845324366 -10.0386345492
-5.78288079821 2.99202529968 -10.069130066
-5.77749179383 2.99794555984 -10.0971603674
-5.769747063 3.00652617836 -10.1226136944
-5.75925830238 3.01820170974 -10.1458769176
-5.74564928977 3.03339196019 -10.1675764357
-5.72869625356 3.05234586835 -10.1882396911
-5.70845067289 3.07500501844 -10.2079802747
-5.68531283121 3.10092190923 -10.226305084

/group/N_LCA4/48
48
posId 48-5.73218383066 3.13490487788 -10.2171859793
-5.70905813394 3.15976356455 -10.2360589297
-5.68513034231 3.18552355013 -10.2498243745
-5.66131389842 3.21120370147 -10.2576247032
-5.63853421474 3.23580752001 -10.2589607844
-5.61759969113 3.25846207137 -10.2537557368
-5.59909480181 3.2785336325 -10.2423357348
-5.5833241632 3.29568876288 -10.2253359879
-5.57032191538 3.30988511371 -10.2035613865
-5.55992180452 3.32129667507 -10.1778436069
-5.55186587562 3.3301970505 -10.1489358327
-5.54591904169 3.33683593847 -10.1174728587
-5.5419562075 3.34134478516 -10.0840023708
-5.53999816498 3.34369742618 -10.0490695587
-5.54018905638 3.34373374339 -10.0133193677
-5.5427265608 3.34123456836 -9.97757432901
-5.5477703364 3.33602048269 -9.94285310193
-5.55536019307 3.32804061705 -9.91031346411
-5.56537123993 3.3174219586 -9.88112773022
-5.57752034842 3.30446346594 -9.85632090514
-5.59142094108 3.28957792559 -9.83661527695
-5.60666698117 3.27320191607 -9.82232537425
-5.62291730117 3.25570485513 -9.81333407477
-5.63995119328 3.23732849111 -9.80915811339
-5.65767554782 3.21817825329 -9.80908614715
-5.67607974092 3.19827081574 -9.81235249735
-5.6951518124 3.17762355535 -9.81830070023
-5.71478264164 3.15635732687 -9.82649559832
-5.73468955793 3.13477875652 -9.83675922377
-5.75438553461 3.11341381163 -9.84912885495
-5.77320643729 3.09297903052 -9.86375812272
-5.79039103346 3.07429588837 -9.88079702127
-5.80519224558 3.05817128389 -9.9002897719
-5.81698858801 3.0452775053 -9.92212018089
-5.82536489544 3.03606497665 -9.94601586036
-5.83014126755 3.03073062116 -9.97160167099
-5.831345491 3.02924714116 -9.99847598092
-5.82914184669 3.03143949482 -10.0262762913
-5.82374253966 3.03708041459 -10.0547056681
-5.815332749 3.04597156706 -10.0835064884
-5.8040349654 3.05798257593 -10.1123881395
-5.78992457444 3.07303481804 -10.1409336683
-5.77309095148 3.09103594846 -10.1685206971

/group/N_LCA4/51
51
posId 51-5.7153186641 3.22926034203 -10.2143096136
-5.68439876342 3.26092826285 -10.2204529075
-5.6550991543 3.29099924031 -10.219629861
-5.62966699938 3.31717534294 -10.2110121043
-5.60963551553 3.33788268349 -10.1946751614
-5.59553161728 3.35257083733 -10.1716576961
-5.5868815322 3.36170948804 -10.143705787
-5.58250268481 3.36649336998 -10.1128019194
-5.58097283567 3.36836561446 -10.0806644126
-5.5811121134 3.36852631411 -10.0484117893
-5.58231942737 3.36758779571 -10.0165146288
-5.58466710892 3.36547525708 -9.98503515494
-5.58875036238 3.36157741317 -9.95403372472
-5.59537458553 3.35506371378 -9.92395245208
-5.60521156285 3.34523538688 -9.89579831931
-5.61854962568 3.3317827992 -9.87103597266
-5.63521005087 3.31487463499 -9.85122667737
-5.65462747193 3.29507978741 -9.83756109888
-5.676028121 3.27318801808 -9.83048249049
-5.69861177067 3.250024442 -9.8295625633
-5.72165967733 3.22633700626 -9.8336889426
-5.74454025684 3.20278662987 -9.84149398436
-5.76664139777 3.18001195443 -9.85185407372
-5.78729584257 3.15870243364 -9.86425869093
-5.8057667391 3.1396122949 -9.87890212569
-5.82132484085 3.12348338052 -9.89646533903
-5.83339475369 3.11089916391 -9.91768312694
-5.84170197434 3.10213825664 -9.94287906537
-5.84633879519 3.09710964852 -9.97166141599
-5.84769467595 3.09542433787 -10.002903244
-5.84625551791 3.09659877592 -10.0350093447
-5.842341165 3.10032010226 -10.066352313
-5.83589151113 3.10666167339 -10.0956909506
-5.82640752061 3.11614146281 -10.1223951289
-5.81310151874 3.12956840518 -10.1463871671
-5.79522935595 3.1477044737 -10.1678339309
-5.772497732 3.17085063366 -10.1867331992

/group/N_LCA4/54
54
posId 54-5.74976505054 3.2607740186 -10.215040234
-5.717688415 3.29175895615 -10.2199414698
-5.68709430253 3.32141014135 -10.2182802049
-5.66043731251 3.34735729145 -10.2096313296
-5.63945700392 3.36791415503 -10.1941090608
-5.62481364412 3.38243071092 -10.1724003886
-5.61604485849 3.39133667476 -10.1456665507
-5.61184980304 3.39586949441 -10.1153387233
-5.61059834165 3.39758512571 -10.0828711359
-5.61089072604 3.39781935648 -10.0495295131
-5.61198322642 3.39727738915 -10.0162791633
-5.61394918372 3.39587765794 -9.98379980263
-5.61754208404 3.39288253464 -9.95260698736
-5.62383148316 3.38724826439 -9.92322044593
-5.63375638761 3.37805529411 -9.89630258234
-5.64775878544 3.36486245415 -9.87270255697
-5.66561847949 3.34786810525 -9.85337831305
-5.68652744071 3.32784092589 -9.83921700788
-5.70935050398 3.30587087628 -9.83081554159
-5.73295417205 3.28305358076 -9.82830170154
-5.7564699866 3.26023636015 -9.83126557371
-5.77939678498 3.23791805668 -9.83883404531
-5.80151984655 3.21632420889 -9.84987179574
-5.82270360981 3.19560363033 -9.86324816188
-5.84266635635 3.17604272015 -9.87808662397
-5.86084955414 3.15818956861 -9.89392039357
-5.87645043601 3.14282212418 -9.91071084261
-5.88861255633 3.13076545049 -9.92873278367
-5.89669634704 3.12263283981 -9.94837451034
-5.9005106774 3.118604882 -9.96992532591
-5.90039515409 3.11835217111 -9.99342082212
-5.89709944063 3.12115300671 -10.018588623
-5.89148873317 3.12617785038 -10.0448962178
-5.88418082531 3.13283901296 -10.0716641405
-5.87525849227 3.14106728913 -10.0981867724
-5.86418373658 3.15139383946 -10.1238069073
-5.8499715396 3.16478193046 -10.1479163926
-5.83158437154 3.18224590609 -10.169892319
-5.80842071446 3.20437947122 -10.1890107739

/group/N_LCA4/57
57
posId 57-5.77989152013 3.28948304266 -10.2211983874
-5.74581360705 3.32037904836 -10.2257581676
-5.71381355045 3.34956097472 -10.223677531
-5.68631234588 3.37483525386 -10.2145809839
-5.66484407969 3.3948019729 -10.1986030517
-5.64980282379 3.40908475771 -10.176406731
-5.64052412352 3.41825881848 -10.1491004473
-5.63565844792 3.42351543066 -10.1180733463
-5.63370128706 3.42618487153 -10.0847917702
-5.63349952605 3.42728057826 -10.05060966
-5.6345704943 3.42721220046 -10.0166392251
-5.637141537 3.42575073493 -9.98370774469
-5.64191832102 3.42223831791 -9.95239862488
-5.64968410032 3.41595036993 -9.92314895775
-5.66088737107 3.4064679586 -9.89636019657
-5.67537332725 3.39392009692 -9.87247799791
-5.69235715843 3.3790075335 -9.85201149054
-5.7106457997 3.36280217843 -9.83548596354
-5.72902230362 3.34639978299 -9.82334787748
-5.74664665649 3.33055795174 -9.81585863336
-5.76332008536 3.31545761821 -9.81301783217
-5.77950901587 3.30068168269 -9.81454662757
-5.79611223165 3.28542552174 -9.81994100997
-5.81404915826 3.26886882203 -9.82858084938
-5.83381465078 3.25057729682 -9.83986164077
-5.85516170698 3.23078843618 -9.85330857935
-5.87703178912 3.21047325796 -9.86863915186
-5.89776703641 3.19114328131 -9.88575829867
-5.91553935275 3.17446171913 -9.90469292017
-5.92885318685 3.16178851227 -9.92549203796
-5.93694977255 3.15381501246 -9.94812852549
-5.93997169872 3.15041590461 -9.9724348919
-5.93882795805 3.15077237365 -9.9980907432
-5.93480338563 3.15372662812 -10.0246589481
-5.92904671099 3.1582461862 -10.0516489114
-5.92211660274 3.16383548927 -10.0785756404
-5.91374867062 3.17074727218 -10.1049861348
-5.90293314474 3.17991240203 -10.1304390619
-5.88828732111 3.19260248883 -10.1544444131
-5.86860472514 3.20993202235 -10.1763891219
-5.84339933443 3.23236440957 -10.1954850292

/group/N_LCA4/60
60
posId 60-5.86281321295 3.26720543509 -10.2190889789
-5.83720544076 3.28825080066 -10.2365573304
-5.81155954274 3.30954923512 -10.2490282185
-5.78651361058 3.33057861437 -10.2560146686
-5.76259725107 3.35089984928 -10.2572423986
-5.74024056976 3.37014905964 -10.2526537247
-5.71979057492 3.38802416873 -10.2423946537
-5.70152664339 3.40427283081 -10.2267898794
-5.68567006022 3.41868569369 -10.2063112981
-5.67238712289 3.43109519397 -10.1815453867
-5.66178912116 3.44137688179 -10.1531635796
-5.65393425784 3.44944885526 -10.1218980095
-5.64883569125 3.45526572229 -10.0885230751
-5.64647679744 3.45880620596 -10.0538416684
-5.64683074408 3.46005697072 -10.0186738
-5.6498781899 3.45899805722 -9.98384495906
-5.6556158037 3.45559625617 -9.95017180471
-5.66405002009 3.4498112473 -9.91844360718
-5.67517468153 3.44161567155 -9.88939903818
-5.68893667636 3.43102559432 -9.86369924077
-5.70519854126 3.4181336223 -9.84189937033
-5.72370948507 3.4031347725 -9.82442179491
-5.74409530559 3.38633600678 -9.81153470469
-5.76587319126 3.36814416171 -9.8033398757
-5.78849055773 3.3490328613 -9.79977268534
-5.81137984766 3.32949520937 -9.80061618554
-5.83401586278 3.30999370518 -9.80552920806
-5.85596049524 3.29092037108 -9.81408632245
-5.87688244484 3.27257785854 -9.82582531995
-5.89654609186 3.25518676778 -9.84029615156
-5.91477238063 3.23891705831 -9.85710430194
-5.93138288392 3.22393433676 -9.87594174098
-5.94614370478 3.21044707266 -9.89659999233
-5.95872682597 3.19873986835 -9.91896238954
-5.96870251697 3.1891811715 -9.94297590073
-5.97556846126 3.18220043304 -9.96860643427
-5.97881153753 3.17823786578 -9.99578462931
-5.97798936781 3.17767738419 -10.0243511581
-5.97281327649 3.1807779432 -10.0540110699
-5.96321366406 3.18761909109 -10.084305521
-5.94937309362 3.19807301305 -10.1146065328
-5.93172032963 3.21180874044 -10.1441366886
-5.91088789206 3.22832643729 -10.1720116103

/group/N_LCA4/63
63
posId 63-5.74203140315 3.40690431521 -10.2256464604
-5.71598067213 3.42899489648 -10.2054037149
-5.69539750387 3.44706338475 -10.1805674084
-5.68114049259 3.46034132669 -10.1523859267
-5.67298753655 3.46892569282 -10.1220018037
-5.66986713561 3.47360547604 -10.0903042151
-5.67031383359 3.47550213705 -10.057899246
-5.67299191789 3.47564763951 -10.0251983928
-5.67711652322 3.47463857431 -9.99258438514
-5.68264290636 3.472473709 -9.96058631139
-5.69017739715 3.46861684092 -9.92999263136
-5.7006584111 3.4622499969 -9.90185226177
-5.71493054653 3.45262003087 -9.87735321359
-5.73336451612 3.43935504163 -9.85761180432
-5.7556518381 3.42264366986 -9.8434382966
-5.780835873 3.40322305261 -9.83515557264
-5.8075548103 3.38219053545 -9.83253230585
-5.83439834584 3.36071539462 -9.8348560351
-5.8602438267 3.33975849241 -9.8411267081
-5.88445139102 3.31989954778 -9.8503127289
-5.90685497859 3.30132751212 -9.86159221962
-5.92756537895 3.28398615392 -9.87450839674
-5.94667339682 3.26780781914 -9.88899728466
-5.96397931881 3.25293514478 -9.90528824554
-5.97886509328 3.23983543021 -9.92371855222
-5.99037135456 3.22925369573 -9.94452877481
-5.99746227493 3.22201315534 -9.96770783862
-5.99938616495 3.21873291805 -9.99293520458
-5.99599667958 3.21956948176 -10.0196308043
-5.98790524893 3.22408671524 -10.0470844158
-5.97638945393 3.23131796264 -10.0746088833
-5.96306658465 3.24001722611 -10.1016554292
-5.94942723788 3.24902723277 -10.1278461166
-5.93637999402 3.25764526098 -10.1529119434
-5.9239639648 3.26586041153 -10.1765628002
-5.91133744085 3.27437260342 -10.1983437918
-5.8970629444 3.2843728059 -10.2175407695
-5.87961066523 3.29714312706 -10.2331829881
-5.85792674501 3.31359764514 -10.2441575681
-5.83188629172 3.33390875305 -10.2494104777
-5.80248331639 3.35734039267 -10.248176203

/group/N_LCA4/66
66
posId 66-5.84396550928 3.3614780538 -10.2186960496
-5.80727547015 3.38772906394 -10.2262062689
-5.77313194468 3.41283503769 -10.2267337562
-5.74427623324 3.43484130163 -10.2196536831
-5.72216564018 3.4526672456 -10.2050298618
-5.70681798351 3.46620841691 -10.1837339673
-5.69714608518 3.47610259766 -10.1573255404
-5.69161443542 3.48328114526 -10.127715492
-5.68893522435 3.48850208504 -10.096726878
-5.68852573359 3.4920529293 -10.0657142162
-5.6905675466 3.49372578097 -10.0353846389
-5.69568685581 3.49304369057 -10.0058860205
-5.70443703783 3.48960918356 -9.97711982931
-5.71684135811 3.48339906279 -9.94914383432
-5.73221464792 3.47486243136 -9.92249079514
-5.74934774708 3.46477506012 -9.8982611638
-5.7669682448 3.4539191599 -9.87793882648
-5.78426101376 3.44274153714 -9.86299259353
-5.8011996577 3.4311575258 -9.85441627838
-5.81851996725 3.41860606019 -9.85238973634
-5.83732437988 3.40434946358 -9.85619959249
-5.85847351018 3.38789884739 -9.86445875596
-5.88202354139 3.369382435 -9.87554813404
-5.90696016078 3.34968904563 -9.8881185684
-5.9313616955 3.33030817993 -9.9014697304
-5.95294467739 3.31291509218 -9.91567312955
-5.96978014556 3.29886021777 -9.93140708711
-5.98088974294 3.2887692362 -9.949581217
-5.98647300237 3.28242101826 -9.97090269715
-5.98766599015 3.2789598936 -9.99554786347
-5.98592609292 3.2773609138 -10.0230486543
-5.98229713985 3.27695918156 -10.0524092617
-5.97686560547 3.27782243945 -10.0823748168
-5.96864672208 3.28080474964 -10.1117201
-5.95596658963 3.28724568919 -10.1394329783
-5.93720274545 3.29842309605 -10.1647288126
-5.91159465805 3.31496955467 -10.1869191235

/group/N_LCA4/69
69
posId 69-5.8595485821 3.37781348671 -10.2225851837
-5.8219411148 3.40231790571 -10.2299558699
-5.78714481678 3.42603150288 -10.2299628411
-5.75775907815 3.44718290028 -10.2226049192
-5.73511961346 3.46478042005 -10.2084145534
-5.71921523428 3.47868586132 -10.188346193
-5.70903247272 3.48940529583 -10.1636082981
-5.70315474228 3.49770817849 -10.1354836394
-5.70036535345 3.50423869741 -10.1051831966
-5.70003398898 3.50926467581 -10.0737656807
-5.70218249025 3.51263362334 -10.0421317318
-5.70727061978 3.51391065108 -10.0110768944
-5.71585032984 3.51260226714 -9.9813690471
-5.72826433715 3.50835236396 -9.95381020536
-5.74450826152 3.50103394066 -9.92925114365
-5.76427139296 3.49072816195 -9.90854660848
-5.78707535113 3.47764413686 -9.89246185976
-5.8123903029 3.46205696789 -9.88155973708
-5.83964148119 3.44431788454 -9.87610525583
-5.86810256639 3.42493390372 -9.87601981224
-5.89675877489 3.40465798437 -9.88090182927
-5.9242617161 3.38450695666 -9.89011077674
-5.94906511237 3.36564971346 -9.90289356738
-5.96973820774 3.34917267998 -9.91852156913
-5.98534764013 3.33580205859 -9.93640513413
-5.99573490842 3.32570462597 -9.95615971253
-6.00153407168 3.31847501156 -9.97761016585
-6.00387366222 3.31334752437 -10.0007340068
-6.00384782425 3.30957256449 -10.0255568245
-6.00196042671 3.30681534049 -10.0520222687
-5.99778387587 3.30540796465 -10.0798639853
-5.99000671281 3.30633197962 -10.1085076647
-5.97689310353 3.31091182058 -10.1370277277
-5.95700454345 3.3203187384 -10.1641749122
-5.92991399039 3.33506849926 -10.1884783673

/group/N_LCA4/72
72
posId 72-5.87164449538 3.39144642541 -10.222626384
-5.83303791117 3.41406112702 -10.2302945367
-5.79802317185 3.43578757217 -10.2316543698
-5.76894694755 3.45519650051 -10.2264912529
-5.74660721799 3.4718281655 -10.214611306
-5.73046770641 3.48599871653 -10.196111783
-5.71931279997 3.4983213716 -10.1716890659
-5.71201323942 3.50919308784 -10.1427848345
-5.70805813275 3.51849216476 -10.1114378604
-5.70764941764 3.52561278213 -10.0798516563
-5.71137805942 3.52978966901 -10.049837543
-5.71969904716 3.53052414667 -10.022373545
-5.73250273449 3.52787909361 -9.99748765051
-5.74901016286 3.52248380281 -9.97453843063
-5.76803960376 3.51524218846 -9.95278640666
-5.78849295041 3.50689322598 -9.93200911915
-5.80979317965 3.49765357621 -9.91287960402
-5.83202622899 3.48713797007 -9.89692214058
-5.85569145449 3.47461827588 -9.88604228462
-5.88116965681 3.45951175908 -9.88181961438
-5.90817411123 3.44186609538 -9.88486460979
-5.93547782221 3.42259521246 -9.894522729
-5.96109069067 3.40332652782 -9.90906463632
-5.98284670839 3.38589957125 -9.9262939966
-5.99915467616 3.37172496457 -9.94432461125
-6.00956741699 3.36129045082 -9.9622061712
-6.01488671265 3.35404714051 -9.9801440288
-6.01672194662 3.34874495906 -9.99923291052
-6.016670906 3.34408419844 -10.0208295204
-6.0154761396 3.33940214091 -10.0458344915
-6.01254128236 3.33508891413 -10.0741785456
-6.00604905561 3.33253881765 -10.1047049545
-5.99366571062 3.33364388392 -10.1354612665
-5.97355835842 3.34003636507 -10.1642408741
-5.94530738912 3.35239690822 -10.1891259322

/group/N_LCA4/75
75
posId 75-5.81385133161 3.44119231019 -10.2199267578
-5.77744743005 3.46567123939 -10.20893217
-5.74788900133 3.48786660206 -10.1923632194
-5.72730367545 3.50631809349 -10.1709601076
-5.7160443941 3.52049115215 -10.1458086926
-5.71292617744 3.5306659612 -10.1182531647
-5.7158966844 3.53760636885 -10.0897038025
-5.72285334339 3.5421579564 -10.0613977164
-5.73229953311 3.54492617135 -10.0342037646
-5.7436343069 3.54612861885 -10.008554848
-5.75704094803 3.54563115386 -9.98454223444
-5.77310081728 3.54310470033 -9.96213774743
-5.79234339582 3.53820829971 -9.94145162241
-5.81492439079 3.53072096028 -9.92291401321
-5.84052390218 3.5205940029 -9.90729737701
-5.86843366398 3.50794669511 -9.89556393546
-5.89771911484 3.49305330768 -9.88859822052
-5.92733570695 3.47635792282 -9.88693574848
-5.95614409628 3.45851448181 -9.89060201542
-5.98286264347 3.44040926897 -9.8991293042
-6.00606084614 3.42310831943 -9.91174252026
-6.02429306015 3.40769666153 -9.92763296571
-6.03639554734 3.39503173416 -9.94620237116
-6.04185968604 3.38549280451 -9.96717437892
-6.04111055102 3.37883882975 -9.99052980924
-6.03551507438 3.37426681736 -10.0162987728
-6.02703344005 3.37069246205 -10.0443030924
-6.01757971981 3.36718082715 -10.0739607118
-6.00830607333 3.36337791685 -10.1042334188
-5.99909679679 3.35977146401 -10.1337357182
-5.98851097519 3.35765720831 -10.1609556577
-5.97425415225 3.3587912562 -10.1844976884
-5.95405031151 3.36482994083 -10.2032596914
-5.92661260803 3.37674660248 -10.2164970964
-5.89235095668 3.39443223392 -10.2237847275

/group/N_LCA4/78
78
posId 78-5.82009675433 3.44252521184 -10.2258857774
-5.78165383929 3.46549085393 -10.2205602997
-5.74960547546 3.48810705227 -10.207836729
-5.72704941248 3.50855796226 -10.1880612788
-5.71506082687 3.52565543318 -10.1626857486
-5.71266280196 3.53900156486 -10.1339175263
-5.71748028218 3.54889417902 -10.1041033331
-5.7267636001 3.55603443352 -10.0751094471
-5.73834947043 3.56116324541 -10.047952355
-5.75120375858 3.56476423065 -10.0228090483
-5.76541054801 3.56692622123 -9.99935925066
-5.78172238431 3.56738314251 -9.97726923917
-5.8009493223 3.56567906661 -9.95658440876
-5.82347521453 3.5613707529 -9.9378685525
-5.84906501137 3.55418833958 -9.92206838958
-5.87694878722 3.54411450607 -9.91021644256
-5.90603666602 3.53138782153 -9.90314635592
-5.93509744663 3.51646324159 -9.90135722744
-5.96281840343 3.49996199273 -9.9050562417
-5.98778948068 3.48262230443 -9.9142966134
-6.00853638405 3.46524074961 -9.92907499843
-6.0237085312 3.44858913188 -9.94928791027
-6.03241706337 3.43330910552 -9.97454810079
-6.0345823457 3.41981511742 -10.0039688622
-6.03107839517 3.40825513841 -10.0360718235
-6.02351199873 3.39857021526 -10.0689291651
-6.01363815955 3.39065503045 -10.1005329233
-6.00261403255 3.38456801902 -10.1292539326
-5.99042302852 3.38069886754 -10.1541834216
-5.97577784904 3.37979894362 -10.1751852117
-5.95662726047 3.38282519091 -10.1926159115
-5.93112132774 3.39062548839 -10.206833306
-5.89865935434 3.40357009019 -10.2177269696

/group/N_LCA4/81
81
posId 81-5.90350286938 3.40468173348 -10.2205836703
-5.86321600404 3.41748318158 -10.2339430978
-5.82473035563 3.43298451585 -10.2410106409
-5.7910268981 3.45038309127 -10.2405461749
-5.76413047116 3.46887286493 -10.2321612775
-5.74479922993 3.48769341057 -10.2165086406
-5.73261311647 3.50615462213 -10.1951608179
-5.72638902111 3.52365609413 -10.170209249
-5.72474223323 3.5397152185 -10.1437187089
-5.72657873489 3.55400412102 -10.1172275484
-5.73135035254 3.56638037137 -10.0914685454
-5.73901262319 3.57688832463 -10.0664038415
-5.74974898238 3.58571230321 -10.0415503996
-5.76361540087 3.59307933258 -10.0164636219
-5.78028222799 3.59913175257 -9.99118740453
-5.79899781998 3.60380917899 -9.96649173088
-5.81879463406 3.60678578619 -9.94379950779
-5.83884647651 3.60749781755 -9.92482267095
-5.85881217382 3.60526941963 -9.91103919001
-5.87899717746 3.59951071287 -9.90320541693
-5.90023352691 3.5899326149 -9.90108841847
-5.9234936755 3.57670982123 -9.90352395174
-5.94936910451 3.56053291795 -9.90878698794
-5.9776132104 3.54252139418 -9.9151474529
-6.0069397924 3.5240121051 -9.92141661573
-6.03518328725 3.50627846338 -9.92729403031
-6.0597947843 3.49026030722 -9.93339886763
-6.07851830803 3.47638404645 -9.94098467651
-6.09001504363 3.46452671353 -9.95144975959
-6.09421058796 3.45413406942 -9.96582446106
-6.09223218354 3.44445607544 -9.98441690358
-6.08594744926 3.4348281265 -10.0067316006
-6.07726090884 3.42491461157 -10.0316678802
-6.06741593522 3.41484587131 -10.0578990355
-6.05655277163 3.40521484079 -10.0842691391
-6.04368543115 3.39694327963 -10.1100462731
-6.02711241384 3.39106495828 -10.1349365277
-6.00512154366 3.38849282104 -10.1588657076
-5.97674380541 3.38983408676 -10.181634269

/group/N_LCA4/84
84
posId 84-5.91143726733 3.39882637846 -10.2221915563
-5.87051714842 3.4106568842 -10.2327948873
-5.8328427696 3.42490112997 -10.2383004206
-5.79985967925 3.4411715909 -10.2382949769
-5.77211539207 3.4590928502 -10.232912401
-5.74942497769 3.47824304299 -10.2228042193
-5.73122136889 3.49810549826 -10.2089816656
-5.71695144885 3.518060498 -10.1925780927
-5.70637371932 3.5374312234 -10.1746042111
-5.69965877687 3.55557584911 -10.1557682167
-5.69727230259 3.57199757703 -10.1364093414
-5.69970292657 3.58643383636 -10.1165550073
-5.70715436639 3.59888927078 -10.0960717381
-5.71933248771 3.60959389709 -10.0748516464
-5.73541991212 3.61889252296 -10.0529687612
-5.75425782628 3.62709570454 -10.030754432
-5.77467365676 3.63433765891 -10.0087725531
-5.7958341426 3.64048697388 -9.98771183609
-5.817488168 3.64514097563 -9.96824088643
-5.83999888081 3.64770881046 -9.9508825863
-5.86413833654 3.64756007124 -9.93595396418
-5.89070427822 3.64419454503 -9.92359063225
-5.92008675091 3.6373815644 -9.91384123919
-5.9519370346 3.62722702566 -9.90678969902
-5.98506273093 3.61414932846 -9.90265144729
-6.01759935022 3.59877465814 -9.90179896103
-6.04741501672 3.58178752332 -9.90469810682
-6.07262317896 3.56378586642 -9.91177104284
-6.09203720503 3.54518704673 -9.92323091446
-6.10541560753 3.52621273951 -9.9389474566
-6.1134134868 3.50695357843 -9.95839531535
-6.11725274449 3.48748740818 -9.9807104139
-6.11821818144 3.46800732153 -10.0048429346
-6.11714661462 3.44891299984 -10.0297612725
-6.11408088474 3.43083186407 -10.0546418568
-6.10820790373 3.41456049265 -10.0789823404
-6.09810696281 3.40094336778 -10.1026000711
-6.08223229065 3.39072624174 -10.1255160925
-6.05947641542 3.38442860537 -10.1477642817
-6.02963399696 3.38227184196 -10.169192107
-5.99361815905 3.38417983645 -10.1893243742

/group/N_LCA4/87
87
posId 87-5.8169646442 3.41865711547 -10.2418037334
-5.78348376442 3.44383612099 -10.2341206964
-5.75662919595 3.47025767539 -10.2222200647
-5.73789336241 3.49638781196 -10.2068236762
-5.72758610557 3.5210921126 -10.1888334335
-5.72488376704 3.54382289589 -10.1691360198
-5.7281640329 3.56461872283 -10.1484480996
-5.73551895441 3.58392097007 -10.1272475108
-5.74528871452 3.60227293443 -10.1058031046
-5.75645935365 3.62000532538 -10.0842802091
-5.76881732593 3.63701504989 -10.0628728555
-5.78283497728 3.65271099696 -10.0419068471
-5.79934647556 3.66614261224 -10.0218715136
-5.81913546061 3.67626437184 -10.0033671439
-5.84257456795 3.68224331493 -9.98698867976
-5.86942882895 3.68370320783 -9.97319183232
-5.89887153293 3.6808220886 -9.96219582274
-5.92968569869 3.67425158638 -9.95396432899
-5.96056326686 3.66488845751 -9.94827733099
-5.99038787496 3.65357968785 -9.94487179828
-6.0184030629 3.64086472912 -9.94360127376
-6.04421824465 3.62684447071 -9.94455387014
-6.06766999376 3.61122150509 -9.94807947502
-6.08861162584 3.59349599591 -9.95470678686
-6.10672938665 3.57324707661 -9.96496918359
-6.12146987959 3.55040010805 -9.97919204722
-6.13211635112 3.52538548945 -9.99731102111
-6.13798915274 3.49913297957 -10.0187842974
-6.13869193734 3.47290309346 -10.0426338626
-6.13430079744 3.44801382817 -10.0676096711
-6.12540882702 3.42555686254 -10.0924305549
-6.11298913548 3.40619993967 -10.1160298784
-6.0981075508 3.39014057187 -10.1377314156
-6.08157737178 3.3772217022 -10.157302826
-6.06367947901 3.36716178866 -10.1748733661
-6.04405885596 3.35981053939 -10.1907461638
-6.02185510542 3.35533190753 -10.2051690411
-5.99604666912 3.35424155623 -10.2181403823
-5.96591229536 3.35727803952 -10.2293138977
-5.93146542441 3.36514725705 -10.2380327461
-5.89371536405 3.3782271164 -10.2434806417

/group/N_LCA4/90
90
posId 90-5.88080731262 3.3837019861 -10.2316187135
-5.84048727634 3.40163950948 -10.2345211211
-5.80471565505 3.42168790713 -10.2343662449
-5.77560017995 3.44329383985 -10.230748583
-5.75424809686 3.46611065479 -10.2234920709
-5.7406675505 3.48992920902 -10.212731824
-5.73393020897 3.51457582639 -10.1989220392
-5.73253853291 3.53981418112 -10.1827664572
-5.73488821175 3.5652822589 -10.1650908591
-5.73969626883 3.59048087151 -10.146694078
-5.7462828881 3.61481178926 -10.1282197478
-5.75464357868 3.63764757676 -10.1100837983
-5.76531228588 3.65840670789 -10.0924749231
-5.7790758379 3.67660880607 -10.0754225405
-5.79663808987 3.69189484457 -10.0589062888
-5.8183380646 3.70401187053 -10.0429691982
-5.84400034464 3.71277581991 -10.0277969596
-5.8729479038 3.71803419234 -10.0137378771
-5.90415387324 3.71964981067 -10.0012580857
-5.93646684371 3.71751778242 -9.99084795173
-5.96882706655 3.71161336963 -9.98291139324
-6.00040262484 3.70205399315 -9.97767513733
-6.03060989208 3.68914947447 -9.97514806368
-6.05902829861 3.67341459707 -9.97514408312
-6.08525933997 3.65552786484 -9.97736093401
-6.1087999573 3.63623726927 -9.98148871184
-6.12899394312 3.61623264616 -9.9873119229
-6.14509420827 3.59601853755 -9.99477065889
-6.15642441978 3.5758261828 -10.003959592
-6.16258639122 3.55559598426 -10.0150637033
-6.1636349714 3.53504390393 -10.0282504794
-6.16014471203 3.51380158849 -10.0435530075
-6.1531229453 3.49159751189 -10.0607821591
-6.14377320627 3.46843198188 -10.0794975599
-6.13316548701 3.4446972345 -10.0990488911
-6.12190804932 3.42120610863 -10.118676985
-6.10992575884 3.39911589414 -10.1376451768
-6.09642693403 3.37976153554 -10.1553615631
-6.08008981733 3.36443664871 -10.1714553947
-6.05943543341 3.35417483609 -10.1857851057
-6.0332951486 3.34958355824 -10.1983770044
-6.00124697974 3.35076845661 -10.2093156697
-5.96389610458 3.35736172332 -10.2186226276

/group/N_LCA4/93
93
posId 93-5.82262897485 3.40256778667 -10.2329585178
-5.79006490761 3.42749473853 -10.231610427
-5.7637002267 3.45490184962 -10.2271819904
-5.74466100002 3.48363442435 -10.219855011
-5.73317810513 3.51282989602 -10.2099557839
-5.72859484569 3.54200940459 -10.1979104265
-5.72958922668 3.57101148289 -10.1842061275
-5.73455809457 3.59979747597 -10.1693611123
-5.74206048874 3.62820691238 -10.1538992411
-5.75119678016 3.65576127527 -10.1383222965
-5.76181604239 3.68159873157 -10.1230754029
-5.77449266954 3.70457553527 -10.1085074938
-5.79028013455 3.72350840166 -10.0948362336
-5.81031462057 3.7374780444 -10.0821315496
-5.83538423548 3.74608697271 -10.0703310309
-5.8655876804 3.74957505198 -10.0592930947
-5.90017760576 3.74874166364 -10.0488818269
-5.93762795948 3.74468860535 -10.0390646967
-5.97589919783 3.73846085423 -10.0299956846
-6.01282050335 3.73070098715 -10.0220555833
-6.0464802698 3.72143339474 -10.0158297758
-6.07552209402 3.71005535287 -10.0120199746
-6.09927938105 3.69554593828 -10.0113057258
-6.1177342083 3.67683250267 -10.0141880009
-6.13133761505 3.65320180518 -10.020855416
-6.14076285869 3.62462672795 -10.031110359
-6.14667110687 3.59190539577 -10.0443778719
-6.14955074902 3.55656901302 -10.0597983684
-6.14965610828 3.52058809032 -10.0763824351
-6.14703306277 3.48596965251 -10.093188855
-6.14159200213 3.4543698459 -10.1094807444
-6.13318146876 3.42683704592 -10.1248212083
-6.12162938863 3.40375397 -10.1390872051
-6.10674554671 3.38497974881 -10.1524031614
-6.08830652507 3.37012750099 -10.1650174823
-6.06606027588 3.35887161847 -10.1771592111
-6.03978426251 3.35117500332 -10.1889149383
-6.00940896004 3.34736015991 -10.2001574227
-5.97518569738 3.34800668463 -10.210540547
-5.93784756326 3.35372031354 -10.2195557556
-5.89869764592 3.36486335902 -10.2266290053

/group/N_LCA4/96
96
posId 96-5.83038904585 3.39102294998 -10.2329672794
-5.79918283129 3.4141342955 -10.2348322403
-5.76986598174 3.44017716707 -10.235242612
-5.74417284197 3.46830526423 -10.2339590052
-5.72358012112 3.4975275248 -10.2308613859
-5.70910261293 3.52684844073 -10.2259646833
-5.70117206211 3.55540735228 -10.2194106686
-5.69961869238 3.5825890523 -10.2114390318
-5.70375460949 3.60808408167 -10.2023445823
-5.71253862703 3.63188755635 -10.1924299443
-5.72478700223 3.65423803114 -10.1819635521
-5.7393870727 3.67551012686 -10.1711511306
-5.75547220602 3.69608388728 -10.1601255726
-5.77252629378 3.71621819895 -10.1489559338
-5.79040199173 3.73595424561 -10.1376720674
-5.80925553948 3.7550682361 -10.1262981195
-5.82941831578 3.77308202365 -10.1148863846
-5.85123768713 3.78932801153 -10.1035432254
-5.87492469374 3.80305351535 -10.0924407902
-5.90044282752 3.81354188554 -10.0818116545
-5.92746151909 3.82022480349 -10.0719274838
-5.95538245773 3.82276279198 -10.0630664795
-5.98343002195 3.82107847934 -10.0554769208
-6.01078263605 3.81533784262 -10.0493449882
-6.03671295389 3.8058861742 -10.0447740587
-6.06070331138 3.79315535396 -10.0417800448
-6.08250912465 3.77756503403 -10.0403036721
-6.10215537908 3.75944126518 -10.0402367048
-6.11986721476 3.73897173883 -10.0414558854
-6.13595127607 3.71620816595 -10.0438565125
-6.15065641059 3.69111527979 -10.047377545
-6.1640477496 3.66365497324 -10.0520119523
-6.17592588066 3.6338855962 -10.0577993279
-6.18581315361 3.60205234281 -10.0648018472
-6.19301420411 3.56864590121 -10.0730685948
-6.19674079525 3.5344129125 -10.0825962201
-6.19627582374 3.50031196033 -10.0932951406
-6.19114125144 3.46742061988 -10.1049697732
-6.18123216646 3.43680998878 -10.1173186331
-6.16688490838 3.40941072537 -10.1299561335
-6.1488601752 3.38589723654 -10.1424533497
-6.1282396336 3.36661364414 -10.1543908549
-6.10625309886 3.35155707167 -10.1654138777
-6.08406887435 3.34042227574 -10.1752791088
-6.06258895126 3.33269909468 -10.1838837401
-6.04229137077 3.32780323726 -10.1912705349
-6.02315381295 3.32521391356 -10.1976072885
-6.00467692414 3.32459023231 -10.203144022
-5.98600611551 3.32584253579 -10.2081556584
-5.96613057855 3.32914407157 -10.2128808516
-5.94412218522 3.33488071514 -10.2174684723
-5.91936813226 3.34354930738 -10.2219418224
-5.89175154219 3.35562587759 -10.2261872292

/group/N_LCA4/99
99
posId 99-5.89676585396 3.37302267621 -10.2206990192
-5.85714640272 3.38782312178 -10.2292467708
-5.82082326684 3.40666357083 -10.2360682695
-5.78993927322 3.42900479938 -10.2406508985
-5.7660324446 3.45425898404 -10.2426653907
-5.74981357102 3.48181530105 -10.2420248878
-5.74110426348 3.51106029409 -10.2388988394
-5.73894607709 3.54139455786 -10.2336783969
-5.74185352583 3.57224771673 -10.2269007421
-5.74815261081 3.60309304421 -10.2191488831
-5.75632904356 3.63346167685 -10.2109487399
-5.76531055575 3.66295476928 -10.2026855882
-5.77462521756 3.69125073976 -10.1945571191
-5.78440811424 3.71810448093 -10.18657167
-5.7952646293 3.74333631116 -10.1785896834
-5.80803135364 3.76681041877 -10.1703966399
-5.82349758954 3.78840516482 -10.1617888949
-5.84215660707 3.80798018302 -10.1526515731
-5.86404520368 3.82534700532 -10.143010381
-5.8887057739 3.84025034296 -10.133046123
-5.91527335244 3.85236586727 -10.1230700882
-5.94265895596 3.86131747575 -10.1134679815
-5.96977769352 3.86671312236 -10.1046274006
-5.99576100095 3.86819416712 -10.0968672771
-6.02009889845 3.86548981227 -10.0903864692
-6.04267833229 3.85846638216 -10.0852432416
-6.06371200506 3.84716149858 -10.0813691588
-6.08358120827 3.83179566762 -10.0786120687
-6.10263853882 3.81275799511 -10.0767956073
-6.12102631673 3.79056783799 -10.0757788219
-6.13856157337 3.76581909373 -10.0754999853
-6.15472004613 3.73911745555 -10.0759932833
-6.16872457002 3.71102249558 -10.0773745381
-6.17971469284 3.68200550886 -10.0798005314
-6.18695176275 3.65243082238 -10.0834136033
-6.19000313135 3.62256341905 -10.0882871926
-6.18885341456 3.59260027939 -10.0943877933
-6.1839090587 3.56271796733 -10.1015644784
-6.17589023924 3.53312571348 -10.1095697758
-6.16563432534 3.50411225186 -10.1181071897
-6.15385997835 3.4760761135 -10.1268932311
-6.14095384112 3.44953260519 -10.1357174399
-6.12683905375 3.42509549902 -10.1444837364
-6.11096672044 3.40343647126 -10.1532206867
-6.09244206658 3.3852294977 -10.1620559171
-6.07026341338 3.37108990652 -10.1711591019
-6.04362252904 3.36151819068 -10.1806663773
-6.01219685056 3.35685705172 -10.1906045466
-5.97636229411 3.35726699692 -10.2008345575

/group/N_LCA4/102
102
posId 102-5.89235899452 3.41937007883 -10.2242398876
-5.855629809 3.43221348665 -10.2338552693
-5.82350234304 3.45013268765 -10.2415762597
-5.79793519129 3.47221721425 -10.2469133902
-5.7796449859 3.49716713042 -10.2497873168
-5.76824922662 3.52343921706 -10.2504711923
-5.76272723675 3.54956636038 -10.2494204105
-5.76197707562 3.57453003994 -10.2470682884
-5.76523747076 3.59801054443 -10.2436745707
-5.7722334395 3.62037001025 -10.2392838036
-5.78304425828 3.64233228846 -10.2337976914
-5.79781545423 3.66446399616 -10.2271144266
-5.81648775863 3.6866671701 -10.2192617706
-5.83867809204 3.70791208987 -10.21046007
-5.86374697099 3.7263537759 -10.2010901584
-5.89097862439 3.73981945053 -10.1915894129
-5.91974089588 3.74649339804 -10.1823334655
-5.94951106019 3.74553181113 -10.1735650776
-5.97973928271 3.73735756662 -10.1654043983
-6.0096270852 3.72350942033 -10.1579305114
-6.03796608508 3.70610035914 -10.1512853536
-6.06317276457 3.68709906374 -10.145737491
-6.08356722611 3.66771845947 -10.1416621713
-6.09781761285 3.64814673072 -10.1394366976
-6.10536933837 3.62771109031 -10.1392956768
-6.10665415065 3.60538653058 -10.1412162579
-6.10294807356 3.58042706547 -10.1448953186
-6.09589266662 3.55286093843 -10.1498409761
-6.08684794274 3.52366447495 -10.1555473949
-6.07633667224 3.49457428155 -10.1616796877
-6.0638224459 3.46764736104 -10.1681854074
-6.04793884437 3.4447680599 -10.1752771542
-6.02710411344 3.42729519469 -10.1832858902
-6.00029237052 3.41595295009 -10.1924424774
-5.96765974798 3.41094387593 -10.2026795113

/group/N_LCA4/105
105
posId 105-5.94662292077 3.44570706315 -10.2220838093
-5.98836047022 3.45885902998 -10.2087385445
-6.02141245878 3.47960184426 -10.1977856319
-6.04189021219 3.5063642677 -10.1904813321
-6.05082118348 3.53726453672 -10.1865792979
-6.05247311711 3.5703456043 -10.1848379705
-6.05065760176 3.60362642141 -10.1841571823
-6.04587490411 3.63502580574 -10.1844603904
-6.03544574568 3.66237534518 -10.1866536085
-6.01635528301 3.68369554645 -10.1917391661
-5.98839680861 3.69767326714 -10.1998296544
-5.95507605813 3.7040411324 -10.2098552615
-5.9216597081 3.70354096238 -10.2201662013
-5.89207395892 3.69740608131 -10.2295072453
-5.86716023492 3.68664605776 -10.2375816187
-5.84549547045 3.67158924795 -10.2448153947
-5.82578545877 3.6519847617 -10.2516165393
-5.80864225907 3.62758839523 -10.2578056355
-5.79631617574 3.59883441089 -10.2626734053
-5.79089346802 3.56716145869 -10.2655236756
-5.79281785253 3.53482518736 -10.2661357402
-5.80115945298 3.50437645612 -10.2647009634
-5.81528114312 3.47815259933 -10.2613284975
-5.83609942944 3.45802222632 -10.2556664362
-5.86538769485 3.44536914721 -10.2471170163

/group/N_LCA4/108
108
posId 108-5.95585180063 3.4404476757 -10.2390794118
-5.99764322796 3.46445660616 -10.2260922823
-6.02366803162 3.49671630424 -10.2182190781
-6.03463160559 3.52831092683 -10.2151251959
-6.0376075391 3.55296757712 -10.2144844757
-6.0391352068 3.57078712846 -10.2142194768
-6.03983486612 3.58721790389 -10.2142004864
-6.03490914821 3.60799884121 -10.2160235053
-6.01967376109 3.63406050658 -10.221189063
-5.99493300487 3.66040464257 -10.2293796161
-5.96729775439 3.67973428723 -10.2384034112
-5.9441151511 3.6877691966 -10.2458720026
-5.92750382394 3.68592734822 -10.25112949
-5.9128388717 3.67936755867 -10.2557098698
-5.89316362551 3.67226553831 -10.2618761732
-5.86579929591 3.66437179451 -10.2704768256
-5.83543531171 3.65162252945 -10.2799708757
-5.81097631467 3.63004734427 -10.2874786263
-5.79882041302 3.5995043718 -10.2909645364
-5.79835550086 3.56414157244 -10.2906745296
-5.80355221017 3.5294832246 -10.2885935682
-5.80921992424 3.49896537517 -10.2864141464
-5.81637049758 3.47303013663 -10.2838200964
-5.83180875643 3.45135713424 -10.2786443828
-5.86202114102 3.43579259438 -10.2688479986

/group/N_LCA4/111
111
posId 111-5.94688810381 3.43979064168 -10.2645348136
-5.89978327312 3.42918428792 -10.2794426584
-5.86428710855 3.43337827068 -10.2912895276
-5.84300887811 3.45018266721 -10.2991099329
-5.83098952272 3.47439523687 -10.3042678274
-5.82154887443 3.50185415773 -10.3087436884
-5.81232857861 3.53140385061 -10.3132524789
-5.80647444055 3.5632872556 -10.316775199
-5.80881124692 3.59613226627 -10.3176612314
-5.82134409356 3.6259835676 -10.3150543436
-5.84230923576 3.64853732446 -10.3093162282
-5.86885841816 3.66228754401 -10.3013048161
-5.89976161073 3.66924871977 -10.2915246468
-5.93497390847 3.67236055457 -10.2801383033
-5.97278118011 3.67211749935 -10.2677325611
-6.00822077584 3.66586480522 -10.2558006855
-6.03527650176 3.65058114535 -10.2461628632
-6.05115293831 3.62642562397 -10.239743457
-6.05821809837 3.59745470088 -10.235970248
-6.06108437015 3.56866660241 -10.2335826629
-6.06117416748 3.54221427362 -10.2322227135
-6.05409806553 3.51655409178 -10.2332516452
-6.03297695203 3.48947063758 -10.2388130522

/group/N_LCA4/114
114
posId 114-5.96265277238 3.43442250366 -10.2839191952
-5.91098965046 3.42898257776 -10.3009524703
-5.87109431225 3.43054306232 -10.3145632581
-5.84618681055 3.4410006696 -10.3238135585
-5.83229114109 3.46179201789 -10.3301615293
-5.82333445768 3.49183291257 -10.335574077
-5.81651528148 3.5271284903 -10.3406811462
-5.81371728734 3.56249081287 -10.3444341232
-5.81847348277 3.59407826702 -10.3453336979
-5.83179715984 3.62082941865 -10.3429530615
-5.85084346095 3.64381376944 -10.3383388375
-5.87147106882 3.66422833938 -10.3329860494
-5.89206257052 3.68178445535 -10.3274185604
-5.91479708459 3.69473524828 -10.3207610354
-5.94297118946 3.70128368205 -10.3117563911
-5.97673131429 3.70093067679 -10.3003155086
-6.01125982477 3.69449012426 -10.2881316324
-6.03943358538 3.68281986693 -10.2776808876
-6.0569516229 3.66557968214 -10.2703902431
-6.06547940345 3.64137288179 -10.2655858051
-6.07078234892 3.60938816995 -10.2612541286
-6.07706337632 3.57122266198 -10.2561011668
-6.08218116608 3.53123273622 -10.2511966222
-6.07803719142 3.49488385236 -10.249712115
-6.05632508376 3.46623151178 -10.2547776044

/group/N_LCA4/117
117
posId 117-5.90058728858 3.41389200582 -10.3305153092
-5.86357411091 3.43364046735 -10.3454318079
-5.83682300406 3.46048189694 -10.3574884628
-5.82299162383 3.49192932523 -10.3655057127
-5.82071441973 3.52522339332 -10.3696798159
-5.82594273407 3.5579953617 -10.3711826678
-5.83452664621 3.58867541721 -10.3713025884
-5.84446954768 3.6165022091 -10.3706587965
-5.85657063308 3.64119773601 -10.368944278
-5.87322730297 3.66253017788 -10.3652991824
-5.89630980515 3.68001242206 -10.3590216386
-5.92552440756 3.69287384541 -10.3501358862
-5.95826087019 3.70027334128 -10.3394671094
-5.9908916593 3.70159584164 -10.3282183141
-6.02055155368 3.69665892312 -10.3173704965
-6.04618747172 3.68574286805 -10.3073194692
-6.06825382395 3.66947741473 -10.2979706394
-6.08740799681 3.64869068742 -10.2891787458
-6.10325044918 3.62431205904 -10.2811775072
-6.11408448427 3.59734620961 -10.2746607918
-6.11790194057 3.56886583971 -10.2704380248
-6.1138775807 3.53996102073 -10.2689077394
-6.1032319984 3.5116390268 -10.2697463886
-6.08871511975 3.48474106465 -10.2720800698
-6.07292193548 3.4599660249 -10.2750744822
-6.05652738748 3.43803412056 -10.2785672862
-6.03770005825 3.41991445246 -10.2832957344
-6.01326321043 3.40695545636 -10.2905048927
-5.98103714242 3.40076659133 -10.3011185139

/group/N_LCA4/120
120
posId 120-5.97977761338 3.43098861035 -10.3332742169
-5.93117014308 3.42284856307 -10.349831427
-5.89130794087 3.4237314193 -10.3643011841
-5.86469617577 3.43417405816 -10.3751232262
-5.84960399403 3.45448493104 -10.382957702
-5.8410675728 3.48366514398 -10.3894756728
-5.8354860449 3.51865091199 -10.3956134759
-5.83318795418 3.55482623297 -10.4007082857
-5.83725000466 3.58775579599 -10.4031281996
-5.85000348304 3.6150104268 -10.4017465597
-5.8704211737 3.63674627287 -10.3969519728
-5.89456324397 3.65459312765 -10.3903565069
-5.9184820692 3.66970699759 -10.3835191588
-5.9408983296 3.6814815762 -10.376829463
-5.96332268568 3.68785840762 -10.3695002242
-5.98768199046 3.68688050949 -10.3606062268
-6.01373843522 3.67816538759 -10.3501880605
-6.03868354713 3.66311519617 -10.3394232229
-6.05920633017 3.64378415514 -10.3297472189
-6.07399145581 3.62144156713 -10.3217837745
-6.08415387653 3.59607126436 -10.3151291738
-6.09102098174 3.56719935484 -10.309249157
-6.093256315 3.53529599352 -10.3046808108
-6.08622244553 3.50253430494 -10.3033516873
-6.06475998555 3.47227625594 -10.3075176581

/group/N_LCA4/123
123
posId 123-6.04825536057 3.49290704745 -10.3459757318
-6.02969208807 3.44808688895 -10.3470935005
-6.00360654463 3.42318516195 -10.353595827
-5.97139136216 3.41737889836 -10.3648568252
-5.93697914309 3.42182905405 -10.3782653443
-5.90588055073 3.4290594885 -10.3907982816
-5.88219163974 3.4388513566 -10.4008998903
-5.86636793656 3.45579222905 -10.4089944175
-5.85601745923 3.48249918757 -10.4163127494
-5.84896960289 3.51612768897 -10.423295916
-5.84563480023 3.55095067384 -10.4290491882
-5.84855048772 3.58285359444 -10.4320935115
-5.85994452416 3.61047007524 -10.4314211728
-5.8799153515 3.63281689588 -10.4268681319
-5.90669367266 3.64774997813 -10.418816486
-5.93798893772 3.6538324379 -10.4079342906
-5.97152825534 3.65284454257 -10.3952996521
-6.00439261015 3.6484474219 -10.3824751948
-6.03258691656 3.64119918017 -10.3710229501
-6.05210317616 3.62567936932 -10.3617355147
-6.06077419801 3.59454985003 -10.3544707045

/group/N_LCA4/126
126
posId 126-6.02176289932 3.45422538875 -10.3819357692
-6.05694508264 3.49440961417 -10.3738267703
-6.07344884438 3.53034471173 -10.3723587533
-6.06970384644 3.55518079581 -10.3772023581
-6.05555268835 3.57436946027 -10.3852973361
-6.04131483403 3.59660157526 -10.3938419389
-6.02832103499 3.62243926815 -10.4023984921
-6.01050216497 3.64303630108 -10.4121041281
-5.98385855626 3.64955226484 -10.4232966296
-5.95234809679 3.64205486636 -10.4344549538
-5.92393292143 3.62811145644 -10.4435351942
-5.90244227336 3.61363143888 -10.4498647318
-5.885364793 3.59715397169 -10.4542148442
-5.86982248273 3.57390359373 -10.4570453899
-5.85868172354 3.54388454787 -10.4572486755
-5.85859647877 3.51362668187 -10.4531447445
-5.87194518003 3.48935921883 -10.4446656536
-5.89270341203 3.47030655003 -10.4340346737
-5.91216303028 3.45104076 -10.4238766588
-5.92854946269 3.4307696642 -10.4147694308
-5.94910890956 3.41826077973 -10.4051099841

/group/N_LCA4/129
129
posId 129-6.03169428707 3.45513062464 -10.4100241352
-6.06377879727 3.49475461355 -10.4026710395
-6.0789709451 3.52874491351 -10.4013194162
-6.07650931889 3.55087749308 -10.4054046883
-6.06453890232 3.56725145057 -10.4125062964
-6.05087434753 3.58742680947 -10.4208205605
-6.03625182559 3.61301755306 -10.430277355
-6.01669577941 3.63557933151 -10.4412933809
-5.99088145562 3.64511662783 -10.4530029333
-5.96321638027 3.6393374056 -10.4633138988
-5.9393382121 3.62407708289 -10.4707765979
-5.92020354298 3.60589422367 -10.4759239534
-5.90247035895 3.58613908766 -10.4802880855
-5.88480703599 3.56271021049 -10.4841102603
-5.87206021912 3.53582317928 -10.4854726338
-5.8714327439 3.50963877141 -10.4820621921
-5.88454875252 3.48763705006 -10.4737129347
-5.90484591574 3.46827978713 -10.4628472768
-5.92407383531 3.44768808528 -10.4522387057
-5.9410009414 3.42714183845 -10.4425612531
-5.9622552094 3.41605097893 -10.4324672024

/group/N_LCA4/132
132
posId 132-6.04291992447 3.451463765 -10.437207793
-6.07404460541 3.49143362661 -10.429721212
-6.08866114701 3.52508464504 -10.4282747309
-6.08635534866 3.54643268839 -10.4322097916
-6.0748630049 3.56204680293 -10.4391977044
-6.06137472928 3.58187032243 -10.4476075026
-6.0465246426 3.60766200176 -10.4574179902
-6.02683963561 3.63086833911 -10.4688953444
-6.0014719684 3.64115766598 -10.4809581395
-5.97470716759 3.63577462931 -10.4914270887
-5.9516149257 3.62021700572 -10.4989419332
-5.93280500797 3.60113966812 -10.5041725407
-5.91517038156 3.58048956338 -10.5086918569
-5.89781592334 3.5568924882 -10.5126839438
-5.88558184704 3.53082930134 -10.5141870659
-5.88512947012 3.50596817339 -10.5109194656
-5.89762998555 3.48487446323 -10.5027470188
-5.91677850462 3.46540589607 -10.4920142902
-5.93514197427 3.44388190489 -10.4813247592
-5.95204477281 3.42239031733 -10.4712519227
-5.97381609681 3.41106419365 -10.4605522298

/group/N_LCA4/135
135
posId 135-6.06752837814 3.47822910149 -10.4625719224
-6.07680913611 3.53657617499 -10.4663280837
-6.07150117319 3.58077334733 -10.4745857701
-6.05679141969 3.60689137739 -10.4845424595
-6.03655618624 3.62309355864 -10.4955928237
-6.01249693205 3.63373781629 -10.507575096
-5.98714286873 3.63396020732 -10.518727249
-5.96416557873 3.61968174048 -10.5268914235
-5.94488888574 3.59649559905 -10.5322372278
-5.92704535595 3.57408246963 -10.5370580342
-5.9093153872 3.55454984341 -10.5422154523
-5.89609661488 3.53185926385 -10.5449702496
-5.89487878324 3.50313056496 -10.5416504426
-5.90793746271 3.47502674365 -10.5321516461
-5.92865230293 3.45531814862 -10.5204204916
-5.94808310669 3.44172274933 -10.5100727226
-5.96448270068 3.42551180865 -10.5007038013
-5.98404604722 3.40703742824 -10.4896433577
-6.011723202 3.40185908612 -10.4768072548

/group/N_LCA4/138
138
posId 138-6.07814813274 3.47526418835 -10.4892346258
-6.08689234573 3.53336021115 -10.4924535504
-6.08176545446 3.57656225613 -10.5002111481
-6.06753412944 3.6026232157 -10.5100283452
-6.04802410401 3.6198467754 -10.5211771122
-6.02491133101 3.63087840711 -10.5332146685
-5.99999348154 3.63000074307 -10.5445981652
-5.9760040976 3.61493819156 -10.5537827287
-5.95458117861 3.59361128703 -10.5610015667
-5.93531401475 3.57499722842 -10.5675647315
-5.91844644721 3.5574675533 -10.5731564745
-5.90766552703 3.53235966237 -10.5749948421
-5.90797597178 3.49855646707 -10.5706320236
-5.92009579444 3.46705089836 -10.5611090845
-5.93853788624 3.44775317384 -10.5501939724
-5.9568639995 3.43644573087 -10.5403297753
-5.97437733698 3.42135579089 -10.5303682947
-5.9958932382 3.40234776369 -10.5180715881
-6.02436345468 3.39685078241 -10.5042538627

/group/N_LCA4/141
141
posId 141-6.08919650318 3.47096350609 -10.5148631099
-6.09834442324 3.5293191288 -10.5168508425
-6.0937732843 3.57394164253 -10.5240106497
-6.07927165804 3.60050829856 -10.534017501
-6.05928439779 3.61650407234 -10.5455311252
-6.03652054707 3.62615210934 -10.5576972189
-6.0121575939 3.62616659336 -10.5695785349
-5.98713921629 3.6150559946 -10.5805501062
-5.96284873648 3.59888791293 -10.5906078849
-5.94116772871 3.58337405982 -10.5994655418
-5.92456966584 3.56437446346 -10.605459504
-5.91585752322 3.53300866431 -10.6062416972
-5.91680533996 3.49048842376 -10.6010809768
-5.92655648204 3.45167669569 -10.5920374285
-5.9419135662 3.42990527133 -10.5821433245
-5.96003770881 3.42178870535 -10.572408847
-5.98091740417 3.41304255968 -10.561261154
-6.00646320052 3.39936448115 -10.5472932191
-6.03663827134 3.39549850412 -10.5321522377

/group/N_LCA4/144
144
posId 144-6.10114263585 3.46812835029 -10.5392781972
-6.11034899956 3.52632253464 -10.5397515348
-6.10545339959 3.57142012087 -10.5463613565
-6.08952761448 3.59767332027 -10.5569949273
-6.06840399353 3.61193787294 -10.5692441557
-6.046620849 3.6201346337 -10.5812881345
-6.02492613072 3.62102461016 -10.5926269182
-6.00177584426 3.61264316525 -10.6038844897
-5.97709724672 3.59840463344 -10.6154066815
-5.95417520485 3.58249210171 -10.6258662598
-5.93771702331 3.56219954463 -10.6325761974
-5.93038695802 3.53086467816 -10.6335527264
-5.93149319947 3.48945946588 -10.6292425637
-5.93877037336 3.45035068872 -10.6219372063
-5.95088754749 3.42562442717 -10.6134178939
-5.96812793667 3.41399838871 -10.6034219482
-5.99113456158 3.40438712113 -10.5906154101
-6.01935621038 3.39301748491 -10.5749438728
-6.05028753603 3.39204874084 -10.5588046421

/group/N_LCA4/147
147
posId 147-6.11505342692 3.46608467574 -10.5614474706
-6.12384908582 3.52531742042 -10.560255914
-6.11747128845 3.56915946662 -10.5665509519
-6.0982261519 3.59159899847 -10.5786721825
-6.07409295329 3.60247256587 -10.5927916951
-6.05285430018 3.61096187643 -10.6051501217
-6.03555586479 3.61562293278 -10.6150747986
-6.01708497454 3.61102386919 -10.6250729292
-5.99375264169 3.59783397454 -10.6372406876
-5.96912232543 3.58102513532 -10.6499048003
-5.95121456697 3.56053494326 -10.658594949
-5.94463729388 3.53054098293 -10.6603807704
-5.94707733801 3.49022032661 -10.6564989076
-5.95372333534 3.45025004095 -10.6502967927
-5.96344104895 3.42346297431 -10.6432090675
-5.97921964555 3.41061754194 -10.6336186074
-6.00332069996 3.40123505168 -10.6196102994
-6.03374801311 3.39029212133 -10.6019814317
-6.06561429072 3.38906627747 -10.5841592933

/group/N_LCA4/150
150
posId 150-6.12922702162 3.46398139657 -10.5818346622
-6.13571705409 3.52294648903 -10.5794083636
-6.12829451103 3.56738643463 -10.5850145723
-6.11037657083 3.59116379903 -10.5964347531
-6.08850745545 3.60323864117 -10.6099444067
-6.06823177768 3.61197568932 -10.622407509
-6.0501704689 3.61601606901 -10.6334147667
-6.03082550821 3.61079631066 -10.6449627169
-6.0079171482 3.5976951954 -10.6584627124
-5.98453621441 3.58157007233 -10.6721715082
-5.96727053607 3.56172491839 -10.6820939088
-5.96032120102 3.53195055779 -10.6855362565
-5.96228571713 3.49155398517 -10.6833278064
-5.96901406498 3.4514558254 -10.6782506149
-5.97880649035 3.42446127388 -10.6716550175
-5.99390142866 3.41117565244 -10.6622048166
-6.01704565965 3.40118570094 -10.6479780397
-6.0474838909 3.38970684317 -10.6293096316
-6.0804409957 3.38806622335 -10.6093693621

/group/N_LCA4/153
153
posId 153-6.14169260301 3.46283311632 -10.6016353715
-6.14612939871 3.52001514321 -10.5976886393
-6.14006708209 3.56515233687 -10.6008544961
-6.1269326394 3.5932477204 -10.6089726343
-6.10899075865 3.61034159207 -10.6204466653
-6.08793255231 3.62061125264 -10.6340905354
-6.06550689759 3.6219167568 -10.6487943762
-6.04295424857 3.61309175386 -10.663764624
-6.02078984062 3.59902737643 -10.6785745543
-6.00017720799 3.58443522837 -10.6923749335
-5.98415296247 3.565809338 -10.7032348865
-5.9762214108 3.53540907059 -10.7089928915
-5.97723505928 3.49386115975 -10.7090777667
-5.98452289719 3.45381729645 -10.7050150722
-5.99508278035 3.42761455936 -10.6985535138
-6.00937974339 3.41406641672 -10.6894091276
-6.03080805371 3.40244970423 -10.6755465364
-6.06075425907 3.38963402813 -10.6561117139
-6.09470659278 3.38801995776 -10.6338436217

/group/N_LCA4/156
156
posId 156-6.15001817558 3.4617870604 -10.6229326597
-6.15647838212 3.51857540625 -10.6147618698
-6.15282726164 3.56458476593 -10.6144637641
-6.14152471093 3.59358896496 -10.6206800017
-6.12392028211 3.61098492683 -10.6321106829
-6.10125570914 3.6220798065 -10.6475382707
-6.07617748376 3.62606120766 -10.6651309113
-6.05207876982 3.62092632352 -10.6826004175
-6.03111771021 3.60883784331 -10.6982751413
-6.01378297266 3.59287805816 -10.7116133906
-6.00055268071 3.57104678307 -10.7224008735
-5.99304096204 3.53863416827 -10.7297855771
-5.99275113211 3.4974771121 -10.7325822709
-5.99920663474 3.45862565694 -10.7304345222
-6.010460486 3.43235795804 -10.7240806955
-6.0257051592 3.41744138913 -10.7141729315
-6.04634633842 3.40465820452 -10.7002912588
-6.07342993978 3.39158621931 -10.6818439601
-6.10413572633 3.38969443247 -10.6601157692

/group/N_LCA4/159
159
posId 159-6.16104153348 3.46251008154 -10.6410567635
-6.16894897398 3.51885968438 -10.6288173074
-6.16519769709 3.56364452138 -10.6267995208
-6.15217164964 3.59236091847 -10.633664725
-6.13400601053 3.61120285905 -10.6455585562
-6.11416409123 3.62347818176 -10.659458545
-6.09385910197 3.62585566271 -10.6747971253
-6.07273150323 3.61705053238 -10.6919910599
-6.05106757363 3.60315840394 -10.7101535462
-6.03120639722 3.59002286002 -10.7268483504
-6.01659590328 3.57380811168 -10.739846353
-6.00948175632 3.54532681419 -10.7484275133
-6.00965461843 3.5042698879 -10.7527864628
-6.01545049107 3.46373085674 -10.7527690482
-6.02576860601 3.43699463876 -10.7477674926
-6.04095857999 3.42300263378 -10.7376290277
-6.06181532822 3.41030524261 -10.7229956033
-6.0878151108 3.39535489214 -10.7046576812
-6.11616375593 3.39114354051 -10.6833404403

/group/N_LCA4/162
162
posId 162-6.17332686343 3.46227596155 -10.6569548519
-6.18202546156 3.52153014615 -10.6404267788
-6.17651460105 3.56533644536 -10.6380831354
-6.1596980434 3.58807558295 -10.648407812
-6.13827148723 3.60167762827 -10.6639842436
-6.11856250799 3.61529538628 -10.6781378075
-6.10291779716 3.62399553223 -10.6897050163
-6.08924627462 3.61888385044 -10.701816282
-6.07402268985 3.60153789287 -10.7171383791
-6.05631848034 3.58197319291 -10.7348614174
-6.03949279356 3.56448769707 -10.7515303942
-6.02907722267 3.54294836964 -10.7635369847
-6.02868024292 3.51245846552 -10.7686684759
-6.03749390319 3.47974576506 -10.7665331681
-6.05151000016 3.45597422657 -10.7586870396
-6.06716402132 3.44159898662 -10.7480061522
-6.08398576555 3.42609557942 -10.7365373122
-6.10388669589 3.40550103725 -10.7233240909
-6.12785185705 3.39425162642 -10.7052776774

/group/N_LCA4/165
165
posId 165-6.18476404242 3.46333694371 -10.671940862
-6.19298438032 3.52105334464 -10.6526702375
-6.1873627738 3.56543881654 -10.6484547774
-6.17179310908 3.5903376255 -10.6571140519
-6.1524980631 3.60563284231 -10.6710730604
-6.13401865328 3.6193001331 -10.6846455596
-6.11767804422 3.62731685319 -10.6974911469
-6.10243283983 3.6223987613 -10.7120471826
-6.08663191393 3.60640602568 -10.729393816
-6.06983678441 3.58826680399 -10.7480684215
-6.05418484012 3.57154188064 -10.7654346532
-6.04411631145 3.5506331899 -10.7787113185
-6.04369438873 3.52133454241 -10.7851632772
-6.05320736043 3.48981923099 -10.7832540539
-6.06852809963 3.46593020354 -10.7746063387
-6.0846252169 3.44982353013 -10.7636550205
-6.1000621302 3.4322518429 -10.7535937673
-6.11760335994 3.4105226843 -10.7425265103
-6.13989678061 3.39873444308 -10.7251778666

/group/N_LCA4/168
168
posId 168-6.19318173754 3.4670050365 -10.6876469964
-6.20291755278 3.51968401319 -10.6647344006
-6.19960999256 3.56296974833 -10.6566612873
-6.18673095474 3.5926578852 -10.6612153798
-6.16988641506 3.61416878806 -10.6716602484
-6.15212142795 3.62935416895 -10.6846199578
-6.13347064888 3.63376449032 -10.7012147782
-6.11379155515 3.62595037901 -10.7219559043
-6.094549531 3.61264230963 -10.7437052758
-6.07789105943 3.60068196098 -10.7626482493
-6.06537128779 3.58726916402 -10.7780315433
-6.05836400722 3.56385051592 -10.7907654768
-6.05870963405 3.52963295575 -10.7993052608
-6.06737900626 3.4957312008 -10.7998468687
-6.08234276714 3.47274243755 -10.7915737523
-6.09917958276 3.45791004175 -10.779405297
-6.11494607864 3.44023248874 -10.7689921795
-6.13096434988 3.41823023475 -10.7594604845
-6.15047869993 3.40693573846 -10.7438285997

/group/N_LCA4/171
171
posId 171-6.20691800343 3.46588885224 -10.6979771094
-6.21476154141 3.52092621564 -10.672781993
-6.20999515685 3.56546494734 -10.6636914987
-6.19825420477 3.59321944046 -10.6669433253
-6.18380979775 3.61283850545 -10.6754891311
-6.1656267392 3.63147434157 -10.6881434086
-6.14195011034 3.64548189839 -10.707830792
-6.11619525822 3.64787210165 -10.7332660182
-6.09532917325 3.63874465205 -10.7573350492
-6.08272764787 3.62336768446 -10.7749575623
-6.07543645913 3.60267931312 -10.7888433698
-6.06971998199 3.57239522972 -10.8041307718
-6.06719134752 3.53314853024 -10.818981718
-6.0729207777 3.49587235644 -10.8248207034
-6.08808934101 3.47174440357 -10.8169495274
-6.10748700868 3.45867149341 -10.801319808
-6.1255599646 3.44404652341 -10.7875224669
-6.14277158039 3.42302646527 -10.7766018072
-6.16333721922 3.40929650097 -10.7599902867

/group/N_LCA4/174
174
posId 174-6.21743970009 3.46771721882 -10.708898487
-6.22588567711 3.52103682794 -10.6800779582
-6.22099945509 3.56515338206 -10.6691125744
-6.20864691201 3.59350278261 -10.6720595387
-6.19402925163 3.61390280833 -10.6803944882
-6.17650186728 3.63317645648 -10.692301031
-6.15373586291 3.64807689309 -10.7115025194
-6.1284569637 3.65193267453 -10.7375019908
-6.1076935796 3.64444391233 -10.7627860001
-6.09535599147 3.63020311384 -10.7814196535
-6.08858651293 3.61007399735 -10.7961843531
-6.08313784302 3.58034913311 -10.8130542465
-6.08031521789 3.54201545632 -10.8302496083
-6.08564808732 3.50555474965 -10.8379078008
-6.10094631412 3.48142814812 -10.8302085924
-6.12081969879 3.46749170346 -10.813789429
-6.13880219982 3.45178503486 -10.8000740645
-6.15488832584 3.42989328276 -10.7906962046
-6.17401180398 3.41513201004 -10.7753946087

/group/N_LCA4/177
177
posId 177-6.22439745926 3.47094348303 -10.7214227315
-6.23355847581 3.52180219656 -10.689135307
-6.2281119282 3.56661097921 -10.6763091225
-6.21775133882 3.59318285733 -10.6769430413
-6.2046866044 3.6134552715 -10.6833897118
-6.18588459783 3.6347704846 -10.696021109
-6.16317663912 3.64753973528 -10.7168125848
-6.14301342422 3.64550074593 -10.7409821716
-6.12738270507 3.63862212812 -10.7619793166
-6.1127280815 3.63455314144 -10.7806496662
-6.0990334716 3.6221167616 -10.801781045
-6.09273378241 3.58903599293 -10.8231762132
-6.09730861115 3.54647970816 -10.8360485682
-6.10738963878 3.51721826542 -10.8368853347
-6.11769206028 3.50310226578 -10.8310037026
-6.13285359872 3.48485525809 -10.821269834
-6.16053411376 3.45746094234 -10.8009728559

/group/N_LCA4/180
180
posId 180-6.2313490856 3.47188252808 -10.7332218505
-6.24322261035 3.52341087186 -10.6935304935
-6.23804638137 3.56770400875 -10.6783206057
-6.22203308324 3.59155065381 -10.6863899523
-6.20362299442 3.60913437083 -10.7004557415
-6.18808414899 3.62962662185 -10.7095756129
-6.17532261879 3.6423636373 -10.7190587063
-6.16142370188 3.6398436524 -10.7373706508
-6.14333322605 3.63367863211 -10.7626101565
-6.12340608738 3.63380164818 -10.7870447708
-6.10874988104 3.62772325228 -10.8080206676
-6.10478130817 3.59906747213 -10.8268553677
-6.10998113134 3.55716474135 -10.8408720299
-6.11871302205 3.5268895336 -10.8448839895
-6.12903956052 3.5122033658 -10.839343314
-6.14533333241 3.49294250233 -10.8286957486
-6.171693129 3.46270403007 -10.8110215156

/group/N_LCA4/183
183
posId 183-6.23983712654 3.4706382348 -10.7423194962
-6.2503758031 3.52321524155 -10.6996471309
-6.24485795655 3.56875815821 -10.6818105907
-6.23070573299 3.59047267084 -10.6883518938
-6.20968817344 3.60325403655 -10.7087705558
-6.18179600007 3.62011691695 -10.7359224465
-6.15348799889 3.63549520826 -10.7644336793
-6.13277745619 3.64029148456 -10.7888420947
-6.121025887 3.63079453945 -10.8094103485
-6.11632048431 3.60491866231 -10.8297832063
-6.11912648151 3.56827333989 -10.8462686903
-6.12868401131 3.53758475186 -10.8506620413
-6.14087448445 3.52005154006 -10.8443834378
-6.15580425199 3.50029865415 -10.8357481268
-6.17964878702 3.46874811665 -10.8219581677

/group/N_LCA4/186
186
posId 186-6.24607542957 3.47440958043 -10.7492008966
-6.25561545441 3.5226812656 -10.7062779942
-6.25290373275 3.56603375572 -10.6833603352
-6.2382011062 3.59096906255 -10.6883919943
-6.21509710551 3.604911032 -10.7118306057
-6.18885102848 3.61950412088 -10.7392228373
-6.16502778933 3.63308611826 -10.7638796609
-6.14722660208 3.63558086851 -10.7870133472
-6.13558949881 3.62387419802 -10.8103432744
-6.12882778599 3.60374696304 -10.8320982428
-6.12774088575 3.57975782083 -10.8483653979
-6.13487743229 3.55221413123 -10.8554237381
-6.1500289847 3.5237735278 -10.8519268309
-6.16813258606 3.50004885641 -10.8414372018
-6.18370709216 3.48137430784 -10.831344945
-6.19655467374 3.462495743 -10.8251571742
-6.21090313572 3.44550115172 -10.815730253

/group/N_LCA4/189
189
posId 189-6.2529180017 3.47718385396 -10.7528382328
-6.26037598582 3.52304200033 -10.7105337503
-6.25809338354 3.56322239541 -10.6864206025
-6.24460114353 3.58984801551 -10.6880415952
-6.22128288393 3.60922065236 -10.7090562339
-6.19467234644 3.626433818 -10.7363838115
-6.1722864038 3.63745069194 -10.7617406056
-6.15625851734 3.63709107453 -10.7855333857
-6.14406557205 3.62671589262 -10.8105386161
-6.13541455447 3.61009276226 -10.8346112974
-6.13447137549 3.58760435676 -10.8513696016
-6.14359778758 3.55973004868 -10.8570161313
-6.15835020447 3.53175145141 -10.8544686526
-6.17208129854 3.50847740942 -10.8502056769
-6.18383032872 3.48711599641 -10.8475471611
-6.19808587722 3.46333281987 -10.8428617318
-6.21718612407 3.44422410155 -10.827863467

/group/N_LCA4/192
192
posId 192-6.25564076986 3.47851879806 -10.7603771122
-6.26483439877 3.52181738563 -10.7133875886
-6.26290552274 3.56206526381 -10.686008613
-6.24874066876 3.5880179152 -10.6884606193
-6.22548990592 3.60590335845 -10.7111406485
-6.20003407247 3.6236026678 -10.7373924956
-6.1786306816 3.63744113373 -10.7602526233
-6.16272086891 3.63942010591 -10.7835161369
-6.15039485315 3.62971907277 -10.8100193688
-6.141773685 3.61429096516 -10.8350804716
-6.14055866532 3.59456624266 -10.8518600779
-6.14913584864 3.56821295784 -10.8584054761
-6.16417379353 3.53831387213 -10.8575737568
-6.17937506017 3.51263681509 -10.8533009572
-6.19200816681 3.49282621287 -10.8485962744
-6.20468732093 3.4734374092 -10.8435015487
-6.2206680206 3.45567618574 -10.8320407228

/group/N_LCA4/195
195
posId 195-6.25993197225 3.47969128638 -10.7621395938
-6.26697673925 3.52193222816 -10.7155074245
-6.26096967498 3.56271617368 -10.6915796149
-6.24997898186 3.58194821153 -10.6937323134
-6.2308910925 3.59869563228 -10.7112813738
-6.20381636571 3.62481019995 -10.7342166031
-6.18057266328 3.64165152301 -10.758532332
-6.16752500857 3.63791998159 -10.7831160485
-6.15722220516 3.62845856995 -10.807930719
-6.14649824522 3.62059177899 -10.8321166383
-6.14479061794 3.60124691963 -10.8509713766
-6.1555900427 3.5697694131 -10.8592886192
-6.16878531072 3.54436124985 -10.8586267697
-6.18067812071 3.52643477561 -10.8539056248
-6.20168079043 3.4997378563 -10.8414538831

/group/N_LCA4/198
198
posId 198-6.25642732355 3.48550027833 -10.7689237158
-6.23122476136 3.48291589298 -10.8151713195
-6.20380950492 3.50508210518 -10.8428214161
-6.1852277491 3.52900446141 -10.8534903737
-6.17056949374 3.5514127939 -10.8586979559
-6.15668124003 3.5785443532 -10.8582795953
-6.15144229721 3.60105678558 -10.8469841674
-6.15725724951 3.61023279988 -10.8285305831
-6.16454960472 3.61872527886 -10.8081233984
-6.1700798766 3.63578105544 -10.7830177491
-6.18331821238 3.64329394367 -10.7531411985
-6.20692122685 3.625121434 -10.728509268
-6.22931736685 3.59692473306 -10.7150729921
-6.24372922152 3.57760868661 -10.7074895326
-6.25551093139 3.55617820594 -10.7064058935

