/group/N_RCA3/0
0
posId 00.393232949749 7.87542396044 -12.5152618601
0.413339729649 7.87949679995 -12.4849619109
0.433784774155 7.8833042352 -12.454680568
0.454509854802 7.88646317083 -12.4250930743
0.475562398116 7.88849256789 -12.3969042912
0.497068592826 7.88887163585 -12.3707885304
0.519196332537 7.88710305535 -12.3473334854
0.542112758264 7.88277358934 -12.3269947019
0.565941797112 7.87560483882 -12.3100656477
0.590727064242 7.86548817001 -12.296666463
0.616404810965 7.85249982221 -12.2867521515
0.642790347465 7.83689465501 -12.280138583
0.669579698752 7.81907960809 -12.276542522
0.696366371441 7.79957040837 -12.2756302356
0.722671246748 7.77893706773 -12.277068264
0.747981999071 7.75774502689 -12.2805697785
0.771797266658 7.73649926111 -12.2859306144
0.793670214295 7.71559821772 -12.2930504696
0.813246199057 7.69530316373 -12.301936716
0.830289970376 7.6757265448 -12.3126905475
0.84469911723 7.65684054096 -12.3254774879
0.856502161938 7.63850444824 -12.3404863278
0.865841586052 7.62050713512 -12.357882086
0.872943929011 7.6026189119 -12.377759415
0.878080697561 7.58464594745 -12.4001028782
0.881524967727 7.5664800201 -12.4247597204
0.883509110165 7.54813694354 -12.4514292246
0.884188955224 7.52977839835 -12.4796706849
0.883618947438 7.51171395667 -12.5089296808
0.881741511537 7.49438256092 -12.5385799999
0.878392122646 7.47831530392 -12.5679765132
0.873319650985 7.46408373948 -12.5965128243
0.866219668759 7.45223983483 -12.6236767631
0.856776792965 7.44325482433 -12.649096898
0.844710989607 7.43746449059 -12.6725741779
0.8298222237 7.43502774578 -12.6940944931
0.812027974115 7.43590388312 -12.7138201592
0.791388929887 7.43985169296 -12.7320608293
0.768119552175 7.44645104788 -12.7492268089
0.742581961822 7.45514486681 -12.7657699096
0.715263584563 7.46529689497 -12.7821185492
0.686740918489 7.47625878422 -12.7986146006
0.657633449345 7.48743876661 -12.8154594094
0.628552928381 7.49836393212 -12.8326754332
0.600053800978 7.50872878931 -12.8500882194
0.572590461221 7.51842433323 -12.8673311279
0.546486219813 7.52754408758 -12.8838725883
0.521917502337 7.53636626686 -12.899063072
0.498915004211 7.54531400043 -12.9121966584
0.477381530616 7.55489814396 -12.9225803557
0.457124281909 7.56564926562 -12.9296034116
0.437897642205 7.57804668897 -12.9327988203
0.419451293852 7.59245284515 -12.931890109
0.4015778606 7.60906058835 -12.9268181725
0.384154351183 7.62785962796 -12.9177452159
0.367172424163 7.64862600661 -12.9050354957
0.350753834514 7.67093586521 -12.8892152127
0.335149192263 7.69420190425 -12.8709162941
0.320720152064 7.71772830755 -12.8508106202
0.307907122516 7.74077775397 -12.8295423057
0.29718630061 7.76264275542 -12.8076658006
0.289021095679 7.78271308961 -12.7855968267
0.283813659846 7.80053159498 -12.7635816015
0.281862211874 7.81583200311 -12.7416876111
0.283329134373 7.82855462916 -12.719816634
0.288223527252 7.8388383679 -12.6977381056
0.296400170231 7.84699023737 -12.6751385387
0.307574892829 7.8534363426 -12.651680876
0.321354406407 7.85866028582 -12.6270665477
0.337276952371 7.8631364749 -12.6010927678
0.354858866497 7.86726631191 -12.5736982547

/group/N_RCA3/3
3
posId 30.452492203526 7.88995934655 -12.5531024684
0.473903042832 7.89423903923 -12.5228340381
0.495201335299 7.89784502883 -12.4937561301
0.516105693503 7.90040285074 -12.4667705536
0.536541405558 7.90146867398 -12.4426622385
0.55662798885 7.90059353586 -12.4220111518
0.576640258193 7.89738853915 -12.4051317471
0.596948154363 7.89158154541 -12.3920491863
0.617943441571 7.88305730008 -12.3825162072
0.639963147391 7.87187548466 -12.3760685273
0.663220043433 7.85826452343 -12.3721109224
0.687749493103 7.84259258259 -12.3700214742
0.713379760579 7.82532055595 -12.369258608
0.739729693443 7.80694444151 -12.3694549022
0.766234001269 7.78793599749 -12.3704833467
0.792192663017 7.76869071087 -12.3724855483
0.816837813622 7.74949090097 -12.3758567867
0.839409217123 7.73048939742 -12.3811890642
0.859228428648 7.711716034 -12.3891794568
0.875762104586 7.69310566119 -12.4005162878
0.888666572455 7.6745430307 -12.4157591397
0.897808472577 7.65591724294 -12.4352299713
0.903259642258 7.63717687584 -12.4589314141
0.90526795181 7.61837667209 -12.486504823
0.904209023458 7.5997077991 -12.5172353184
0.900526222993 7.58150605592 -12.5501046236
0.894667678174 7.56423564857 -12.5838858598
0.88702917519 7.54844981857 -12.6172685534
0.877910625481 7.53473315551 -12.6489977653
0.86749156972 7.52363332873 -12.6780090927
0.855828233367 7.51559180125 -12.7035416377
0.84287140865 7.51088355716 -12.7252138525
0.828501385892 7.50957489241 -12.7430520689
0.812573734282 7.5115060071 -12.7574678424
0.79496828293 7.51630180806 -12.769187106
0.775633375369 7.52341044422 -12.7791405829
0.75461838907 7.53216520261 -12.7883300754
0.732089474135 7.54186204216 -12.7976883957
0.708326167761 7.55184271913 -12.8079514217
0.683699571473 7.5615725018 -12.8195589505
0.658635678704 7.57070203456 -12.8325969485
0.633569774052 7.57910492798 -12.8467880431
0.608899241494 7.58688585539 -12.8615304735
0.584942402733 7.59435788808 -12.8759791474
0.561910113537 7.60199195784 -12.8891568467
0.539894905653 7.6103451184 -12.9000797631
0.518879761705 7.61997716181 -12.9078799388
0.498765552397 7.63136672796 -12.9119080345
0.47941320728 7.64483810438 -12.9118030022
0.460694279294 7.66050844046 -12.907520215
0.442542068967 7.67826229895 -12.8993156851
0.424995134601 7.69775672918 -12.887690293
0.408225899752 7.71845588992 -12.8733035645
0.392549069134 7.73969025308 -12.8568706678
0.378407403673 7.76073213474 -12.8390583894
0.36633568278 7.78087717985 -12.8203956122
0.356906925682 7.79952075603 -12.8012113198
0.350667680212 7.81621907429 -12.7816087858
0.348071010255 7.83072711504 -12.7614790243
0.349416441323 7.8430087698 -12.7405506137
0.354805444771 7.85321853479 -12.7184675295
0.36411912825 7.86165805693 -12.6948824457
0.377021903451 7.86871427789 -12.6695506808
0.392991416159 7.87478836934 -12.6424099177
0.411371430362 7.88022576877 -12.6136329972

/group/N_RCA3/6
6
posId 60.744671129205 7.92213852768 -12.5474146838
0.778723246298 7.89905778013 -12.5509796594
0.809648328108 7.87448253489 -12.5599494725
0.835622395845 7.85009262014 -12.5734296939
0.855554038619 7.82721641319 -12.5903724626
0.869219091762 7.80658705791 -12.6098324618
0.877159590428 7.78830756158 -12.6311203315
0.880387465707 7.77202634726 -12.653811752
0.879992973575 7.75724978603 -12.677631708
0.876783239327 7.74367126265 -12.7022833051
0.871060056974 7.73139439104 -12.7273093462
0.862595179327 7.72097111488 -12.7520558782
0.850794405033 7.71324681938 -12.7757586338
0.834982182726 7.70907711349 -12.7977160699
0.814705884464 7.70902745099 -12.8174705394
0.789962509172 7.71317027939 -12.8349100452
0.761286240859 7.72105446596 -12.8502317692
0.729687795929 7.73185434609 -12.8637645224
0.696485720255 7.74463706165 -12.8757084243
0.663098407051 7.75864318805 -12.8858916212
0.630865369079 7.77347331926 -12.8936477767
0.600940638499 7.7891125227 -12.8978807267
0.574263125594 7.80578958892 -12.8973164866
0.551575302766 7.82373318401 -12.8908718886
0.533446548386 7.84292692707 -12.8780204016
0.520266096302 7.86296463196 -12.8590285741
0.512197464212 7.8830660043 -12.8349753593
0.509118076923 7.90224820885 -12.8075385796
0.510588868173 7.91958553988 -12.7786125605
0.515897708978 7.93445296094 -12.7498797094
0.524195781696 7.9466541993 -12.7224750101
0.534706296327 7.95637991674 -12.6968498344
0.546946399716 7.96400908426 -12.6728716458
0.560882913887 7.96983077017 -12.6501141474
0.576951722192 7.97379879912 -12.628227606
0.595909232596 7.97542365908 -12.6072544354
0.618540610837 7.97385669929 -12.5877787747
0.645303669776 7.96814913596 -12.5708612406
0.67601890956 7.95759999022 -12.5577878408

/group/N_RCA3/9
9
posId 90.645055458243 8.19336518956 -12.6462946252
0.675332851136 8.19358249298 -12.6223965475
0.707306983684 8.19174118419 -12.6004508026
0.740228066053 8.18786665989 -12.5810002803
0.773344911202 8.18203791433 -12.5645037628
0.805971946679 8.17437917596 -12.5512970897
0.837543320822 8.16504699593 -12.5415715925
0.867646599459 8.15421490132 -12.5353722763
0.896031964751 8.1420581176 -12.5326149476
0.922596824574 8.1287408388 -12.5331184216
0.94734966618 8.11440808166 -12.5366455881
0.970360207874 8.09918337242 -12.5429458652
0.991704905138 8.08317250991 -12.5517916083
1.01141734449 8.06647259262 -12.5630023498
1.02945195365 8.04918456453 -12.5764530872
1.04566697405 8.03142688223 -12.5920658038
1.05982920922 8.01334764551 -12.6097864937
1.07163926197 7.99513271443 -12.6295526272
1.08077244069 7.97700793375 -12.6512577942
1.08692784038 7.95923451004 -12.6747208727
1.08987672936 7.94209769067 -12.6996663837
1.08950152316 7.925890001 -12.7257208186
1.08581827209 7.91089122665 -12.7524269653
1.07897844994 7.89734792874 -12.7792750771
1.06924942375 7.88545545032 -12.8057466672
1.05697670519 7.87534507737 -12.8313642807
1.04253430159 7.86707830005 -12.8557392386
1.02627165473 7.86064908601 -12.8786092999
1.00846640069 7.85599388892 -12.8998595012
0.989291366243 7.8530079563 -12.9195219083
0.968801955804 7.85156555347 -12.9377532807
0.946946738086 7.85154113425 -12.954793186
0.923600158145 7.85282835656 -12.9709083263
0.898612516986 7.85535418331 -12.9863312464
0.871869306355 7.8590860738 -13.0012027462
0.843350177185 7.86403133692 -13.0155270374
0.813177573691 7.87022891938 -13.0291469643
0.781646446684 7.87773505119 -13.0417437067
0.749229269377 7.88660508853 -13.0528617392
0.716554382076 7.89687443956 -13.0619559963
0.68435988792 7.90854155026 -13.0684547803
0.653429239139 7.92155555482 -13.0718294994
0.624517659118 7.9358104241 -13.0716612045
0.598280147318 7.95114640104 -13.0676943121
0.575211739979 7.96735836411 -13.0598697817
0.555608944085 7.98420969115 -13.048333079
0.539558088377 8.00144937621 -13.03341603
0.526952234624 8.01882970753 -13.0155955661
0.517533906801 8.03612181146 -12.9954357778
0.510956915921 8.05312679864 -12.9735221042
0.5068576133 8.06968103787 -12.9503975226
0.504924462268 8.08565509766 -12.9265101109
0.504955108285 8.10094696477 -12.9021794329
0.506892106577 8.11547109915 -12.8775861427
0.510831824015 8.12914555918 -12.8527855255
0.517005239236 8.14187972315 -12.8277419495
0.525733759358 8.15356499679 -12.8023780069
0.537367062178 8.16407035993 -12.7766299447
0.552212750037 8.17324375876 -12.7505001741
0.570468834445 8.180919338 -12.7240982939
0.592169574118 8.18692949747 -12.6976640597

/group/N_RCA3/12
12
posId 120.713891801553 8.32907857956 -12.7856601632
0.741352383885 8.33607135581 -12.7621317792
0.770377152492 8.34146635736 -12.740447643
0.80020396048 8.34523906881 -12.7209902543
0.830123855484 8.34739883067 -12.7040641337
0.859570903695 8.34797345994 -12.689879888
0.888186152407 8.34699390847 -12.6785498661
0.91584496351 8.34448190218 -12.6700955642
0.942642940603 8.34044294691 -12.6644651237
0.968842464375 8.33486612917 -12.6615577386
0.994788367388 8.32773093708 -12.6612507664
1.02080648279 8.31902007235 -12.6634249979
1.04710185527 8.30873612191 -12.6679839223
1.0736738029 8.29691918853 -12.674863869
1.10026267389 8.28366227211 -12.6840334588
1.12633839073 8.26912140602 -12.6954825937
1.15113443236 8.25351826059 -12.7092029934
1.17372376094 8.23713402668 -12.7251637432
1.19312646067 8.22029472104 -12.7432862404
1.20843357837 8.20334940605 -12.7634231439
1.21892868193 8.18664398125 -12.785345417
1.22418847929 8.17049399519 -12.8087403678
1.22414653846 8.1551602146 -12.8332219149
1.21910934957 8.14083041742 -12.8583523974
1.20972091597 8.1276100769 -12.8836733902
1.19687972119 8.11552338514 -12.9087414823
1.18161913981 8.10452460331 -12.9331640509
1.1649680437 8.09451823594 -12.9566298806
1.14781162256 8.08538523138 -12.9789300732
1.13077276792 8.07701150474 -12.9999659864
1.11413167667 8.06931470339 -13.0197427567
1.09779598314 8.06226535036 -13.038349026
1.08132649688 8.05589928169 -13.0559255029
1.06401556294 8.05031953052 -13.0726266516
1.04500736153 8.04568732515 -13.0885808513
1.02344326397 8.04220343887 -13.1038546592
0.998611586247 8.04008252747 -13.1184262782
0.970080297005 8.0395241094 -13.1321720617
0.937793568592 8.040684334 -13.1448680514
0.902118172224 8.04365257279 -13.1562064182
0.863832863367 8.04843617358 -13.1658245677
0.824062033298 8.05495553972 -13.1733428839
0.784162825009 8.06305021017 -13.1784058898
0.745581467566 8.07249503929 -13.1807211642
0.709698819669 8.08302413863 -13.1800907378
0.6776864247 8.09435915603 -13.1764308334
0.650392596038 8.10623788717 -13.1697775451
0.628273462127 8.11843922094 -13.1602781101
0.611377208574 8.13080100756 -13.1481695029
0.59938196854 8.14322851356 -13.1337478746
0.591680095082 8.15569252836 -13.1173336045
0.587495040672 8.16821770128 -13.0992372458
0.586012717712 8.18086309201 -13.0797313692
0.58650763434 8.19369800529 -13.0590322838
0.588445483859 8.206776795 -13.0372940111
0.591547957615 8.2201163818 -13.0146149501
0.595811688477 8.23367973211 -12.9910556992
0.601480452626 8.24736757829 -12.9666647898
0.608976945812 8.26101937642 -12.9415078971
0.61880651025 8.2744230963 -12.9156955975
0.631449208916 8.28733213557 -12.8894050119
0.647258037934 8.29948663977 -12.8628916532
0.666379657875 8.31063594416 -12.8364893392

/group/N_RCA3/15
15
posId 150.656983785118 8.37778566026 -12.9580339215
0.668491715816 8.39944504132 -12.9255295585
0.682384955468 8.4194679733 -12.8961707988
0.698840921896 8.43747839418 -12.8706019449
0.718028872731 8.45329026382 -12.8491590066
0.740050828398 8.46689160108 -12.831882934
0.764896880697 8.47840702975 -12.8185705711
0.792420865112 8.48804641703 -12.8088523617
0.822338134518 8.49604892666 -12.8022821373
0.854243001953 8.50263189014 -12.7984232999
0.887640103686 8.50795237492 -12.7969174708
0.921982050936 8.5120865355 -12.7975257832
0.956705562663 8.51502831928 -12.8001386276
0.991259727066 8.51670552715 -12.8047557301
1.02512272663 8.51700824476 -12.8114438292
1.05780664596 8.51582278446 -12.8202829354
1.08885312495 8.51306380334 -12.8313135943
1.1178249317 8.50869821479 -12.8444965234
1.14429950564 8.50275664537 -12.8596927609
1.16786994711 8.49533104262 -12.8766677344
1.18815692198 8.4865600295 -12.8951174116
1.204831937 8.47660612996 -12.9147099753
1.21764907523 8.46563056785 -12.9351332056
1.22647931046 8.45377167336 -12.9561365897
1.2313396347 8.44113197408 -12.9775583203
1.23240892819 8.42777701747 -12.9993305588
1.23002396248 8.41374629359 -13.0214609665
1.22465198839 8.39907385803 -13.0439936243
1.21684052228 8.38381396786 -13.0669570323
1.20714945463 8.36806571959 -13.0903099734
1.19607460568 8.35199060597 -13.1138969879
1.18397452764 8.33581813224 -13.1374238006
1.17101309826 8.31983693417 -13.1604594838
1.15712898876 8.30437178448 -13.1824670827
1.14203953916 8.28974988485 -13.2028588177
1.12528144434 8.27626231555 -13.2210669006
1.10628476177 8.26412793767 -13.2366174557
1.08447108695 8.25346708887 -13.249193762
1.05936229599 8.2442910139 -13.2586763511
1.03068383808 8.23651033313 -13.265151235
0.998446661403 8.22996242768 -13.2688830879
0.96299453942 8.22445402359 -13.2702565745
0.925008456876 8.21981215981 -13.2696950528
0.885466056417 8.21593472212 -13.2675704528
0.845560921248 8.2128312332 -13.2641203637
0.806592572595 8.21064575766 -13.2593877685
0.769842492549 8.20965646084 -13.253195482
0.736453517216 8.21025012639 -13.2451617013
0.707329255822 8.21287415697 -13.2347561283
0.68306690765 8.21797252575 -13.2213890609
0.663931530975 8.22591511852 -13.2045199333
0.649873360131 8.23693136828 -13.1837680533
0.640583239385 8.25105875397 -13.1590074376
0.635575708517 8.26811463891 -13.1304298528
0.63428560878 8.28769639492 -13.0985650892
0.636162817438 8.30921037953 -13.0642542876
0.640750982066 8.33192583895 -13.028579664

/group/N_RCA3/18
18
posId 180.719171196731 8.4346398156 -13.0532404108
0.721237015201 8.45775315943 -13.0134725119
0.728899018082 8.48183189729 -12.9801553937
0.742288445572 8.50565688682 -12.9557402983
0.760861378804 8.52851508368 -12.9407471171
0.783299501901 8.55007277152 -12.9338530862
0.807712564243 8.57017615714 -12.932560183
0.83209760048 8.5886849339 -12.9341794645
0.854892438553 8.60540758207 -12.9367657877
0.875406918122 8.62014375203 -12.9396741594
0.893950595443 8.63278013924 -12.9435701715
0.911589152424 8.64335932085 -12.9499438862
0.929608466602 8.6520578627 -12.9603613762
0.948885339761 8.65906166277 -12.975769179
0.969406931781 8.66438755351 -12.996117215
0.990127592623 8.66774038947 -13.0204127065
1.00922203014 8.66849297002 -13.0471300829
1.02463919722 8.66582995792 -13.0747598682
1.03474412524 8.65902485452 -13.1022406046
1.03880243593 8.64775257112 -13.129093235
1.03712731178 8.63231016656 -13.155228638
1.03084451473 8.61364153629 -13.1805559554
1.02138225133 8.59313248755 -13.2046111105
1.00989817684 8.57223399088 -13.2264110232
0.996873830392 8.55204624908 -13.2446268921
0.982031775755 8.5330222416 -13.2580112861
0.964595230829 8.51491296086 -13.265881807
0.943770667573 8.49698915397 -13.268420886
0.919247769044 8.47846876995 -13.2666201389
0.891512020865 8.45899673281 -13.2618519603
0.861850046722 8.43899732394 -13.2552247166
0.832058693412 8.41976098853 -13.246993676
0.803989665544 8.4032218547 -13.2363026759
0.779121732532 8.39149391324 -13.2214133786
0.758328629885 8.38632017642 -13.2003838075
0.741915647514 8.38861783587 -13.1719646461
0.729874782792 8.39826383916 -13.1363720237

/group/N_RCA3/21
21
posId 210.655167290318 8.514891209 -13.0786857002
0.658688163089 8.53120673661 -13.0423811188
0.66497095971 8.55053595477 -13.0126000485
0.674273608673 8.57277783605 -12.991319858
0.686567120353 8.59787388575 -12.9785681675
0.701356005884 8.62534385093 -12.9729585878
0.717718082475 8.65407215416 -12.9727040739
0.734546506099 8.68246677841 -12.9765649505
0.750872496661 8.7089065549 -12.9842708222
0.766107893451 8.73223660404 -12.9962679525
0.780091609682 8.75204679543 -13.0130142096
0.79292826775 8.76858585777 -13.0342753271
0.804715221202 8.78235990519 -13.0588507838
0.815309091218 8.79363334596 -13.0848964458
0.824256798719 8.80210204768 -13.1106616152
0.830923954615 8.80691567486 -13.1352135162
0.834745336473 8.80703801426 -13.1587176343
0.835456184144 8.80175146848 -13.1820821676
0.83317461876 8.79103281846 -13.2061302281
0.828288467189 8.77559518368 -13.2307406746
0.821209569181 8.75657100014 -13.2544428413
0.812135811811 8.73500759223 -13.2747300636
0.800962971763 8.71145492858 -13.2889820242
0.787411961854 8.68588434333 -13.2955527272
0.771321159154 8.65800530581 -13.2944688518
0.752958939847 8.62783242922 -13.2873595564
0.733189315798 8.59620925014 -13.2766205719
0.713387782577 8.56499750349 -13.2642099021
0.69512441937 8.53679389096 -13.2506755487
0.679746661144 8.51426577044 -13.2349178517
0.668046045811 8.49938746734 -13.2148334424
0.660154456625 8.49291330928 -13.1885502312
0.655704791464 8.49431362378 -13.1556629811

/group/N_RCA3/24
24
posId 240.52440400063 8.56641103678 -13.0073609942
0.510062026401 8.53164839844 -13.036966248
0.498660182125 8.50655105538 -13.068139914
0.49117243569 8.49348848515 -13.0988977704
0.487735159856 8.49246315988 -13.1279713952
0.487678486556 8.50128023052 -13.1550252723
0.489817728937 8.51642317089 -13.1805644703
0.492891969308 8.53429004121 -13.2055503056
0.495985251653 8.55232034386 -13.2308496303
0.498778908696 8.56960529309 -13.2567099664
0.501554867657 8.58679525323 -13.2824501322
0.50496951052 8.60540398149 -13.3064829429
0.509705212626 8.62684254145 -13.326669104
0.516147409932 8.65160311498 -13.3408831928
0.524214335187 8.6789236985 -13.3475979248
0.533395384954 8.70704210893 -13.3462893096
0.542963845748 8.73388962401 -13.3375330752
0.55225872604 8.757891136 -13.3227749757
0.560907734053 8.77850584057 -13.3038711944
0.568896765371 8.7962703169 -13.2825678341
0.576464309254 8.81233539341 -13.2600956088
0.583879019799 8.82771752776 -13.236998804
0.591210193225 8.84261397167 -13.213222483
0.598201877538 8.85610282524 -13.1883879738
0.604312060682 8.86637691947 -13.1621298073
0.608901211623 8.87141999926 -13.1343658935
0.611484037867 8.86983083908 -13.1054212798
0.611926445695 8.86142599069 -13.0759986509
0.6104913014 8.84734014847 -13.0470521226
0.607703124451 8.82955907936 -13.0196480803
0.604084658581 8.8100718091 -12.9948793259
0.599880855288 8.79000695145 -12.9738492884
0.59489955967 8.76914280179 -12.9576887704
0.588555011285 8.74603648725 -12.9475374801
0.580116560306 8.71876066569 -12.9444332746
0.569075198225 8.68597305438 -12.949100393
0.55548282631 8.64788589096 -12.961691721

/group/N_RCA3/27
27
posId 270.367451285103 8.73529087844 -13.0088355908
0.361415234169 8.68983011383 -12.9985173348
0.350778523295 8.65600728937 -13.0101856997
0.337478056868 8.6356558123 -13.0389263382
0.324163264341 8.62296952146 -13.0726553546
0.312632641364 8.61239981459 -13.1021334018
0.303338004295 8.60523656499 -13.1267701566
0.296120840794 8.60812612097 -13.1513507966
0.291084021597 8.62556512616 -13.1784514087
0.288630985488 8.65466617859 -13.2049400179
0.288898428295 8.6875228905 -13.2252875171
0.291542222294 8.71802050459 -13.2366336913
0.296251298736 8.74556070368 -13.2395718233
0.303270438008 8.77239569039 -13.2347838754
0.313055566347 8.79867040416 -13.2209282191
0.32524397286 8.8212039982 -13.1970952138
0.338123093498 8.83675463918 -13.1665847651
0.34941662332 8.84485165453 -13.1362583655
0.357759998746 8.84621071897 -13.1108727338
0.363350990863 8.83894857081 -13.0885908374
0.36704551393 8.8183550333 -13.0636809544

/group/N_RCA3/30
30
posId 300.144611135821 8.68316670336 -12.8994665603
0.159909833064 8.72507631294 -12.8814989952
0.16941839461 8.76796403155 -12.8752262603
0.172346620411 8.80466789169 -12.8801239098
0.169883324749 8.83253996407 -12.8930795238
0.164351322414 8.85387607369 -12.9101828648
0.157848508589 8.87329588745 -12.9286423833
0.151201110548 8.89390083674 -12.9477313007
0.143821512156 8.91476253239 -12.9683377799
0.134471055791 8.9313410205 -12.9915832524
0.122365541221 8.93845350028 -13.017506709
0.107885586759 8.93372889182 -13.044668898
0.0924623404528 8.91920102403 -13.0708406252
0.0777801362249 8.89998153097 -13.0941883345
0.064885213718 8.88093643912 -13.1140645651
0.0538205075218 8.86363594057 -13.1308410948
0.0440134672001 8.84565614162 -13.1449417171
0.0351049292316 8.8227164717 -13.1558300491
0.027594620309 8.79220938785 -13.1617633843
0.0228072344047 8.75571630107 -13.1605908171
0.0221638371958 8.71875898827 -13.1511168216
0.0262455919988 8.68788098196 -13.134098036
0.0343110308116 8.66695969516 -13.1121226606
0.0446445048124 8.65520418269 -13.0883418049
0.0555535444861 8.64820811962 -13.0648100612
0.0663718354159 8.64140614059 -13.0415135667
0.0777811919785 8.63365913098 -13.0167775874
0.0911863739359 8.62855528759 -12.9888767212
0.107496785677 8.63247182118 -12.9578724037

/group/N_RCA3/33
33
posId 33-0.0899709485501 8.72491066812 -12.7575845422
-0.106034802081 8.68987957498 -12.7783715444
-0.124772295554 8.66637913728 -12.8059423332
-0.144173548796 8.65470368069 -12.8369132389
-0.162468673123 8.65257441129 -12.8678186913
-0.178650356549 8.65649089263 -12.8962644132
-0.192628467533 8.66342020504 -12.9215154452
-0.204961430474 8.67201412369 -12.9442694258
-0.216317054383 8.68281814596 -12.9657737905
-0.226943816295 8.69746466623 -12.9867663661
-0.236418312499 8.71735176901 -13.0067901557
-0.243785581223 8.74254079796 -13.0242224339
-0.248004440789 8.77145036145 -13.0369783808
-0.24845553382 8.80147450649 -13.043498986
-0.245243850913 8.83015193694 -13.0434926981
-0.23914111689 8.85622622204 -13.0380398063
-0.231205162441 8.88001121747 -13.0290109392
-0.222282148493 8.90286533993 -13.018114436
-0.212655448016 8.92607003774 -13.0060806564
-0.202023288866 8.94973634607 -12.9924143596
-0.189810592516 8.97235208756 -12.9758417394
-0.175642948684 8.99123687301 -12.9552087743
-0.159726146705 9.00367774189 -12.9303482509
-0.142927229106 9.0081412325 -12.9024505587
-0.126513983066 9.00490335135 -12.8737384318
-0.111693079104 8.99574187994 -12.846617535
-0.0991948299565 8.98283913581 -12.822755674
-0.0891269279667 8.96748097563 -12.8025833653
-0.0811734901273 8.94927284533 -12.7854844147
-0.0750265459492 8.92634543137 -12.7705738075
-0.0708057600161 8.89651160074 -12.7576375999
-0.0692201487025 8.85882469983 -12.7477080634
-0.0713566111145 8.81474408094 -12.7429248995

/group/N_RCA3/36
36
posId 36-0.363669988096 8.73427152691 -12.6217549731
-0.347316134077 8.77140692313 -12.5982018857
-0.337695844708 8.80983796371 -12.587053465
-0.335437259605 8.84488894316 -12.5886840587
-0.338940430979 8.87447345159 -12.5998559533
-0.345408869744 8.8992959 -12.6156201985
-0.352435788309 8.9215356593 -12.6319742395
-0.359200545727 8.94288832286 -12.6477087787
-0.366595012744 8.9631691943 -12.6644086819
-0.37627761157 8.98026468445 -12.6847320918
-0.389310170094 8.99133824378 -12.7101388413
-0.405255757765 8.99443050325 -12.7395179547
-0.422276954885 8.98941771897 -12.7695220169
-0.438109216188 8.97778932433 -12.7962934462
-0.451231843047 8.96151705487 -12.8174003406
-0.46147197242 8.9418664229 -12.8327362143
-0.469693289834 8.91897371613 -12.8438872814
-0.476847666157 8.89242343218 -12.8525093883
-0.483080962346 8.86233429421 -12.8588860378
-0.487513726116 8.83010325353 -12.8616526961
-0.488824282816 8.79821168233 -12.8588210306
-0.486191674393 8.76918504547 -12.8493166079
-0.479903167573 8.74443361032 -12.8338897751
-0.471170268658 8.7238332179 -12.8147140776
-0.461264611675 8.70642056097 -12.7939349887
-0.450588683202 8.69179193652 -12.7722154493
-0.438381321995 8.68124386517 -12.7483887379
-0.423349787323 8.6777746644 -12.7206032832
-0.404881246831 8.68476073856 -12.6883004049

/group/N_RCA3/39
39
posId 39-0.636686777811 8.83047104873 -12.478133575
-0.636645572573 8.88404818821 -12.4881015861
-0.639458970058 8.92839588086 -12.5030651492
-0.644174974537 8.95935199452 -12.5199981264
-0.650444153782 8.97870160497 -12.5384121178
-0.658380837395 8.99125183429 -12.5594797224
-0.668065446245 9.00068893977 -12.5840830341
-0.679127015948 9.00714848213 -12.6113730109
-0.690735554058 9.0079150898 -12.638882917
-0.701981719694 9.0002723718 -12.6639587698
-0.712309400129 8.98404868653 -12.6852573477
-0.721636392465 8.96188426031 -12.7030808665
-0.730065335877 8.93720125575 -12.7183141838
-0.737433395082 8.91171263685 -12.730895235
-0.743095473111 8.88461359889 -12.7391520799
-0.746159840212 8.85415691693 -12.7406543226
-0.746029588083 8.82029592513 -12.7339860485
-0.742835440598 8.78611344997 -12.7200345736
-0.737395055563 8.75664637114 -12.7016736807
-0.730679527912 8.73580373506 -12.6819269867
-0.723155121363 8.72372883834 -12.6619205785
-0.714498673496 8.71682360759 -12.6402166914
-0.703943227317 8.71073538409 -12.6141896038
-0.691058470839 8.70429576412 -12.5826054016
-0.67643521779 8.70146328309 -12.5476005263
-0.661776109925 8.70955495708 -12.5145633687
-0.64928417634 8.73464818452 -12.4898290515

/group/N_RCA3/42
42
posId 42-0.951746757666 8.79141164299 -12.4387376109
-0.962484788643 8.76150141198 -12.479730418
-0.971915286501 8.74197874095 -12.5183466323
-0.97921152686 8.7351200524 -12.5514199799
-0.984449539668 8.74047554277 -12.5791484345
-0.988175801739 8.75586555141 -12.6033633124
-0.99082662451 8.77871113564 -12.6252016265
-0.992413098196 8.80681840409 -12.6438672046
-0.992638511732 8.83834306761 -12.6571919933
-0.991275026133 8.87135533125 -12.6633120821
-0.988451159578 8.90366770761 -12.6620088663
-0.984611154851 8.93323449152 -12.6546649166
-0.980198643312 8.95882038151 -12.6429739701
-0.975351213803 8.98030272153 -12.6275622978
-0.969882874067 8.9982142782 -12.6077255644
-0.96358824936 9.01276831273 -12.5825406521
-0.956623233559 9.02311271095 -12.552440696
-0.949630701576 9.02748939459 -12.5198925376
-0.943465979045 9.02432688581 -12.4884757998
-0.938698057077 9.01353652237 -12.4609426564
-0.935267516356 8.99701217305 -12.4377362884
-0.932598485706 8.97781145253 -12.4172217732
-0.930134666505 8.95842691803 -12.3976409914
-0.927935399925 8.93927625446 -12.3794464768
-0.926882284038 8.91850196406 -12.3662356393
-0.928290468731 8.89335161965 -12.3633822115
-0.933129896125 8.8623518167 -12.3750651519

/group/N_RCA3/45
45
posId 45-1.2378734065 8.82782184284 -12.5238903603
-1.23292492247 8.85934523943 -12.5586334675
-1.22921694363 8.88925592295 -12.5768771346
-1.22694162664 8.9156357589 -12.5781318144
-1.22558864286 8.94057388735 -12.5674194314
-1.22446551316 8.96711520373 -12.5512941825
-1.22328850106 8.99554173189 -12.5336374888
-1.2223883624 9.02202894439 -12.5142542936
-1.22239897957 9.04077717761 -12.4908759501
-1.22371308628 9.04789202356 -12.4624698157
-1.22615655669 9.04390761808 -12.4309706935
-1.22912520862 9.03301944456 -12.4001911858
-1.2320345453 9.01979175478 -12.3731936447
-1.23468906929 9.00606487827 -12.3506137943
-1.23727896026 8.99043029299 -12.3313604007
-1.2400524322 8.97037674321 -12.3148426536
-1.24298660835 8.94502977836 -12.302484685
-1.24575308032 8.91613992444 -12.2970152388
-1.24798388824 8.88673320012 -12.300173078
-1.24955991082 8.85897654242 -12.3110505946
-1.25062621037 8.83341194484 -12.326813537
-1.25130438402 8.81028014656 -12.345350646
-1.25137824756 8.79153332643 -12.3674675718
-1.25029027179 8.78130210827 -12.3963616177
-1.2475297653 8.78386636331 -12.434346856

/group/N_RCA3/48
48
posId 48-1.52180778097 8.81801346427 -12.5244650467
-1.50664737386 8.82720152829 -12.5744270376
-1.49427550765 8.84052504639 -12.61360944
-1.48569284616 8.85634255052 -12.6389969669
-1.48023889444 8.87529317602 -12.6527011373
-1.4763935856 8.89917921071 -12.6594909794
-1.47291711357 8.92904224402 -12.6633731494
-1.46960149109 8.96373008339 -12.6653819189
-1.46721941294 8.99990122825 -12.6637549363
-1.46680985357 9.03345623991 -12.6560151125
-1.46886249424 9.0614542849 -12.6412702487
-1.47298273856 9.08327577183 -12.6210551129
-1.47824170241 9.10031176745 -12.5982049015
-1.48391364461 9.11444181922 -12.5747184348
-1.49002693416 9.12634941891 -12.5503110015
-1.49729320947 9.13480114885 -12.5228562591
-1.50643404165 9.13734227318 -12.490526791
-1.51737657725 9.13189845182 -12.454140835
-1.52891884719 9.11816951885 -12.417940265
-1.53916974469 9.09786014488 -12.3880049009
-1.54653848703 9.07360205966 -12.369122157
-1.55064237721 9.04733252849 -12.3620878423
-1.55250631109 9.01928371132 -12.3632914838
-1.55386029361 8.98833492119 -12.3670514562
-1.55593107124 8.95354596845 -12.3693786297
-1.55848426114 8.91584938726 -12.3708297001
-1.55975617361 8.87870520983 -12.3765644576
-1.55737822898 8.84715049528 -12.3934058116
-1.54977477396 8.82570951762 -12.4255723316

/group/N_RCA3/51
51
posId 51-1.83393031925 8.83427246552 -12.5406295464
-1.82078746512 8.80745024524 -12.5725671054
-1.80550028105 8.79385824412 -12.6072512254
-1.78980600026 8.79289402564 -12.6410409111
-1.77523605081 8.80123809667 -12.6711167794
-1.76255057078 8.81471207228 -12.6964336095
-1.75164120245 8.83035669937 -12.7176379464
-1.74194430264 8.84758066521 -12.7360212248
-1.73308036737 8.86779838492 -12.7521992865
-1.72529734835 8.89287633842 -12.765379189
-1.71943480692 8.92338947949 -12.7736801095
-1.71644852271 8.95774315791 -12.77527567
-1.71682675098 8.99263227183 -12.7695814473
-1.72029699655 9.02447431011 -12.7576831942
-1.72602240669 9.05089408404 -12.7417078895
-1.73315393322 9.0713857312 -12.7235470292
-1.7413609754 9.08686299215 -12.7037816627
-1.75097250081 9.09852436835 -12.6815386089
-1.76261786947 9.10683768261 -12.6554027942
-1.77659187239 9.11126813243 -12.6248169223
-1.79235924576 9.11079621656 -12.5910715016
-1.80853237443 9.10471644701 -12.5572408682
-1.82335405999 9.09305960481 -12.5270888406
-1.83539289871 9.07632838188 -12.5036145557
-1.84402505398 9.0548139409 -12.4881150135
-1.84942055944 9.02813970723 -12.480278301
-1.85207889526 8.99556613058 -12.4791368446
-1.85225153988 8.95704051795 -12.4841587502
-1.84965530301 8.91436288711 -12.4956993555

/group/N_RCA3/54
54
posId 54-2.09040461619 8.84503493872 -12.705416229
-2.070438783 8.82597410317 -12.7396718085
-2.05018232318 8.81557232426 -12.7738287404
-2.03190129763 8.81382580373 -12.8041439643
-2.01682054851 8.82010250152 -12.8286364016
-2.00482667054 8.83332151272 -12.8475656302
-1.99480901995 8.85211749172 -12.8628575804
-1.98543835522 8.87498933468 -12.8768083588
-1.97596121873 8.90044954826 -12.8907620225
-1.96660282492 8.92717677135 -12.9044348532
-1.95840685802 8.95414346345 -12.9161714615
-1.95265775522 8.98067124933 -12.9238954205
-1.95024813438 9.00637883159 -12.9261576959
-1.95135226698 9.03103124345 -12.9226861121
-1.95555695381 9.05435111233 -12.9141817728
-1.96231513301 9.07587988592 -12.9015790192
-1.97139712671 9.09495831562 -12.8853013186
-1.98303048402 9.11083576711 -12.8650229507
-1.99762710798 9.12284774945 -12.8401079034
-2.01526594048 9.13056041628 -12.8104547686
-2.03526489206 9.13379583922 -12.7772021844
-2.05613457544 9.13251834492 -12.7428128595
-2.0759815928 9.1266458588 -12.7104199902
-2.09315540957 9.11590450583 -12.6827684054
-2.10677653961 9.09983669894 -12.6613415146
-2.1168429238 9.07800233458 -12.6461721339
-2.12385587351 9.05031349236 -12.6364380216
-2.12819439928 9.01736598253 -12.6314732672
-2.12962561542 8.98061677057 -12.6315651981
-2.12727016289 8.94231336714 -12.6380162166
-2.12007896234 8.90518195208 -12.6523770943

/group/N_RCA3/57
57
posId 57-2.35724122031 8.86558513704 -12.8390948828
-2.33999536197 8.83576633348 -12.8634744148
-2.3195487718 8.81769826604 -12.8923616043
-2.29794041576 8.8110678948 -12.9228778609
-2.27737097372 8.8137381056 -12.9519180621
-2.25944139747 8.82292409914 -12.9772245046
-2.24465189454 8.83632162666 -12.9980931969
-2.23242127303 8.85269289614 -13.0153459681
-2.22161098872 8.87175637233 -13.0305906527
-2.21127192123 8.89360469493 -13.0451672613
-2.20122292756 8.91808286319 -13.0593317098
-2.19217649436 8.94449951932 -13.0720786909
-2.18538400101 8.97177950992 -13.0816423911
-2.18203299198 8.99887172342 -13.0863471045
-2.18274543694 9.02508276069 -13.0853153303
-2.18743911551 9.05009148693 -13.0786634756
-2.19558254168 9.07364394892 -13.0671422174
-2.20663792262 9.09516618559 -13.0515114533
-2.22038559407 9.11360526239 -13.0320823744
-2.23691314141 9.12766499012 -13.0087325935
-2.25627428229 9.13633135094 -12.9813872641
-2.27803961141 9.13935917586 -12.9506529229
-2.30104074047 9.13736910558 -12.9181786531
-2.32350201401 9.13141499645 -12.8864705357
-2.34352356179 9.12221254533 -12.8582103696
-2.35966457924 9.10947193884 -12.8354327711
-2.37130713721 9.09178577546 -12.8190116073
-2.37860284509 9.06725864552 -12.8087346836
-2.38204774595 9.03465795933 -12.8039028319
-2.38195152956 8.99454077815 -12.8040782392
-2.37813281289 8.94975926939 -12.8095141956

/group/N_RCA3/60
60
posId 60-2.54458394794 8.86001874106 -13.0578854332
-2.57123170386 8.88106893302 -13.0256784635
-2.58673455758 8.91384804875 -13.0082277972
-2.59169887833 8.9549389509 -13.0045564742
-2.5900009053 8.99705207575 -13.0093310783
-2.58531624478 9.03277890743 -13.0174631593
-2.57865313728 9.05854437046 -13.0274602645
-2.56864753106 9.0757744681 -13.0411278569
-2.55394982 9.08854337755 -13.0604191325
-2.53534833171 9.09975238724 -13.0845240545
-2.51571284211 9.10891087473 -13.1098013975
-2.49791625691 9.11305799277 -13.1324512397
-2.48272566405 9.10966327465 -13.151349969
-2.4686373161 9.09879631255 -13.1683938219
-2.45382255469 9.0827225962 -13.1860253803
-2.43839983967 9.06351228119 -13.2042253034
-2.42491598122 9.04105712987 -13.2197826478
-2.41652267426 9.01348596246 -13.228615012
-2.41445179757 8.97973543651 -13.2291059415
-2.41711555714 8.94197915644 -13.2233892281
-2.42178177704 8.90560066932 -13.2152395215
-2.42745564846 8.87647682457 -13.2062765809
-2.43637526664 8.85771228879 -13.1938791468
-2.45254620072 8.84853098816 -13.1729591597
-2.47822141029 8.84623412494 -13.1405130746

/group/N_RCA3/63
63
posId 63-2.76950344972 8.88935106571 -13.2118045726
-2.74755929961 8.85206143085 -13.2323441891
-2.72484865481 8.83163768675 -13.2556651321
-2.70366881745 8.82847752331 -13.2792188513
-2.68479101629 8.83660556559 -13.3014558151
-2.66793425442 8.84873199804 -13.3218651702
-2.65257285446 8.86137073862 -13.3406444115
-2.63861081853 8.87618487921 -13.3580908473
-2.626685004 8.89697087516 -13.3739167149
-2.6180876218 8.92520780797 -13.3868310877
-2.61439057882 8.9579961171 -13.394729849
-2.61686454182 8.98989429964 -13.3955602327
-2.62584224591 9.01675156464 -13.3884750491
-2.64029807612 9.03807767041 -13.3745765596
-2.65796326677 9.05602289984 -13.3566705402
-2.67610659165 9.07217770518 -13.3380213036
-2.69270403453 9.08530944807 -13.3207740033
-2.70735661347 9.09216386348 -13.3050094248
-2.72131654942 9.09052064977 -13.2890615494
-2.73645439472 9.08150439438 -13.2709462151
-2.75368806926 9.0687454956 -13.2500394668
-2.77182560014 9.05489350993 -13.2279880637
-2.78760187664 9.03861592913 -13.2083270491
-2.79698129226 9.01512699319 -13.1950690982
-2.79701068232 8.98038394319 -13.1910891787

/group/N_RCA3/66
66
posId 66-2.95639835186 8.86688303347 -13.3944656279
-2.93069295484 8.83247905989 -13.4155322965
-2.91053678124 8.81724629209 -13.4338418676
-2.8964305706 8.81895000083 -13.4485410271
-2.88320387263 8.82866665295 -13.4635617003
-2.86670429459 8.83925199539 -13.4820650111
-2.84853962706 8.85096859408 -13.5024452306
-2.83419750276 8.86920570878 -13.51990686
-2.82735328995 8.89734771631 -13.5312037673
-2.82702428726 8.9323415048 -13.5368763311
-2.83034984257 8.96694822088 -13.5387490008
-2.83704085368 8.99544791847 -13.5362455397
-2.84986947994 9.016645316 -13.5263460593
-2.87066883831 9.03196508383 -13.5073913779
-2.89687570588 9.04202336583 -13.482099207
-2.92298069523 9.04586106532 -13.4559628173
-2.94522452303 9.04280181164 -13.4327271495
-2.96383741656 9.03341963367 -13.4122440658
-2.98005465799 9.01778164226 -13.3932593412
-2.99164759985 8.99360127873 -13.3777056103
-2.99292263459 8.95807403223 -13.3709833298

/group/N_RCA3/69
69
posId 69-3.13194828529 8.87222572714 -13.5863620734
-3.12102904555 8.82968703962 -13.5889774533
-3.10196648373 8.82584142938 -13.6062168475
-3.07057146665 8.81958356741 -13.6346228209
-3.04422614082 8.81258617493 -13.6581456199
-3.03292259569 8.8319356898 -13.6722609546
-3.02865495746 8.8685091298 -13.6828577566
-3.03019563394 8.90303575624 -13.6876224915
-3.04070464815 8.93397022761 -13.6833045052
-3.05371927332 8.95399285878 -13.6746656944
-3.07032572541 8.96223408616 -13.6605277905
-3.10012501347 8.97755882243 -13.6352546947
-3.13112867374 8.98659845243 -13.6077175118

/group/N_RCA3/72
72
posId 72-3.2737680491 8.7993968406 -13.791384486
-3.23697675708 8.77385721119 -13.8186796815
-3.2118180998 8.77532992129 -13.8410792124
-3.19753736146 8.79736151784 -13.8579736654
-3.1870576019 8.824074906 -13.8724511358
-3.17773488134 8.84558381858 -13.8848854707
-3.17398546399 8.86336856012 -13.891687636
-3.18008523665 8.88309886903 -13.890218133
-3.19399315329 8.90646299874 -13.8826035376
-3.21016649141 8.93078134373 -13.8731862939
-3.22632502041 8.95276216592 -13.8633210951
-3.24438796047 8.96908168736 -13.8506658921
-3.26510945893 8.97474770964 -13.8335734674
-3.28516540364 8.96564474258 -13.8141534166
-3.30125553217 8.94472394003 -13.7958879478
-3.31460436322 8.922564553 -13.7797872422
-3.32787624324 8.90771811154 -13.7651963035
-3.33776097299 8.89653345044 -13.7543040676
-3.33442039008 8.87621597916 -13.753233039

/group/N_RCA3/75
75
posId 75-3.44122562017 8.75652543683 -13.9764785609
-3.39806547808 8.73770634817 -14.0083987545
-3.37136088517 8.73612294509 -14.0303165138
-3.36004731439 8.75474912398 -14.0437599149
-3.35536914872 8.79026552094 -14.0553117741
-3.35415496009 8.83104546309 -14.0651104275
-3.3592131916 8.86526482885 -14.0682673005
-3.3714720619 8.89068458987 -14.0635262712
-3.38815036338 8.91198534691 -14.054214043
-3.40726850811 8.92910734666 -14.0419677757
-3.42829765156 8.93446828557 -14.0255945629
-3.44852630044 8.92392936183 -14.0064627382
-3.46441196542 8.90477086327 -13.9890936903
-3.4775279977 8.8876339704 -13.974468781
-3.4929834444 8.87341970538 -13.9585236334
-3.50839326524 8.85371083618 -13.9414326282
-3.50982752697 8.82336972081 -13.9336997269

/group/N_RCA3/78
78
posId 78-3.59890625385 8.71385604832 -14.1647100442
-3.55264163703 8.69508436467 -14.1972383904
-3.52413070147 8.69297430211 -14.2195596153
-3.51545655402 8.71034120597 -14.2306830614
-3.51269629586 8.74572224666 -14.2414049464
-3.50850371994 8.78776606778 -14.2548765822
-3.51153490252 8.8212775346 -14.2605114619
-3.53023310208 8.84139323968 -14.2503790203
-3.55720924965 8.85602422328 -14.2322989067
-3.57784076421 8.87151992709 -14.2195070013
-3.58885286888 8.88202445889 -14.2132166632
-3.59935789194 8.87829000488 -14.2039068286
-3.61588144485 8.86222590505 -14.1868117438
-3.63535456813 8.84475447484 -14.1670163571
-3.65249412965 8.83035394939 -14.1498282427
-3.66423483005 8.8117391461 -14.1359491809
-3.66407627754 8.78198098241 -14.1289171162

/group/N_RCA3/81
81
posId 81-3.74050420474 8.66256698812 -14.3537176495
-3.70347550924 8.64775249382 -14.3784795685
-3.68663423776 8.6679282 -14.3971272846
-3.67684689797 8.69005645976 -14.4108192461
-3.66520711213 8.70623314625 -14.4243201387
-3.66503307265 8.7285764188 -14.4305870331
-3.67600978982 8.75447855069 -14.4291495447
-3.6866294647 8.77713325153 -14.4270988636
-3.70488775633 8.79839081056 -14.4187180258
-3.73721755635 8.8124426488 -14.3974049669
-3.76603392821 8.81052463296 -14.3744447344
-3.78092527129 8.79591714869 -14.358843083
-3.78740034854 8.76663292476 -14.3457660305

/group/N_RCA3/84
84
posId 84-3.91429921736 8.63785470363 -14.5119678224
-3.92648630842 8.70358798568 -14.5236802728
-3.91967885181 8.74910693673 -14.5434770642
-3.9036682286 8.7587983865 -14.5588527327
-3.87687240267 8.7531693289 -14.5775879662
-3.84055670952 8.74780622341 -14.6037050543
-3.81050277498 8.7380647447 -14.623620372
-3.79710899403 8.7166687655 -14.6270334388
-3.79355594568 8.68193889395 -14.6186332367
-3.79253271811 8.64036070669 -14.6061005866
-3.79642570626 8.60718247362 -14.5924902042
-3.81065460186 8.58973250123 -14.5759952249
-3.83948912552 8.58268388359 -14.5516369098

/group/N_RCA3/87
87
posId 87-4.00882565066 8.55603396597 -14.6940484566
-3.96758481213 8.53860599836 -14.7188776213
-3.94930994773 8.5488544059 -14.7367099205
-3.93792716879 8.56628597634 -14.7520158553
-3.92422803179 8.58532918504 -14.7697008708
-3.92199139085 8.61384952439 -14.7822456815
-3.93619578436 8.64521886457 -14.7833343843
-3.95318942561 8.66598335398 -14.7782655255
-3.97028844645 8.68044375946 -14.7707204605
-3.99907246088 8.69675249357 -14.7549662109
-4.03387668914 8.70241481591 -14.7305744883
-4.05360490328 8.68468642448 -14.7087910497
-4.05859799944 8.6592833455 -14.6953287115
-4.06766444357 8.64598283685 -14.6833593347
-4.07580379585 8.63252683004 -14.672037914

/group/N_RCA3/90
90
posId 90-4.14162952164 8.46615123672 -14.8208785517
-4.18020171838 8.49382232246 -14.8039679
-4.19986459762 8.52992801225 -14.8047995553
-4.20087610739 8.56692935619 -14.8199418375
-4.19335325967 8.59701005799 -14.8384827584
-4.18450048391 8.61706886688 -14.853710778
-4.17303694184 8.63038077776 -14.8679893098
-4.15544126528 8.64223889949 -14.8862217071
-4.13322123848 8.65369362505 -14.9077334997
-4.1112194057 8.6600795335 -14.9269045788
-4.09105489759 8.65572043561 -14.9400872837
-4.07046528578 8.63929496749 -14.9484031081
-4.0496216972 8.61418834292 -14.9531787291
-4.03430662622 8.58454675864 -14.95187812
-4.02998486099 8.55244792476 -14.941313747
-4.03464022943 8.51914619622 -14.9235298895
-4.04144889634 8.48773447074 -14.9049503326
-4.04904637912 8.46326025192 -14.8887624944
-4.06533331528 8.45030058302 -14.8710339755

/group/N_RCA3/93
93
posId 93-4.29041477594 8.46329804538 -14.9555412612
-4.27365103139 8.41769930834 -14.9465360797
-4.24913969174 8.39223529922 -14.9522717861
-4.21937377177 8.38422252172 -14.9697460633
-4.18832207803 8.38287393523 -14.9911908392
-4.16006522742 8.38109571549 -15.0104526997
-4.13733490001 8.38163133368 -15.0268491332
-4.12098366137 8.39224552672 -15.0433360965
-4.11055237726 8.41632595116 -15.0617937624
-4.10527655109 8.44916747591 -15.0806070591
-4.10479835658 8.48282457277 -15.0963855687
-4.10935747666 8.51289834251 -15.1069411831
-4.11963089817 8.53968567999 -15.1119290658
-4.13634603815 8.56384982311 -15.1111365916
-4.15963847292 8.58326164851 -15.1034907853
-4.1883014092 8.59521684924 -15.0886086348
-4.21944646131 8.60046489701 -15.0688862332
-4.24907866683 8.60255966744 -15.0487923358
-4.27343262967 8.60202542664 -15.031242881
-4.29017350311 8.59245581522 -15.0149582241
-4.29857372343 8.56497563855 -14.9963842155

/group/N_RCA3/96
96
posId 96-4.38143287639 8.4023609739 -15.0874730824
-4.36380849954 8.35624243672 -15.0776863996
-4.33785899293 8.33097451432 -15.0829099895
-4.30731367577 8.32489695403 -15.0999564105
-4.27694089676 8.32677364324 -15.1205535854
-4.25021126411 8.327613638 -15.1383064467
-4.22829846134 8.32843544377 -15.152921472
-4.21103856389 8.33707619205 -15.168114081
-4.19846519994 8.35872119414 -15.1862502085
-4.19126781127 8.39047409097 -15.2055481853
-4.19008144161 8.42462189669 -15.2220436769
-4.19490908398 8.45552444135 -15.233137498
-4.2055565611 8.48226414828 -15.2385332696
-4.22237580387 8.50550314125 -15.238307246
-4.24595730608 8.52401705951 -15.2315119818
-4.27562827696 8.53569144597 -15.2176108986
-4.30828568754 8.5409320994 -15.1988068784
-4.33910950182 8.54263380786 -15.1795644848
-4.36382384702 8.54129626766 -15.1628918268
-4.38045453869 8.53116374031 -15.1474210593
-4.38898865803 8.50379196144 -15.1292720782

/group/N_RCA3/99
99
posId 99-4.45623835894 8.34848344016 -15.2129964473
-4.43798844883 8.30260967104 -15.2035963279
-4.41079116045 8.27565128096 -15.2072838474
-4.37998261837 8.26881172241 -15.2215893054
-4.35186875929 8.27436337677 -15.2396836685
-4.32943001416 8.28352931582 -15.2561491152
-4.311088217 8.29305211829 -15.2704760078
-4.29380946207 8.30526017151 -15.285356066
-4.27724125581 8.32336457433 -15.3023587827
-4.26462755353 8.34763796346 -15.3197866123
-4.25989194842 8.37562809822 -15.3343973759
-4.26435155032 8.40451552597 -15.344249537
-4.27651399027 8.43213752451 -15.349253336
-4.29458835662 8.45615776227 -15.3494117649
-4.31828403822 8.47384289905 -15.3437191507
-4.34765754767 8.48383791488 -15.3315647765
-4.38058933843 8.48776125704 -15.3148256222
-4.41226946484 8.48850729774 -15.2974284876
-4.43769664139 8.48586098094 -15.2820782517
-4.454535481 8.47424728065 -15.2676982176
-4.46317271054 8.4465173902 -15.251016834

/group/N_RCA3/102
102
posId 102-4.51453535594 8.29782736195 -15.3296145257
-4.49585840915 8.25259076895 -15.3214038733
-4.46891345086 8.22893296344 -15.3248112303
-4.43664638809 8.22412827727 -15.3375165455
-4.40320018732 8.22652537824 -15.3533907978
-4.37254239869 8.22795654492 -15.367660754
-4.34734871456 8.23073156468 -15.379973581
-4.32876223714 8.24303947419 -15.3928189903
-4.3168288381 8.2689321422 -15.4076618877
-4.31106717944 8.30382745025 -15.4230382095
-4.31092819004 8.33921723544 -15.4360749173
-4.31622047561 8.37001619245 -15.4449934772
-4.32742957293 8.39630582708 -15.4496060824
-4.34552612032 8.41901771748 -15.4498190816
-4.37101064622 8.43631905256 -15.4447361309
-4.40267764433 8.44553578023 -15.4339173682
-4.43713873576 8.44740155389 -15.4191509243
-4.46973852376 8.44580469719 -15.4039495379
-4.49632668101 8.44194812694 -15.390614994
-4.51454415051 8.42996576357 -15.3780543774
-4.52372180237 8.40097930609 -15.3633127792

/group/N_RCA3/105
105
posId 105-4.55797006233 8.25841153097 -15.438452635
-4.53991406931 8.2135597256 -15.4305486599
-4.51231789468 8.19056103561 -15.4330729255
-4.47840761777 8.18666350595 -15.4439860068
-4.44309719576 8.19003969039 -15.4577333444
-4.41101130333 8.19245734856 -15.4700168135
-4.38504539499 8.19637837997 -15.480587216
-4.36623330945 8.21012412205 -15.4917416885
-4.3544324641 8.23755836971 -15.5047701625
-4.3489874153 8.27363485134 -15.5182898168
-4.34915694388 8.30951182142 -15.5297317094
-4.35459820042 8.34022639926 -15.5376276367
-4.36586201227 8.36627917182 -15.5419405277
-4.38424259049 8.38880754432 -15.5425708535
-4.41054059137 8.40567519821 -15.5385465047
-4.44343014001 8.41368258428 -15.5293172125
-4.47892742318 8.41342175068 -15.5165016815
-4.51177651791 8.4093101814 -15.5034013791
-4.5378246889 8.40339755378 -15.4921629355
-4.55541888106 8.39033524421 -15.4816644068
-4.56472560904 8.36112861471 -15.4689622521

/group/N_RCA3/108
108
posId 108-4.59011941743 8.23072109413 -15.5397717981
-4.5708972963 8.18555880585 -15.5321190707
-4.54169736472 8.16030859018 -15.5333855096
-4.50861772719 8.15636626653 -15.5421536825
-4.47870460559 8.16554419453 -15.5538716141
-4.45495321035 8.17819195295 -15.5647697002
-4.43520934775 8.19047983447 -15.5743565151
-4.41605172713 8.20488480116 -15.584396678
-4.39744850684 8.22516261142 -15.5960165288
-4.38337220427 8.25182285996 -15.608173855
-4.37816717319 8.28201374585 -15.6187151993
-4.38298032565 8.31222675542 -15.6262526614
-4.39598426796 8.33989669166 -15.6305726134
-4.41542467224 8.36274281062 -15.6315240528
-4.44134562372 8.37822476626 -15.6283383624
-4.4738099931 8.38501271702 -15.6206012222
-4.50998706835 8.3847323858 -15.6096466676
-4.54405936239 8.38068500123 -15.5982044688
-4.5705790558 8.3735561832 -15.5881155623
-4.58767806814 8.35868322376 -15.5785548533
-4.59654486663 8.32922744566 -15.5671317329

/group/N_RCA3/111
111
posId 111-4.61748685776 8.20054342286 -15.6289858105
-4.59842749516 8.15499040856 -15.620583204
-4.56953824338 8.13216549971 -15.6218403382
-4.53467697581 8.1306031154 -15.6312228711
-4.5001153427 8.13864958512 -15.6434297021
-4.47097841412 8.14614183038 -15.6539351426
-4.44857159474 8.15262543229 -15.6622325735
-4.43114017385 8.16498337073 -15.6709018336
-4.41705994203 8.18848390599 -15.6819970242
-4.40709907419 8.22108650113 -15.6946832198
-4.4037116051 8.25587049506 -15.7061714696
-4.40865064696 8.28725110182 -15.7142754052
-4.42172913696 8.31368020924 -15.7185792313
-4.44176693175 8.33514854174 -15.719413775
-4.46800144194 8.35031670991 -15.7165891358
-4.49984346354 8.35756486156 -15.7097814882
-4.53519193292 8.35799674332 -15.6999189688
-4.56962086231 8.3550123933 -15.6892821721
-4.59795330111 8.34935879767 -15.6795608038
-4.61691311714 8.335439888 -15.6699868832
-4.62610177699 8.30500928557 -15.6581765506

/group/N_RCA3/114
114
posId 114-4.58802992269 8.11784611367 -15.706938406
-4.63432118722 8.14249987598 -15.7008247499
-4.65866940877 8.17739186533 -15.7051293995
-4.66102547514 8.21448570528 -15.7171112795
-4.6535769265 8.24839488786 -15.7310867798
-4.64692267679 8.27790696414 -15.7433040381
-4.64017378079 8.30299470793 -15.7540335091
-4.62465883667 8.32181859914 -15.7653735284
-4.59563785752 8.33159349095 -15.777860671
-4.55842465282 8.33193094287 -15.7896891899
-4.52293073505 8.32593740547 -15.7988049936
-4.4942130463 8.31705238674 -15.8047961965
-4.47028255053 8.30507871533 -15.8082212119
-4.44867409964 8.28635163753 -15.8085989035
-4.43245082267 8.25841978904 -15.8041243232
-4.42753998268 8.22418623957 -15.793927652
-4.43477520233 8.1906753772 -15.7801559231
-4.44738721335 8.1635017564 -15.7668655797
-4.45846797809 8.1430455031 -15.7563612966
-4.47024178562 8.12652955899 -15.7469904335
-4.49332884661 8.11355241051 -15.7352725815

/group/N_RCA3/117
117
posId 117-4.61556369376 8.09077317484 -15.781008337
-4.65864940799 8.11460082421 -15.774575936
-4.6830260521 8.15069577621 -15.7798491214
-4.68706733673 8.18970589498 -15.79373935
-4.67962727454 8.2227199501 -15.8094829656
-4.66911492326 8.24627965789 -15.822628797
-4.65593600143 8.26261380474 -15.8339062377
-4.63582250698 8.27542566528 -15.8463422147
-4.60847022303 8.28556354916 -15.8603827809
-4.58023065404 8.29044354945 -15.8726770025
-4.5575972482 8.28700298229 -15.8796331249
-4.539873744 8.27470169159 -15.8812939669
-4.52059360173 8.2557872478 -15.8809201544
-4.49655995516 8.2333318092 -15.88089651
-4.473721954 8.20954725003 -15.8799099427
-4.46232995141 8.18573874352 -15.8747104068
-4.46643641039 8.16294858714 -15.8642204225
-4.47991873016 8.14189670724 -15.8509722404
-4.49402659215 8.12252383902 -15.8381560485
-4.5079856863 8.10465480319 -15.825987171
-4.53013849098 8.09001050666 -15.8120800731

/group/N_RCA3/120
120
posId 120-4.65490805929 8.08840652512 -15.862265381
-4.69225874637 8.13075649805 -15.8653017373
-4.7086567602 8.16290575148 -15.8722770285
-4.70318826791 8.18206984701 -15.8823893187
-4.68969741491 8.20065511761 -15.8953943901
-4.67532103647 8.22251884623 -15.9101098754
-4.65295634973 8.2361180634 -15.9245060202
-4.61779947025 8.23336935508 -15.9370949593
-4.58007472373 8.22173794005 -15.9469899317
-4.55364897689 8.21028938047 -15.952547399
-4.53946392328 8.19436889654 -15.9514621754
-4.52963056166 8.16505312486 -15.9431019115
-4.52331109248 8.12727122265 -15.9298454077
-4.52757724694 8.09582002482 -15.9150888223
-4.54363690629 8.07581391859 -15.900488966
-4.56380411002 8.06046004802 -15.8862209058
-4.58502005457 8.04964519457 -15.873432348

/group/N_RCA3/123
123
posId 123-4.68389093536 8.05809228089 -15.9379072754
-4.72110751325 8.09970675414 -15.9406023537
-4.73637110085 8.13159505533 -15.9477089401
-4.73001745607 8.14974901145 -15.9574763582
-4.71730962564 8.16730934838 -15.9694202155
-4.70449242073 8.18993436986 -15.9834564426
-4.6825402046 8.20579226181 -15.9982270415
-4.64668536798 8.20433352064 -16.011273707
-4.60889040002 8.19184421414 -16.0205918512
-4.58339568469 8.17911944204 -16.0251362693
-4.56945155351 8.1633628874 -16.0240598245
-4.55835962993 8.13492717328 -16.0167645582
-4.55106064729 8.09703243485 -16.0041965466
-4.55641842307 8.06485481599 -15.9891295068
-4.57455942696 8.04537452864 -15.9743417326
-4.59529789353 8.03188593874 -15.9609921487
-4.61523033807 8.02210404324 -15.9494500323

/group/N_RCA3/126
126
posId 126-4.75273500645 8.05656736452 -16.0125673682
-4.73471129863 8.013702086 -16.0031833694
-4.7057729384 7.99076990983 -16.004656968
-4.67087313513 7.98509769202 -16.0143577438
-4.63679914031 7.98812255044 -16.0269152417
-4.60879150426 7.9955570465 -16.0390205085
-4.58835593854 8.0091335088 -16.0507911856
-4.57410502075 8.02987933494 -16.0630644955
-4.56455072123 8.05312273191 -16.0746573911
-4.55998931921 8.07243490389 -16.0831530665
-4.56183704828 8.08764885807 -16.0880147143
-4.57057751155 8.10609362496 -16.0917211449
-4.58479745078 8.13397819389 -16.0969858488
-4.60231276168 8.16729559484 -16.103099654
-4.62195019202 8.19343195663 -16.1059110582
-4.6439214669 8.20286311459 -16.1019160647
-4.66846435486 8.1982824146 -16.0920054026
-4.69437896048 8.19060255476 -16.0805160893
-4.71901749966 8.18582205312 -16.0705012234
-4.73945692758 8.17738550142 -16.0605817965
-4.753315885 8.15300606128 -16.0471307532

/group/N_RCA3/129
129
posId 129-4.77705146722 8.02804703252 -16.0958468594
-4.75822774491 7.98207442165 -16.0875748175
-4.73034420085 7.95978754526 -16.0885437367
-4.69576839191 7.95824829866 -16.0972771872
-4.65935835887 7.96363977844 -16.1084978467
-4.62636225487 7.9663085201 -16.1180264891
-4.59991926695 7.96971432708 -16.1260284215
-4.5806350657 7.98438750209 -16.1353821195
-4.5683110914 8.01450178922 -16.1473449091
-4.56352732853 8.05217698255 -16.1594884653
-4.56719629228 8.08517431191 -16.1680382342
-4.5788568516 8.10852968913 -16.1716838881
-4.59613537641 8.12707599149 -16.1724503356
-4.6164267241 8.14710663006 -16.1728454752
-4.63903831004 8.16785953117 -16.1728331958
-4.66518727958 8.18266393287 -16.1701651146
-4.69551028373 8.18722422934 -16.1634324484
-4.72762277716 8.18391093135 -16.153952318
-4.75641393399 8.17645228092 -16.1441573675
-4.7769104703 8.16212932 -16.134582949
-4.78685364529 8.13263245078 -16.1234303106

/group/N_RCA3/132
132
posId 132-4.79660769555 8.0054653809 -16.1791255418
-4.7780098654 7.96013800313 -16.1726073612
-4.75034403164 7.9375756147 -16.1736199091
-4.715369465 7.935570312 -16.1812293465
-4.67818170042 7.94186067478 -16.1913306636
-4.64496547947 7.94689758227 -16.2002143545
-4.61939050643 7.9522542448 -16.2074072828
-4.60132265957 7.96672529517 -16.215039626
-4.58900648449 7.99527437607 -16.2247020987
-4.58211021254 8.03290786525 -16.2352795135
-4.58229611114 8.06923352747 -16.2439069734
-4.59101719205 8.09764814937 -16.2486723621
-4.60743522373 8.11903545413 -16.2499804585
-4.62900878763 8.13723925327 -16.2493364473
-4.65393489081 8.15300181195 -16.2473344499
-4.68230918563 8.16358467493 -16.2432987136
-4.7143855036 8.16719587143 -16.2367428188
-4.74787969975 8.16517686816 -16.2285151778
-4.77762171733 8.15836013181 -16.2200100956
-4.79831897889 8.14257034004 -16.2114549187
-4.80765592579 8.11073738383 -16.201697593

/group/N_RCA3/135
135
posId 135-4.8148174097 7.987866146 -16.2562616717
-4.79621834909 7.94172914592 -16.2505772825
-4.7690558593 7.9188529932 -16.2524543148
-4.73470293444 7.91721544372 -16.2610708979
-4.69768272587 7.92366620357 -16.2722355112
-4.6640999491 7.92788043056 -16.2819889214
-4.63809892647 7.93192815929 -16.2897198945
-4.61999368295 7.94597636211 -16.2976715932
-4.60797294926 7.9756123015 -16.3075959748
-4.60135265087 8.01476738966 -16.318284096
-4.60173644591 8.05125695774 -16.3265294032
-4.61097685227 8.07792752867 -16.3302109243
-4.6285379076 8.09711248728 -16.3300026187
-4.65144959255 8.11472259757 -16.3280337109
-4.67688835416 8.13209119017 -16.3253481578
-4.70426256039 8.14503753272 -16.3211446044
-4.73424521518 8.1498393086 -16.3143955527
-4.76582035872 8.14734631529 -16.3055612702
-4.79483852788 8.13959082813 -16.2961926012
-4.81594462523 8.12375095617 -16.2870457116
-4.82592848859 8.09277973105 -16.2773490342

/group/N_RCA3/138
138
posId 138-4.8359124215 7.97595167385 -16.323515949
-4.81815592168 7.92742352494 -16.3173729399
-4.78931289095 7.90152147548 -16.3212350859
-4.75535796054 7.89997169157 -16.3333506589
-4.72396633062 7.910520968 -16.3476850695
-4.69918942915 7.92055804506 -16.3594463564
-4.67947277188 7.92855563404 -16.3688083301
-4.66121689496 7.9420245353 -16.3790624573
-4.6441411356 7.96609313776 -16.3916533691
-4.63269871122 7.99653552556 -16.4038338153
-4.63206465659 8.02460161689 -16.4114072508
-4.6430851746 8.04672721526 -16.4131295574
-4.66155813733 8.06701619349 -16.4116234807
-4.68234527039 8.08985946206 -16.4099320334
-4.70365003733 8.11230605892 -16.4079459744
-4.72701632437 8.12598203639 -16.4029061062
-4.75364288903 8.12637780351 -16.3931910742
-4.78153927711 8.11786654231 -16.380678498
-4.80654841766 8.10764650044 -16.3687837255
-4.82547785263 8.09548477242 -16.358623066
-4.83734118454 8.07220527226 -16.3481605937

/group/N_RCA3/141
141
posId 141-4.82386040854 7.92519622408 -16.3845069972
-4.85667190073 7.96759935689 -16.380069535
-4.8742409453 8.00567190542 -16.383171113
-4.8727796767 8.03053837241 -16.3929052533
-4.8585951891 8.04670443547 -16.4071197034
-4.84108845564 8.06348311324 -16.4235321659
-4.82452157829 8.08271192134 -16.4402579136
-4.80702353971 8.09737562426 -16.4559113334
-4.78606526207 8.10093361988 -16.4696681141
-4.76274829041 8.09408311873 -16.4811203834
-4.74057366925 8.08100864355 -16.4896734784
-4.72207000703 8.06221387014 -16.494000188
-4.70824716969 8.03480951769 -16.4924689006
-4.7004166466 7.99938228308 -16.4845072512
-4.70030195321 7.96276805631 -16.47152482
-4.70777906504 7.93219464957 -16.4561717917
-4.72029328456 7.90918159053 -16.4405120738
-4.73613602058 7.8922775157 -16.4250464536
-4.75742316792 7.88466486103 -16.4096484642

/group/N_RCA3/144
144
posId 144-4.83790598951 7.91114604089 -16.4482590658
-4.8006706435 7.87846697736 -16.4685482794
-4.77342958006 7.87719850688 -16.49595134
-4.75787899011 7.89196753623 -16.5201895778
-4.74648730717 7.90622312595 -16.5398518978
-4.73728746129 7.9199915895 -16.5569824808
-4.73613735253 7.94041621628 -16.5695001677
-4.74555202136 7.96622936646 -16.5741067391
-4.75979420439 7.99096178453 -16.573132819
-4.77348991047 8.01443253351 -16.5720228029
-4.7884027171 8.0397159229 -16.570662611
-4.80755870932 8.0616239492 -16.5630518269
-4.82805269669 8.06982801662 -16.5464579426
-4.84523639472 8.06390597051 -16.5254427632
-4.85993212244 8.05381487354 -16.5046817446
-4.87412083277 8.04173590527 -16.4833410392
-4.88123668822 8.01498488562 -16.4611583056

/group/N_RCA3/147
147
posId 147-4.89393078279 7.89531786639 -16.4871408696
-4.85597581599 7.85107272628 -16.5090212493
-4.83293980624 7.84042110436 -16.5341752299
-4.82333269962 7.85887610177 -16.5614464636
-4.81523934032 7.8784731454 -16.5873887812
-4.80592974151 7.887220181 -16.6071196019
-4.80273421886 7.89790389428 -16.619521647
-4.80890612339 7.9205659337 -16.6272992536
-4.82015225097 7.94726383379 -16.6307743648
-4.83510780266 7.96930511985 -16.6255292497
-4.85800175145 7.99085114763 -16.6085627828
-4.88722398447 8.01395434115 -16.5836829127
-4.91112022447 8.0248609692 -16.5574849885
-4.9220806327 8.01169391537 -16.5321528366
-4.92728447986 7.98678547444 -16.5064522838
-4.93617265383 7.97217718272 -16.4830288697
-4.94219471837 7.96578426584 -16.4697271845

/group/N_RCA3/150
150
posId 150-4.97272241156 7.87893553552 -16.5023458078
-4.94340248014 7.83849440858 -16.5157595164
-4.9152562785 7.81814282004 -16.5424374418
-4.89435805516 7.81618694043 -16.5720748223
-4.87930959672 7.82144739991 -16.5983991528
-4.86674285718 7.82857313975 -16.6224241509
-4.85750693677 7.84191182842 -16.6461348311
-4.85579140894 7.86528449575 -16.6661517205
-4.86328316255 7.89387975844 -16.6763694929
-4.87662642814 7.91961155068 -16.6757400068
-4.89123329536 7.94108800537 -16.6700505676
-4.90577354862 7.96297715818 -16.6647686241
-4.92146239346 7.98564720802 -16.658360937
-4.93813482227 8.00089089035 -16.6449406074
-4.95343028049 8.00131377109 -16.6224952923
-4.9661508934 7.99076916931 -16.5956867489
-4.97799807881 7.98012962117 -16.5701070161
-4.98986905534 7.97246953369 -16.546718125
-4.99734885198 7.95758309815 -16.5244642737

/group/N_RCA3/153
153
posId 153-5.03406628301 7.84965696606 -16.5455064293
-5.01003071322 7.80531051036 -16.5474764436
-4.98824047335 7.78124792268 -16.558476722
-4.97088873878 7.77938465945 -16.5771109938
-4.95567639588 7.78745173427 -16.5989854042
-4.93977791822 7.79307280734 -16.6202424065
-4.923224233 7.79589189346 -16.6406436748
-4.90882204899 7.80532331737 -16.6623772303
-4.89969965703 7.82792725882 -16.6856367204
-4.89752412082 7.85936247489 -16.7060514411
-4.90268346598 7.889387513 -16.7173344926
-4.91500424242 7.91281882948 -16.7167237143
-4.93336638702 7.93306763785 -16.7074379334
-4.9548400856 7.95468349811 -16.6954002649
-4.97538466255 7.97492977686 -16.6836355126
-4.99247498935 7.98536501064 -16.6701913663
-5.00712243689 7.98173143981 -16.6514891309
-5.02249193316 7.96968848295 -16.6271666565
-5.03969586233 7.95844059659 -16.6012155803
-5.05486146886 7.94910580906 -16.5786705426
-5.060980418 7.93202236767 -16.56197202

/group/N_RCA3/156
156
posId 156-5.07241953222 7.78701223719 -16.6073847263
-5.10586020548 7.83218123838 -16.6014534766
-5.12227034191 7.87452625638 -16.604926492
-5.11939509455 7.90230471985 -16.6154525132
-5.10727226443 7.9208170649 -16.6286388769
-5.09609279123 7.94172213029 -16.6420117518
-5.08537674043 7.96615189742 -16.656219426
-5.0673225636 7.98305183575 -16.67248214
-5.03905152234 7.98340357554 -16.6896876524
-5.00780264291 7.9705602888 -16.7045195938
-4.98329156271 7.95372551065 -16.7140148122
-4.96811623497 7.9350952555 -16.7172971316
-4.95825873311 7.90886652283 -16.7149602826
-4.95119717056 7.87260005485 -16.7077574989
-4.94957222591 7.83395130618 -16.6965138192
-4.95620796074 7.80298225053 -16.682704681
-4.96923521092 7.78136188747 -16.6679882589
-4.98528445283 7.76439757561 -16.6529174759
-5.00572639206 7.7531063173 -16.6369852476

/group/N_RCA3/159
159
posId 159-5.14095910342 7.8090866384 -16.6918634154
-5.12051872413 7.76075429823 -16.690142632
-5.09101155353 7.73577675209 -16.6926547288
-5.05754058044 7.73594334666 -16.6986830405
-5.02613409415 7.7492641897 -16.7058078633
-5.00051815954 7.76281884213 -16.7119190681
-4.98014238034 7.77400887196 -16.7168256564
-4.96185699748 7.78943179379 -16.7218290389
-4.94413505951 7.81452131062 -16.7278094414
-4.9298226946 7.84637585495 -16.733932207
-4.92450181968 7.87706044485 -16.7383100523
-4.93184975328 7.90203932447 -16.7397768065
-4.95044739351 7.9231872661 -16.7387963773
-4.97504100068 7.94344321908 -16.7366398791
-5.00080586464 7.96071548764 -16.7339402888
-5.02636727817 7.96921474158 -16.7302987088
-5.05297028639 7.96656367287 -16.7252264318
-5.08123326842 7.95718734494 -16.7191059878
-5.10900336654 7.94667622278 -16.7129474693
-5.1320897645 7.93335326195 -16.7073162864
-5.14649305199 7.90803720678 -16.7019064817

/group/N_RCA3/162
162
posId 162-5.14887751365 7.8026425121 -16.7832996614
-5.12727775813 7.75444280621 -16.7828205784
-5.09647286831 7.73057745768 -16.7825010538
-5.06268781508 7.73179230183 -16.7823726126
-5.03198527817 7.74565258293 -16.7823592832
-5.00681054432 7.75961821654 -16.782369434
-4.98549073337 7.77162211618 -16.7823794633
-4.96539943518 7.78816903041 -16.7824313434
-4.94682479839 7.81394895893 -16.7825642675
-4.93375423266 7.84538318341 -16.7827655503
-4.93083988698 7.87459939408 -16.7829904266
-4.93959721947 7.89782300411 -16.7832145054
-4.95747325512 7.91777025073 -16.7834493527
-4.98032935926 7.93779222896 -16.7837051901
-5.00552836479 7.95578668294 -16.7839541837
-5.0326601807 7.96579082818 -16.7841463251
-5.06178056841 7.96512647681 -16.784260135
-5.09151916316 7.95758760034 -16.7843207554
-5.11897447712 7.94783671801 -16.7843541011
-5.14093885197 7.93353208701 -16.7843280621
-5.1547205371 7.90576789634 -16.7841594367

/group/N_RCA3/165
165
posId 165-5.14454124195 7.8058820098 -16.8691746267
-5.12358193244 7.75867172939 -16.8701679829
-5.09283047254 7.73483031544 -16.8695753432
-5.0589528986 7.73469630983 -16.8677431389
-5.02871240794 7.74678754755 -16.8655565524
-5.00443125855 7.76020053179 -16.8636336778
-4.98352237893 7.77344595694 -16.8619013501
-4.96286367815 7.79163226975 -16.8599596108
-4.94356096013 7.81723490531 -16.8577567441
-4.93105103819 7.84589245986 -16.8557845942
-4.93039311627 7.87140575654 -16.8545974563
-4.94169406548 7.89274516539 -16.8542475975
-4.9603461946 7.91395852089 -16.8543023145
-4.9815152085 7.9371910427 -16.854402475
-5.0039447826 7.95786607185 -16.8546864574
-5.02931734529 7.96852769635 -16.8555820452
-5.05848591398 7.96697101894 -16.8572350333
-5.08902891154 7.95844846195 -16.8592769766
-5.11650780274 7.94849062098 -16.8612174321
-5.13736806689 7.93456721548 -16.8629777197
-5.14994482321 7.90731801753 -16.8648899357

/group/N_RCA3/168
168
posId 168-5.14298590479 7.80535360805 -16.9465128339
-5.12368934479 7.75905142595 -16.9496094426
-5.09283070063 7.73739193448 -16.9510549936
-5.05601661912 7.7387109915 -16.9509616471
-5.02201278413 7.75052244069 -16.9501663733
-4.99605604303 7.76243604565 -16.9493653666
-4.97642157277 7.77430876128 -16.9485679649
-4.95821536726 7.7923403428 -16.9473585127
-4.94029806754 7.81922257295 -16.9455566779
-4.9276334346 7.85000536547 -16.9434944784
-4.9264625034 7.87752786693 -16.9416520861
-4.93778342422 7.89989571599 -16.9401564381
-4.95645526855 7.92081926232 -16.9387584746
-4.97677647031 7.94293994291 -16.9372806067
-4.99806614645 7.96289345472 -16.9359479323
-5.02395210424 7.97439347639 -16.9351817273
-5.05639648028 7.9753256347 -16.9351237877
-5.09143949405 7.96953307975 -16.9355163267
-5.1214498189 7.96045167858 -16.9361283151
-5.1411019987 7.94437889063 -16.9372068531
-5.15025724896 7.91278798477 -16.9393226622

/group/N_RCA3/171
171
posId 171-5.11975258977 7.79491783788 -17.0125774417
-5.08548571005 7.76057406223 -17.0208899357
-5.05420624119 7.74636873656 -17.0274566349
-5.02971522966 7.75198606886 -17.0316011819
-5.0092237977 7.76863419591 -17.0343572669
-4.98812464236 7.78691971663 -17.037126975
-4.96565956674 7.80413219187 -17.0402104035
-4.94584137185 7.82430306933 -17.0426335487
-4.93346346993 7.85183768338 -17.0432573742
-4.93014912224 7.88567889481 -17.0418479677
-4.93459338813 7.91958383733 -17.0390158081
-4.94583269121 7.94725432728 -17.0353122379
-4.96496592786 7.96644778822 -17.0306698486
-4.99307796868 7.97837291633 -17.024818241
-5.0280768977 7.9843499076 -17.0180613715
-5.06462338699 7.98412551136 -17.0113908226
-5.09754252693 7.97714168214 -17.0057862597
-5.12473945879 7.96394898488 -17.0015980162
-5.14613139865 7.9451634507 -16.9988045418
-5.16003893329 7.91943318829 -16.9977934988
-5.16192313632 7.88422105971 -16.9995461126

/group/N_RCA3/174
174
posId 174-5.11157098435 7.7576252625 -17.0744503837
-5.15358795968 7.77881304811 -17.0527619778
-5.17585036118 7.81157434717 -17.0406557945
-5.17878765739 7.84994543243 -17.03808657
-5.17247274705 7.88749355479 -17.0401834779
-5.16584661149 7.92025904185 -17.0425730779
-5.15879383859 7.94703003695 -17.0453478757
-5.14450393219 7.96756943993 -17.0519320602
-5.11846554916 7.98128307665 -17.0646063276
-5.0840650366 7.98762542911 -17.0816870239
-5.04953663889 7.98704737651 -17.0990294386
-5.02080042036 7.98065263182 -17.113631452
-4.99835958456 7.96865666663 -17.1252344121
-4.98055674425 7.94969970589 -17.1347087907
-4.96783683462 7.9224203316 -17.1418701872
-4.96238374468 7.88800962387 -17.1455887538
-4.96430529058 7.85094437864 -17.1456825967
-4.97047349951 7.81677896182 -17.1435627403
-4.97873147914 7.78905860516 -17.1402102851
-4.99255901736 7.76847799322 -17.1338592874
-5.01924669057 7.75499170119 -17.1208527247

/group/N_RCA3/177
177
posId 177-5.16474880956 7.79788708419 -17.1015332726
-5.13871377471 7.76604941284 -17.1243333863
-5.11539075228 7.75222521647 -17.1448826124
-5.09731163134 7.75487344569 -17.1609244833
-5.0817438641 7.76912651252 -17.1748391302
-5.0654259672 7.79033398737 -17.1894771959
-5.04910601776 7.81488804221 -17.20414535
-5.03694599203 7.83962186244 -17.2151290081
-5.03189205991 7.86236908097 -17.2197993359
-5.03266400908 7.88356482884 -17.2192943761
-5.03589270609 7.90611097995 -17.2166239548
-5.04074407627 7.93210866263 -17.2125448756
-5.05040123884 7.95917492531 -17.204216519
-5.06846974796 7.98066987565 -17.1883879957
-5.09434202955 7.99055388317 -17.1655466447
-5.12279559187 7.98834613066 -17.1403159365
-5.14819114022 7.9788801863 -17.1177335531
-5.16838328904 7.96673503593 -17.0997391525
-5.18402389656 7.95103439306 -17.0857477354
-5.19459784832 7.92629176812 -17.0761693872
-5.19652746992 7.8888334916 -17.0741431716

/group/N_RCA3/180
180
posId 180-5.19584485785 7.7875189639 -17.1499835595
-5.21860697721 7.82391132594 -17.1214034437
-5.23100603641 7.86187722344 -17.1067637885
-5.22962097102 7.89078117879 -17.1100956694
-5.22120879569 7.91289742101 -17.1224784248
-5.21381913748 7.93694539782 -17.1335925056
-5.2071805715 7.96395925119 -17.1438538575
-5.19467451313 7.98414385182 -17.1616130445
-5.17376491256 7.98837490814 -17.1897948424
-5.15079016093 7.97853371258 -17.2200183589
-5.13405268156 7.96317249413 -17.2416173873
-5.12487786494 7.94536517239 -17.2529766423
-5.11842027429 7.91986945467 -17.2603082543
-5.11220509507 7.88319017573 -17.2667432274
-5.11008445943 7.84201865571 -17.2674720797
-5.11642099502 7.80798688259 -17.2572554623
-5.12936700796 7.78595808348 -17.2388134696
-5.14318447767 7.77203821913 -17.219621015
-5.15628209945 7.76359120674 -17.2016714377

/group/N_RCA3/183
183
posId 183-5.23713515653 7.79514232604 -17.2076520366
-5.21057778804 7.78047297858 -17.2551572853
-5.19440366855 7.78122808852 -17.285038816
-5.18773338077 7.80035803612 -17.2992064816
-5.18490056405 7.8357930217 -17.3079000442
-5.18405408664 7.87705217438 -17.3135037695
-5.18690047608 7.91213087993 -17.3116961208
-5.19361929213 7.93753984639 -17.3018042051
-5.20280994956 7.95774380104 -17.2868467622
-5.21499262022 7.97499003204 -17.2660854123
-5.23134534472 7.98452979962 -17.2368837113
-5.24897530639 7.98150312473 -17.2040965553
-5.26212006518 7.96792154778 -17.1785407779
-5.26932441133 7.94903939744 -17.1634131745
-5.27493347285 7.92570086562 -17.1507887823
-5.2806808957 7.89508775114 -17.1371964324
-5.2797951942 7.85825552933 -17.1352188412

/group/N_RCA3/186
186
posId 186-5.3028489926 7.79221456446 -17.236698397
-5.2809914319 7.77451256831 -17.2857111587
-5.26744201047 7.77326441186 -17.3174973249
-5.26178211116 7.79183711176 -17.3335303661
-5.25959956926 7.8273511028 -17.3438041009
-5.25916065479 7.86864880015 -17.3507987868
-5.26150970444 7.9038818852 -17.3503408968
-5.26682600662 7.92984832377 -17.3415453996
-5.27430071109 7.95082637304 -17.326937908
-5.28447237227 7.96889415327 -17.3055477145
-5.2980579977 7.97963997385 -17.2750466304
-5.31251657535 7.97844968713 -17.240763688
-5.32329404218 7.9667680371 -17.2136514671
-5.32937235185 7.94901313419 -17.196749304
-5.33415536895 7.92601625559 -17.1821466332
-5.33881485605 7.89559925016 -17.1667646878
-5.33787472136 7.858829899 -17.1636769354

/group/N_RCA3/189
189
posId 189-5.37184095427 7.78512007896 -17.2609892805
-5.35320270836 7.76511309148 -17.3100192006
-5.34150892333 7.76439597104 -17.3429800534
-5.33626077546 7.78364495283 -17.3614091874
-5.33398727379 7.81846315329 -17.3743127454
-5.33353067681 7.85936496126 -17.3832047246
-5.33568301253 7.89598001808 -17.383916769
-5.340302879 7.9236024913 -17.3759746847
-5.34671505325 7.94451919828 -17.3617142956
-5.35564410339 7.96178862727 -17.3396533156
-5.36770124233 7.97344989017 -17.3076976323
-5.38035889414 7.97478727029 -17.2721242277
-5.3895297727 7.9647610103 -17.2443071686
-5.39459895049 7.94699051003 -17.2266592404
-5.39876958106 7.92428657833 -17.2106375947
-5.40292690023 7.89541883695 -17.193508351
-5.40209246461 7.85909438812 -17.1891205686

/group/N_RCA3/192
192
posId 192-5.43668583589 7.77989620489 -17.2804030433
-5.42015544239 7.75762397479 -17.3292047839
-5.40988838784 7.75677268151 -17.3624115818
-5.40513809877 7.7762875801 -17.3822166063
-5.40277057306 7.81044161672 -17.3975365884
-5.40213609028 7.8505461519 -17.4085467279
-5.40421417439 7.88736447729 -17.4100003542
-5.40864310777 7.91579275191 -17.4019355274
-5.41444249357 7.93721873461 -17.3878508582
-5.42228213783 7.9550085827 -17.3663185031
-5.43300247375 7.9679389935 -17.3343318116
-5.44437257283 7.97069552386 -17.2979620373
-5.45246137795 7.96100124405 -17.2694882078
-5.45665033696 7.94287988032 -17.2518199408
-5.46013767842 7.92096272807 -17.2355871542
-5.46398049702 7.89428083778 -17.2171351798
-5.4635401879 7.85916170957 -17.2107332424

/group/N_RCA3/195
195
posId 195-5.4994954119 7.7910387616 -17.2607434693
-5.48919539426 7.75412909733 -17.2887031315
-5.48232652729 7.74153187803 -17.3104339095
-5.4781508105 7.74313425997 -17.3260218496
-5.47315241362 7.74579332366 -17.3448710814
-5.46613605185 7.75018272589 -17.3714987904
-5.45984566651 7.76770284645 -17.3988589135
-5.45736004197 7.8029019529 -17.4169293086
-5.45843518846 7.84534254022 -17.4239172
-5.4606189364 7.88097727347 -17.4251286764
-5.46316371278 7.90676806913 -17.4225008316
-5.46803449425 7.92928407955 -17.4105784472
-5.47664988264 7.95111537462 -17.3848705705
-5.48711812228 7.96526130433 -17.3504555244
-5.4960027596 7.96496243038 -17.3180877343
-5.50216602746 7.95364731287 -17.2927825872
-5.50721410288 7.93954047257 -17.2708138871
-5.51187849473 7.92228007165 -17.2494300856
-5.51360833333 7.89186524868 -17.2353348193

/group/N_RCA3/198
198
posId 198-5.52876408148 7.77723141322 -17.2732638413
-5.5386409628 7.82241334709 -17.2469247836
-5.54382285237 7.86209450231 -17.2376953235
-5.54302337296 7.88813832638 -17.2483590014
-5.53883420332 7.90567665607 -17.270073056
-5.53463366746 7.92368061206 -17.2919661089
-5.53107611593 7.94289999575 -17.3116487195
-5.52626412705 7.95553678834 -17.3344341028
-5.51894228659 7.95527896593 -17.3635066413
-5.51044655972 7.94376293745 -17.3940182195
-5.503203852 7.92605657001 -17.4177636258
-5.49819834447 7.90316493479 -17.4311137653
-5.49477711539 7.8725542524 -17.4359399403
-5.49256289063 7.83520126959 -17.4340245662
-5.4923845323 7.79814761073 -17.4240908474
-5.494925674 7.76842542351 -17.4054373883
-5.49937578339 7.7471907452 -17.3816228093
-5.50440938956 7.73287386662 -17.35747261
-5.51020611758 7.72873335402 -17.3332077719

