/group/LPA2/0
0
num_smooth_modes 12 replaced_with_circle 1 xhat {0.000000 0.994812 0.101734} nrm {-0.109092 -0.101127 0.988874} num_subsample_pts 108 creation_method hand_drawn pathId 300 pos {-2.056580 10.816000 -6.876870} creation_type levelset posId 0 num_hand_picked_pts 16
-2.316480 11.583100 -6.827100
-2.434310 11.574100 -6.841020
-2.548550 11.544700 -6.856630
-2.655750 11.495900 -6.873440
-2.752630 11.429100 -6.890960
-2.836260 11.346300 -6.908660
-2.904100 11.250100 -6.925980
-2.954090 11.143400 -6.942400
-2.984700 11.029400 -6.957440
-2.995010 10.911600 -6.970620
-2.984700 10.793500 -6.981560
-2.954090 10.678900 -6.989910
-2.904100 10.571000 -6.995420
-2.836260 10.473300 -6.997930
-2.752630 10.388700 -6.997360
-2.655750 10.319700 -6.993720
-2.548550 10.268500 -6.987140
-2.434310 10.236600 -6.977800
-2.316480 10.224900 -6.965990
-2.198660 10.233900 -6.952070
-2.084410 10.263300 -6.936460
-1.977220 10.312100 -6.919640
-1.880330 10.378900 -6.902120
-1.796700 10.461700 -6.884430
-1.728860 10.557900 -6.867110
-1.678870 10.664600 -6.850680
-1.648260 10.778600 -6.835650
-1.637950 10.896400 -6.822460
-1.648260 11.014400 -6.811530
-1.678870 11.129100 -6.803180
-1.728860 11.237000 -6.797670
-1.796700 11.334700 -6.795160
-1.880330 11.419300 -6.795730
-1.977220 11.488300 -6.799360
-2.084410 11.539500 -6.805950
-2.198660 11.571400 -6.815290

/group/LPA2/31
31
num_smooth_modes 12 xhat {0.000000 0.991871 0.127246} nrm {-0.093431 -0.126690 0.987533} num_subsample_pts 103 creation_method hand_drawn modified_as_spline 1 pathId 300 pos {-2.098913 10.767745 -6.461519} creation_type levelset posId 31 num_hand_picked_pts 21
-2.523520 10.204900 -6.573710
-2.314760 10.160400 -6.559700
-2.081140 10.190700 -6.533750
-1.865280 10.310000 -6.498070
-1.710540 10.473800 -6.462480
-1.618060 10.636100 -6.432950
-1.590250 10.836000 -6.404710
-1.617710 11.042900 -6.380790
-1.689870 11.238400 -6.362560
-1.844480 11.436800 -6.351740
-1.996440 11.581600 -6.347540
-2.230050 11.657700 -6.359860
-2.446040 11.651700 -6.381030
-2.624930 11.503000 -6.416970
-2.752560 11.344600 -6.449320
-2.809930 11.148800 -6.479830
-2.827070 10.944200 -6.507660
-2.807630 10.739600 -6.532040
-2.764110 10.538300 -6.553720
-2.683510 10.328000 -6.573050

/group/LPA2/39
39
num_smooth_modes 12 xhat {0.000000 0.989989 0.141147} nrm {-0.084820 -0.140638 0.986421} num_subsample_pts 84 creation_method hand_drawn modified_as_spline 1 pathId 300 pos {-2.114855 10.744022 -6.285626} creation_type levelset posId 39 num_hand_picked_pts 11
-2.624580 10.620800 -6.346840
-2.553300 10.463700 -6.363100
-2.498190 10.311500 -6.380040
-2.345160 10.231800 -6.378250
-2.172330 10.218300 -6.365330
-1.980660 10.156200 -6.357720
-1.822180 10.191900 -6.339030
-1.724790 10.350400 -6.308090
-1.702860 10.520600 -6.281970
-1.692360 10.691900 -6.256680
-1.671010 10.862300 -6.230580
-1.667730 11.034000 -6.205840
-1.735100 11.173700 -6.191730
-1.883890 11.261300 -6.192030
-2.048710 11.296900 -6.201120
-2.218490 11.265300 -6.220190
-2.378350 11.204600 -6.242560
-2.511510 11.099600 -6.268950
-2.603670 10.956500 -6.297240
-2.645090 10.791100 -6.324350

/group/LPA2/49
49
num_smooth_modes 12 xhat {0.000000 0.985283 0.170930} nrm {-0.066193 -0.170556 0.983122} num_subsample_pts 61 creation_method hand_drawn modified_as_spline 1 pathId 300 pos {-2.131352 10.711052 -6.074067} creation_type levelset posId 49 num_hand_picked_pts 13
-2.540540 10.496100 -6.139030
-2.484920 10.391600 -6.153410
-2.404600 10.303300 -6.163320
-2.301480 10.244000 -6.166660
-2.182760 10.236000 -6.160050
-2.064940 10.255300 -6.148770
-1.954180 10.296400 -6.134180
-1.851650 10.350600 -6.117870
-1.793980 10.473300 -6.092700
-1.779930 10.601100 -6.069590
-1.781010 10.718700 -6.049250
-1.827180 10.830800 -6.032920
-1.906840 10.917500 -6.023250
-2.017580 10.962100 -6.022970
-2.135690 10.980700 -6.027700
-2.253660 10.965100 -6.038350
-2.416280 10.916000 -6.057820
-2.496440 10.841400 -6.076160
-2.546380 10.739000 -6.097290
-2.556390 10.613100 -6.119800

/group/LPA2/56
56
num_smooth_modes 12 xhat {0.000000 0.979342 0.202212} nrm {-0.046384 -0.201995 0.978288} num_subsample_pts 47 creation_method hand_drawn modified_as_spline 1 pathId 300 pos {-2.138742 10.686899 -5.946374} creation_type levelset posId 56 num_hand_picked_pts 15
-2.473690 10.571800 -5.985970
-2.467410 10.477500 -6.005130
-2.445240 10.390100 -6.022120
-2.385720 10.322300 -6.033290
-2.299360 10.291700 -6.035510
-2.207650 10.288400 -6.031850
-2.119830 10.313600 -6.022480
-2.041090 10.359600 -6.009260
-1.972100 10.418500 -5.993830
-1.928130 10.496700 -5.975610
-1.914070 10.585700 -5.956570
-1.917860 10.675700 -5.938180
-1.946950 10.761300 -5.921890
-2.002790 10.832900 -5.909760
-2.087410 10.864400 -5.907270
-2.178890 10.870000 -5.910450
-2.263370 10.854600 -5.917630
-2.385130 10.818300 -5.930900
-2.431700 10.745900 -5.948050
-2.467710 10.666600 -5.966120

/group/LPA2/67
67
num_smooth_modes 12 xhat {0.000000 0.967679 0.252186} nrm {-0.014261 -0.252160 0.967580} num_subsample_pts 28 creation_method hand_drawn modified_as_spline 1 pathId 300 pos {-2.143879 10.649941 -5.786852} creation_type levelset posId 67 num_hand_picked_pts 11
-2.363910 10.470700 -5.836590
-2.334980 10.432300 -5.846180
-2.296630 10.402400 -5.853420
-2.251270 10.384200 -5.857520
-2.202410 10.379400 -5.858070
-2.154000 10.386800 -5.855460
-2.110850 10.409100 -5.849030
-2.076210 10.442600 -5.839810
-2.057340 10.486100 -5.828210
-2.049330 10.533700 -5.815690
-2.056570 10.578700 -5.804070
-2.071850 10.626900 -5.791730
-2.120830 10.668500 -5.781590
-2.183270 10.701900 -5.773780
-2.243920 10.694800 -5.776500
-2.296000 10.672900 -5.782940
-2.325900 10.642700 -5.791240
-2.358960 10.607700 -5.800830
-2.376710 10.563700 -5.812540
-2.377560 10.516300 -5.824900

/group/LPA2/71
71
num_smooth_modes 12 xhat {0.000000 0.962727 0.270474} nrm {-0.002371 -0.270473 0.962725} num_subsample_pts 16 creation_method hand_drawn pathId 300 pos {-2.144288 10.637536 -5.740954} creation_type levelset posId 71 num_hand_picked_pts 9
-2.242220 10.435600 -5.797930
-2.231360 10.412000 -5.804540
-2.212310 10.393700 -5.809630
-2.187890 10.382900 -5.812610
-2.161100 10.381300 -5.813000
-2.135910 10.390000 -5.810470
-2.116640 10.407900 -5.805400
-2.106170 10.431700 -5.798700
-2.106020 10.457500 -5.791440
-2.116240 10.481400 -5.784750
-2.135060 10.499800 -5.779620
-2.159630 10.510300 -5.776750
-2.186460 10.511300 -5.776530
-2.211680 10.502400 -5.779080
-2.231370 10.484900 -5.784040
-2.242240 10.461400 -5.790680

