/group/LPA_011/8
8
num_subsample_pts 16 replaced_with_circle 1 creation_method hand_drawn shifted_origin {93.092 6.5 -7.25} creation_type threshold paste_pos {-137.874428 79.448662 -81.248684} paste_nrm {-0.102426 0.124055 -0.986975} paste_xhat {0.000000 0.992193 0.124711} bulk_scale_factor 0.1 paste_posId 8 translation_in_x 0.2 translation_in_y 0.0 paste_pathId 211 num_hand_picked_pts 10
-4.465800 8.698490 -8.838140
-4.449500 8.697270 -8.839980
-4.433700 8.693260 -8.842120
-4.418900 8.686560 -8.844500
-4.405500 8.677380 -8.847050
-4.394000 8.666000 -8.849680
-4.384600 8.652760 -8.852310
-4.377700 8.638070 -8.854870
-4.373400 8.622380 -8.857290
-4.372000 8.606160 -8.859470
-4.373400 8.589900 -8.861370
-4.377700 8.574090 -8.862920
-4.384600 8.559230 -8.864070
-4.394000 8.545750 -8.864790
-4.405500 8.534070 -8.865060
-4.418900 8.524550 -8.864860
-4.433700 8.517470 -8.864220
-4.449500 8.513050 -8.863130
-4.465800 8.511420 -8.861650
-4.482100 8.512630 -8.859810
-4.497900 8.516650 -8.857660
-4.512700 8.523350 -8.855280
-4.526100 8.532530 -8.852740
-4.537600 8.543910 -8.850110
-4.547000 8.557140 -8.847470
-4.553900 8.571830 -8.844910
-4.558100 8.587520 -8.842500
-4.559600 8.603750 -8.840310
-4.558100 8.620010 -8.838420
-4.553900 8.635810 -8.836870
-4.547000 8.650680 -8.835720
-4.537600 8.664150 -8.835000
-4.526100 8.675830 -8.834730
-4.512700 8.685350 -8.834920
-4.497900 8.692430 -8.835570
-4.482100 8.696860 -8.836650

/group/LPA_011/15
15
num_subsample_pts 16 pathId 211 replaced_with_circle 1 creation_method hand_drawn creation_type threshold shifted_origin {93.092 6.5 -7.25} pos {-138.079440 79.633178 -83.149750} bulk_scale_factor 0.1 nrm {-0.111787 0.062197 -0.991784} xhat {0.000000 0.998039 0.062589} num_hand_picked_pts 10 posId 15
-4.486300 8.697510 -9.036100
-4.470000 8.696200 -9.038010
-4.454300 8.692060 -9.040050
-4.439500 8.685240 -9.042150
-4.426100 8.675930 -9.044240
-4.414500 8.664410 -9.046260
-4.405200 8.651040 -9.048160
-4.398300 8.636230 -9.049860
-4.394000 8.620420 -9.051330
-4.392600 8.604090 -9.052510
-4.394000 8.587740 -9.053380
-4.398300 8.571870 -9.053900
-4.405200 8.556960 -9.054060
-4.414500 8.543460 -9.053850
-4.426100 8.531780 -9.053280
-4.439500 8.522280 -9.052370
-4.454300 8.515240 -9.051140
-4.470000 8.510890 -9.049630
-4.486300 8.509340 -9.047900
-4.502600 8.510660 -9.045980
-4.518300 8.514790 -9.043940
-4.533100 8.521620 -9.041850
-4.546500 8.530930 -9.039760
-4.558100 8.542450 -9.037730
-4.567400 8.555820 -9.035840
-4.574300 8.570630 -9.034130
-4.578600 8.586440 -9.032660
-4.580000 8.602770 -9.031480
-4.578600 8.619120 -9.030620
-4.574300 8.634990 -9.030100
-4.567400 8.649900 -9.029940
-4.558100 8.663400 -9.030150
-4.546500 8.675080 -9.030720
-4.533100 8.684580 -9.031630
-4.518300 8.691610 -9.032860
-4.502600 8.695970 -9.034360

/group/LPA_011/23
23
num_subsample_pts 17 pathId 211 replaced_with_circle 1 creation_method hand_drawn creation_type threshold shifted_origin {93.092 6.5 -7.25} pos {-138.354611 79.614377 -85.386933} bulk_scale_factor 0.1 nrm {-0.137018 -0.109110 -0.984541} xhat {0.000000 0.993915 -0.110149} num_hand_picked_pts 9 posId 23
-4.508000 8.725730 -9.278900
-4.490200 8.723910 -9.281170
-4.473000 8.719010 -9.283020
-4.456900 8.711210 -9.284410
-4.442300 8.700730 -9.285280
-4.429700 8.687890 -9.285610
-4.419400 8.673080 -9.285390
-4.411900 8.656750 -9.284630
-4.407300 8.639410 -9.283350
-4.405700 8.621560 -9.281590
-4.407300 8.603770 -9.279400
-4.411900 8.586560 -9.276850
-4.419400 8.570470 -9.274020
-4.429700 8.555970 -9.270990
-4.442300 8.543510 -9.267860
-4.456900 8.533480 -9.264710
-4.473000 8.526160 -9.261650
-4.490200 8.521800 -9.258770
-4.508000 8.520510 -9.256160
-4.525800 8.522340 -9.253890
-4.543000 8.527230 -9.252040
-4.559100 8.535030 -9.250650
-4.573700 8.545520 -9.249780
-4.586300 8.558360 -9.249450
-4.596600 8.573160 -9.249670
-4.604100 8.589490 -9.250430
-4.608700 8.606840 -9.251710
-4.610300 8.624680 -9.253470
-4.608700 8.642470 -9.255660
-4.604100 8.659680 -9.258210
-4.596600 8.675780 -9.261040
-4.586300 8.690270 -9.264070
-4.573700 8.702730 -9.267200
-4.559100 8.712770 -9.270350
-4.543000 8.720080 -9.273410
-4.525800 8.724450 -9.276290

/group/LPA_011/32
32
num_subsample_pts 18 pathId 211 replaced_with_circle 1 creation_method hand_drawn creation_type threshold shifted_origin {93.092 6.5 -7.25} pos {-138.668831 79.191869 -87.254203} bulk_scale_factor 0.1 nrm {-0.196009 -0.327882 -0.924161} xhat {0.000000 0.942443 -0.334368} num_hand_picked_pts 10 posId 32
-4.574100 8.644660 -9.473700
-4.555100 8.641780 -9.476730
-4.536600 8.635790 -9.478520
-4.519300 8.626870 -9.479030
-4.503600 8.615280 -9.478240
-4.490100 8.601380 -9.476170
-4.479100 8.585600 -9.472900
-4.471100 8.568400 -9.468510
-4.466100 8.550320 -9.463150
-4.464500 8.531900 -9.456970
-4.466100 8.513710 -9.450160
-4.471100 8.496290 -9.442930
-4.479100 8.480180 -9.435500
-4.490100 8.465860 -9.428090
-4.503600 8.453770 -9.420930
-4.519300 8.444270 -9.414240
-4.536600 8.437670 -9.408220
-4.555100 8.434140 -9.403060
-4.574100 8.433810 -9.398900
-4.593200 8.436690 -9.395880
-4.611700 8.442680 -9.394090
-4.629000 8.451600 -9.393580
-4.644600 8.463190 -9.394370
-4.658200 8.477090 -9.396430
-4.669100 8.492870 -9.399710
-4.677200 8.510070 -9.404090
-4.682200 8.528150 -9.409460
-4.683800 8.546570 -9.415640
-4.682200 8.564760 -9.422450
-4.677200 8.582180 -9.429680
-4.669100 8.598290 -9.437110
-4.658200 8.612610 -9.444520
-4.644600 8.624700 -9.451670
-4.629000 8.634200 -9.458360
-4.611700 8.640810 -9.464380
-4.593200 8.644330 -9.469550

/group/LPA_011/48
48
num_subsample_pts 18 pathId 211 replaced_with_circle 1 creation_method hand_drawn creation_type threshold shifted_origin {93.092 6.5 -7.25} pos {-139.372798 78.225795 -89.387412} bulk_scale_factor 0.1 nrm {-0.412267 -0.374696 -0.830445} xhat {0.000000 0.911512 -0.411274} num_hand_picked_pts 8 posId 48
-4.616100 8.573360 -9.715140
-4.598500 8.568550 -9.721710
-4.581500 8.560800 -9.726680
-4.565500 8.550350 -9.729910
-4.551000 8.537510 -9.731310
-4.538500 8.522690 -9.730820
-4.528400 8.506320 -9.728470
-4.520900 8.488910 -9.724320
-4.516300 8.470980 -9.718500
-4.514800 8.453090 -9.711190
-4.516300 8.435760 -9.702610
-4.520900 8.419540 -9.693020
-4.528400 8.404910 -9.682710
-4.538500 8.392310 -9.672000
-4.551000 8.382140 -9.661210
-4.565500 8.374690 -9.650660
-4.581500 8.370200 -9.640680
-4.598500 8.368800 -9.631580
-4.616100 8.370540 -9.623630
-4.633700 8.375350 -9.617060
-4.650800 8.383110 -9.612090
-4.666800 8.393560 -9.608850
-4.681300 8.406390 -9.607460
-4.693800 8.421220 -9.607940
-4.703900 8.437580 -9.610300
-4.711400 8.454990 -9.614440
-4.716000 8.472920 -9.620260
-4.717500 8.490820 -9.627570
-4.716000 8.508140 -9.636150
-4.711400 8.524360 -9.645740
-4.703900 8.539000 -9.656050
-4.693800 8.551590 -9.666770
-4.681300 8.561760 -9.677560
-4.666800 8.569210 -9.688110
-4.650800 8.573700 -9.698080
-4.633700 8.575100 -9.707190

/group/LPA_011/60
60
num_subsample_pts 23 pathId 211 replaced_with_circle 1 creation_method hand_drawn creation_type threshold shifted_origin {93.092 6.5 -7.25} pos {-139.999081 77.927367 -90.459965} bulk_scale_factor 0.1 nrm {-0.542795 0.016145 -0.839710} xhat {0.000000 0.999815 0.019223} scale_factor 0.9025 num_hand_picked_pts 9 posId 60
-4.670600 8.538570 -9.782120
-4.651800 8.536850 -9.794320
-4.633600 8.531250 -9.806220
-4.616500 8.521960 -9.817470
-4.601000 8.509260 -9.827710
-4.587600 8.493520 -9.836650
-4.576800 8.475240 -9.844000
-4.568800 8.454960 -9.849550
-4.563900 8.433300 -9.853130
-4.562300 8.410920 -9.854620
-4.563900 8.388500 -9.853990
-4.568800 8.366720 -9.851250
-4.576800 8.346240 -9.846480
-4.587600 8.327690 -9.839840
-4.601000 8.311620 -9.831510
-4.616500 8.298530 -9.821760
-4.633600 8.288810 -9.810880
-4.651800 8.282770 -9.799210
-4.670600 8.280570 -9.787080
-4.689500 8.282300 -9.774890
-4.707700 8.287890 -9.762990
-4.724800 8.297180 -9.751740
-4.740300 8.309890 -9.741500
-4.753700 8.325620 -9.732560
-4.764500 8.343910 -9.725210
-4.772500 8.364190 -9.719660
-4.777400 8.385850 -9.716080
-4.779000 8.408230 -9.714580
-4.777400 8.430650 -9.715220
-4.772500 8.452430 -9.717960
-4.764500 8.472910 -9.722720
-4.753700 8.491460 -9.729370
-4.740300 8.507530 -9.737700
-4.724800 8.520620 -9.747450
-4.707700 8.530330 -9.758330
-4.689500 8.536380 -9.770000

