/group/LPA_006/6
6
num_subsample_pts 18 replaced_with_circle 1 creation_method hand_drawn shifted_origin {93.092 6.5 -7.25} modified_as_spline 1 creation_type threshold paste_pos {-125.933745 69.134702 -79.795675} paste_nrm {-0.825787 -0.132319 -0.548240} paste_xhat {0.000000 0.972088 -0.234616} bulk_scale_factor 0.1 paste_posId 6 translation_in_x -0.2 translation_in_y -0.2 scale_factor 1.1025 paste_pathId 206 num_hand_picked_pts 10
-3.281400 7.673370 -8.734790
-3.262200 7.658210 -8.760050
-3.245500 7.635500 -8.779720
-3.232000 7.607190 -8.793230
-3.220900 7.573140 -8.801740
-3.215800 7.535170 -8.800270
-3.219000 7.500720 -8.787150
-3.227400 7.476050 -8.768560
-3.242100 7.455220 -8.741410
-3.262300 7.444000 -8.708300
-3.280600 7.446660 -8.681390
-3.301500 7.459910 -8.653110
-3.319600 7.479350 -8.630540
-3.335400 7.508550 -8.613790
-3.345100 7.543960 -8.607720
-3.348400 7.580770 -8.611610
-3.345100 7.615370 -8.624920
-3.335400 7.644060 -8.646430
-3.320700 7.664470 -8.673480
-3.302100 7.674740 -8.703960

/group/LPA_006/15
15
num_subsample_pts 23 pathId 206 replaced_with_circle 1 creation_method hand_drawn creation_type threshold shifted_origin {93.092 6.5 -7.25} pos {-128.134353 68.568749 -81.640885} bulk_scale_factor 0.1 nrm {-0.621254 -0.226985 -0.750014} xhat {0.000000 0.957128 -0.289667} num_hand_picked_pts 9 posId 15
-3.479400 7.653300 -8.953980
-3.460300 7.646870 -8.967850
-3.441800 7.636560 -8.980070
-3.424400 7.622680 -8.990250
-3.408700 7.605650 -8.998100
-3.395200 7.585990 -9.003370
-3.384200 7.564290 -9.005910
-3.376100 7.541220 -9.005640
-3.371100 7.517470 -9.002560
-3.369500 7.493770 -8.996770
-3.371100 7.470840 -8.988440
-3.376100 7.449370 -8.977840
-3.384200 7.430010 -8.965270
-3.395200 7.413370 -8.951130
-3.408700 7.399930 -8.935840
-3.424400 7.390110 -8.919860
-3.441800 7.384200 -8.903690
-3.460300 7.382400 -8.887810
-3.479400 7.384740 -8.872710
-3.498500 7.391160 -8.858840
-3.517000 7.401470 -8.846630
-3.534400 7.415350 -8.836440
-3.550100 7.432380 -8.828590
-3.563600 7.452050 -8.823320
-3.574600 7.473740 -8.820780
-3.582700 7.496820 -8.821060
-3.587700 7.520570 -8.824130
-3.589300 7.544270 -8.829920
-3.587700 7.567200 -8.838250
-3.582700 7.588670 -8.848850
-3.574600 7.608020 -8.861420
-3.563600 7.624670 -8.875560
-3.550100 7.638110 -8.890850
-3.534400 7.647930 -8.906830
-3.517000 7.653830 -8.923000
-3.498500 7.655640 -8.938880

/group/LPA_006/19
19
num_subsample_pts 21 pathId 206 replaced_with_circle 1 creation_method hand_drawn creation_type threshold shifted_origin {93.092 6.5 -7.25} pos {-129.246165 68.114888 -83.293585} bulk_scale_factor 0.1 nrm {-0.480137 -0.214583 -0.850542} xhat {0.000000 0.969618 -0.244624} num_hand_picked_pts 10 posId 19
-3.639800 7.604950 -9.076800
-3.619900 7.600370 -9.086840
-3.600700 7.592100 -9.095610
-3.582700 7.580380 -9.102850
-3.566300 7.565570 -9.108320
-3.552300 7.548120 -9.111860
-3.540800 7.528560 -9.113380
-3.532400 7.507480 -9.112810
-3.527300 7.485530 -9.110180
-3.525500 7.463370 -9.105570
-3.527300 7.441680 -9.099120
-3.532400 7.421100 -9.091020
-3.540800 7.402280 -9.081520
-3.552300 7.385780 -9.070910
-3.566300 7.372100 -9.059510
-3.582700 7.361660 -9.047660
-3.600700 7.354770 -9.035740
-3.619900 7.351650 -9.024090
-3.639800 7.352390 -9.013080
-3.659600 7.356960 -9.003040
-3.678900 7.365240 -8.994270
-3.696900 7.376960 -8.987030
-3.713200 7.391770 -8.981560
-3.727300 7.409220 -8.978020
-3.738700 7.428780 -8.976500
-3.747100 7.449850 -8.977070
-3.752300 7.471800 -8.979700
-3.754000 7.493960 -8.984310
-3.752300 7.515660 -8.990760
-3.747100 7.536230 -8.998860
-3.738700 7.555050 -9.008360
-3.727300 7.571560 -9.018970
-3.713200 7.585230 -9.030370
-3.696900 7.595680 -9.042210
-3.678900 7.602560 -9.054140
-3.659600 7.605680 -9.065790

/group/LPA_006/25
25
num_subsample_pts 19 pathId 206 replaced_with_circle 1 creation_method hand_drawn creation_type threshold shifted_origin {93.092 6.5 -7.25} pos {-131.121304 67.221454 -86.929912} bulk_scale_factor 0.1 nrm {-0.447323 -0.219593 -0.866996} xhat {0.000000 0.969390 -0.245527} num_hand_picked_pts 11 posId 25
-3.826500 7.468330 -9.430190
-3.808300 7.464360 -9.438580
-3.790600 7.457060 -9.445850
-3.774000 7.446650 -9.451760
-3.759100 7.433440 -9.456150
-3.746100 7.417840 -9.458870
-3.735600 7.400310 -9.459840
-3.727900 7.381400 -9.459040
-3.723200 7.361670 -9.456480
-3.721600 7.341730 -9.452250
-3.723200 7.322170 -9.446480
-3.727900 7.303610 -9.439340
-3.735600 7.286590 -9.431040
-3.746100 7.271640 -9.421840
-3.759100 7.259210 -9.412020
-3.774000 7.249680 -9.401880
-3.790600 7.243340 -9.391720
-3.808300 7.240380 -9.381850
-3.826500 7.240890 -9.372580
-3.844700 7.244860 -9.364190
-3.862400 7.252160 -9.356920
-3.879000 7.262570 -9.351010
-3.893900 7.275780 -9.346620
-3.906900 7.291380 -9.343900
-3.917400 7.308910 -9.342930
-3.925100 7.327820 -9.343730
-3.929800 7.347550 -9.346290
-3.931400 7.367490 -9.350520
-3.929800 7.387050 -9.356290
-3.925100 7.405610 -9.363430
-3.917400 7.422630 -9.371730
-3.906900 7.437580 -9.380930
-3.893900 7.450010 -9.390750
-3.879000 7.459540 -9.400890
-3.862400 7.465880 -9.411050
-3.844700 7.468840 -9.420920

/group/LPA_006/29
29
num_subsample_pts 20 pathId 206 replaced_with_circle 1 creation_method hand_drawn creation_type threshold shifted_origin {93.092 6.5 -7.25} pos {-132.389353 66.602724 -89.172236} bulk_scale_factor 0.1 nrm {-0.526217 -0.258320 -0.810164} xhat {0.000000 0.952742 -0.303781} scale_factor 0.95 num_hand_picked_pts 11 posId 29
-3.932300 7.411530 -9.672870
-3.914700 7.406490 -9.682700
-3.897600 7.398160 -9.691130
-3.881600 7.386790 -9.697900
-3.867100 7.372710 -9.702810
-3.854600 7.356360 -9.705720
-3.844500 7.338240 -9.706520
-3.837000 7.318890 -9.705200
-3.832400 7.298910 -9.701800
-3.830900 7.278900 -9.696420
-3.832400 7.259470 -9.689230
-3.837000 7.241200 -9.680430
-3.844500 7.224670 -9.670310
-3.854600 7.210350 -9.659160
-3.867100 7.198700 -9.647330
-3.881600 7.190070 -9.635180
-3.897600 7.184710 -9.623070
-3.914700 7.182800 -9.611370
-3.932300 7.184380 -9.600440
-3.949900 7.189420 -9.590620
-3.966900 7.197750 -9.582190
-3.982900 7.209130 -9.575410
-3.997400 7.223200 -9.570500
-4.009900 7.239550 -9.567600
-4.020000 7.257670 -9.566790
-4.027500 7.277020 -9.568110
-4.032100 7.297000 -9.571510
-4.033600 7.317010 -9.576890
-4.032100 7.336440 -9.584090
-4.027500 7.354710 -9.592880
-4.020000 7.371250 -9.603010
-4.009900 7.385560 -9.614150
-3.997400 7.397210 -9.625980
-3.982900 7.405840 -9.638140
-3.966900 7.411200 -9.650240
-3.949900 7.413110 -9.661940

/group/LPA_006/33
33
num_subsample_pts 19 pathId 206 replaced_with_circle 1 creation_method hand_drawn creation_type threshold shifted_origin {93.092 6.5 -7.25} pos {-133.731826 65.892079 -90.942328} bulk_scale_factor 0.1 nrm {-0.619865 -0.360842 -0.696822} xhat {0.000000 0.888001 -0.459842} num_hand_picked_pts 11 posId 33
-4.050900 7.335470 -9.880720
-4.035100 7.328160 -9.891010
-4.019700 7.317940 -9.899360
-4.005300 7.305110 -9.905520
-3.992300 7.290080 -9.909310
-3.981100 7.273300 -9.910600
-3.972000 7.255270 -9.909370
-3.965300 7.236550 -9.905640
-3.961200 7.217700 -9.899540
-3.959800 7.199290 -9.891240
-3.961200 7.181900 -9.881000
-3.965300 7.166030 -9.869130
-3.972000 7.152190 -9.855990
-3.981100 7.140770 -9.841980
-3.992300 7.132150 -9.827520
-4.005300 7.126570 -9.813060
-4.019700 7.124200 -9.799030
-4.035100 7.125120 -9.785870
-4.050900 7.129300 -9.773960
-4.066700 7.136610 -9.763680
-4.082100 7.146830 -9.755330
-4.096400 7.159650 -9.749160
-4.109400 7.174690 -9.745380
-4.120700 7.191470 -9.744080
-4.129800 7.209500 -9.745310
-4.136500 7.228220 -9.749040
-4.140600 7.247070 -9.755140
-4.142000 7.265470 -9.763440
-4.140600 7.282870 -9.773680
-4.136500 7.298740 -9.785550
-4.129800 7.312580 -9.798700
-4.120700 7.323990 -9.812710
-4.109400 7.332620 -9.827160
-4.096400 7.338200 -9.841620
-4.082100 7.340570 -9.855650
-4.066700 7.339650 -9.868820

/group/LPA_006/37
37
num_subsample_pts 16 pathId 206 replaced_with_circle 1 creation_method hand_drawn creation_type threshold shifted_origin {93.092 6.5 -7.25} pos {-135.416989 64.798497 -92.621215} bulk_scale_factor 0.1 nrm {-0.656121 -0.464852 -0.594489} xhat {0.000000 0.787762 -0.615979} scale_factor 0.95 num_hand_picked_pts 10 posId 37
-4.226000 7.173050 -10.028100
-4.214300 7.165730 -10.035300
-4.203000 7.156500 -10.040600
-4.192300 7.145640 -10.043800
-4.182700 7.133490 -10.044900
-4.174500 7.120400 -10.043800
-4.167700 7.106780 -10.040600
-4.162800 7.093040 -10.035300
-4.159800 7.079600 -10.028100
-4.158700 7.066870 -10.019300
-4.159800 7.055230 -10.009100
-4.162800 7.045040 -9.997750
-4.167700 7.036600 -9.985680
-4.174500 7.030180 -9.973250
-4.182700 7.025970 -9.960810
-4.192300 7.024100 -9.948750
-4.203000 7.024610 -9.937430
-4.214300 7.027510 -9.927200
-4.226000 7.032700 -9.918370
-4.237600 7.040010 -9.911210
-4.248900 7.049240 -9.905930
-4.259600 7.060100 -9.902700
-4.269200 7.072260 -9.901620
-4.277500 7.085340 -9.902700
-4.284200 7.098960 -9.905930
-4.289100 7.112700 -9.911210
-4.292200 7.126140 -9.918370
-4.293200 7.138870 -9.927200
-4.292200 7.150510 -9.937430
-4.289100 7.160700 -9.948750
-4.284200 7.169140 -9.960810
-4.277500 7.175560 -9.973250
-4.269200 7.179770 -9.985680
-4.259600 7.181650 -9.997750
-4.248900 7.181130 -10.009100
-4.237600 7.178230 -10.019300

/group/LPA_006/40
40
num_subsample_pts 17 pathId 206 replaced_with_circle 1 creation_method hand_drawn creation_type threshold shifted_origin {93.092 6.5 -7.25} pos {-136.999867 63.663185 -93.985504} bulk_scale_factor 0.1 nrm {-0.677969 -0.479741 -0.556961} xhat {0.000000 0.757678 -0.652629} num_hand_picked_pts 12 posId 40
-4.397000 7.096350 -10.184900
-4.383600 7.087030 -10.193300
-4.370500 7.075560 -10.199300
-4.358200 7.062280 -10.202800
-4.347200 7.047620 -10.203600
-4.337600 7.032000 -10.201800
-4.329800 7.015910 -10.197400
-4.324100 6.999840 -10.190500
-4.320600 6.984260 -10.181400
-4.319400 6.969660 -10.170200
-4.320600 6.956480 -10.157400
-4.324100 6.945130 -10.143400
-4.329800 6.935930 -10.128500
-4.337600 6.929180 -10.113200
-4.347200 6.925080 -10.098100
-4.358200 6.923750 -10.083400
-4.370500 6.925240 -10.069800
-4.383600 6.929490 -10.057600
-4.397000 6.936390 -10.047100
-4.410500 6.945720 -10.038700
-4.423600 6.957190 -10.032700
-4.435800 6.970460 -10.029200
-4.446900 6.985120 -10.028400
-4.456500 7.000740 -10.030200
-4.464200 7.016830 -10.034600
-4.470000 7.032910 -10.041500
-4.473500 7.048480 -10.050600
-4.474600 7.063080 -10.061800
-4.473500 7.076260 -10.074600
-4.470000 7.087620 -10.088600
-4.464200 7.096810 -10.103500
-4.456500 7.103560 -10.118700
-4.446900 7.107670 -10.133900
-4.435800 7.108990 -10.148500
-4.423600 7.107510 -10.162200
-4.410500 7.103250 -10.174400

/group/LPA_006/43
43
num_subsample_pts 17 pathId 206 replaced_with_circle 1 creation_method hand_drawn creation_type threshold shifted_origin {93.092 6.5 -7.25} pos {-138.749699 62.495704 -95.362884} bulk_scale_factor 0.1 nrm {-0.718623 -0.437693 -0.540376} xhat {0.000000 0.777072 -0.629412} num_hand_picked_pts 11 posId 43
-4.571500 6.982800 -10.321100
-4.559100 6.973530 -10.330100
-4.547000 6.962110 -10.336800
-4.535800 6.948900 -10.341100
-4.525600 6.934300 -10.342900
-4.516800 6.918740 -10.342000
-4.509600 6.902710 -10.338500
-4.504400 6.886690 -10.332500
-4.501200 6.871170 -10.324200
-4.500100 6.856610 -10.313800
-4.501200 6.843470 -10.301800
-4.504400 6.832130 -10.288300
-4.509600 6.822950 -10.273900
-4.516800 6.816200 -10.258900
-4.525600 6.812100 -10.243900
-4.535800 6.810750 -10.229200
-4.547000 6.812210 -10.215400
-4.559100 6.816430 -10.202900
-4.571500 6.823280 -10.191900
-4.583900 6.832550 -10.182900
-4.595900 6.843970 -10.176200
-4.607100 6.857180 -10.171900
-4.617300 6.871780 -10.170200
-4.626100 6.887330 -10.171100
-4.633300 6.903360 -10.174600
-4.638500 6.919390 -10.180600
-4.641800 6.934910 -10.188900
-4.642800 6.949470 -10.199200
-4.641800 6.962610 -10.211300
-4.638500 6.973950 -10.224800
-4.633300 6.983130 -10.239200
-4.626100 6.989870 -10.254100
-4.617300 6.993980 -10.269200
-4.607100 6.995330 -10.283800
-4.595900 6.993870 -10.297600
-4.583900 6.989650 -10.310200

/group/LPA_006/49
49
num_subsample_pts 17 pathId 206 replaced_with_circle 1 creation_method hand_drawn creation_type threshold shifted_origin {93.092 6.5 -7.25} pos {-142.254044 60.996274 -97.781258} bulk_scale_factor 0.1 nrm {-0.819989 -0.209742 -0.532566} xhat {0.000000 0.930442 -0.366438} num_hand_picked_pts 10 posId 49
-4.927300 6.887200 -10.540300
-4.917200 6.880510 -10.553100
-4.907500 6.871150 -10.564400
-4.898400 6.859430 -10.573800
-4.890100 6.845700 -10.581100
-4.883000 6.830380 -10.586100
-4.877200 6.813920 -10.588500
-4.872900 6.796840 -10.588300
-4.870300 6.779640 -10.585600
-4.869500 6.762860 -10.580300
-4.870300 6.747000 -10.572700
-4.872900 6.732540 -10.563000
-4.877200 6.719930 -10.551500
-4.883000 6.709540 -10.538500
-4.890100 6.701700 -10.524400
-4.898400 6.696640 -10.509700
-4.907500 6.694510 -10.494800
-4.917200 6.695380 -10.480200
-4.927300 6.699220 -10.466200
-4.937300 6.705920 -10.453400
-4.947100 6.715270 -10.442100
-4.956200 6.726990 -10.432600
-4.964400 6.740720 -10.425300
-4.971600 6.756050 -10.420400
-4.977400 6.772500 -10.418000
-4.981600 6.789590 -10.418200
-4.984200 6.806780 -10.420900
-4.985100 6.823570 -10.426200
-4.984200 6.839430 -10.433800
-4.981600 6.853880 -10.443500
-4.977400 6.866500 -10.455000
-4.971600 6.876880 -10.468000
-4.964400 6.884720 -10.482100
-4.956200 6.889790 -10.496800
-4.947100 6.891920 -10.511700
-4.937300 6.891050 -10.526300

