/group/RPA_0081/12
12
replaced_with_circle 1 xhat {0.000000 0.999752 -0.022274} nrm {0.816756 -0.012852 -0.576841} num_subsample_pts 23 creation_method hand_drawn modified_as_spline 1 pathId 118 pos {2.011477 9.226643 -8.091964} creation_type levelset posId 12 num_hand_picked_pts 9
2.006970 9.361210 -8.101400
2.032360 9.354840 -8.065310
2.055140 9.335130 -8.032630
2.073230 9.304300 -8.006320
2.085040 9.265210 -7.988720
2.089160 9.221370 -7.981920
2.085040 9.177280 -7.986780
2.073220 9.137440 -8.002620
2.055110 9.105510 -8.027550
2.032360 9.084380 -8.059290
2.006980 9.076420 -8.095050
1.981610 9.082780 -8.131110
1.958830 9.102490 -8.163810
1.940740 9.133270 -8.190110
1.928930 9.172360 -8.207690
1.924810 9.216180 -8.214510
1.928920 9.260290 -8.209660
1.940720 9.300120 -8.193840
1.958860 9.332080 -8.168880
1.981610 9.353250 -8.137140

/group/RPA_0081/22
22
num_smooth_modes 12 xhat {0.000000 0.999828 -0.018542} nrm {0.831262 -0.010307 -0.555785} num_subsample_pts 32 creation_method hand_drawn modified_as_spline 1 pathId 118 pos {2.251660 9.223241 -8.257337} creation_type levelset posId 22 num_hand_picked_pts 11
2.295450 9.177850 -8.191030
2.296670 9.130310 -8.188330
2.291590 9.083620 -8.195070
2.278480 9.041960 -8.213920
2.258270 9.011130 -8.243580
2.233690 8.993080 -8.280000
2.207280 8.991770 -8.319480
2.182240 9.005490 -8.357190
2.161780 9.035050 -8.388360
2.147670 9.074760 -8.410200
2.139380 9.119710 -8.423430
2.139960 9.167180 -8.423430
2.148790 9.212080 -8.411050
2.163910 9.251640 -8.389180
2.182990 9.285100 -8.361240
2.205940 9.309290 -8.327360
2.232120 9.313620 -8.288290
2.255810 9.299430 -8.252590
2.275440 9.264730 -8.222570
2.288090 9.223390 -8.202890

/group/RPA_0081/34
34
num_smooth_modes 12 xhat {0.000000 0.999983 -0.005907} nrm {0.870067 -0.002912 -0.492924} num_subsample_pts 21 creation_method hand_drawn pathId 118 pos {2.573403 9.220424 -8.459227} creation_type levelset posId 34 num_hand_picked_pts 11
2.600790 9.218330 -8.410880
2.598340 9.184560 -8.414990
2.590510 9.154340 -8.428640
2.578190 9.131000 -8.450240
2.562990 9.116100 -8.476990
2.546380 9.110070 -8.506280
2.529600 9.113170 -8.535910
2.513880 9.125370 -8.563720
2.500440 9.145840 -8.587580
2.490350 9.173100 -8.605550
2.484660 9.205160 -8.615790
2.484340 9.239230 -8.616550
2.489810 9.271480 -8.607080
2.500340 9.298160 -8.588640
2.514390 9.317160 -8.563950
2.530440 9.327850 -8.535690
2.547290 9.329910 -8.505970
2.563760 9.322850 -8.476860
2.578540 9.306640 -8.450670
2.590280 9.282290 -8.429800
2.597930 9.251940 -8.416120

/group/RPA_0081/53
53
num_smooth_modes 12 xhat {0.000000 0.998451 0.055641} nrm {0.936985 0.019439 -0.348828} num_subsample_pts 22 creation_method hand_drawn pathId 118 pos {3.023580 9.224864 -8.660912} creation_type levelset posId 53 num_hand_picked_pts 10
3.071880 9.282070 -8.527990
3.069700 9.248960 -8.535690
3.064180 9.219700 -8.552140
3.055660 9.197300 -8.576270
3.045010 9.183800 -8.605640
3.033280 9.179770 -8.637380
3.021390 9.184380 -8.669050
3.010000 9.196280 -8.698980
2.999650 9.214770 -8.725750
2.991160 9.239870 -8.747170
2.985610 9.270700 -8.760340
2.983790 9.304500 -8.763370
2.985860 9.337600 -8.755940
2.991690 9.366260 -8.738690
3.000700 9.386990 -8.713350
3.011680 9.398420 -8.683190
3.023480 9.401900 -8.651310
3.035430 9.399240 -8.619360
3.047110 9.390390 -8.588490
3.057730 9.373540 -8.560900
3.065940 9.347880 -8.540290
3.070680 9.316080 -8.529330

/group/RPA_0081/68
68
num_smooth_modes 12 xhat {0.000000 0.998319 0.057964} nrm {0.927810 0.021624 -0.372426} num_subsample_pts 15 creation_method hand_drawn pathId 118 pos {3.567005 9.237428 -8.868126} creation_type levelset posId 68 num_hand_picked_pts 11
3.608530 9.264250 -8.763120
3.608400 9.225240 -8.765720
3.599690 9.195190 -8.789160
3.589620 9.168240 -8.815800
3.575280 9.165040 -8.851710
3.560660 9.165520 -8.888100
3.550080 9.192970 -8.912880
3.541430 9.225880 -8.932500
3.540220 9.264780 -8.933270
3.544520 9.301710 -8.920400
3.552650 9.333070 -8.898330
3.566340 9.343920 -8.863610
3.580970 9.344590 -8.827120
3.595250 9.334320 -8.792150
3.603840 9.302020 -8.772610

/group/RPA_0081/81
81
num_smooth_modes 12 xhat {0.000000 0.998576 0.053347} nrm {0.920520 0.020843 -0.390140} num_subsample_pts 16 creation_method hand_drawn pathId 118 pos {4.251824 9.253114 -9.152282} creation_type levelset posId 81 num_hand_picked_pts 10
4.274040 9.253330 -9.099850
4.275480 9.216700 -9.098410
4.273080 9.180830 -9.105990
4.266020 9.149700 -9.124310
4.255070 9.127450 -9.151340
4.241020 9.122410 -9.184770
4.226760 9.126050 -9.218210
4.215190 9.148750 -9.244290
4.207580 9.180600 -9.260560
4.206280 9.217290 -9.261650
4.208800 9.253230 -9.253790
4.215900 9.284300 -9.235370
4.226040 9.308780 -9.210150
4.240080 9.313390 -9.176770
4.254230 9.306830 -9.143730
4.266020 9.284710 -9.117100

/group/RPA_0081/90
90
num_smooth_modes 12 xhat {0.000000 0.998641 0.052110} nrm {0.918387 0.020619 -0.395146} num_subsample_pts 12 creation_method hand_drawn pathId 118 pos {4.659346 9.262301 -9.326339} creation_type levelset posId 90 num_hand_picked_pts 8
4.661540 9.236020 -9.322620
4.656770 9.209520 -9.335070
4.648060 9.190780 -9.356300
4.636670 9.186080 -9.383020
4.626170 9.199870 -9.406700
4.620350 9.226170 -9.418850
4.619230 9.255800 -9.419910
4.623260 9.283050 -9.409120
4.632390 9.300360 -9.387000
4.643910 9.303800 -9.360040
4.654630 9.290930 -9.335810
4.661060 9.265590 -9.322180

