/group/RPA_005/4
4
num_subsample_pts 17 replaced_with_circle 1 creation_method hand_drawn creation_type threshold paste_pos {-73.888926 80.539591 -69.696317} shifted_origin {93.092 6.5 -7.25} paste_nrm {0.093236 -0.286282 -0.953598} paste_xhat {0.000000 0.957770 -0.287534} paste_posId 4 bulk_scale_factor 0.1 paste_pathId 105 num_hand_picked_pts 9
1.970480 8.822250 -7.725240
1.987980 8.821240 -7.723230
2.004950 8.817330 -7.720390
2.020880 8.810610 -7.716820
2.035270 8.801300 -7.712620
2.047700 8.789690 -7.707910
2.057780 8.776110 -7.702850
2.065200 8.760990 -7.697590
2.069750 8.744790 -7.692280
2.071280 8.727990 -7.687080
2.069750 8.711110 -7.682170
2.065200 8.694660 -7.677670
2.057780 8.679140 -7.673740
2.047700 8.665020 -7.670490
2.035270 8.652740 -7.668010
2.020880 8.642650 -7.666390
2.004950 8.635080 -7.665680
1.987980 8.630250 -7.665890
1.970480 8.628300 -7.667010
1.952970 8.629310 -7.669030
1.936000 8.633220 -7.671860
1.920070 8.639940 -7.675430
1.905680 8.649250 -7.679640
1.893260 8.660860 -7.684340
1.883180 8.674440 -7.689400
1.875750 8.689560 -7.694660
1.871200 8.705760 -7.699970
1.869670 8.722560 -7.705170
1.871200 8.739440 -7.710090
1.875750 8.755890 -7.714580
1.883180 8.771410 -7.718510
1.893260 8.785530 -7.721760
1.905680 8.797810 -7.724240
1.920070 8.807900 -7.725860
1.936000 8.815470 -7.726570
1.952970 8.820300 -7.726370

/group/RPA_005/12
12
num_subsample_pts 17 replaced_with_circle 1 creation_method hand_drawn creation_type threshold paste_pos {-73.739381 80.056005 -71.006089} shifted_origin {93.092 6.5 -7.25} paste_nrm {0.121020 -0.408593 -0.904658} paste_xhat {0.000000 0.911356 -0.411618} paste_posId 12 bulk_scale_factor 0.1 paste_pathId 105 num_hand_picked_pts 9
1.985280 8.769380 -7.870310
2.002730 8.768850 -7.867730
2.019650 8.765540 -7.863970
2.035530 8.759540 -7.859140
2.049880 8.751040 -7.853380
2.062270 8.740280 -7.846870
2.072320 8.727610 -7.839800
2.079720 8.713410 -7.832390
2.084260 8.698100 -7.824870
2.085780 8.682150 -7.817470
2.084260 8.666050 -7.810400
2.079720 8.650290 -7.803880
2.072320 8.635340 -7.798120
2.062270 8.621660 -7.793290
2.049880 8.609670 -7.789530
2.035530 8.599720 -7.786960
2.019650 8.592130 -7.785650
2.002730 8.587110 -7.785650
1.985280 8.584840 -7.786960
1.967830 8.585360 -7.789530
1.950910 8.588680 -7.793290
1.935030 8.594680 -7.798120
1.920680 8.603180 -7.803880
1.908290 8.613930 -7.810400
1.898240 8.626600 -7.817470
1.890840 8.640810 -7.824870
1.886300 8.656120 -7.832390
1.884780 8.672070 -7.839800
1.886300 8.688160 -7.846870
1.890840 8.703930 -7.853380
1.898240 8.718880 -7.859140
1.908290 8.732560 -7.863970
1.920680 8.744550 -7.867730
1.935030 8.754500 -7.870310
1.950910 8.762090 -7.871610
1.967830 8.767100 -7.871610

/group/RPA_005/19
19
num_subsample_pts 17 pathId 105 replaced_with_circle 1 creation_method hand_drawn creation_type threshold shifted_origin {93.092 6.5 -7.25} pos {-73.524654 79.295427 -72.252688} bulk_scale_factor 0.1 nrm {0.180303 -0.647730 -0.740227} xhat {0.000000 0.752561 -0.658523} num_hand_picked_pts 9 posId 19
2.006300 8.677410 -8.023830
2.023590 8.678340 -8.020430
2.040360 8.676920 -8.015110
2.056090 8.673210 -8.008030
2.070310 8.667310 -7.999400
2.082590 8.659400 -7.989490
2.092540 8.649720 -7.978600
2.099880 8.638570 -7.967050
2.104370 8.626280 -7.955210
2.105890 8.613230 -7.943420
2.104370 8.599820 -7.932050
2.099880 8.586450 -7.921450
2.092540 8.573530 -7.911920
2.082590 8.561450 -7.903780
2.070310 8.550570 -7.897250
2.056090 8.541240 -7.892550
2.040360 8.533720 -7.889810
2.023590 8.528260 -7.889110
2.006300 8.525020 -7.890490
1.989000 8.524090 -7.893880
1.972240 8.525500 -7.899210
1.956500 8.529220 -7.906290
1.942280 8.535120 -7.914910
1.930010 8.543030 -7.924830
1.920050 8.552710 -7.935720
1.912720 8.563860 -7.947260
1.908220 8.576140 -7.959110
1.906710 8.589190 -7.970900
1.908220 8.602610 -7.982270
1.912720 8.615980 -7.992870
1.920050 8.628900 -8.002390
1.930010 8.640980 -8.010540
1.942280 8.651850 -8.017060
1.956500 8.661190 -8.021770
1.972240 8.668700 -8.024510
1.989010 8.674160 -8.025210

/group/RPA_005/30
30
num_subsample_pts 22 pathId 105 replaced_with_circle 1 creation_method hand_drawn creation_type threshold shifted_origin {93.092 6.5 -7.25} pos {-72.930344 77.692746 -73.344863} bulk_scale_factor 0.1 nrm {0.436098 -0.841437 -0.319066} xhat {0.000000 0.354557 -0.935034} num_hand_picked_pts 9 posId 30
2.041170 8.482360 -8.191670
2.062500 8.491290 -8.186070
2.083170 8.498470 -8.176760
2.102570 8.503700 -8.164030
2.120110 8.506810 -8.148260
2.135240 8.507700 -8.129930
2.147520 8.506360 -8.109600
2.156570 8.502810 -8.087890
2.162110 8.497180 -8.065460
2.163970 8.489620 -8.042980
2.162110 8.480370 -8.021140
2.156570 8.469720 -8.000610
2.147520 8.457970 -7.982010
2.135240 8.445500 -7.965900
2.120110 8.432680 -7.952770
2.102570 8.419900 -7.943030
2.083170 8.407540 -7.936960
2.062500 8.395990 -7.934760
2.041170 8.385590 -7.936490
2.019850 8.376670 -7.942090
1.999170 8.369480 -7.951400
1.979770 8.364260 -7.964130
1.962240 8.361150 -7.979900
1.947100 8.360250 -7.998230
1.934830 8.361600 -8.018560
1.925780 8.365140 -8.040270
1.920240 8.370780 -8.062700
1.918380 8.378330 -8.085180
1.920240 8.387580 -8.107010
1.925780 8.398240 -8.127550
1.934830 8.409980 -8.146150
1.947100 8.422450 -8.162260
1.962240 8.435270 -8.175380
1.979770 8.448060 -8.185130
1.999170 8.460410 -8.191190
2.019850 8.471960 -8.193400

/group/RPA_005/47
47
num_subsample_pts 32 pathId 105 replaced_with_circle 1 creation_method hand_drawn creation_type threshold shifted_origin {93.092 6.5 -7.25} pos {-70.669299 74.703445 -73.939458} bulk_scale_factor 0.1 nrm {0.574965 -0.805683 -0.142443} xhat {0.000000 0.174098 -0.984728} num_hand_picked_pts 12 posId 47
2.200790 8.127650 -8.327710
2.229680 8.147110 -8.321130
2.257700 8.164900 -8.308670
2.283980 8.180480 -8.290700
2.307740 8.193380 -8.267770
2.328240 8.203200 -8.240580
2.344880 8.209660 -8.209950
2.357130 8.212550 -8.176820
2.364640 8.211780 -8.142190
2.367170 8.207380 -8.107110
2.364640 8.199490 -8.072640
2.357130 8.188330 -8.039850
2.344880 8.174260 -8.009710
2.328240 8.157690 -7.983150
2.307740 8.139140 -7.960980
2.283980 8.119160 -7.943870
2.257700 8.098360 -7.932330
2.229680 8.077380 -7.926730
2.200790 8.056850 -7.927220
2.171900 8.037390 -7.933800
2.143890 8.019600 -7.946260
2.117600 8.004020 -7.964220
2.093850 7.991120 -7.987150
2.073340 7.981300 -8.014340
2.056710 7.974840 -8.044970
2.044450 7.971950 -8.078100
2.036940 7.972720 -8.112740
2.034420 7.977120 -8.147820
2.036940 7.985010 -8.182280
2.044450 7.996170 -8.215080
2.056710 8.010240 -8.245210
2.073340 8.026810 -8.271770
2.093850 8.045360 -8.293940
2.117600 8.065340 -8.311060
2.143890 8.086140 -8.322590
2.171900 8.107120 -8.328200

/group/RPA_005/59
59
num_subsample_pts 33 pathId 105 replaced_with_circle 1 creation_method hand_drawn creation_type threshold shifted_origin {93.092 6.5 -7.25} pos {-68.520366 70.864706 -74.820445} bulk_scale_factor 0.1 nrm {0.416947 -0.881022 -0.223507} xhat {0.000000 0.245901 -0.969295} num_hand_picked_pts 13 posId 59
2.460390 7.794190 -8.428530
2.493040 7.807930 -8.421800
2.524690 7.819710 -8.409180
2.554390 7.829170 -8.391070
2.581240 7.836020 -8.367990
2.604410 7.840060 -8.340670
2.623210 7.841150 -8.309920
2.637060 7.839270 -8.276690
2.645540 7.834480 -8.241970
2.648390 7.826920 -8.206840
2.645540 7.816820 -8.172350
2.637060 7.804480 -8.139550
2.623210 7.790290 -8.109440
2.604410 7.774670 -8.082930
2.581240 7.758100 -8.060830
2.554390 7.741080 -8.043820
2.524690 7.724120 -8.032400
2.493040 7.707750 -8.026920
2.460400 7.692470 -8.027560
2.427750 7.678720 -8.034290
2.396090 7.666940 -8.046900
2.366400 7.657490 -8.065020
2.339550 7.650630 -8.088100
2.316380 7.646600 -8.115420
2.297580 7.645500 -8.146170
2.283730 7.647380 -8.179400
2.275250 7.652170 -8.214120
2.272400 7.659740 -8.249250
2.275250 7.669840 -8.283740
2.283730 7.682170 -8.316540
2.297580 7.696370 -8.346650
2.316380 7.711990 -8.373160
2.339550 7.728560 -8.395260
2.366400 7.745580 -8.412270
2.396100 7.762530 -8.423690
2.427750 7.778900 -8.429170

/group/RPA_005/69
69
num_subsample_pts 30 pathId 105 replaced_with_circle 1 creation_method hand_drawn creation_type threshold shifted_origin {93.092 6.5 -7.25} pos {-67.144391 67.718408 -75.598603} bulk_scale_factor 0.1 nrm {0.364426 -0.908554 -0.204262} xhat {0.000000 0.219346 -0.975647} num_hand_picked_pts 10 posId 69
2.598570 7.472290 -8.502450
2.629010 7.483280 -8.497050
2.658520 7.492690 -8.486230
2.686210 7.500220 -8.470320
2.711230 7.505640 -8.449820
2.732840 7.508800 -8.425330
2.750360 7.509600 -8.397600
2.763270 7.508010 -8.367490
2.771180 7.504080 -8.335890
2.773840 7.497920 -8.303770
2.771180 7.489740 -8.272120
2.763270 7.479770 -8.241880
2.750360 7.468320 -8.213970
2.732840 7.455730 -8.189260
2.711230 7.442390 -8.168480
2.686210 7.428710 -8.152270
2.658520 7.415100 -8.141120
2.629010 7.401970 -8.135370
2.598570 7.389720 -8.135190
2.568140 7.378730 -8.140590
2.538630 7.369320 -8.151410
2.510940 7.361790 -8.167310
2.485910 7.356360 -8.187820
2.464310 7.353200 -8.212310
2.446780 7.352410 -8.240030
2.433870 7.354000 -8.270150
2.425960 7.357930 -8.301750
2.423300 7.364080 -8.333860
2.425960 7.372270 -8.365520
2.433870 7.382240 -8.395760
2.446780 7.393690 -8.423660
2.464310 7.406280 -8.448380
2.485910 7.419610 -8.469160
2.510940 7.433300 -8.485370
2.538630 7.446910 -8.496520
2.568140 7.460040 -8.502270

/group/RPA_005/82
82
num_subsample_pts 26 pathId 105 replaced_with_circle 1 creation_method hand_drawn creation_type threshold shifted_origin {93.092 6.5 -7.25} pos {-66.243542 65.535831 -76.049127} bulk_scale_factor 0.1 nrm {0.453654 -0.869463 -0.195529} xhat {0.000000 0.219405 -0.975634} num_hand_picked_pts 10 posId 82
2.709040 7.259210 -8.521130
2.734390 7.271250 -8.515870
2.758960 7.281840 -8.505920
2.782020 7.290640 -8.491570
2.802860 7.297400 -8.473270
2.820850 7.301900 -8.451560
2.835450 7.304020 -8.427120
2.846200 7.303680 -8.400670
2.852780 7.300900 -8.373030
2.855000 7.295770 -8.345040
2.852780 7.288420 -8.317540
2.846200 7.279100 -8.291370
2.835450 7.268090 -8.267330
2.820850 7.255710 -8.246140
2.802860 7.242340 -8.228460
2.782020 7.228400 -8.214810
2.758960 7.214300 -8.205610
2.734390 7.200470 -8.201150
2.709040 7.187340 -8.201550
2.683700 7.175300 -8.206810
2.659120 7.164710 -8.216760
2.636060 7.155910 -8.231110
2.615220 7.149150 -8.249410
2.597230 7.144650 -8.271120
2.582640 7.142530 -8.295560
2.571890 7.142870 -8.322010
2.565300 7.145650 -8.349650
2.563080 7.150790 -8.377640
2.565300 7.158130 -8.405140
2.571890 7.167450 -8.431310
2.582640 7.178470 -8.455350
2.597230 7.190840 -8.476540
2.615220 7.204210 -8.494230
2.636060 7.218150 -8.507880
2.659120 7.232250 -8.517070
2.683700 7.246080 -8.521540

/group/RPA_005/101
101
num_subsample_pts 22 pathId 105 replaced_with_circle 1 creation_method hand_drawn creation_type threshold shifted_origin {93.092 6.5 -7.25} pos {-65.008718 63.037202 -76.839123} bulk_scale_factor 0.1 nrm {0.177614 -0.933126 -0.312617} xhat {0.000000 0.317668 -0.948202} num_hand_picked_pts 10 posId 101
2.851270 7.017700 -8.575490
2.874610 7.021040 -8.572190
2.897240 7.022950 -8.565050
2.918480 7.023390 -8.554290
2.937670 7.022340 -8.540240
2.954240 7.019820 -8.523330
2.967670 7.015930 -8.504070
2.977580 7.010770 -8.483040
2.983640 7.004500 -8.460890
2.985680 6.997320 -8.438280
2.983640 6.989430 -8.415910
2.977580 6.981090 -8.394450
2.967670 6.972540 -8.374560
2.954240 6.964050 -8.356840
2.937670 6.955860 -8.341820
2.918480 6.948240 -8.329980
2.897240 6.941410 -8.321650
2.874610 6.935580 -8.317110
2.851270 6.930930 -8.316480
2.827930 6.927590 -8.319780
2.805300 6.925680 -8.326920
2.784070 6.925240 -8.337680
2.764870 6.926290 -8.351730
2.748310 6.928800 -8.368640
2.734870 6.932700 -8.387910
2.724970 6.937860 -8.408930
2.718900 6.944130 -8.431090
2.716860 6.951310 -8.453690
2.718900 6.959200 -8.476060
2.724970 6.967540 -8.497520
2.734870 6.976090 -8.517410
2.748310 6.984580 -8.535130
2.764870 6.992770 -8.550150
2.784070 7.000390 -8.562000
2.805300 7.007220 -8.570320
2.827930 7.013050 -8.574860

/group/RPA_005/110
110
num_subsample_pts 17 pathId 105 replaced_with_circle 1 creation_method hand_drawn creation_type threshold shifted_origin {93.092 6.5 -7.25} pos {-64.846153 61.240202 -77.459249} bulk_scale_factor 0.1 nrm {0.049765 -0.936714 -0.346542} xhat {0.000000 0.346971 -0.937876} num_hand_picked_pts 9 posId 110
2.821850 6.810950 -8.571130
2.839380 6.811230 -8.569390
2.856380 6.810440 -8.564820
2.872330 6.808610 -8.557560
2.886740 6.805770 -8.547830
2.899190 6.802030 -8.535930
2.909280 6.797500 -8.522220
2.916720 6.792300 -8.507110
2.921270 6.786610 -8.491070
2.922810 6.780590 -8.474580
2.921270 6.774430 -8.458150
2.916720 6.768310 -8.442260
2.909280 6.762420 -8.427420
2.899190 6.756940 -8.414050
2.886740 6.752040 -8.402580
2.872330 6.747860 -8.393350
2.856380 6.744530 -8.386650
2.839380 6.742150 -8.382660
2.821850 6.740800 -8.381530
2.804320 6.740520 -8.383270
2.787320 6.741300 -8.387840
2.771370 6.743140 -8.395100
2.756960 6.745970 -8.404830
2.744510 6.749720 -8.416730
2.734420 6.754250 -8.430440
2.726980 6.759450 -8.445540
2.722430 6.765140 -8.461590
2.720890 6.771160 -8.478070
2.722430 6.777320 -8.494510
2.726980 6.783440 -8.510390
2.734420 6.789320 -8.525240
2.744510 6.794800 -8.538600
2.756960 6.799710 -8.550070
2.771370 6.803890 -8.559300
2.787320 6.807220 -8.566010
2.804320 6.809590 -8.569990

/group/RPA_005/119
119
num_subsample_pts 17 pathId 105 replaced_with_circle 1 creation_method hand_drawn creation_type threshold shifted_origin {93.092 6.5 -7.25} pos {-64.643742 59.445452 -78.231334} bulk_scale_factor 0.1 nrm {0.197699 -0.868410 -0.454730} xhat {0.000000 0.463886 -0.885895} num_hand_picked_pts 9 posId 119
2.834080 6.641150 -8.641820
2.851460 6.643540 -8.638820
2.868300 6.644410 -8.633160
2.884110 6.643750 -8.625020
2.898400 6.641570 -8.614640
2.910730 6.637930 -8.602340
2.920740 6.632960 -8.588490
2.928110 6.626800 -8.573520
2.932620 6.619630 -8.557870
2.934140 6.611680 -8.542020
2.932620 6.603190 -8.526460
2.928110 6.594410 -8.511660
2.920740 6.585610 -8.498060
2.910730 6.577060 -8.486090
2.898400 6.569020 -8.476090
2.884110 6.561730 -8.468390
2.868300 6.555420 -8.463210
2.851460 6.550270 -8.460700
2.834080 6.546450 -8.460960
2.816700 6.544060 -8.463950
2.799860 6.543190 -8.469610
2.784050 6.543850 -8.477750
2.769760 6.546040 -8.488130
2.757430 6.549670 -8.500430
2.747420 6.554640 -8.514280
2.740050 6.560810 -8.529250
2.735540 6.567970 -8.544900
2.734020 6.575920 -8.560750
2.735540 6.584420 -8.576310
2.740050 6.593200 -8.591110
2.747420 6.602000 -8.604710
2.757430 6.610540 -8.616680
2.769760 6.618580 -8.626680
2.784050 6.625870 -8.634380
2.799860 6.632180 -8.639560
2.816700 6.637330 -8.642070

/group/RPA_005/130
130
num_subsample_pts 16 pathId 105 replaced_with_circle 1 creation_method hand_drawn creation_type threshold shifted_origin {93.092 6.5 -7.25} pos {-63.986335 57.601061 -79.500277} bulk_scale_factor 0.1 nrm {0.317739 -0.714775 -0.623008} xhat {0.000000 0.657058 -0.753840} num_hand_picked_pts 10 posId 130
2.891030 6.489850 -8.776480
2.907600 6.493030 -8.771680
2.923660 6.494100 -8.764720
2.938740 6.493040 -8.755810
2.952360 6.489870 -8.745230
2.964120 6.484690 -8.733290
2.973660 6.477660 -8.720360
2.980690 6.468990 -8.706820
2.984990 6.458950 -8.693100
2.986440 6.447830 -8.679610
2.984990 6.435980 -8.666760
2.980690 6.423760 -8.654930
2.973660 6.411540 -8.644500
2.964120 6.399690 -8.635770
2.952360 6.388570 -8.629010
2.938740 6.378520 -8.624420
2.923660 6.369840 -8.622150
2.907600 6.362800 -8.622270
2.891030 6.357610 -8.624760
2.874460 6.354430 -8.629560
2.858400 6.353350 -8.636520
2.843320 6.354420 -8.645430
2.829700 6.357590 -8.656010
2.817940 6.362760 -8.667950
2.808400 6.369800 -8.680890
2.801370 6.378470 -8.694420
2.797070 6.388510 -8.708140
2.795620 6.399630 -8.721630
2.797070 6.411470 -8.734480
2.801370 6.423690 -8.746310
2.808400 6.435910 -8.756740
2.817940 6.447760 -8.765470
2.829700 6.458880 -8.772230
2.843320 6.468940 -8.776820
2.858400 6.477620 -8.779090
2.874460 6.484660 -8.778970

