/group/RPA_0082/10
10
replaced_with_circle 1 xhat {0.000000 0.186051 0.982540} nrm {0.549852 0.820679 -0.155401} num_subsample_pts 10 creation_method hand_drawn scale_factor 1.21 pathId 119 pos {2.779244 9.208785 -8.550239} creation_type levelset posId 10 num_hand_picked_pts 9
2.738580 9.249050 -8.481470
2.748990 9.242110 -8.481270
2.759080 9.234980 -8.483210
2.768550 9.227870 -8.487250
2.777110 9.221000 -8.493250
2.784500 9.214580 -8.501040
2.790490 9.208800 -8.510370
2.794910 9.203830 -8.520970
2.797610 9.199830 -8.532510
2.798530 9.196930 -8.544640
2.797610 9.195200 -8.557000
2.794910 9.194700 -8.569200
2.790490 9.195440 -8.580880
2.784500 9.197410 -8.591680
2.777110 9.200550 -8.601280
2.768550 9.204750 -8.609380
2.759080 9.209890 -8.615730
2.748990 9.215820 -8.620150
2.738580 9.222350 -8.622500
2.728170 9.229280 -8.622700
2.718080 9.236410 -8.620760
2.708610 9.243520 -8.616720
2.700050 9.250390 -8.610720
2.692660 9.256820 -8.602930
2.686670 9.262600 -8.593600
2.682260 9.267560 -8.583000
2.679550 9.271560 -8.571460
2.678640 9.274470 -8.559330
2.679550 9.276200 -8.546970
2.682260 9.276700 -8.534770
2.686670 9.275950 -8.523090
2.692660 9.273980 -8.512280
2.700050 9.270850 -8.502690
2.708610 9.266650 -8.494590
2.718080 9.261500 -8.488240
2.728170 9.255580 -8.483820

/group/RPA_0082/35
35
num_smooth_modes 12 xhat {0.000000 0.181222 0.983442} nrm {0.548010 0.822622 -0.151587} num_subsample_pts 14 creation_method hand_drawn pathId 119 pos {3.010644 9.555002 -8.615047} creation_type levelset posId 35 num_hand_picked_pts 9
3.073870 9.506490 -8.649710
3.055710 9.513150 -8.679210
3.028990 9.527460 -8.698160
2.999270 9.545760 -8.706340
2.969400 9.565610 -8.706590
2.942930 9.585580 -8.693940
2.932630 9.598230 -8.662510
2.933980 9.603820 -8.627250
2.945970 9.602020 -8.593720
2.969560 9.590700 -8.569820
2.999420 9.571530 -8.565940
3.028720 9.551300 -8.569750
3.052250 9.532160 -8.588570
3.068500 9.516250 -8.616190

/group/RPA_0082/66
66
num_smooth_modes 12 xhat {0.000000 0.052338 0.998629} nrm {0.492771 0.868967 -0.045542} num_subsample_pts 11 creation_method hand_drawn pathId 119 pos {3.198421 9.841441 -8.663782} creation_type levelset posId 66 num_hand_picked_pts 9
3.244660 9.814650 -8.674640
3.246800 9.811750 -8.706840
3.234160 9.817370 -8.736320
3.209950 9.830180 -8.753850
3.181620 9.846290 -8.752990
3.156760 9.861180 -8.737890
3.142230 9.870860 -8.710550
3.146890 9.869880 -8.678680
3.168570 9.858710 -8.657250
3.196470 9.843290 -8.649560
3.224660 9.827140 -8.652610

