/group/RPA_015/6
6
num_subsample_pts 16 replaced_with_circle 1 creation_method hand_drawn shifted_origin {93.092 6.5 -7.25} creation_type threshold paste_pos {-76.713024 62.498289 -105.330758} paste_nrm {-0.776338 -0.026906 -0.629743} paste_xhat {0.000000 0.999089 -0.042686} bulk_scale_factor 0.1 paste_posId 6 translation_in_x 0.0 translation_in_y -0.5 paste_pathId 115 scale_factor 1.1 num_hand_picked_pts 10
1.603860 7.012940 -11.221000
1.615610 7.010690 -11.235300
1.626990 7.005260 -11.249100
1.637680 6.996800 -11.261900
1.647330 6.985570 -11.273400
1.655670 6.971920 -11.283100
1.662430 6.956260 -11.290700
1.667410 6.939060 -11.296100
1.670460 6.920850 -11.299100
1.671490 6.902180 -11.299600
1.670460 6.883620 -11.297500
1.667410 6.865740 -11.293000
1.662430 6.849060 -11.286200
1.655670 6.834110 -11.277200
1.647330 6.821340 -11.266400
1.637680 6.811130 -11.254000
1.626990 6.803790 -11.240500
1.615610 6.799550 -11.226300
1.603860 6.798540 -11.211800
1.592120 6.800790 -11.197400
1.580730 6.806220 -11.183600
1.570050 6.814680 -11.170800
1.560390 6.825910 -11.159400
1.552060 6.839560 -11.149700
1.545290 6.855220 -11.142000
1.540310 6.872420 -11.136600
1.537260 6.890630 -11.133600
1.536230 6.909300 -11.133200
1.537260 6.927860 -11.135200
1.540310 6.945740 -11.139700
1.545290 6.962420 -11.146600
1.552060 6.977370 -11.155600
1.560390 6.990140 -11.166400
1.570050 7.000350 -11.178700
1.580730 7.007690 -11.192200
1.592120 7.011930 -11.206400

/group/RPA_015/12
12
num_subsample_pts 16 pathId 115 replaced_with_circle 1 creation_method hand_drawn creation_type threshold shifted_origin {93.092 6.5 -7.25} pos {-77.710559 62.458650 -106.166563} bulk_scale_factor 0.1 nrm {-0.754807 -0.034298 -0.655049} xhat {0.000000 0.998632 -0.052287} num_hand_picked_pts 10 posId 12
1.535520 6.997550 -11.344000
1.546630 6.995400 -11.356600
1.557410 6.990360 -11.368800
1.567510 6.982570 -11.380000
1.576650 6.972290 -11.390000
1.584530 6.959810 -11.398500
1.590930 6.945510 -11.405100
1.595650 6.929840 -11.409700
1.598530 6.913270 -11.412200
1.599500 6.896290 -11.412400
1.598530 6.879440 -11.410400
1.595650 6.863210 -11.406200
1.590930 6.848100 -11.400000
1.584530 6.834580 -11.391900
1.576650 6.823050 -11.382200
1.567510 6.813860 -11.371200
1.557410 6.807290 -11.359200
1.546630 6.803550 -11.346600
1.535520 6.802740 -11.333800
1.524410 6.804880 -11.321100
1.513640 6.809930 -11.308900
1.503530 6.817710 -11.297700
1.494400 6.828000 -11.287700
1.486510 6.840480 -11.279300
1.480110 6.854770 -11.272600
1.475400 6.870440 -11.268000
1.472510 6.887020 -11.265600
1.471540 6.903990 -11.265300
1.472510 6.920850 -11.267300
1.475400 6.937070 -11.271500
1.480110 6.952180 -11.277700
1.486510 6.965700 -11.285800
1.494400 6.977230 -11.295500
1.503530 6.986420 -11.306500
1.513640 6.992990 -11.318500
1.524410 6.996740 -11.331100

/group/RPA_015/18
18
num_subsample_pts 16 pathId 115 replaced_with_circle 1 creation_method hand_drawn creation_type threshold shifted_origin {93.092 6.5 -7.25} pos {-78.874211 62.394784 -107.234188} bulk_scale_factor 0.1 nrm {-0.710786 -0.048449 -0.701738} xhat {0.000000 0.997625 -0.068878} num_hand_picked_pts 10 posId 18
1.415660 7.000070 -11.449900
1.427310 6.997810 -11.461500
1.438600 6.992730 -11.472600
1.449200 6.984990 -11.482800
1.458780 6.974810 -11.491800
1.467050 6.962510 -11.499300
1.473750 6.948450 -11.505100
1.478700 6.933080 -11.509100
1.481720 6.916850 -11.511000
1.482740 6.900260 -11.510900
1.481720 6.883810 -11.508700
1.478700 6.868000 -11.504600
1.473750 6.853310 -11.498600
1.467050 6.840190 -11.490900
1.458780 6.829040 -11.481700
1.449200 6.820190 -11.471400
1.438600 6.813920 -11.460200
1.427310 6.810420 -11.448600
1.415660 6.809780 -11.436700
1.404010 6.812040 -11.425100
1.392710 6.817120 -11.414000
1.382110 6.824860 -11.403800
1.372540 6.835040 -11.394800
1.364270 6.847350 -11.387300
1.357560 6.861400 -11.381400
1.352620 6.876770 -11.377500
1.349590 6.893000 -11.375500
1.348570 6.909590 -11.375700
1.349590 6.926050 -11.377800
1.352620 6.941850 -11.382000
1.357560 6.956540 -11.388000
1.364270 6.969660 -11.395700
1.372540 6.980810 -11.404800
1.382110 6.989660 -11.415200
1.392710 6.995930 -11.426300
1.404010 6.999430 -11.438000

/group/RPA_015/26
26
num_subsample_pts 17 pathId 115 replaced_with_circle 1 creation_method hand_drawn creation_type threshold shifted_origin {93.092 6.5 -7.25} pos {-80.067055 62.273654 -108.605747} bulk_scale_factor 0.1 nrm {-0.582198 -0.091577 -0.807873} xhat {0.000000 0.993637 -0.112634} num_hand_picked_pts 12 posId 26
1.304900 6.952140 -11.595800
1.319220 6.949450 -11.605800
1.333110 6.943780 -11.615200
1.346140 6.935310 -11.623600
1.357920 6.924280 -11.630800
1.368080 6.911030 -11.636700
1.376330 6.895970 -11.640900
1.382400 6.879560 -11.643400
1.386130 6.862290 -11.644100
1.387380 6.844680 -11.643000
1.386130 6.827280 -11.640200
1.382400 6.810610 -11.635600
1.376330 6.795170 -11.629500
1.368080 6.781440 -11.622000
1.357920 6.769840 -11.613300
1.346140 6.760710 -11.603800
1.333110 6.754330 -11.593700
1.319220 6.750910 -11.583300
1.304900 6.750530 -11.572900
1.290570 6.753220 -11.562900
1.276690 6.758890 -11.553500
1.263650 6.767360 -11.545100
1.251880 6.778390 -11.537900
1.241710 6.791640 -11.532100
1.233460 6.806690 -11.527800
1.227390 6.823110 -11.525300
1.223670 6.840380 -11.524600
1.222410 6.857990 -11.525700
1.223670 6.875390 -11.528500
1.227390 6.892060 -11.533100
1.233460 6.907500 -11.539200
1.241710 6.921230 -11.546700
1.251880 6.932830 -11.555400
1.263660 6.941960 -11.564900
1.276690 6.948330 -11.575000
1.290570 6.951760 -11.585400

/group/RPA_015/37
37
num_subsample_pts 17 pathId 115 replaced_with_circle 1 creation_method hand_drawn creation_type threshold shifted_origin {93.092 6.5 -7.25} pos {-81.015509 62.021519 -110.194956} bulk_scale_factor 0.1 nrm {-0.453772 -0.189231 -0.870794} xhat {0.000000 0.977193 -0.212353} num_hand_picked_pts 11 posId 37
1.198930 6.927430 -11.756300
1.214750 6.924200 -11.763900
1.230100 6.918030 -11.770500
1.244500 6.909110 -11.776100
1.257520 6.897700 -11.780400
1.268760 6.884170 -11.783300
1.277870 6.868910 -11.784700
1.284580 6.852390 -11.784600
1.288700 6.835120 -11.783000
1.290080 6.817610 -11.779900
1.288700 6.800400 -11.775500
1.284580 6.784020 -11.769800
1.277870 6.768950 -11.763000
1.268760 6.755660 -11.755400
1.257520 6.744560 -11.747100
1.244500 6.735970 -11.738500
1.230100 6.730160 -11.729700
1.214750 6.727310 -11.721100
1.198930 6.727510 -11.712900
1.183100 6.730740 -11.705300
1.167750 6.736900 -11.698700
1.153350 6.745830 -11.693100
1.140330 6.757230 -11.688800
1.129100 6.770760 -11.685900
1.119980 6.786020 -11.684400
1.113270 6.802540 -11.684500
1.109150 6.819820 -11.686100
1.107770 6.837320 -11.689200
1.109150 6.854530 -11.693700
1.113270 6.870920 -11.699400
1.119980 6.885980 -11.706200
1.129100 6.899270 -11.713800
1.140330 6.910380 -11.722100
1.153350 6.918960 -11.730700
1.167750 6.924770 -11.739500
1.183100 6.927620 -11.748100

/group/RPA_015/51
51
num_subsample_pts 15 pathId 115 replaced_with_circle 1 creation_method hand_drawn creation_type threshold shifted_origin {93.092 6.5 -7.25} pos {-81.971047 61.536728 -111.918148} bulk_scale_factor 0.1 nrm {-0.469704 -0.251258 -0.846314} xhat {0.000000 0.958644 -0.284607} num_hand_picked_pts 10 posId 51
1.088510 6.882830 -11.927200
1.102840 6.879300 -11.934100
1.116740 6.873150 -11.940000
1.129790 6.864570 -11.944700
1.141580 6.853820 -11.948100
1.151750 6.841230 -11.950000
1.160010 6.827180 -11.950400
1.166090 6.812100 -11.949300
1.169810 6.796440 -11.946700
1.171070 6.780680 -11.942700
1.169810 6.765310 -11.937500
1.166090 6.750780 -11.931100
1.160000 6.737530 -11.923800
1.151750 6.725980 -11.915800
1.141580 6.716470 -11.907300
1.129790 6.709300 -11.898600
1.116740 6.704670 -11.890000
1.102840 6.702730 -11.881700
1.088510 6.703540 -11.874000
1.074170 6.707070 -11.867100
1.060270 6.713220 -11.861200
1.047230 6.721800 -11.856500
1.035440 6.732550 -11.853200
1.025270 6.745140 -11.851200
1.017010 6.759190 -11.850800
1.010930 6.774270 -11.851900
1.007200 6.789930 -11.854500
1.005950 6.805690 -11.858500
1.007200 6.821060 -11.863800
1.010930 6.835590 -11.870100
1.017010 6.848840 -11.877500
1.025270 6.860390 -11.885500
1.035440 6.869890 -11.893900
1.047230 6.877070 -11.902600
1.060270 6.881700 -11.911200
1.074170 6.883640 -11.919500

/group/RPA_015/65
65
num_subsample_pts 14 pathId 115 replaced_with_circle 1 creation_method hand_drawn creation_type threshold shifted_origin {93.092 6.5 -7.25} pos {-82.918524 61.106426 -113.951876} bulk_scale_factor 0.1 nrm {-0.355086 -0.120928 -0.926979} xhat {0.000000 0.991598 -0.129358} num_hand_picked_pts 9 posId 65
1.028160 6.829260 -12.133300
1.041870 6.827310 -12.138300
1.055170 6.822880 -12.142800
1.067650 6.816090 -12.146700
1.078920 6.807160 -12.149800
1.088660 6.796360 -12.152200
1.096560 6.784010 -12.153600
1.102370 6.770490 -12.154000
1.105940 6.756210 -12.153500
1.107140 6.741600 -12.152100
1.105940 6.727110 -12.149700
1.102370 6.713180 -12.146600
1.096560 6.700230 -12.142600
1.088660 6.688660 -12.138100
1.078920 6.678810 -12.133100
1.067650 6.670990 -12.127800
1.055170 6.665430 -12.122300
1.041870 6.662310 -12.116800
1.028160 6.661710 -12.111400
1.014440 6.663650 -12.106400
1.001150 6.668090 -12.101900
0.988670 6.674870 -12.098000
0.977390 6.683800 -12.094900
0.967660 6.694610 -12.092500
0.959760 6.706960 -12.091100
0.953940 6.720480 -12.090700
0.950380 6.734760 -12.091200
0.949180 6.749360 -12.092600
0.950380 6.763850 -12.095000
0.953940 6.777780 -12.098100
0.959760 6.790730 -12.102100
0.967660 6.802310 -12.106600
0.977390 6.812150 -12.111600
0.988670 6.819970 -12.116900
1.001150 6.825530 -12.122400
1.014440 6.828660 -12.127900

/group/RPA_015/75
75
num_subsample_pts 14 pathId 115 replaced_with_circle 1 creation_method hand_drawn creation_type threshold shifted_origin {93.092 6.5 -7.25} pos {-83.531679 60.925777 -115.701500} bulk_scale_factor 0.1 nrm {-0.309926 -0.083563 -0.947081} xhat {0.000000 0.996130 -0.087891} num_hand_picked_pts 10 posId 75
0.948270 6.830670 -12.300400
0.962040 6.829010 -12.304700
0.975390 6.824880 -12.308700
0.987920 6.818400 -12.312300
0.999240 6.809770 -12.315200
1.009020 6.799250 -12.317500
1.016940 6.787160 -12.319000
1.022780 6.773870 -12.319800
1.026360 6.759780 -12.319700
1.027570 6.745320 -12.318800
1.026360 6.730930 -12.317100
1.022780 6.717040 -12.314700
1.016940 6.704090 -12.311700
1.009020 6.692450 -12.308100
0.999240 6.682490 -12.304000
0.987920 6.674510 -12.299600
0.975390 6.668750 -12.295000
0.962040 6.665380 -12.290300
0.948280 6.664520 -12.285700
0.934510 6.666170 -12.281400
0.921160 6.670300 -12.277400
0.908630 6.676780 -12.273800
0.897310 6.685410 -12.270900
0.887530 6.695930 -12.268600
0.879610 6.708020 -12.267100
0.873770 6.721310 -12.266400
0.870190 6.735400 -12.266400
0.868980 6.749860 -12.267300
0.870190 6.764250 -12.269000
0.873770 6.778140 -12.271400
0.879610 6.791100 -12.274400
0.887530 6.802730 -12.278000
0.897310 6.812690 -12.282100
0.908630 6.820670 -12.286500
0.921160 6.826430 -12.291100
0.934510 6.829800 -12.295800

