/group/RPA_017/0
0
num_subsample_pts 16 pathId 117 replaced_with_circle 1 creation_method hand_drawn creation_type threshold modified_as_spline 1 shifted_origin {93.092 6.5 -7.25} pos {-75.513702 60.493599 -111.022003} bulk_scale_factor 0.1 nrm {0.901214 -0.172588 -0.397526} xhat {0.000000 0.917280 -0.398243} num_hand_picked_pts 8 posId 0
1.794320 6.829600 -11.801000
1.807600 6.836060 -11.773700
1.819540 6.832800 -11.745200
1.829110 6.820580 -11.718200
1.835310 6.800420 -11.695400
1.837400 6.773990 -11.679200
1.835290 6.744080 -11.671000
1.829120 6.713650 -11.671800
1.819570 6.685630 -11.681300
1.807630 6.662620 -11.698400
1.794330 6.647060 -11.721800
1.781010 6.640600 -11.749200
1.769050 6.643770 -11.777700
1.759540 6.656070 -11.804600
1.753390 6.676270 -11.827300
1.751260 6.702660 -11.843600
1.753360 6.732570 -11.851800
1.759540 6.763020 -11.851000
1.769050 6.791060 -11.841600
1.781020 6.814000 -11.824400

/group/RPA_017/10
10
num_subsample_pts 17 pathId 117 replaced_with_circle 1 creation_method hand_drawn creation_type threshold shifted_origin {93.092 6.5 -7.25} pos {-74.503623 60.282066 -111.486383} bulk_scale_factor 0.1 nrm {0.885822 -0.197610 -0.419844} xhat {0.000000 0.904789 -0.425860} num_hand_picked_pts 9 posId 10
1.865920 6.767510 -11.900700
1.874430 6.772990 -11.885300
1.882690 6.775380 -11.869000
1.890440 6.774640 -11.852300
1.897450 6.770770 -11.835700
1.903490 6.763900 -11.819800
1.908400 6.754220 -11.804900
1.912010 6.742050 -11.791500
1.914220 6.727750 -11.780100
1.914970 6.711740 -11.771000
1.914220 6.694530 -11.764500
1.912010 6.676620 -11.760700
1.908400 6.658580 -11.759800
1.903490 6.640930 -11.761900
1.897450 6.624230 -11.766800
1.890440 6.608970 -11.774400
1.882690 6.595620 -11.784400
1.874430 6.584590 -11.796700
1.865920 6.576220 -11.810700
1.857400 6.570740 -11.826100
1.849140 6.568340 -11.842400
1.841390 6.569090 -11.859100
1.834380 6.572960 -11.875700
1.828340 6.579830 -11.891700
1.823430 6.589500 -11.906600
1.819820 6.601680 -11.919900
1.817610 6.615980 -11.931300
1.816860 6.631990 -11.940400
1.817610 6.649200 -11.947000
1.819820 6.667100 -11.950700
1.823430 6.685150 -11.951600
1.828340 6.702800 -11.949600
1.834380 6.719500 -11.944700
1.841390 6.734760 -11.937100
1.849140 6.748110 -11.927000
1.857400 6.759140 -11.914800

/group/RPA_017/20
20
num_subsample_pts 15 pathId 117 replaced_with_circle 1 creation_method hand_drawn creation_type threshold shifted_origin {93.092 6.5 -7.25} pos {-72.601433 59.790380 -112.458031} bulk_scale_factor 0.1 nrm {0.838136 -0.263944 -0.477349} xhat {0.000000 0.875128 -0.483891} num_hand_picked_pts 11 posId 20
2.040890 6.718430 -12.034600
2.049440 6.723590 -12.022400
2.057730 6.726190 -12.009300
2.065510 6.726150 -11.995600
2.072540 6.723480 -11.981800
2.078610 6.718260 -11.968200
2.083540 6.710640 -11.955400
2.087160 6.700850 -11.943600
2.089380 6.689200 -11.933300
2.090130 6.676040 -11.924700
2.089380 6.661770 -11.918100
2.087160 6.646810 -11.913700
2.083540 6.631640 -11.911700
2.078610 6.616700 -11.912100
2.072540 6.602450 -11.914900
2.065510 6.589320 -11.919900
2.057730 6.577720 -11.927200
2.049440 6.567990 -11.936400
2.040890 6.560430 -11.947200
2.032340 6.555270 -11.959400
2.024050 6.552670 -11.972500
2.016270 6.552710 -11.986200
2.009240 6.555380 -12.000000
2.003170 6.560600 -12.013500
1.998250 6.568220 -12.026400
1.994620 6.578010 -12.038200
1.992400 6.589660 -12.048500
1.991650 6.602820 -12.057100
1.992400 6.617090 -12.063700
1.994620 6.632050 -12.068000
1.998250 6.647220 -12.070100
2.003170 6.662160 -12.069700
2.009240 6.676410 -12.066900
2.016270 6.689540 -12.061800
2.024050 6.701140 -12.054600
2.032340 6.710870 -12.045400

/group/RPA_017/32
32
num_subsample_pts 16 pathId 117 replaced_with_circle 1 creation_method hand_drawn creation_type threshold shifted_origin {93.092 6.5 -7.25} pos {-70.911074 59.106720 -113.601295} bulk_scale_factor 0.1 nrm {0.731505 -0.354009 -0.582733} xhat {0.000000 0.854652 -0.519200} num_hand_picked_pts 8 posId 32
2.211550 6.623990 -12.131800
2.222860 6.629040 -12.120700
2.233820 6.631470 -12.108400
2.244110 6.631190 -12.095300
2.253400 6.628200 -12.081800
2.261430 6.622620 -12.068400
2.267940 6.614590 -12.055300
2.272740 6.604370 -12.043100
2.275670 6.592260 -12.032000
2.276660 6.578640 -12.022500
2.275670 6.563920 -12.014800
2.272740 6.548540 -12.009200
2.267940 6.532980 -12.005700
2.261430 6.517700 -12.004600
2.253400 6.503170 -12.005900
2.244110 6.489830 -12.009400
2.233820 6.478090 -12.015200
2.222860 6.468300 -12.023000
2.211550 6.460770 -12.032600
2.200250 6.455710 -12.043800
2.189290 6.453280 -12.056100
2.179000 6.453570 -12.069100
2.169700 6.456550 -12.082600
2.161680 6.462140 -12.096100
2.155170 6.470160 -12.109100
2.150370 6.480380 -12.121400
2.147440 6.492490 -12.132400
2.146450 6.506110 -12.141900
2.147440 6.520830 -12.149600
2.150370 6.536210 -12.155300
2.155170 6.551770 -12.158700
2.161680 6.567050 -12.159800
2.169700 6.581580 -12.158600
2.179000 6.594920 -12.155000
2.189290 6.606660 -12.149200
2.200250 6.616450 -12.141400

/group/RPA_017/43
43
num_subsample_pts 14 pathId 117 replaced_with_circle 1 creation_method hand_drawn creation_type threshold shifted_origin {93.092 6.5 -7.25} pos {-69.744130 58.580462 -114.568548} bulk_scale_factor 0.1 nrm {0.743205 -0.278405 -0.608389} xhat {0.000000 0.909314 -0.416111} num_hand_picked_pts 9 posId 43
2.332950 6.580660 -12.217300
2.342950 6.584090 -12.206700
2.352640 6.585040 -12.195300
2.361730 6.583480 -12.183500
2.369950 6.579460 -12.171600
2.377040 6.573100 -12.160000
2.382790 6.564590 -12.149100
2.387030 6.554190 -12.139200
2.389630 6.542220 -12.130500
2.390500 6.529050 -12.123400
2.389630 6.515060 -12.118100
2.387030 6.500690 -12.114700
2.382790 6.486380 -12.113300
2.377040 6.472550 -12.114000
2.369950 6.459630 -12.116800
2.361730 6.448010 -12.121500
2.352640 6.438050 -12.128000
2.342950 6.430040 -12.136200
2.332950 6.424240 -12.145700
2.322960 6.420810 -12.156400
2.313270 6.419860 -12.167800
2.304180 6.421410 -12.179600
2.295960 6.425440 -12.191500
2.288870 6.431800 -12.203100
2.283120 6.440310 -12.214000
2.278880 6.450700 -12.223900
2.276280 6.462670 -12.232600
2.275410 6.475850 -12.239700
2.276280 6.489830 -12.245000
2.278880 6.504200 -12.248400
2.283120 6.518520 -12.249800
2.288870 6.532340 -12.249100
2.295960 6.545260 -12.246300
2.304180 6.556880 -12.241600
2.313270 6.566840 -12.235000
2.322960 6.574850 -12.226900

/group/RPA_017/56
56
num_subsample_pts 16 pathId 117 replaced_with_circle 1 creation_method hand_drawn creation_type threshold shifted_origin {93.092 6.5 -7.25} pos {-68.363317 58.084087 -115.666225} bulk_scale_factor 0.1 nrm {0.750666 -0.307048 -0.584998} xhat {0.000000 0.885445 -0.464744} num_hand_picked_pts 8 posId 56
2.470150 6.549010 -12.342700
2.481060 6.553490 -12.331000
2.491640 6.555280 -12.318400
2.501570 6.554310 -12.305100
2.510540 6.550630 -12.291700
2.518290 6.544340 -12.278400
2.524570 6.535630 -12.265800
2.529200 6.524770 -12.254200
2.532040 6.512090 -12.243900
2.532990 6.497960 -12.235200
2.532040 6.482830 -12.228500
2.529200 6.467160 -12.223900
2.524570 6.451410 -12.221600
2.518290 6.436060 -12.221600
2.510540 6.421590 -12.224000
2.501570 6.408430 -12.228600
2.491640 6.396980 -12.235300
2.481060 6.387600 -12.243900
2.470150 6.380550 -12.254300
2.459230 6.376070 -12.265900
2.448650 6.374280 -12.278500
2.438720 6.375240 -12.291800
2.429750 6.378930 -12.305200
2.422000 6.385220 -12.318500
2.415720 6.393930 -12.331100
2.411090 6.404790 -12.342800
2.408260 6.417470 -12.353000
2.407300 6.431590 -12.361700
2.408260 6.446720 -12.368400
2.411090 6.462400 -12.373000
2.415720 6.478150 -12.375300
2.422000 6.493500 -12.375300
2.429750 6.507970 -12.373000
2.438720 6.521130 -12.368400
2.448650 6.532580 -12.361600
2.459230 6.541960 -12.353000

/group/RPA_017/68
68
num_subsample_pts 16 pathId 117 replaced_with_circle 1 creation_method hand_drawn creation_type threshold shifted_origin {93.092 6.5 -7.25} pos {-67.145761 57.406593 -116.635362} bulk_scale_factor 0.1 nrm {0.659084 -0.487942 -0.572294} xhat {0.000000 0.760959 -0.648800} num_hand_picked_pts 9 posId 68
2.558240 6.435850 -12.469000
2.570700 6.441840 -12.459700
2.582790 6.445430 -12.448900
2.594130 6.446530 -12.436700
2.604380 6.445090 -12.423700
2.613230 6.441170 -12.410200
2.620400 6.434880 -12.396600
2.625690 6.426420 -12.383200
2.628930 6.416030 -12.370700
2.630020 6.404040 -12.359200
2.628930 6.390800 -12.349200
2.625690 6.376740 -12.340900
2.620400 6.362250 -12.334600
2.613230 6.347800 -12.330600
2.604380 6.333820 -12.328800
2.594130 6.320730 -12.329500
2.582790 6.308930 -12.332500
2.570700 6.298790 -12.337800
2.558240 6.290600 -12.345100
2.545780 6.284610 -12.354400
2.533690 6.281020 -12.365200
2.522350 6.279920 -12.377400
2.512100 6.281350 -12.390400
2.503250 6.285270 -12.403900
2.496080 6.291560 -12.417500
2.490790 6.300030 -12.430800
2.487550 6.310420 -12.443400
2.486460 6.322410 -12.454900
2.487550 6.335640 -12.464900
2.490790 6.349710 -12.473200
2.496080 6.364190 -12.479500
2.503250 6.378640 -12.483500
2.512100 6.392630 -12.485300
2.522350 6.405720 -12.484600
2.533690 6.417510 -12.481600
2.545780 6.427660 -12.476300

/group/RPA_017/83
83
num_subsample_pts 14 pathId 117 replaced_with_circle 1 creation_method hand_drawn creation_type threshold shifted_origin {93.092 6.5 -7.25} pos {-66.007293 56.188709 -118.029213} bulk_scale_factor 0.1 nrm {0.356084 -0.596423 -0.719364} xhat {0.000000 0.769823 -0.638258} num_hand_picked_pts 9 posId 83
2.662590 6.331360 -12.602400
2.676530 6.333740 -12.597500
2.690040 6.334050 -12.591100
2.702730 6.332260 -12.583300
2.714190 6.328440 -12.574500
2.724080 6.322690 -12.564800
2.732110 6.315200 -12.554600
2.738020 6.306190 -12.544200
2.741640 6.295940 -12.533900
2.742860 6.284750 -12.524100
2.741640 6.272970 -12.514900
2.738020 6.260950 -12.506700
2.732110 6.249070 -12.499800
2.724080 6.237670 -12.494300
2.714190 6.227120 -12.490500
2.702730 6.217720 -12.488400
2.690040 6.209760 -12.488000
2.676530 6.203490 -12.489500
2.662590 6.199100 -12.492800
2.648650 6.196710 -12.497700
2.635130 6.196410 -12.504100
2.622450 6.198190 -12.511900
2.610990 6.202020 -12.520700
2.601100 6.207760 -12.530400
2.593070 6.215250 -12.540600
2.587160 6.224260 -12.551000
2.583530 6.234520 -12.561300
2.582310 6.245700 -12.571200
2.583530 6.257480 -12.580300
2.587160 6.269500 -12.588500
2.593070 6.281380 -12.595400
2.601100 6.292780 -12.600900
2.610990 6.303340 -12.604700
2.622450 6.312740 -12.606900
2.635130 6.320690 -12.607200
2.648650 6.326960 -12.605700

