/group/L_incrd_b11/23
23
center_x 0.1758 radius 0.5 center_y 0.0 center_x_in_pixels 0.5 pathId 211 center_y_in_pixels 0. creation_method make_circle transformed_from_LPS 1 shifted_origin {-1.3347 -3.1608 -7.0028} creation_type levelset pos {47.270532 -14.358923 50.042951} bulk_scale_factor 0.1 nrm {0.981360 -0.135451 -0.136331} xhat {0.000000 0.709393 -0.704813} posId 23
-4.860520 1.071870 4.256380
-4.862190 1.066400 4.262960
-4.863810 1.062180 4.270410
-4.865330 1.059330 4.278510
-4.866700 1.057940 4.287000
-4.867880 1.058050 4.295640
-4.868840 1.059660 4.304150
-4.869550 1.062710 4.312280
-4.869990 1.067120 4.319780
-4.870130 1.072760 4.326430
-4.869990 1.079440 4.332020
-4.869550 1.086970 4.336390
-4.868840 1.095130 4.339390
-4.867880 1.103650 4.340940
-4.866700 1.112280 4.341000
-4.865330 1.120770 4.339550
-4.863810 1.128840 4.336650
-4.862190 1.136270 4.332370
-4.860520 1.142810 4.326870
-4.858850 1.148280 4.320280
-4.857240 1.152500 4.312830
-4.855720 1.155350 4.304740
-4.854350 1.156740 4.296250
-4.853160 1.156630 4.287610
-4.852200 1.155030 4.279100
-4.851490 1.151970 4.270970
-4.851060 1.147560 4.263460
-4.850910 1.141920 4.256820
-4.851060 1.135240 4.251230
-4.851490 1.127710 4.246860
-4.852200 1.119560 4.243860
-4.853160 1.111030 4.242310
-4.854350 1.102400 4.242250
-4.855720 1.093920 4.243700
-4.857240 1.085840 4.246600
-4.858850 1.078420 4.250870

/group/L_incrd_b11/34
34
center_x 0.0 radius 0.5 center_y 0.0 center_x_in_pixels 0 pathId 211 center_y_in_pixels 0. creation_method make_circle transformed_from_LPS 1 shifted_origin {-1.3347 -3.1608 -7.0028} creation_type levelset pos {48.243119 -14.244693 49.963129} bulk_scale_factor 0.1 nrm {0.974835 0.215600 -0.056696} xhat {0.000000 0.254323 0.967119} posId 34
-4.957780 1.095670 4.344390
-4.959720 1.104050 4.345810
-4.961590 1.112560 4.345710
-4.963360 1.120950 4.344110
-4.964950 1.128950 4.341040
-4.966320 1.136330 4.336610
-4.967430 1.142850 4.330950
-4.968260 1.148340 4.324220
-4.968760 1.152600 4.316640
-4.968930 1.155530 4.308430
-4.968760 1.157020 4.299840
-4.968260 1.157030 4.291140
-4.967430 1.155570 4.282590
-4.966320 1.152670 4.274450
-4.964950 1.148430 4.266960
-4.963360 1.142970 4.260350
-4.961590 1.136460 4.254830
-4.959720 1.129100 4.250560
-4.957780 1.121110 4.247680
-4.955850 1.112730 4.246260
-4.953970 1.104220 4.246350
-4.952210 1.095830 4.247960
-4.950620 1.087830 4.251020
-4.949240 1.080450 4.255450
-4.948130 1.073920 4.261120
-4.947310 1.068440 4.267850
-4.946800 1.064170 4.275430
-4.946640 1.061250 4.283640
-4.946800 1.059760 4.292220
-4.947310 1.059740 4.300920
-4.948130 1.061210 4.309480
-4.949240 1.064100 4.317620
-4.950620 1.068350 4.325110
-4.952210 1.073810 4.331710
-4.953970 1.080320 4.337230
-4.955850 1.087680 4.341500

/group/L_incrd_b11/42
42
center_x 0.1758 radius 0.5 center_y 0.0 center_x_in_pixels 0.5 pathId 211 center_y_in_pixels 0. creation_method make_circle transformed_from_LPS 1 shifted_origin {-1.3347 -3.1608 -7.0028} creation_type levelset pos {49.178876 -14.067266 49.947024} bulk_scale_factor 0.1 nrm {0.988612 0.148358 0.025210} xhat {0.000000 0.167526 -0.985868} posId 42
-5.051360 1.079330 4.227800
-5.050050 1.070990 4.229980
-5.048780 1.063160 4.233600
-5.047600 1.056080 4.238540
-5.046520 1.049960 4.244650
-5.045590 1.044990 4.251750
-5.044840 1.041310 4.259620
-5.044290 1.039040 4.268010
-5.043950 1.038260 4.276690
-5.043830 1.038970 4.285370
-5.043950 1.041160 4.293810
-5.044290 1.044770 4.301730
-5.044840 1.049690 4.308910
-5.045590 1.055750 4.315120
-5.046520 1.062790 4.320170
-5.047600 1.070590 4.323920
-5.048780 1.078910 4.326240
-5.050050 1.087490 4.327070
-5.051360 1.096080 4.326380
-5.052660 1.104410 4.324200
-5.053930 1.112240 4.320580
-5.055120 1.119320 4.315640
-5.056190 1.125440 4.309530
-5.057120 1.130420 4.302430
-5.057870 1.134090 4.294570
-5.058430 1.136360 4.286170
-5.058770 1.137150 4.277500
-5.058880 1.136430 4.268810
-5.058770 1.134240 4.260380
-5.058430 1.130630 4.252450
-5.057870 1.125720 4.245270
-5.057120 1.119650 4.239060
-5.056190 1.112610 4.234010
-5.055120 1.104810 4.230260
-5.053930 1.096500 4.227940
-5.052660 1.087910 4.227110

/group/L_incrd_b11/50
50
center_x 0.1758 radius 0.5 center_y 0.0 center_x_in_pixels 0.5 pathId 211 center_y_in_pixels 0. creation_method make_circle transformed_from_LPS 1 shifted_origin {-1.3347 -3.1608 -7.0028} creation_type levelset pos {50.279409 -13.847539 50.001546} bulk_scale_factor 0.1 nrm {0.957426 0.282519 0.059311} xhat {0.000000 0.205457 -0.978666} posId 50
-5.161410 1.054790 4.233740
-5.158900 1.046810 4.236190
-5.156470 1.039390 4.240050
-5.154190 1.032740 4.245210
-5.152130 1.027080 4.251510
-5.150350 1.022570 4.258750
-5.148910 1.019350 4.266720
-5.147850 1.017520 4.275180
-5.147200 1.017140 4.283860
-5.146980 1.018210 4.292510
-5.147200 1.020710 4.300850
-5.147850 1.024550 4.308650
-5.148910 1.029630 4.315650
-5.150350 1.035780 4.321660
-5.152130 1.042820 4.326480
-5.154190 1.050530 4.329960
-5.156470 1.058690 4.332020
-5.158900 1.067040 4.332570
-5.161410 1.075330 4.331600
-5.163920 1.083310 4.329150
-5.166350 1.090740 4.325290
-5.168630 1.097380 4.320130
-5.170690 1.103050 4.313830
-5.172470 1.107550 4.306590
-5.173910 1.110770 4.298620
-5.174970 1.112600 4.290160
-5.175630 1.112980 4.281480
-5.175840 1.111910 4.272830
-5.175630 1.109420 4.264490
-5.174970 1.105570 4.256690
-5.173910 1.100500 4.249690
-5.172470 1.094350 4.243680
-5.170690 1.087310 4.238860
-5.168630 1.079590 4.235370
-5.166350 1.071430 4.233320
-5.163920 1.063080 4.232770

/group/L_incrd_b11/63
63
center_x 0.1758 radius 0.5 center_y 0.0 center_x_in_pixels 0.5 pathId 211 center_y_in_pixels 0. creation_method make_circle transformed_from_LPS 1 shifted_origin {-1.3347 -3.1608 -7.0028} creation_type levelset pos {52.357705 -12.836879 50.108050} bulk_scale_factor 0.1 nrm {0.871071 0.490494 0.025526} xhat {0.000000 0.051971 -0.998649} posId 63
-5.369240 0.964100 4.243040
-5.364980 0.956580 4.244190
-5.360840 0.949380 4.246820
-5.356960 0.942700 4.250860
-5.353450 0.936750 4.256170
-5.350430 0.931710 4.262610
-5.347970 0.927730 4.269960
-5.346160 0.924930 4.278020
-5.345060 0.923410 4.286530
-5.344680 0.923200 4.295230
-5.345060 0.924310 4.303870
-5.346160 0.926710 4.312170
-5.347970 0.930330 4.319900
-5.350430 0.935050 4.326800
-5.353450 0.940730 4.332670
-5.356960 0.947200 4.337340
-5.360840 0.954260 4.340660
-5.364980 0.961700 4.342540
-5.369240 0.969290 4.342900
-5.373500 0.976810 4.341750
-5.377640 0.984010 4.339120
-5.381520 0.990690 4.335080
-5.385030 0.996640 4.329760
-5.388050 1.001680 4.323330
-5.390510 1.005660 4.315970
-5.392320 1.008450 4.307920
-5.393430 1.009980 4.299410
-5.393800 1.010190 4.290710
-5.393430 1.009080 4.282070
-5.392320 1.006680 4.273760
-5.390510 1.003060 4.266040
-5.388050 0.998340 4.259140
-5.385030 0.992660 4.253260
-5.381520 0.986190 4.248590
-5.377640 0.979130 4.245270
-5.373500 0.971690 4.243400

/group/L_incrd_b11/71
71
center_x -0.1758 radius 0.5 center_y 0.0 center_x_in_pixels -.5 pathId 211 center_y_in_pixels 0. creation_method make_circle transformed_from_LPS 1 shifted_origin {-1.3347 -3.1608 -7.0028} creation_type levelset pos {53.495118 -12.278670 50.092590} bulk_scale_factor 0.1 nrm {0.931498 0.348499 -0.104213} xhat {0.000000 0.286500 0.958080} posId 71
-5.482980 0.902500 4.340040
-5.486140 0.910460 4.341630
-5.489200 0.918620 4.341710
-5.492080 0.926730 4.340290
-5.494670 0.934530 4.337410
-5.496910 0.941800 4.333150
-5.498730 0.948310 4.327640
-5.500070 0.953860 4.321060
-5.500890 0.958280 4.313600
-5.501170 0.961450 4.305480
-5.500890 0.963260 4.296960
-5.500070 0.963650 4.288290
-5.498730 0.962630 4.279740
-5.496910 0.960210 4.271570
-5.494670 0.956480 4.264020
-5.492080 0.951540 4.257320
-5.489200 0.945550 4.251680
-5.486140 0.938680 4.247280
-5.482980 0.931150 4.244230
-5.479820 0.923180 4.242640
-5.476760 0.915020 4.242560
-5.473890 0.906920 4.243980
-5.471290 0.899110 4.246860
-5.469050 0.891850 4.251120
-5.467230 0.885340 4.256630
-5.465890 0.879790 4.263210
-5.465070 0.875370 4.270680
-5.464790 0.872200 4.278790
-5.465070 0.870390 4.287310
-5.465890 0.869990 4.295980
-5.467230 0.871020 4.304530
-5.469050 0.873430 4.312710
-5.471290 0.877170 4.320260
-5.473890 0.882110 4.326950
-5.476760 0.888100 4.332590
-5.479820 0.894970 4.336990

/group/L_incrd_b11/81
81
center_x 0.0 radius 0.5 center_y -0.3516 center_x_in_pixels 0 pathId 211 center_y_in_pixels -1 creation_method make_circle transformed_from_LPS 1 shifted_origin {-1.3347 -3.1608 -7.0028} creation_type levelset pos {54.848592 -12.012885 49.580250} bulk_scale_factor 0.1 nrm {0.838099 0.039925 -0.544055} xhat {0.000000 0.997318 0.073187} posId 81
-5.599150 0.833190 4.232020
-5.603890 0.834480 4.239220
-5.608480 0.837240 4.246090
-5.612790 0.841400 4.252420
-5.616680 0.846820 4.258020
-5.620040 0.853350 4.262720
-5.622770 0.860770 4.266380
-5.624780 0.868880 4.268880
-5.626010 0.877410 4.270150
-5.626420 0.886120 4.270150
-5.626010 0.894730 4.268880
-5.624780 0.902990 4.266380
-5.622770 0.910640 4.262720
-5.620040 0.917450 4.258020
-5.616680 0.923220 4.252420
-5.612790 0.927770 4.246080
-5.608480 0.930960 4.239210
-5.603890 0.932690 4.232010
-5.599150 0.932920 4.224700
-5.594410 0.931630 4.217500
-5.589820 0.928860 4.210620
-5.585510 0.924700 4.204290
-5.581620 0.919280 4.198690
-5.578250 0.912760 4.193990
-5.575530 0.905330 4.190330
-5.573520 0.897230 4.187830
-5.572290 0.888690 4.186560
-5.571870 0.879980 4.186560
-5.572290 0.871370 4.187830
-5.573520 0.863110 4.190340
-5.575530 0.855460 4.193990
-5.578250 0.848650 4.198690
-5.581620 0.842880 4.204300
-5.585510 0.838330 4.210630
-5.589820 0.835140 4.217500
-5.594410 0.833410 4.224700

/group/L_incrd_b11/88
88
center_x 0.0 radius 0.5 center_y 0.0 center_x_in_pixels 0 pathId 211 center_y_in_pixels 0 creation_method make_circle transformed_from_LPS 1 shifted_origin {-1.3347 -3.1608 -7.0028} creation_type levelset pos {56.018341 -11.970694 48.753257} bulk_scale_factor 0.1 nrm {0.818380 0.051329 -0.572380} xhat {0.000000 0.996003 0.089319} posId 88
-5.735300 0.831190 4.179510
-5.740290 0.832580 4.186520
-5.745130 0.835440 4.193180
-5.749670 0.839690 4.199290
-5.753770 0.845190 4.204660
-5.757320 0.851780 4.209140
-5.760190 0.859250 4.212570
-5.762300 0.867390 4.214870
-5.763600 0.875940 4.215960
-5.764040 0.884640 4.215800
-5.763600 0.893240 4.214410
-5.762310 0.901460 4.211820
-5.760190 0.909050 4.208110
-5.757320 0.915800 4.203400
-5.753770 0.921490 4.197820
-5.749670 0.925940 4.191560
-5.745130 0.929040 4.184790
-5.740290 0.930670 4.177720
-5.735300 0.930790 4.170580
-5.730310 0.929400 4.163570
-5.725480 0.926540 4.156910
-5.720940 0.922290 4.150800
-5.716830 0.916790 4.145430
-5.713290 0.910200 4.140950
-5.710420 0.902720 4.137520
-5.708300 0.894590 4.135220
-5.707010 0.886040 4.134130
-5.706570 0.877330 4.134290
-5.707010 0.868740 4.135690
-5.708300 0.860520 4.138280
-5.710420 0.852920 4.141980
-5.713290 0.846180 4.146700
-5.716830 0.840490 4.152270
-5.720940 0.836030 4.158540
-5.725480 0.832940 4.165300
-5.730310 0.831310 4.172370

/group/L_incrd_b11/97
97
center_x 0.0 radius 0.5 center_y 0.0 center_x_in_pixels 0 pathId 211 center_y_in_pixels 0 creation_method make_circle transformed_from_LPS 1 shifted_origin {-1.3347 -3.1608 -7.0028} creation_type levelset pos {57.956848 -11.657443 47.647824} bulk_scale_factor 0.1 nrm {0.893877 0.212195 -0.394915} xhat {0.000000 0.880891 0.473319} posId 97
-5.929150 0.805620 4.088170
-5.933050 0.809960 4.094650
-5.936820 0.815510 4.100210
-5.940360 0.822100 4.104680
-5.943560 0.829520 4.107940
-5.946330 0.837560 4.109870
-5.948570 0.845960 4.110430
-5.950220 0.854480 4.109590
-5.951230 0.862850 4.107380
-5.951570 0.870820 4.103870
-5.951230 0.878150 4.099170
-5.950220 0.884610 4.093400
-5.948570 0.890010 4.086760
-5.946330 0.894180 4.079450
-5.943560 0.897000 4.071680
-5.940360 0.898390 4.063690
-5.936820 0.898290 4.055730
-5.933050 0.896710 4.048030
-5.929150 0.893710 4.040840
-5.925260 0.889370 4.034360
-5.921490 0.883820 4.028800
-5.917950 0.877230 4.024320
-5.914750 0.869810 4.021070
-5.911980 0.861770 4.019130
-5.909740 0.853370 4.018570
-5.908090 0.844850 4.019410
-5.907080 0.836480 4.021620
-5.906740 0.828510 4.025130
-5.907080 0.821180 4.029840
-5.908090 0.814720 4.035600
-5.909740 0.809320 4.042240
-5.911980 0.805150 4.049560
-5.914750 0.802330 4.057320
-5.917950 0.800940 4.065310
-5.921490 0.801040 4.073280
-5.925260 0.802620 4.080970

/group/L_incrd_b11/106
106
center_x 0.0 radius 0.5 center_y 0.0 center_x_in_pixels 0 pathId 211 center_y_in_pixels 0 creation_method make_circle transformed_from_LPS 1 shifted_origin {-1.3347 -3.1608 -7.0028} creation_type levelset pos {60.081456 -11.138742 46.964119} bulk_scale_factor 0.1 nrm {0.961993 0.208518 -0.176321} xhat {0.000000 0.645692 0.763598} posId 106
-6.141620 0.765510 4.034310
-6.143990 0.772380 4.039120
-6.146290 0.780020 4.042630
-6.148440 0.788200 4.044730
-6.150390 0.796670 4.045340
-6.152080 0.805180 4.044460
-6.153440 0.813460 4.042120
-6.154450 0.821270 4.038370
-6.155060 0.828360 4.033350
-6.155270 0.834520 4.027190
-6.155060 0.839570 4.020090
-6.154450 0.843350 4.012260
-6.153440 0.845740 4.003940
-6.152080 0.846680 3.995380
-6.150390 0.846130 3.986850
-6.148440 0.844120 3.978600
-6.146290 0.840690 3.970880
-6.143990 0.835970 3.963930
-6.141620 0.830080 3.957950
-6.139240 0.823210 3.953140
-6.136950 0.815570 3.949630
-6.134790 0.807390 3.947540
-6.132840 0.798920 3.946920
-6.131160 0.790410 3.947800
-6.129790 0.782130 3.950150
-6.128790 0.774320 3.953890
-6.128170 0.767230 3.958920
-6.127960 0.761070 3.965070
-6.128170 0.756020 3.972180
-6.128790 0.752240 3.980010
-6.129790 0.749840 3.988330
-6.131160 0.748910 3.996880
-6.132840 0.749450 4.005420
-6.134790 0.751470 4.013670
-6.136950 0.754890 4.021390
-6.139240 0.759620 4.028340

/group/L_incrd_b11/118
118
center_x 0.1758 radius 0.5 center_y 0.0 center_x_in_pixels .5 pathId 211 center_y_in_pixels 0 creation_method make_circle transformed_from_LPS 1 shifted_origin {-1.3347 -3.1608 -7.0028} creation_type levelset pos {62.358860 -10.610673 46.991097} bulk_scale_factor 0.1 nrm {0.918893 0.329654 0.216712} xhat {0.000000 0.549324 -0.835610} posId 118
-6.369360 0.707860 3.942360
-6.365930 0.701610 3.947380
-6.362610 0.696390 3.953510
-6.359490 0.692350 3.960580
-6.356680 0.689610 3.968360
-6.354250 0.688270 3.976620
-6.352270 0.688350 3.985110
-6.350820 0.689860 3.993570
-6.349930 0.692750 4.001740
-6.349630 0.696940 4.009380
-6.349930 0.702290 4.016250
-6.350820 0.708650 4.022150
-6.352270 0.715820 4.026890
-6.354250 0.723580 4.030330
-6.356680 0.731690 4.032370
-6.359490 0.739920 4.032940
-6.362610 0.748010 4.032030
-6.365930 0.755710 4.029670
-6.369360 0.762800 4.025920
-6.372780 0.769050 4.020900
-6.376100 0.774270 4.014770
-6.379220 0.778310 4.007700
-6.382040 0.781050 3.999920
-6.384470 0.782400 3.991660
-6.386440 0.782310 3.983170
-6.387890 0.780800 3.974710
-6.388780 0.777910 3.966540
-6.389080 0.773720 3.958900
-6.388780 0.768370 3.952030
-6.387890 0.762010 3.946130
-6.386440 0.754850 3.941390
-6.384470 0.747090 3.937950
-6.382040 0.738970 3.935910
-6.379220 0.730740 3.935340
-6.376100 0.722650 3.936250
-6.372780 0.714950 3.938610

/group/L_incrd_b11/130
130
center_x 0.1758 radius 0.5 center_y 0.0 center_x_in_pixels .5 pathId 211 center_y_in_pixels 0 creation_method make_circle transformed_from_LPS 1 shifted_origin {-1.3347 -3.1608 -7.0028} creation_type levelset pos {63.894871 -9.767605 47.689707} bulk_scale_factor 0.1 nrm {0.689109 0.474512 0.547693} xhat {0.000000 0.755795 -0.654809} posId 130
-6.522960 0.609604 4.024440
-6.516670 0.606260 4.029460
-6.510560 0.604166 4.035320
-6.504840 0.603386 4.041850
-6.499670 0.603943 4.048840
-6.495200 0.605820 4.056080
-6.491580 0.608960 4.063360
-6.488910 0.613268 4.070450
-6.487270 0.618612 4.077140
-6.486720 0.624832 4.083220
-6.487270 0.631737 4.088510
-6.488910 0.639117 4.092850
-6.491580 0.646750 4.096100
-6.495200 0.654401 4.098170
-6.499670 0.661840 4.099000
-6.504840 0.668839 4.098550
-6.510560 0.675188 4.096850
-6.516670 0.680691 4.093940
-6.522960 0.685180 4.089920
-6.529250 0.688530 4.084900
-6.535350 0.690620 4.079040
-6.541070 0.691400 4.072510
-6.546250 0.690840 4.065520
-6.550710 0.688970 4.058280
-6.554340 0.685830 4.051000
-6.557010 0.681520 4.043910
-6.558640 0.676174 4.037220
-6.559190 0.669955 4.031140
-6.558640 0.663051 4.025850
-6.557010 0.655670 4.021510
-6.554340 0.648038 4.018260
-6.550710 0.640386 4.016190
-6.546250 0.632948 4.015360
-6.541070 0.625948 4.015800
-6.535350 0.619599 4.017510
-6.529250 0.614096 4.020410

/group/L_incrd_b11/147
147
center_x 0.1758 radius 0.5 center_y 0.0 center_x_in_pixels .5 pathId 211 center_y_in_pixels 0 creation_method make_circle transformed_from_LPS 1 shifted_origin {-1.3347 -3.1608 -7.0028} creation_type levelset pos {64.896659 -9.228162 49.026095} bulk_scale_factor 0.1 nrm {0.564470 0.191829 0.802854} xhat {0.000000 0.972622 -0.232392} posId 147
-6.623140 0.541006 4.186620
-6.615970 0.540606 4.191570
-6.609020 0.541696 4.196710
-6.602500 0.544242 4.201910
-6.596610 0.548168 4.206990
-6.591520 0.553354 4.211800
-6.587390 0.559642 4.216210
-6.584350 0.566841 4.220070
-6.582490 0.574733 4.223260
-6.581860 0.583079 4.225690
-6.582490 0.591623 4.227300
-6.584350 0.600107 4.228010
-6.587390 0.608273 4.227830
-6.591520 0.615873 4.226740
-6.596610 0.622675 4.224790
-6.602500 0.628474 4.222030
-6.609020 0.633093 4.218550
-6.615970 0.636391 4.214450
-6.623140 0.638269 4.209860
-6.630300 0.638669 4.204920
-6.637250 0.637579 4.199770
-6.643770 0.635033 4.194580
-6.649670 0.631107 4.189500
-6.654750 0.625921 4.184680
-6.658880 0.619633 4.180280
-6.661920 0.612434 4.176420
-6.663780 0.604541 4.173230
-6.664410 0.596196 4.170790
-6.663780 0.587652 4.169190
-6.661920 0.579168 4.168470
-6.658880 0.571002 4.168660
-6.654750 0.563402 4.169750
-6.649670 0.556600 4.171700
-6.643770 0.550801 4.174460
-6.637250 0.546182 4.177940
-6.630300 0.542884 4.182030

/group/L_incrd_b11/163
163
center_x 0.0 radius 0.5 center_y -0.1758 center_x_in_pixels 0 pathId 211 center_y_in_pixels -.5 creation_method make_circle transformed_from_LPS 1 shifted_origin {-1.3347 -3.1608 -7.0028} creation_type levelset pos {65.942750 -9.173569 50.719026} bulk_scale_factor 0.1 nrm {0.417252 -0.140583 0.897851} xhat {0.000000 0.987963 0.154692} posId 163
-6.743720 0.550744 4.372110
-6.735830 0.552055 4.375570
-6.728180 0.554827 4.378690
-6.721000 0.558976 4.381380
-6.714510 0.564376 4.383550
-6.708910 0.570862 4.385140
-6.704370 0.578238 4.386090
-6.701020 0.586280 4.386390
-6.698970 0.594742 4.386020
-6.698280 0.603370 4.384990
-6.698970 0.611898 4.383330
-6.701020 0.620070 4.381100
-6.704370 0.627636 4.378360
-6.708910 0.634367 4.375190
-6.714510 0.640058 4.371700
-6.721000 0.644536 4.367980
-6.728180 0.647665 4.364160
-6.735830 0.649350 4.360340
-6.743720 0.649540 4.356640
-6.751610 0.648229 4.353180
-6.759260 0.645458 4.350060
-6.766440 0.641309 4.347370
-6.772930 0.635909 4.345200
-6.778530 0.629422 4.343610
-6.783070 0.622046 4.342660
-6.786420 0.614005 4.342360
-6.788470 0.605542 4.342730
-6.789160 0.596915 4.343760
-6.788470 0.588386 4.345420
-6.786420 0.580215 4.347650
-6.783070 0.572648 4.350390
-6.778530 0.565917 4.353560
-6.772930 0.560227 4.357050
-6.766440 0.555748 4.360770
-6.759260 0.552619 4.364590
-6.751610 0.550934 4.368410

/group/L_incrd_b11/181
181
center_x 0.0 radius 0.5 center_y -0.1758 center_x_in_pixels 0 pathId 211 center_y_in_pixels -.5 creation_method make_circle transformed_from_LPS 1 shifted_origin {-1.3347 -3.1608 -7.0028} creation_type levelset pos {66.550448 -9.820125 53.002342} bulk_scale_factor 0.1 nrm {0.070539 -0.323134 0.943721} xhat {0.000000 0.946077 0.323941} posId 181
-6.806050 0.618227 4.614980
-6.797390 0.619144 4.615310
-6.788990 0.621470 4.615140
-6.781110 0.625136 4.614480
-6.773990 0.630028 4.613330
-6.767840 0.636000 4.611750
-6.762860 0.642868 4.609770
-6.759180 0.650426 4.607460
-6.756930 0.658441 4.604880
-6.756180 0.666673 4.602120
-6.756930 0.674870 4.599250
-6.759180 0.682783 4.596380
-6.762860 0.690170 4.593570
-6.767840 0.696810 4.590930
-6.773990 0.702500 4.588520
-6.781110 0.707070 4.586420
-6.788990 0.710370 4.584700
-6.797390 0.712310 4.583410
-6.806050 0.712830 4.582580
-6.814710 0.711920 4.582250
-6.823110 0.709590 4.582420
-6.830990 0.705930 4.583090
-6.838110 0.701030 4.584230
-6.844260 0.695060 4.585810
-6.849240 0.688190 4.587790
-6.852920 0.680636 4.590110
-6.855170 0.672620 4.592680
-6.855930 0.664388 4.595440
-6.855170 0.656191 4.598310
-6.852920 0.648278 4.601190
-6.849240 0.640889 4.603990
-6.844260 0.634249 4.606640
-6.838110 0.628560 4.609040
-6.830990 0.623993 4.611140
-6.823110 0.620689 4.612860
-6.814710 0.618747 4.614150

/group/L_incrd_b11/194
194
center_x 0.0 radius 0.5 center_y -0.1758 center_x_in_pixels 0 pathId 211 center_y_in_pixels -.5 creation_method make_circle transformed_from_LPS 1 shifted_origin {-1.3347 -3.1608 -7.0028} creation_type levelset pos {66.710674 -10.472018 55.253284} bulk_scale_factor 0.1 nrm {0.070775 -0.256065 0.964065} xhat {0.000000 0.966489 0.256709} posId 194
-6.822070 0.682478 4.836680
-6.813410 0.683370 4.837080
-6.805020 0.685700 4.837080
-6.797140 0.689410 4.836670
-6.790010 0.694370 4.835880
-6.783870 0.700440 4.834720
-6.778880 0.707430 4.833230
-6.775210 0.715130 4.831450
-6.772960 0.723310 4.829440
-6.772200 0.731710 4.827270
-6.772960 0.740090 4.824990
-6.775210 0.748180 4.822670
-6.778880 0.755750 4.820390
-6.783870 0.762560 4.818220
-6.790010 0.768400 4.816210
-6.797140 0.773110 4.814440
-6.805020 0.776520 4.812950
-6.813410 0.778550 4.811800
-6.822070 0.779130 4.811010
-6.830730 0.778230 4.810610
-6.839130 0.775900 4.810610
-6.847010 0.772200 4.811020
-6.854130 0.767240 4.811810
-6.860280 0.761170 4.812980
-6.865270 0.754180 4.814470
-6.868940 0.746480 4.816240
-6.871190 0.738300 4.818250
-6.871950 0.729890 4.820430
-6.871190 0.721520 4.822710
-6.868940 0.713420 4.825020
-6.865270 0.705850 4.827300
-6.860280 0.699040 4.829480
-6.854130 0.693200 4.831480
-6.847010 0.688500 4.833250
-6.839130 0.685080 4.834740
-6.830730 0.683054 4.835890

/group/L_incrd_b11/208
208
center_x 0.0 radius 0.5 center_y 0.0 center_x_in_pixels 0 pathId 211 center_y_in_pixels 0 creation_method make_circle transformed_from_LPS 1 shifted_origin {-1.3347 -3.1608 -7.0028} creation_type levelset pos {66.809475 -11.222641 57.479410} bulk_scale_factor 0.1 nrm {-0.033085 -0.469404 0.882363} xhat {0.000000 0.882847 0.469661} posId 208
-6.814420 0.762040 5.071140
-6.805740 0.762580 5.070530
-6.797330 0.764440 5.069230
-6.789430 0.767570 5.067270
-6.782300 0.771870 5.064710
-6.776140 0.777210 5.061640
-6.771140 0.783440 5.058140
-6.767460 0.790360 5.054320
-6.765200 0.797750 5.050300
-6.764440 0.805410 5.046200
-6.765200 0.813080 5.042140
-6.767460 0.820550 5.038260
-6.771140 0.827580 5.034650
-6.776140 0.833960 5.031450
-6.782300 0.839500 5.028730
-6.789430 0.844020 5.026590
-6.797330 0.847400 5.025090
-6.805740 0.849520 5.024280
-6.814420 0.850330 5.024180
-6.823100 0.849790 5.024790
-6.831510 0.847930 5.026090
-6.839400 0.844800 5.028050
-6.846540 0.840500 5.030610
-6.852700 0.835150 5.033690
-6.857690 0.828930 5.037180
-6.861380 0.822010 5.041000
-6.863630 0.814610 5.045020
-6.864390 0.806960 5.049120
-6.863630 0.799280 5.053180
-6.861380 0.791820 5.057060
-6.857690 0.784790 5.060670
-6.852700 0.778410 5.063870
-6.846540 0.772870 5.066590
-6.839400 0.768340 5.068730
-6.831510 0.764970 5.070230
-6.823100 0.762850 5.071040

/group/L_incrd_b11/217
217
center_x 0.0 radius 0.5 center_y 0.3516 center_x_in_pixels 0 pathId 211 center_y_in_pixels 1 creation_method make_circle transformed_from_LPS 1 shifted_origin {-1.3347 -3.1608 -7.0028} creation_type levelset pos {66.627419 -12.318190 59.166495} bulk_scale_factor 0.1 nrm {-0.141840 -0.551746 0.821862} xhat {0.000000 0.830256 0.557382} posId 217
-6.761410 0.871450 5.240100
-6.752810 0.871390 5.238650
-6.744480 0.872600 5.236400
-6.736660 0.875030 5.233420
-6.729590 0.878620 5.229790
-6.723490 0.883250 5.225630
-6.718540 0.888780 5.221060
-6.714900 0.895050 5.216230
-6.712660 0.901860 5.211270
-6.711910 0.909010 5.206340
-6.712660 0.916270 5.201590
-6.714900 0.923440 5.197160
-6.718540 0.930290 5.193200
-6.723490 0.936620 5.189800
-6.729590 0.942220 5.187100
-6.736660 0.946930 5.185150
-6.744480 0.950620 5.184030
-6.752810 0.953150 5.183760
-6.761410 0.954470 5.184360
-6.770000 0.954530 5.185810
-6.778340 0.953320 5.188050
-6.786150 0.950890 5.191040
-6.793220 0.947300 5.194660
-6.799320 0.942670 5.198830
-6.804270 0.937140 5.203390
-6.807920 0.930870 5.208230
-6.810150 0.924060 5.213190
-6.810900 0.916910 5.218120
-6.810150 0.909640 5.222870
-6.807920 0.902480 5.227290
-6.804270 0.895630 5.231260
-6.799320 0.889300 5.234650
-6.793220 0.883700 5.237360
-6.786150 0.878980 5.239310
-6.778340 0.875300 5.240430
-6.770000 0.872760 5.240700

/group/L_incrd_b11/224
224
center_x 0.5274 radius 0.5 center_y 0.3516 center_x_in_pixels 1.5 pathId 211 center_y_in_pixels 1 creation_method make_circle transformed_from_LPS 1 shifted_origin {-1.3347 -3.1608 -7.0028} creation_type levelset pos {66.293168 -13.112784 60.566707} bulk_scale_factor 0.1 nrm {-0.292310 -0.343851 0.892368} xhat {0.000000 0.933124 0.359555} posId 224
-6.729160 0.895630 5.383740
-6.720860 0.895430 5.381100
-6.712810 0.896650 5.377990
-6.705250 0.899260 5.374510
-6.698430 0.903170 5.370770
-6.692530 0.908270 5.366870
-6.687750 0.914410 5.362940
-6.684230 0.921390 5.359100
-6.682070 0.929010 5.355450
-6.681350 0.937040 5.352130
-6.682070 0.945220 5.349210
-6.684230 0.953310 5.346800
-6.687750 0.961070 5.344960
-6.692530 0.968250 5.343760
-6.698430 0.974650 5.343230
-6.705250 0.980070 5.343370
-6.712810 0.984340 5.344210
-6.720860 0.987320 5.345690
-6.729160 0.988950 5.347790
-6.737470 0.989150 5.350430
-6.745520 0.987930 5.353530
-6.753070 0.985320 5.357010
-6.759900 0.981410 5.360760
-6.765790 0.976310 5.364650
-6.770570 0.970170 5.368590
-6.774090 0.963190 5.372430
-6.776250 0.955570 5.376070
-6.776980 0.947550 5.379400
-6.776250 0.939360 5.382320
-6.774090 0.931270 5.384730
-6.770570 0.923510 5.386560
-6.765790 0.916330 5.387770
-6.759900 0.909930 5.388300
-6.753070 0.904510 5.388150
-6.745520 0.900240 5.387320
-6.737470 0.897260 5.385840

