/group/L_vtbrl_b5/4
4
center_x 0.0 radius 0.7 center_y 0.0 center_x_in_pixels 0 pathId 415 center_y_in_pixels 0 creation_method make_circle transformed_from_LPS 1 shifted_origin {-1.3347 -3.1608 -7.0028} creation_type levelset pos {3.005400 -16.545028 26.325996} bulk_scale_factor 0.1 nrm {0.806910 -0.506557 -0.303802} xhat {0.000000 0.514331 -0.857592} posId 4
-0.434010 1.302420 1.872290
-0.441190 1.294560 1.878250
-0.448152 1.288020 1.885840
-0.454684 1.283020 1.894860
-0.460587 1.279710 1.905010
-0.465684 1.278170 1.915990
-0.469818 1.278470 1.927460
-0.472864 1.280590 1.939090
-0.474729 1.284470 1.950510
-0.475357 1.289980 1.961370
-0.474729 1.296970 1.971350
-0.472864 1.305220 1.980150
-0.469818 1.314470 1.987490
-0.465684 1.324460 1.993160
-0.460587 1.334870 1.996980
-0.454684 1.345380 1.998830
-0.448151 1.355690 1.998670
-0.441190 1.365470 1.996480
-0.434010 1.374430 1.992350
-0.426830 1.382290 1.986390
-0.419868 1.388820 1.978790
-0.413337 1.393820 1.969780
-0.407433 1.397140 1.959630
-0.402336 1.398670 1.948650
-0.398202 1.398370 1.937180
-0.395156 1.396260 1.925550
-0.393291 1.392380 1.914130
-0.392663 1.386860 1.903270
-0.393291 1.379880 1.893290
-0.395156 1.371630 1.884490
-0.398202 1.362370 1.877140
-0.402336 1.352390 1.871480
-0.407433 1.341980 1.867660
-0.413337 1.331460 1.865810
-0.419868 1.321160 1.865970
-0.426830 1.311380 1.868160

/group/L_vtbrl_b5/13
13
center_x 0.3516 radius 0.7 center_y 0.5274 center_x_in_pixels 1 pathId 415 center_y_in_pixels 1.5 creation_method make_circle transformed_from_LPS 1 shifted_origin {-1.3347 -3.1608 -7.0028} creation_type levelset pos {5.253544 -17.996801 25.453437} bulk_scale_factor 0.1 nrm {0.786046 -0.529400 -0.319167} xhat {0.000000 0.516311 -0.856401} posId 13
-0.691427 1.393800 1.776410
-0.698941 1.386170 1.782250
-0.706226 1.379870 1.789740
-0.713063 1.375080 1.798640
-0.719241 1.371970 1.808690
-0.724575 1.370610 1.819590
-0.728901 1.371060 1.830990
-0.732088 1.373300 1.842550
-0.734041 1.377260 1.853920
-0.734698 1.382820 1.864770
-0.734041 1.389810 1.874740
-0.732089 1.398020 1.883560
-0.728901 1.407210 1.890930
-0.724575 1.417080 1.896650
-0.719241 1.427340 1.900540
-0.713063 1.437680 1.902480
-0.706226 1.447790 1.902410
-0.698941 1.457350 1.900330
-0.691427 1.466090 1.896310
-0.683912 1.473720 1.890460
-0.676627 1.480020 1.882970
-0.669791 1.484800 1.874070
-0.663612 1.487920 1.864020
-0.658278 1.489270 1.853130
-0.653952 1.488820 1.841730
-0.650765 1.486580 1.830160
-0.648812 1.482630 1.818790
-0.648155 1.477070 1.807950
-0.648812 1.470070 1.797970
-0.650764 1.461860 1.789160
-0.653952 1.452680 1.781780
-0.658278 1.442810 1.776060
-0.663612 1.432550 1.772170
-0.669791 1.422200 1.770240
-0.676627 1.412100 1.770310
-0.683913 1.402530 1.772390

/group/L_vtbrl_b5/21
21
center_x 0.0 radius 0.6 center_y 0.0 center_x_in_pixels 0 pathId 415 center_y_in_pixels 0 creation_method make_circle transformed_from_LPS 1 shifted_origin {-1.3347 -3.1608 -7.0028} creation_type levelset pos {6.913843 -19.208832 24.725693} bulk_scale_factor 0.1 nrm {0.721619 -0.596235 -0.351810} xhat {0.000000 0.508183 -0.861249} posId 21
-0.824854 1.574310 1.720610
-0.832067 1.568300 1.725220
-0.839061 1.563400 1.731260
-0.845623 1.559750 1.738540
-0.851554 1.557480 1.746850
-0.856674 1.556640 1.755930
-0.860827 1.557260 1.765510
-0.863887 1.559330 1.775290
-0.865761 1.562790 1.784980
-0.866392 1.567510 1.794290
-0.865761 1.573370 1.802930
-0.863887 1.580190 1.810640
-0.860827 1.587760 1.817180
-0.856674 1.595840 1.822360
-0.851554 1.604190 1.826020
-0.845623 1.612560 1.828040
-0.839061 1.620700 1.828370
-0.832067 1.628360 1.827000
-0.824854 1.635290 1.823960
-0.817641 1.641310 1.819360
-0.810648 1.646210 1.813320
-0.804086 1.649850 1.806040
-0.798155 1.652130 1.797730
-0.793035 1.652970 1.788650
-0.788882 1.652340 1.779070
-0.785822 1.650270 1.769290
-0.783948 1.646820 1.759590
-0.783317 1.642090 1.750290
-0.783948 1.636230 1.741650
-0.785822 1.629420 1.733940
-0.788882 1.621850 1.727400
-0.793035 1.613770 1.722220
-0.798154 1.605420 1.718560
-0.804086 1.597040 1.716540
-0.810648 1.588900 1.716210
-0.817641 1.581250 1.717580

/group/L_vtbrl_b5/32
32
center_x 0.0879 radius .6 center_y 0.0 center_x_in_pixels 0.25 pathId 415 center_y_in_pixels 0 creation_method make_circle transformed_from_LPS 1 shifted_origin {-1.3347 -3.1608 -7.0028} creation_type levelset pos {8.062668 -20.426532 24.049140} bulk_scale_factor 0.1 nrm {0.515556 -0.754687 -0.405770} xhat {0.000000 0.473556 -0.880763} posId 32
-0.939737 1.694000 1.644050
-0.948664 1.689700 1.647390
-0.957320 1.686390 1.652240
-0.965443 1.684180 1.658450
-0.972783 1.683130 1.665830
-0.979120 1.683280 1.674150
-0.984260 1.684610 1.683160
-0.988048 1.687090 1.692580
-0.990367 1.690650 1.702140
-0.991148 1.695170 1.711540
-0.990367 1.700510 1.720490
-0.988048 1.706530 1.728730
-0.984260 1.713020 1.736000
-0.979120 1.719800 1.742080
-0.972783 1.726660 1.746790
-0.965443 1.733390 1.749980
-0.957320 1.739790 1.751560
-0.948664 1.745660 1.751480
-0.939737 1.750820 1.749740
-0.930809 1.755120 1.746390
-0.922153 1.758430 1.741540
-0.914031 1.760640 1.735330
-0.906690 1.761690 1.727960
-0.900353 1.761550 1.719640
-0.895213 1.760210 1.710630
-0.891426 1.757730 1.701200
-0.889107 1.754180 1.691640
-0.888325 1.749660 1.682240
-0.889107 1.744310 1.673290
-0.891426 1.738290 1.665050
-0.895213 1.731800 1.657780
-0.900353 1.725020 1.651700
-0.906690 1.718160 1.646990
-0.914031 1.711430 1.643800
-0.922153 1.705030 1.642220
-0.930809 1.699160 1.642310

/group/L_vtbrl_b5/51
51
center_x 0.0879 radius .6 center_y 0.0 center_x_in_pixels 0.25 pathId 415 center_y_in_pixels 0 creation_method make_circle transformed_from_LPS 1 shifted_origin {-1.3347 -3.1608 -7.0028} creation_type levelset pos {9.398625 -21.757154 22.885682} bulk_scale_factor 0.1 nrm {0.666330 -0.299573 -0.682833} xhat {0.000000 0.915746 -0.401757} posId 51
-1.073330 1.796640 1.560650
-1.081100 1.794690 1.567370
-1.088630 1.794460 1.574630
-1.095700 1.795970 1.582190
-1.102090 1.799170 1.589820
-1.107610 1.803960 1.597310
-1.112080 1.810200 1.604410
-1.115370 1.817700 1.610920
-1.117390 1.826230 1.616630
-1.118070 1.835520 1.621370
-1.117390 1.845310 1.625000
-1.115370 1.855280 1.627400
-1.112080 1.865150 1.628520
-1.107610 1.874600 1.628300
-1.102090 1.883350 1.626760
-1.095700 1.891140 1.623940
-1.088630 1.897720 1.619930
-1.081100 1.902910 1.614850
-1.073330 1.906530 1.608860
-1.065560 1.908490 1.602140
-1.058030 1.908710 1.594890
-1.050960 1.907200 1.587330
-1.044580 1.904000 1.579690
-1.039060 1.899210 1.572210
-1.034590 1.892970 1.565100
-1.031290 1.885470 1.558600
-1.029270 1.876950 1.552890
-1.028590 1.867650 1.548150
-1.029270 1.857860 1.544520
-1.031290 1.847890 1.542110
-1.034590 1.838020 1.541000
-1.039060 1.828570 1.541220
-1.044580 1.819820 1.542760
-1.050960 1.812030 1.545580
-1.058030 1.805450 1.549580
-1.065560 1.800270 1.554660

/group/L_vtbrl_b5/65
65
center_x 0.0879 radius .6 center_y 0.0 center_x_in_pixels 0.25 pathId 415 center_y_in_pixels 0 creation_method make_circle transformed_from_LPS 1 shifted_origin {-1.3347 -3.1608 -7.0028} creation_type levelset pos {10.110153 -21.896108 21.852245} bulk_scale_factor 0.1 nrm {0.400001 -0.236786 -0.885399} xhat {0.000000 0.966050 -0.258355} posId 65
-1.144490 1.807080 1.467170
-1.154030 1.806880 1.471430
-1.163290 1.808450 1.476040
-1.171980 1.811740 1.480840
-1.179830 1.816650 1.485700
-1.186610 1.823030 1.490470
-1.192110 1.830690 1.495000
-1.196160 1.839390 1.499160
-1.198640 1.848870 1.502810
-1.199480 1.858840 1.505860
-1.198640 1.869000 1.508200
-1.196160 1.879040 1.509760
-1.192110 1.888650 1.510500
-1.186610 1.897550 1.510400
-1.179830 1.905460 1.509450
-1.171980 1.912140 1.507690
-1.163290 1.917390 1.505170
-1.154030 1.921040 1.501970
-1.144490 1.923000 1.498170
-1.134940 1.923200 1.493910
-1.125680 1.921630 1.489310
-1.116990 1.918340 1.484510
-1.109140 1.913430 1.479650
-1.102360 1.907050 1.474880
-1.096860 1.899390 1.470350
-1.092810 1.890690 1.466190
-1.090330 1.881210 1.462530
-1.089490 1.871240 1.459490
-1.090330 1.861080 1.457150
-1.092810 1.851040 1.455580
-1.096860 1.841430 1.454840
-1.102360 1.832530 1.454950
-1.109140 1.824620 1.455900
-1.116990 1.817940 1.457660
-1.125680 1.812690 1.460180
-1.134940 1.809030 1.463380

/group/L_vtbrl_b5/78
78
center_x 0.1758 radius .6 center_y 0.1758 center_x_in_pixels .5 pathId 415 center_y_in_pixels .5 creation_method make_circle transformed_from_LPS 1 shifted_origin {-1.3347 -3.1608 -7.0028} creation_type levelset pos {10.557867 -22.247190 20.975576} bulk_scale_factor 0.1 nrm {0.533080 -0.065546 -0.843522} xhat {0.000000 0.996995 -0.077471} posId 78
-1.204130 1.830570 1.400610
-1.212950 1.831040 1.406220
-1.221490 1.833330 1.411800
-1.229510 1.837340 1.417180
-1.236760 1.842970 1.422200
-1.243020 1.850040 1.426700
-1.248090 1.858330 1.430550
-1.251830 1.867600 1.433630
-1.254120 1.877560 1.435860
-1.254890 1.887910 1.437150
-1.254120 1.898330 1.437470
-1.251830 1.908520 1.436810
-1.248090 1.918150 1.435200
-1.243020 1.926940 1.432680
-1.236760 1.934620 1.429320
-1.229510 1.940950 1.425230
-1.221490 1.945750 1.420530
-1.212950 1.948870 1.415370
-1.204130 1.950210 1.409910
-1.195320 1.949730 1.404300
-1.186770 1.947450 1.398720
-1.178750 1.943430 1.393340
-1.171500 1.937800 1.388320
-1.165240 1.930740 1.383820
-1.160170 1.922440 1.379970
-1.156430 1.913170 1.376880
-1.154140 1.903210 1.374660
-1.153370 1.892860 1.373370
-1.154140 1.882440 1.373050
-1.156430 1.872260 1.373700
-1.160170 1.862620 1.375320
-1.165240 1.853830 1.377840
-1.171500 1.846150 1.381200
-1.178750 1.839820 1.385290
-1.186770 1.835020 1.389980
-1.195320 1.831910 1.395140

/group/L_vtbrl_b5/84
84
center_x 0.0 radius .5 center_y 0.1758 center_x_in_pixels 0 pathId 415 center_y_in_pixels .5 creation_method make_circle transformed_from_LPS 1 shifted_origin {-1.3347 -3.1608 -7.0028} creation_type levelset pos {11.304679 -22.170073 19.880428} bulk_scale_factor 0.1 nrm {0.584896 0.134978 -0.799799} xhat {0.000000 0.986056 0.166412} posId 84
-1.278200 1.853340 1.306220
-1.285240 1.854930 1.311100
-1.292070 1.857970 1.315580
-1.298470 1.862370 1.319530
-1.304270 1.868000 1.322810
-1.309260 1.874680 1.325340
-1.313320 1.882200 1.327040
-1.316310 1.890350 1.327850
-1.318140 1.898870 1.327750
-1.318750 1.907510 1.326740
-1.318140 1.915990 1.324860
-1.316310 1.924070 1.322150
-1.313320 1.931500 1.318720
-1.309260 1.938060 1.314640
-1.304270 1.943530 1.310060
-1.298480 1.947770 1.305110
-1.292070 1.950630 1.299950
-1.285240 1.952040 1.294720
-1.278200 1.951940 1.289580
-1.271150 1.950350 1.284700
-1.264330 1.947300 1.280220
-1.257920 1.942900 1.276280
-1.252130 1.937280 1.272990
-1.247130 1.930600 1.270460
-1.243080 1.923080 1.268770
-1.240090 1.914930 1.267960
-1.238260 1.906410 1.268060
-1.237640 1.897770 1.269060
-1.238260 1.889280 1.270950
-1.240090 1.881200 1.273650
-1.243080 1.873770 1.277090
-1.247130 1.867220 1.281160
-1.252130 1.861740 1.285740
-1.257920 1.857510 1.290690
-1.264330 1.854640 1.295860
-1.271150 1.853240 1.301090

/group/L_vtbrl_b5/88
88
center_x -0.3516 radius .5 center_y 0.0 center_x_in_pixels -1 pathId 415 center_y_in_pixels 0 creation_method make_circle transformed_from_LPS 1 shifted_origin {-1.3347 -3.1608 -7.0028} creation_type levelset pos {12.022458 -21.957886 18.959209} bulk_scale_factor 0.1 nrm {0.625942 0.222766 -0.747376} xhat {0.000000 0.958335 0.285646} posId 88
-1.335720 1.865490 1.199880
-1.342490 1.867770 1.204870
-1.349050 1.871430 1.209280
-1.355210 1.876380 1.212960
-1.360780 1.882440 1.215820
-1.365590 1.889450 1.217750
-1.369490 1.897190 1.218710
-1.372360 1.905420 1.218670
-1.374120 1.913890 1.217620
-1.374710 1.922340 1.215590
-1.374120 1.930530 1.212650
-1.372360 1.938190 1.208900
-1.369490 1.945100 1.204430
-1.365590 1.951050 1.199390
-1.360780 1.955860 1.193940
-1.355210 1.959370 1.188230
-1.349050 1.961490 1.182430
-1.342490 1.962140 1.176740
-1.335720 1.961320 1.171320
-1.328940 1.959040 1.166320
-1.322380 1.955370 1.161920
-1.316220 1.950430 1.158230
-1.310650 1.944360 1.155380
-1.305850 1.937360 1.153440
-1.301950 1.929620 1.152480
-1.299070 1.921390 1.152530
-1.297310 1.912920 1.153580
-1.296720 1.904460 1.155600
-1.297310 1.896280 1.158540
-1.299070 1.888610 1.162300
-1.301950 1.881700 1.166760
-1.305850 1.875760 1.171800
-1.310650 1.870950 1.177260
-1.316220 1.867440 1.182970
-1.322380 1.865320 1.188760
-1.328940 1.864660 1.194450

/group/L_vtbrl_b5/93
93
center_x -0.3516 radius .5 center_y 0.1758 center_x_in_pixels -1 pathId 415 center_y_in_pixels .5 creation_method make_circle transformed_from_LPS 1 shifted_origin {-1.3347 -3.1608 -7.0028} creation_type levelset pos {13.065320 -21.509632 17.856239} bulk_scale_factor 0.1 nrm {0.693899 0.351113 -0.628668} xhat {0.000000 0.873062 0.487609} posId 93
-1.452660 1.827880 1.103230
-1.458910 1.831480 1.108120
-1.464970 1.836290 1.112120
-1.470660 1.842180 1.115110
-1.475800 1.848960 1.117000
-1.480240 1.856430 1.117730
-1.483840 1.864350 1.117270
-1.486490 1.872500 1.115650
-1.488120 1.880610 1.112910
-1.488660 1.888450 1.109140
-1.488120 1.895770 1.104450
-1.486490 1.902360 1.098980
-1.483840 1.908010 1.092890
-1.480240 1.912550 1.086380
-1.475800 1.915840 1.079640
-1.470660 1.917790 1.072880
-1.464970 1.918340 1.066300
-1.458910 1.917460 1.060100
-1.452660 1.915180 1.054470
-1.446410 1.911580 1.049580
-1.440350 1.906760 1.045580
-1.434660 1.900870 1.042590
-1.429520 1.894090 1.040700
-1.425080 1.886630 1.039970
-1.421480 1.878700 1.040430
-1.418830 1.870560 1.042050
-1.417200 1.862450 1.044790
-1.416660 1.854610 1.048560
-1.417200 1.847290 1.053250
-1.418830 1.840700 1.058720
-1.421480 1.835050 1.064810
-1.425080 1.830510 1.071320
-1.429520 1.827210 1.078060
-1.434660 1.825260 1.084820
-1.440350 1.824720 1.091400
-1.446410 1.825600 1.097600

/group/L_vtbrl_b5/98
98
center_x 0.3516 radius .5 center_y 0.3516 center_x_in_pixels 1 pathId 415 center_y_in_pixels 1 creation_method make_circle transformed_from_LPS 1 shifted_origin {-1.3347 -3.1608 -7.0028} modified_as_spline 1 creation_type levelset pos {14.153534 -20.876584 17.041003} bulk_scale_factor 0.1 nrm {0.750719 0.499359 -0.432506} xhat {0.000000 0.654696 0.755892} posId 98
-1.551220 1.746480 1.037140
-1.561460 1.756890 1.042900
-1.570580 1.769470 1.044210
-1.577880 1.782930 1.041340
-1.582600 1.796050 1.034390
-1.584270 1.807600 1.023960
-1.582610 1.816290 1.011050
-1.577870 1.821280 0.997060
-1.570590 1.822230 0.983330
-1.561460 1.819120 0.971070
-1.551210 1.811940 0.961570
-1.541060 1.801530 0.955970
-1.531900 1.788980 0.954550
-1.524600 1.775510 0.957430
-1.519880 1.762390 0.964380
-1.518200 1.750870 0.974760
-1.519860 1.742170 0.987680
-1.524600 1.737170 1.001680
-1.531880 1.736190 1.015450
-1.541050 1.739400 1.027660

/group/L_vtbrl_b5/106
106
center_x 0.0 radius .5 center_y 0.0 center_x_in_pixels 0 pathId 415 center_y_in_pixels 0 creation_method make_circle transformed_from_LPS 1 shifted_origin {-1.3347 -3.1608 -7.0028} creation_type levelset pos {15.616107 -19.647805 16.730196} bulk_scale_factor 0.1 nrm {0.634976 0.726613 0.262373} xhat {0.000000 0.339627 -0.940560} posId 106
-1.695080 1.631720 0.925710
-1.688370 1.626790 0.928300
-1.681870 1.622530 0.932240
-1.675770 1.619060 0.937400
-1.670250 1.616500 0.943650
-1.665490 1.614910 0.950770
-1.661630 1.614350 0.958560
-1.658780 1.614830 0.966790
-1.657040 1.616340 0.975190
-1.656450 1.618840 0.983520
-1.657040 1.622240 0.991520
-1.658780 1.626450 0.998960
-1.661630 1.631330 1.005590
-1.665490 1.636740 1.011230
-1.670250 1.642510 1.015700
-1.675770 1.648480 1.018860
-1.681870 1.654440 1.020620
-1.688370 1.660240 1.020930
-1.695080 1.665680 1.019770
-1.701790 1.670610 1.017180
-1.708290 1.674870 1.013240
-1.714390 1.678340 1.008080
-1.719910 1.680900 1.001830
-1.724670 1.682490 0.994710
-1.728530 1.683050 0.986920
-1.731380 1.682570 0.978690
-1.733120 1.681060 0.970290
-1.733710 1.678560 0.961960
-1.733120 1.675160 0.953950
-1.731380 1.670950 0.946520
-1.728530 1.666070 0.939890
-1.724670 1.660660 0.934250
-1.719910 1.654890 0.929780
-1.714390 1.648920 0.926620
-1.708290 1.642960 0.924860
-1.701790 1.637160 0.924550

/group/L_vtbrl_b5/111
111
center_x -0.3516 radius .5 center_y 0.1758 center_x_in_pixels -1 pathId 415 center_y_in_pixels .5 creation_method make_circle transformed_from_LPS 1 shifted_origin {-1.3347 -3.1608 -7.0028} creation_type levelset pos {16.181980 -18.820573 17.244245} bulk_scale_factor 0.1 nrm {0.372477 0.730926 0.571846} xhat {0.000000 0.616186 -0.787601} posId 111
-1.735350 1.551680 1.016490
-1.727300 1.549600 1.019080
-1.719480 1.548520 1.022790
-1.712150 1.548470 1.027510
-1.705530 1.549460 1.033080
-1.699810 1.551440 1.039350
-1.695170 1.554380 1.046120
-1.691750 1.558160 1.053190
-1.689660 1.562690 1.060330
-1.688950 1.567820 1.067350
-1.689660 1.573390 1.074010
-1.691750 1.579240 1.080120
-1.695170 1.585190 1.085500
-1.699810 1.591050 1.089980
-1.705530 1.596660 1.093410
-1.712150 1.601830 1.095710
-1.719480 1.606420 1.096800
-1.727300 1.610280 1.096650
-1.735350 1.613290 1.095250
-1.743410 1.615370 1.092660
-1.751220 1.616450 1.088950
-1.758550 1.616500 1.084240
-1.765180 1.615510 1.078660
-1.770900 1.613530 1.072390
-1.775540 1.610590 1.065620
-1.778960 1.606810 1.058560
-1.781050 1.602280 1.051410
-1.781760 1.597150 1.044400
-1.781050 1.591580 1.037730
-1.778960 1.585730 1.031620
-1.775540 1.579780 1.026240
-1.770900 1.573920 1.021770
-1.765180 1.568310 1.018330
-1.758550 1.563140 1.016030
-1.751220 1.558550 1.014940
-1.743410 1.554690 1.015100

/group/L_vtbrl_b5/117
117
center_x -0.1758 radius .5 center_y 0.0 center_x_in_pixels -.5 pathId 415 center_y_in_pixels 0 creation_method make_circle transformed_from_LPS 1 shifted_origin {-1.3347 -3.1608 -7.0028} creation_type levelset pos {16.588997 -17.686602 18.071793} bulk_scale_factor 0.1 nrm {0.208328 0.847615 0.488004} xhat {0.000000 0.498951 -0.866630} posId 117
-1.792370 1.436400 1.078800
-1.783880 1.435220 1.080360
-1.775640 1.434820 1.083190
-1.767920 1.435230 1.087210
-1.760940 1.436440 1.092280
-1.754910 1.438400 1.098260
-1.750020 1.441060 1.104970
-1.746420 1.444340 1.112200
-1.744210 1.448130 1.119730
-1.743470 1.452320 1.127330
-1.744210 1.456790 1.134780
-1.746420 1.461400 1.141840
-1.750020 1.466010 1.148300
-1.754910 1.470470 1.153970
-1.760940 1.474660 1.158670
-1.767920 1.478440 1.162260
-1.775640 1.481710 1.164630
-1.783880 1.484350 1.165710
-1.792370 1.486300 1.165470
-1.800860 1.487490 1.163910
-1.809100 1.487880 1.161080
-1.816820 1.487470 1.157060
-1.823800 1.486270 1.151990
-1.829830 1.484300 1.146010
-1.834720 1.481640 1.139300
-1.838320 1.478370 1.132070
-1.840530 1.474570 1.124540
-1.841270 1.470380 1.116940
-1.840530 1.465910 1.109490
-1.838320 1.461300 1.102430
-1.834720 1.456700 1.095970
-1.829830 1.452230 1.090300
-1.823800 1.448040 1.085600
-1.816820 1.444260 1.082010
-1.809100 1.441000 1.079640
-1.800860 1.438350 1.078560

/group/L_vtbrl_b5/123
123
center_x -0.1758 radius .5 center_y 0.0 center_x_in_pixels -.5 pathId 415 center_y_in_pixels 0 creation_method make_circle transformed_from_LPS 1 shifted_origin {-1.3347 -3.1608 -7.0028} creation_type levelset pos {16.843656 -16.293214 18.561837} bulk_scale_factor 0.1 nrm {0.129536 0.969123 0.209814} xhat {0.000000 0.211597 -0.977357} posId 123
-1.817840 1.306380 1.124220
-1.809230 1.305440 1.125200
-1.800880 1.304850 1.127630
-1.793050 1.304630 1.131450
-1.785970 1.304790 1.136530
-1.779860 1.305310 1.142720
-1.774900 1.306190 1.149840
-1.771250 1.307390 1.157660
-1.769010 1.308890 1.165950
-1.768260 1.310630 1.174460
-1.769010 1.312560 1.182920
-1.771250 1.314630 1.191090
-1.774900 1.316770 1.198710
-1.779860 1.318910 1.205550
-1.785970 1.321000 1.211400
-1.793050 1.322960 1.216090
-1.800880 1.324740 1.219480
-1.809230 1.326280 1.221450
-1.817840 1.327540 1.221950
-1.826440 1.328480 1.220970
-1.834790 1.329070 1.218540
-1.842620 1.329290 1.214720
-1.849700 1.329130 1.209640
-1.855820 1.328610 1.203450
-1.860770 1.327730 1.196330
-1.864420 1.326530 1.188510
-1.866660 1.325030 1.180220
-1.867410 1.323290 1.171720
-1.866660 1.321360 1.163250
-1.864420 1.319290 1.155080
-1.860770 1.317150 1.147460
-1.855820 1.315010 1.140620
-1.849700 1.312930 1.134770
-1.842620 1.310960 1.130080
-1.834790 1.309180 1.126700
-1.826440 1.307640 1.124720

/group/L_vtbrl_b5/131
131
center_x -0.1758 radius .5 center_y 0.0 center_x_in_pixels -.5 pathId 415 center_y_in_pixels 0 creation_method make_circle transformed_from_LPS 1 shifted_origin {-1.3347 -3.1608 -7.0028} creation_type levelset pos {17.027860 -14.141194 19.149770} bulk_scale_factor 0.1 nrm {0.039502 0.912388 0.407416} xhat {0.000000 0.407734 -0.913101} posId 131
-1.836260 1.084820 1.185090
-1.827580 1.084820 1.185930
-1.819170 1.085430 1.188120
-1.811280 1.086650 1.191610
-1.804140 1.088430 1.196290
-1.797980 1.090720 1.202020
-1.792990 1.093450 1.208620
-1.789310 1.096540 1.215890
-1.787050 1.099890 1.223610
-1.786290 1.103400 1.231550
-1.787050 1.106970 1.239470
-1.789310 1.110490 1.247120
-1.792990 1.113840 1.254270
-1.797980 1.116930 1.260710
-1.804140 1.119670 1.266240
-1.811280 1.121960 1.270690
-1.819170 1.123750 1.273930
-1.827580 1.124970 1.275850
-1.836260 1.125590 1.276400
-1.844930 1.125600 1.275570
-1.853340 1.124980 1.273380
-1.861240 1.123760 1.269890
-1.868370 1.121980 1.265210
-1.874530 1.119690 1.259480
-1.879520 1.116960 1.252880
-1.883200 1.113870 1.245610
-1.885460 1.110520 1.237880
-1.886220 1.107010 1.229940
-1.885460 1.103440 1.222030
-1.883200 1.099930 1.214380
-1.879520 1.096580 1.207220
-1.874530 1.093480 1.200790
-1.868370 1.090750 1.195260
-1.861240 1.088450 1.190810
-1.853340 1.086670 1.187570
-1.844930 1.085440 1.185650

/group/L_vtbrl_b5/137
137
center_x -0.1758 radius .5 center_y 0.0 center_x_in_pixels -.5 pathId 415 center_y_in_pixels 0 creation_method make_circle transformed_from_LPS 1 shifted_origin {-1.3347 -3.1608 -7.0028} creation_type levelset pos {17.062484 -12.478960 20.211168} bulk_scale_factor 0.1 nrm {0.004031 0.783074 0.621915} xhat {0.000000 0.621920 -0.783080} posId 137
-1.839720 0.911650 1.295450
-1.831040 0.912100 1.296070
-1.822620 0.913470 1.297850
-1.814720 0.915740 1.300760
-1.807580 0.918830 1.304690
-1.801420 0.922640 1.309530
-1.796420 0.927060 1.315140
-1.792730 0.931970 1.321330
-1.790480 0.937190 1.327930
-1.789720 0.942590 1.334730
-1.790480 0.947990 1.341530
-1.792730 0.953240 1.348110
-1.796420 0.958160 1.354290
-1.801420 0.962620 1.359870
-1.807580 0.966470 1.364680
-1.814720 0.969600 1.368570
-1.822620 0.971920 1.371440
-1.831040 0.973350 1.373180
-1.839720 0.973850 1.373760
-1.848400 0.973400 1.373140
-1.856820 0.972020 1.371350
-1.864720 0.969760 1.368450
-1.871860 0.966670 1.364520
-1.878020 0.962860 1.359680
-1.883020 0.958430 1.354070
-1.886700 0.953530 1.347880
-1.888960 0.948300 1.341280
-1.889720 0.942910 1.334480
-1.888960 0.937510 1.327680
-1.886700 0.932260 1.321090
-1.883020 0.927340 1.314920
-1.878020 0.922880 1.309340
-1.871860 0.919030 1.304530
-1.864720 0.915900 1.300630
-1.856820 0.913580 1.297770
-1.848400 0.912150 1.296020

/group/L_vtbrl_b5/142
142
center_x 0.3516 radius .5 center_y 0.0 center_x_in_pixels 1 pathId 415 center_y_in_pixels 0 creation_method make_circle transformed_from_LPS 1 shifted_origin {-1.3347 -3.1608 -7.0028} creation_type levelset pos {17.067878 -11.150562 21.344421} bulk_scale_factor 0.1 nrm {0.006566 0.749293 0.662206} xhat {0.000000 0.662220 -0.749309} posId 142
-1.840260 0.742580 1.370350
-1.831580 0.743040 1.370960
-1.823160 0.744490 1.372680
-1.815260 0.746890 1.375480
-1.808120 0.750170 1.379260
-1.801960 0.754220 1.383900
-1.796960 0.758920 1.389270
-1.793270 0.764140 1.395210
-1.791020 0.769700 1.401520
-1.790260 0.775450 1.408030
-1.791020 0.781200 1.414540
-1.793270 0.786790 1.420830
-1.796960 0.792040 1.426740
-1.801960 0.796790 1.432070
-1.808120 0.800900 1.436660
-1.815260 0.804240 1.440370
-1.823160 0.806720 1.443100
-1.831580 0.808260 1.444750
-1.840260 0.808800 1.445280
-1.848940 0.808340 1.444670
-1.857360 0.806890 1.442950
-1.865260 0.804490 1.440150
-1.872400 0.801220 1.436380
-1.878560 0.797160 1.431730
-1.883560 0.792460 1.426360
-1.887240 0.787250 1.420430
-1.889500 0.781680 1.414110
-1.890260 0.775940 1.407600
-1.889500 0.770190 1.401100
-1.887240 0.764600 1.394800
-1.883560 0.759350 1.388900
-1.878560 0.754600 1.383570
-1.872400 0.750490 1.378980
-1.865260 0.747140 1.375260
-1.857360 0.744660 1.372540
-1.848940 0.743130 1.370880

/group/L_vtbrl_b5/147
147
center_x 0.0 radius .5 center_y -0.3516 center_x_in_pixels 0 pathId 415 center_y_in_pixels -1 creation_method make_circle transformed_from_LPS 1 shifted_origin {-1.3347 -3.1608 -7.0028} creation_type levelset pos {17.097594 -9.933637 22.378689} bulk_scale_factor 0.1 nrm {0.033662 0.784332 0.619427} xhat {0.000000 0.619778 -0.784777} posId 147
-1.878370 0.647224 1.497620
-1.869690 0.647465 1.498390
-1.861280 0.648641 1.500340
-1.853380 0.650715 1.503400
-1.846250 0.653625 1.507470
-1.840090 0.657281 1.512430
-1.835090 0.661574 1.518140
-1.831410 0.666372 1.524420
-1.829160 0.671530 1.531070
-1.828400 0.676892 1.537900
-1.829160 0.682293 1.544700
-1.831410 0.687570 1.551260
-1.835090 0.692560 1.557380
-1.840090 0.697120 1.562880
-1.846250 0.701100 1.567580
-1.853380 0.704390 1.571360
-1.861280 0.706880 1.574080
-1.869690 0.708500 1.575680
-1.878370 0.709200 1.576090
-1.887050 0.708960 1.575320
-1.895460 0.707780 1.573370
-1.903360 0.705710 1.570320
-1.910490 0.702800 1.566240
-1.916650 0.699140 1.561280
-1.921650 0.694850 1.555570
-1.925330 0.690050 1.549300
-1.927580 0.684890 1.542640
-1.928340 0.679533 1.535810
-1.927580 0.674132 1.529010
-1.925330 0.668855 1.522450
-1.921650 0.663862 1.516330
-1.916650 0.659305 1.510830
-1.910490 0.655323 1.506130
-1.903360 0.652036 1.502350
-1.895460 0.649544 1.499630
-1.887050 0.647924 1.498030

/group/L_vtbrl_b5/157
157
center_x 0.0 radius .5 center_y 0.0 center_x_in_pixels 0 pathId 415 center_y_in_pixels 0 creation_method make_circle transformed_from_LPS 1 shifted_origin {-1.3347 -3.1608 -7.0028} creation_type levelset pos {17.182451 -7.944590 23.643231} bulk_scale_factor 0.1 nrm {0.002446 0.921521 0.388322} xhat {0.000000 0.388323 -0.921523} posId 157
-1.851720 0.458963 1.617970
-1.843030 0.459238 1.618680
-1.834610 0.460095 1.620760
-1.826720 0.461508 1.624160
-1.819580 0.463433 1.628780
-1.813410 0.465812 1.634460
-1.808410 0.468573 1.641050
-1.804730 0.471632 1.648330
-1.802470 0.474896 1.656090
-1.801720 0.478266 1.664090
-1.802470 0.481640 1.672090
-1.804730 0.484914 1.679850
-1.808410 0.487989 1.687120
-1.813410 0.490773 1.693700
-1.819580 0.493180 1.699370
-1.826710 0.495138 1.703970
-1.834610 0.496586 1.707360
-1.843030 0.497481 1.709430
-1.851710 0.497795 1.710120
-1.860400 0.497520 1.709410
-1.868820 0.496663 1.707320
-1.876710 0.495250 1.703920
-1.883850 0.493325 1.699310
-1.890020 0.490946 1.693620
-1.895020 0.488185 1.687040
-1.898700 0.485126 1.679760
-1.900960 0.481862 1.672000
-1.901710 0.478492 1.664000
-1.900960 0.475118 1.656000
-1.898700 0.471844 1.648240
-1.895020 0.468769 1.640960
-1.890020 0.465985 1.634390
-1.883850 0.463578 1.628720
-1.876710 0.461620 1.624120
-1.868820 0.460172 1.620730
-1.860400 0.459277 1.618660

