/group/R_incrd_b4/4
4
center_x 0.0 radius 0.8 center_y 0.0 center_x_in_pixels 0 pathId 104 center_y_in_pixels 0 creation_method make_circle transformed_from_LPS 1 shifted_origin {-1.3347 -3.1608 -7.0028} creation_type levelset pos {-27.706194 -48.610270 26.559018} bulk_scale_factor 0.1 nrm {-0.641647 -0.704715 0.302764} xhat {0.000000 0.394738 0.918794} posId 4
2.637150 4.513370 2.029130
2.647800 4.505660 2.024490
2.658140 4.499140 2.017760
2.667830 4.494020 2.009150
2.676590 4.490440 1.998900
2.684150 4.488520 1.987350
2.690290 4.488310 1.974830
2.694810 4.489830 1.961720
2.697580 4.493020 1.948430
2.698510 4.497780 1.935360
2.697580 4.503980 1.922900
2.694810 4.511430 1.911440
2.690290 4.519890 1.901320
2.684150 4.529120 1.892850
2.676590 4.538820 1.886290
2.667830 4.548710 1.881830
2.658140 4.558490 1.879620
2.647800 4.567860 1.879720
2.637150 4.576530 1.882120
2.626490 4.584240 1.886750
2.616160 4.590750 1.893480
2.606470 4.595880 1.902100
2.597710 4.599450 1.912340
2.590140 4.601370 1.923900
2.584010 4.601580 1.936420
2.579490 4.600070 1.949520
2.576720 4.596880 1.962810
2.575790 4.592110 1.975880
2.576720 4.585910 1.988340
2.579490 4.578470 1.999800
2.584010 4.570000 2.009920
2.590140 4.560780 2.018390
2.597710 4.551070 2.024950
2.606470 4.541180 2.029410
2.616160 4.531400 2.031620
2.626490 4.522040 2.031530

/group/R_incrd_b4/9
9
center_x 0.0 radius 0.8 center_y 0.0 center_x_in_pixels 0 pathId 104 center_y_in_pixels 0 creation_method make_circle transformed_from_LPS 1 shifted_origin {-1.3347 -3.1608 -7.0028} creation_type levelset pos {-28.483095 -49.319852 26.906874} bulk_scale_factor 0.1 nrm {-0.767208 -0.553366 0.324310} xhat {0.000000 0.505630 0.862751} posId 9
2.714840 4.575450 2.059430
2.723750 4.566870 2.052990
2.732390 4.559780 2.044650
2.740500 4.554400 2.034660
2.747820 4.550880 2.023330
2.754150 4.549340 2.011000
2.759280 4.549820 1.998040
2.763060 4.552310 1.984850
2.765370 4.556730 1.971830
2.766150 4.562950 1.959370
2.765370 4.570780 1.947860
2.763060 4.579980 1.937640
2.759280 4.590270 1.929020
2.754150 4.601340 1.922270
2.747820 4.612850 1.917590
2.740500 4.624460 1.915120
2.732390 4.635810 1.914940
2.723750 4.646550 1.917050
2.714840 4.656360 1.921390
2.705930 4.664940 1.927830
2.697290 4.672030 1.936160
2.689180 4.677410 1.946150
2.681860 4.680930 1.957480
2.675530 4.682470 1.969820
2.670400 4.681990 1.982770
2.666620 4.679500 1.995960
2.664310 4.675080 2.008980
2.663530 4.668860 2.021440
2.664310 4.661030 2.032950
2.666620 4.651830 2.043180
2.670400 4.641540 2.051790
2.675530 4.630470 2.058550
2.681860 4.618960 2.063230
2.689180 4.607350 2.065700
2.697290 4.596010 2.065880
2.705930 4.585260 2.063770

/group/R_incrd_b4/15
15
center_x 0.0 radius 0.8 center_y -0.1758 center_x_in_pixels 0 pathId 104 center_y_in_pixels -.5 creation_method make_circle transformed_from_LPS 1 shifted_origin {-1.3347 -3.1608 -7.0028} creation_type levelset pos {-29.726869 -49.747465 27.370562} bulk_scale_factor 0.1 nrm {-0.950566 0.105834 0.291931} xhat {0.000000 0.940127 -0.340825} posId 15
2.833760 4.577760 2.025220
2.838070 4.583400 2.013220
2.842250 4.591160 2.002410
2.846180 4.600800 1.993130
2.849730 4.612020 1.985650
2.852790 4.624480 1.980190
2.855270 4.637810 1.976940
2.857100 4.651600 1.975980
2.858220 4.665440 1.977350
2.858600 4.678890 1.980990
2.858220 4.691560 1.986820
2.857100 4.703050 1.994630
2.855270 4.713020 2.004210
2.852790 4.721170 2.015250
2.849730 4.727250 2.027420
2.846180 4.731060 2.040350
2.842250 4.732510 2.053660
2.838070 4.731540 2.066920
2.833760 4.728180 2.079750
2.829440 4.722540 2.091750
2.825260 4.714780 2.102560
2.821340 4.705150 2.111850
2.817790 4.693930 2.119330
2.814730 4.681460 2.124780
2.812240 4.668130 2.128030
2.810410 4.654340 2.128990
2.809290 4.640510 2.127630
2.808920 4.627050 2.123980
2.809290 4.614390 2.118160
2.810410 4.602890 2.110340
2.812240 4.592920 2.100770
2.814730 4.584770 2.089730
2.817790 4.578700 2.077550
2.821340 4.574880 2.064620
2.825260 4.573430 2.051320
2.829440 4.574400 2.038050

/group/R_incrd_b4/22
22
center_x 0.3516 radius 0.8 center_y 0.0 center_x_in_pixels 1 pathId 104 center_y_in_pixels 0 creation_method make_circle transformed_from_LPS 1 shifted_origin {-1.3347 -3.1608 -7.0028} creation_type levelset pos {-31.284345 -48.833717 27.667581} bulk_scale_factor 0.1 nrm {-0.715752 0.696933 0.044532} xhat {0.000000 0.063767 -0.997965} posId 22
2.994960 4.559950 1.951550
3.004670 4.569950 1.952130
3.014070 4.579800 1.955120
3.022900 4.589200 1.960420
3.030880 4.597870 1.967880
3.037760 4.605550 1.977270
3.043350 4.611990 1.988310
3.047460 4.617000 2.000650
3.049980 4.620440 2.013930
3.050830 4.622190 2.027740
3.049980 4.622210 2.041660
3.047460 4.620490 2.055260
3.043350 4.617090 2.068150
3.037760 4.612100 2.079910
3.030880 4.605690 2.090200
3.022900 4.598040 2.098700
3.014070 4.589390 2.105160
3.004670 4.580000 2.109380
2.994960 4.570150 2.111230
2.985260 4.560150 2.110650
2.975860 4.550300 2.107660
2.967030 4.540900 2.102360
2.959050 4.532230 2.094900
2.952170 4.524550 2.085500
2.946580 4.518110 2.074470
2.942470 4.513100 2.062130
2.939940 4.509660 2.048850
2.939100 4.507910 2.035040
2.939940 4.507890 2.021120
2.942470 4.509610 2.007520
2.946580 4.513010 1.994630
2.952170 4.518000 1.982870
2.959050 4.524410 1.972580
2.967030 4.532060 1.964070
2.975860 4.540710 1.957620
2.985260 4.550100 1.953400

/group/R_incrd_b4/28
28
center_x -0.1758 radius 0.8 center_y -0.3516 center_x_in_pixels -.5 pathId 104 center_y_in_pixels -1 creation_method make_circle transformed_from_LPS 1 shifted_origin {-1.3347 -3.1608 -7.0028} creation_type levelset pos {-32.832830 -47.027824 27.584894} bulk_scale_factor 0.1 nrm {-0.604522 0.791511 -0.089803} xhat {0.000000 0.112734 0.993625} posId 28
3.177820 4.400790 2.122630
3.166760 4.392580 2.120470
3.156030 4.384890 2.115970
3.145960 4.377970 2.109250
3.136860 4.372010 2.100530
3.129000 4.367200 2.090060
3.122630 4.363680 2.078160
3.117940 4.361560 2.065200
3.115060 4.360910 2.051570
3.114090 4.361750 2.037690
3.115060 4.364050 2.023970
3.117940 4.367730 2.010830
3.122630 4.372700 1.998670
3.129000 4.378790 1.987870
3.136860 4.385820 1.978740
3.145960 4.393590 1.971570
3.156030 4.401840 1.966580
3.166760 4.410340 1.963910
3.177820 4.418820 1.963650
3.188890 4.427030 1.965800
3.199620 4.434710 1.970310
3.209680 4.441640 1.977020
3.218780 4.447600 1.985750
3.226640 4.452410 1.996220
3.233010 4.455930 2.008110
3.237700 4.458040 2.021070
3.240580 4.458690 2.034700
3.241550 4.457860 2.048590
3.240580 4.455560 2.062310
3.237710 4.451870 2.075450
3.233010 4.446910 2.087600
3.226640 4.440820 2.098410
3.218780 4.433780 2.107530
3.209680 4.426020 2.114700
3.199620 4.417760 2.119700
3.188890 4.409270 2.122370

/group/R_incrd_b4/33
33
center_x 0.1758 radius 0.8 center_y 0.0 center_x_in_pixels 0.5 pathId 104 center_y_in_pixels 0 creation_method make_circle transformed_from_LPS 1 shifted_origin {-1.3347 -3.1608 -7.0028} creation_type levelset pos {-34.195316 -45.050897 27.386778} bulk_scale_factor 0.1 nrm {-0.517665 0.854258 -0.047605} xhat {0.000000 0.055640 0.998451} posId 33
3.286060 4.183580 2.135830
3.274180 4.176470 2.134210
3.262650 4.169710 2.130220
3.251840 4.163500 2.123970
3.242060 4.158040 2.115660
3.233630 4.153500 2.105530
3.226790 4.150000 2.093890
3.221740 4.147650 2.081100
3.218650 4.146540 2.067550
3.217610 4.146680 2.053650
3.218650 4.148080 2.039810
3.221740 4.150700 2.026470
3.226790 4.154450 2.014020
3.233630 4.159220 2.002840
3.242060 4.164860 1.993280
3.251840 4.171210 1.985620
3.262650 4.178070 1.980100
3.274180 4.185230 1.976890
3.286060 4.192480 1.976070
3.297950 4.199600 1.977690
3.309470 4.206360 1.981680
3.320280 4.212560 1.987930
3.330060 4.218020 1.996240
3.338500 4.222570 2.006370
3.345340 4.226070 2.018010
3.350380 4.228410 2.030800
3.353470 4.229530 2.044350
3.354510 4.229380 2.058250
3.353470 4.227980 2.072090
3.350380 4.225360 2.085430
3.345340 4.221620 2.097880
3.338490 4.216850 2.109060
3.330060 4.211200 2.118620
3.320280 4.204850 2.126280
3.309470 4.197990 2.131800
3.297950 4.190830 2.135010

/group/R_incrd_b4/39
39
center_x -0.3516 radius 0.8 center_y -0.1758 center_x_in_pixels -1 pathId 104 center_y_in_pixels -.5 creation_method make_circle transformed_from_LPS 1 shifted_origin {-1.3347 -3.1608 -7.0028} creation_type levelset pos {-35.362058 -42.564960 27.584064} bulk_scale_factor 0.1 nrm {-0.268020 0.927209 0.261628} xhat {0.000000 0.271563 -0.962421} posId 39
3.385800 3.923700 2.016250
3.399180 3.927620 2.016410
3.412160 3.932070 2.018900
3.424340 3.936930 2.023650
3.435340 3.942050 2.030520
3.444840 3.947270 2.039290
3.452550 3.952440 2.049710
3.458220 3.957390 2.061440
3.461700 3.961980 2.074140
3.462870 3.966070 2.087420
3.461700 3.969520 2.100880
3.458220 3.972250 2.114110
3.452550 3.974160 2.126700
3.444840 3.975200 2.138270
3.435340 3.975340 2.148480
3.424340 3.974560 2.157010
3.412160 3.972900 2.163600
3.399180 3.970410 2.168060
3.385800 3.967150 2.170240
3.372410 3.963240 2.170080
3.359440 3.958790 2.167590
3.347260 3.953930 2.162830
3.336260 3.948810 2.155970
3.326760 3.943590 2.147200
3.319050 3.938420 2.136780
3.313370 3.933470 2.125050
3.309900 3.928880 2.112350
3.308730 3.924790 2.099070
3.309900 3.921330 2.085610
3.313370 3.918610 2.072380
3.319050 3.916700 2.059790
3.326760 3.915660 2.048210
3.336260 3.915520 2.038010
3.347260 3.916300 2.029480
3.359440 3.917960 2.022890
3.372420 3.920450 2.018430

/group/R_incrd_b4/45
45
center_x 0.0 radius 0.8 center_y 0.0 center_x_in_pixels 0 pathId 104 center_y_in_pixels 0 creation_method make_circle transformed_from_LPS 1 shifted_origin {-1.3347 -3.1608 -7.0028} creation_type levelset pos {-35.549494 -40.395346 28.751092} bulk_scale_factor 0.1 nrm {0.080852 0.782385 0.617525} xhat {0.000000 0.619553 -0.784955} posId 45
3.421480 3.673890 2.112030
3.435330 3.673760 2.113680
3.448750 3.675140 2.117190
3.461350 3.677990 2.122450
3.472730 3.682220 2.129300
3.482560 3.687710 2.137530
3.490530 3.694280 2.146900
3.496410 3.701730 2.157120
3.500010 3.709850 2.167870
3.501220 3.718380 2.178840
3.500010 3.727060 2.189680
3.496410 3.735640 2.200070
3.490530 3.743840 2.209700
3.482560 3.751420 2.218260
3.472730 3.758160 2.225510
3.461350 3.763840 2.231220
3.448750 3.768290 2.235210
3.435330 3.771380 2.237370
3.421480 3.773020 2.237630
3.407630 3.773150 2.235980
3.394210 3.771770 2.232470
3.381610 3.768920 2.227210
3.370220 3.764690 2.220360
3.360400 3.759200 2.212120
3.352420 3.752630 2.202760
3.346550 3.745180 2.192540
3.342950 3.737060 2.181790
3.341740 3.728530 2.170820
3.342950 3.719850 2.159980
3.346550 3.711270 2.149590
3.352420 3.703070 2.139960
3.360400 3.695480 2.131390
3.370220 3.688750 2.124150
3.381610 3.683070 2.118440
3.394210 3.678620 2.114450
3.407630 3.675520 2.112290

/group/R_incrd_b4/48
48
center_x 0.1758 radius 0.7 center_y 0.0 center_x_in_pixels 0.5 pathId 104 center_y_in_pixels 0 creation_method make_circle transformed_from_LPS 1 shifted_origin {-1.3347 -3.1608 -7.0028} creation_type levelset pos {-35.402346 -39.466528 29.563221} bulk_scale_factor 0.1 nrm {0.146721 0.715281 0.683261} xhat {0.000000 0.690737 -0.723106} posId 48
3.406760 3.570080 2.192710
3.418790 3.569520 2.194710
3.430450 3.570450 2.198190
3.441390 3.572840 2.203040
3.451270 3.576620 2.209110
3.459810 3.581660 2.216230
3.466730 3.587820 2.224170
3.471830 3.594910 2.232680
3.474960 3.602720 2.241530
3.476010 3.611000 2.250420
3.474960 3.619510 2.259110
3.471830 3.627990 2.267310
3.466730 3.636170 2.274780
3.459810 3.643820 2.281300
3.451270 3.650700 2.286670
3.441390 3.656590 2.290710
3.430450 3.661330 2.293320
3.418790 3.664760 2.294410
3.406760 3.666780 2.293950
3.394740 3.667340 2.291950
3.383080 3.666410 2.288470
3.372140 3.664020 2.283620
3.362260 3.660240 2.277550
3.353720 3.655200 2.270430
3.346800 3.649040 2.262490
3.341700 3.641950 2.253980
3.338570 3.634140 2.245130
3.337520 3.625860 2.236240
3.338570 3.617350 2.227550
3.341700 3.608870 2.219350
3.346800 3.600690 2.211880
3.353720 3.593040 2.205360
3.362260 3.586160 2.199990
3.372140 3.580270 2.195950
3.383080 3.575530 2.193340
3.394740 3.572100 2.192250

/group/R_incrd_b4/53
53
center_x 0.1758 radius 0.7 center_y 0.0 center_x_in_pixels 0.5 pathId 104 center_y_in_pixels 0 creation_method make_circle transformed_from_LPS 1 shifted_origin {-1.3347 -3.1608 -7.0028} creation_type levelset pos {-35.133266 -38.140313 30.900639} bulk_scale_factor 0.1 nrm {0.096295 0.700868 0.706761} xhat {0.000000 0.710061 -0.704140} posId 53
3.379860 3.435760 2.328120
3.391960 3.435690 2.329700
3.403690 3.437140 2.332720
3.414690 3.440050 2.337110
3.424640 3.444340 2.342720
3.433230 3.449880 2.349390
3.440200 3.456510 2.356910
3.445330 3.464010 2.365040
3.448470 3.472160 2.373560
3.449530 3.480720 2.382190
3.448470 3.489430 2.390680
3.445330 3.498010 2.398760
3.440200 3.506210 2.406200
3.433230 3.513780 2.412750
3.424640 3.520490 2.418240
3.414690 3.526140 2.422480
3.403690 3.530550 2.425360
3.391960 3.533590 2.426780
3.379860 3.535170 2.426690
3.367760 3.535240 2.425110
3.356030 3.533800 2.422090
3.345020 3.530890 2.417700
3.335070 3.526590 2.412090
3.326480 3.521050 2.405420
3.319520 3.514430 2.397910
3.314380 3.506930 2.389770
3.311240 3.498770 2.381250
3.310180 3.490210 2.372620
3.311240 3.481510 2.364130
3.314380 3.472930 2.356050
3.319520 3.464730 2.348620
3.326480 3.457150 2.342060
3.335070 3.450440 2.336570
3.345020 3.444800 2.332330
3.356030 3.440390 2.329450
3.367760 3.437340 2.328030

/group/R_incrd_b4/58
58
center_x 0.0 radius 0.7 center_y 0.0 center_x_in_pixels 0 pathId 104 center_y_in_pixels 0 creation_method make_circle transformed_from_LPS 1 shifted_origin {-1.3347 -3.1608 -7.0028} creation_type levelset pos {-35.113515 -37.047468 31.951318} bulk_scale_factor 0.1 nrm {-0.084798 0.735439 0.672264} xhat {0.000000 0.674694 -0.738098} posId 58
3.377880 3.341440 2.443190
3.389990 3.342920 2.443270
3.401740 3.345780 2.444930
3.412760 3.349960 2.448100
3.422710 3.355300 2.452700
3.431310 3.361670 2.458570
3.438290 3.368850 2.465550
3.443420 3.376630 2.473420
3.446570 3.384780 2.481940
3.447630 3.393050 2.490850
3.446570 3.401180 2.499880
3.443420 3.408940 2.508760
3.438280 3.416080 2.517220
3.431310 3.422380 2.524990
3.422710 3.427660 2.531860
3.412760 3.431760 2.537590
3.401740 3.434550 2.542030
3.389990 3.435940 2.545040
3.377880 3.435900 2.546520
3.365770 3.434420 2.546430
3.354030 3.431550 2.544770
3.343010 3.427380 2.541600
3.333050 3.422030 2.537010
3.324450 3.415670 2.531130
3.317480 3.408490 2.524150
3.312340 3.400700 2.516290
3.309190 3.392550 2.507770
3.308130 3.384290 2.498860
3.309190 3.376150 2.489820
3.312340 3.368400 2.480940
3.317480 3.361260 2.472490
3.324450 3.354950 2.464710
3.333050 3.349670 2.457850
3.343010 3.345570 2.452110
3.354030 3.342790 2.447670
3.365770 3.341390 2.444670

/group/R_incrd_b4/64
64
center_x 0.0 radius 0.7 center_y 0.0 center_x_in_pixels 0 pathId 104 center_y_in_pixels 0 creation_method make_circle transformed_from_LPS 1 shifted_origin {-1.3347 -3.1608 -7.0028} creation_type levelset pos {-35.409743 -35.830380 33.026161} bulk_scale_factor 0.1 nrm {-0.253176 0.730435 0.634324} xhat {0.000000 0.655686 -0.755034} posId 64
3.407500 3.221060 2.549480
3.419260 3.224080 2.548270
3.430670 3.228400 2.548700
3.441360 3.233900 2.550750
3.451030 3.240400 2.554380
3.459380 3.247710 2.559460
3.466150 3.255600 2.565850
3.471140 3.263830 2.573340
3.474190 3.272170 2.581710
3.475220 3.280340 2.590720
3.474190 3.288110 2.600070
3.471140 3.295230 2.609490
3.466150 3.301500 2.618700
3.459380 3.306710 2.627410
3.451030 3.310720 2.635350
3.441360 3.313400 2.642300
3.430670 3.314660 2.648030
3.419260 3.314480 2.652370
3.407500 3.312860 2.655190
3.395740 3.309840 2.656400
3.384340 3.305510 2.655980
3.373640 3.300020 2.653920
3.363980 3.293520 2.650290
3.355630 3.286210 2.645210
3.348860 3.278320 2.638830
3.343870 3.270080 2.631330
3.340810 3.261750 2.622960
3.339780 3.253580 2.613960
3.340810 3.245810 2.604600
3.343870 3.238690 2.595180
3.348860 3.232420 2.585970
3.355630 3.227210 2.577260
3.363970 3.223200 2.569320
3.373640 3.220520 2.562370
3.384340 3.219250 2.556650
3.395740 3.219430 2.552300

/group/R_incrd_b4/71
71
center_x 0.0 radius 0.7 center_y 0.0 center_x_in_pixels 0 pathId 104 center_y_in_pixels 0 creation_method make_circle transformed_from_LPS 1 shifted_origin {-1.3347 -3.1608 -7.0028} creation_type levelset pos {-36.062045 -34.187494 34.459600} bulk_scale_factor 0.1 nrm {-0.311731 0.720551 0.619379} xhat {0.000000 0.651861 -0.758339} posId 71
3.472730 3.057040 2.692600
3.484280 3.060610 2.690930
3.495480 3.065450 2.690930
3.505990 3.071430 2.692600
3.515490 3.078350 2.695870
3.523690 3.086020 2.700660
3.530340 3.094190 2.706820
3.535240 3.102610 2.714160
3.538240 3.111040 2.722450
3.539250 3.119220 2.731460
3.538240 3.126890 2.740890
3.535240 3.133830 2.750470
3.530340 3.139820 2.759900
3.523690 3.144680 2.768910
3.515490 3.148260 2.777200
3.505990 3.150460 2.784540
3.495480 3.151210 2.790700
3.484280 3.150480 2.795490
3.472730 3.148300 2.798760
3.461180 3.144730 2.800430
3.449990 3.139890 2.800430
3.439480 3.133910 2.798760
3.429980 3.126990 2.795490
3.421780 3.119320 2.790700
3.415130 3.111150 2.784540
3.410230 3.102730 2.777200
3.407230 3.094300 2.768910
3.406220 3.086120 2.759900
3.407230 3.078450 2.750470
3.410230 3.071510 2.740890
3.415130 3.065520 2.731460
3.421780 3.060660 2.722450
3.429980 3.057080 2.714160
3.439480 3.054880 2.706820
3.449990 3.054130 2.700660
3.461180 3.054860 2.695870

/group/R_incrd_b4/80
80
center_x 0.0 radius 0.7 center_y 0.0 center_x_in_pixels 0 pathId 104 center_y_in_pixels 0 creation_method make_circle transformed_from_LPS 1 shifted_origin {-1.3347 -3.1608 -7.0028} creation_type levelset pos {-37.380633 -31.340453 36.723487} bulk_scale_factor 0.1 nrm {-0.362599 0.753720 0.548113} xhat {0.000000 0.588139 -0.808760} posId 80
3.604590 2.776800 2.915460
3.615920 2.780990 2.913720
3.626910 2.786300 2.913760
3.637210 2.792580 2.915580
3.646530 2.799620 2.919100
3.654570 2.807230 2.924240
3.661090 2.815160 2.930830
3.665900 2.823170 2.938680
3.668840 2.831030 2.947540
3.669830 2.838490 2.957140
3.668840 2.845330 2.967200
3.665900 2.851340 2.977400
3.661090 2.856330 2.987450
3.654570 2.860150 2.997020
3.646530 2.862700 3.005840
3.637210 2.863880 3.013630
3.626910 2.863670 3.020160
3.615920 2.862070 3.025230
3.604590 2.859140 3.028680
3.593260 2.854940 3.030410
3.582280 2.849630 3.030370
3.571980 2.843360 3.028560
3.562660 2.836310 3.025030
3.554620 2.828700 3.019890
3.548100 2.820770 3.013300
3.543290 2.812760 3.005460
3.540350 2.804900 2.996600
3.539360 2.797440 2.987000
3.540350 2.790600 2.976940
3.543290 2.784590 2.966730
3.548100 2.779600 2.956690
3.554620 2.775780 2.947110
3.562660 2.773230 2.938300
3.571980 2.772050 2.930500
3.582280 2.772260 2.923980
3.593260 2.773860 2.918910

/group/R_incrd_b4/86
86
center_x 0.0 radius 0.7 center_y 0.0 center_x_in_pixels 0 pathId 104 center_y_in_pixels 0 creation_method make_circle transformed_from_LPS 1 shifted_origin {-1.3347 -3.1608 -7.0028} creation_type levelset pos {-38.423319 -29.021384 38.383130} bulk_scale_factor 0.1 nrm {-0.299555 0.771483 0.561321} xhat {0.000000 0.588338 -0.808615} posId 86
3.708860 2.544870 3.081430
3.720460 2.548440 3.080150
3.731700 2.553160 3.080620
3.742250 2.558870 3.082840
3.751790 2.565410 3.086740
3.760020 2.572570 3.092200
3.766700 2.580150 3.099050
3.771620 2.587910 3.107080
3.774630 2.595600 3.116050
3.775650 2.603010 3.125700
3.774630 2.609910 3.135710
3.771620 2.616080 3.145800
3.766700 2.621330 3.155650
3.760020 2.625520 3.164970
3.751790 2.628510 3.173460
3.742250 2.630200 3.180880
3.731700 2.630560 3.187000
3.720460 2.629560 3.191630
3.708860 2.627240 3.194640
3.697260 2.623670 3.195920
3.686020 2.618960 3.195440
3.675470 2.613250 3.193220
3.665930 2.606710 3.189320
3.657700 2.599540 3.183870
3.651020 2.591970 3.177020
3.646100 2.584210 3.168990
3.643090 2.576510 3.160010
3.642080 2.569100 3.150370
3.643090 2.562210 3.140350
3.646100 2.556040 3.130270
3.651020 2.550780 3.120420
3.657700 2.546600 3.111100
3.665930 2.543610 3.102600
3.675470 2.541910 3.095180
3.686020 2.541560 3.089060
3.697260 2.542560 3.084430

/group/R_incrd_b4/92
92
center_x 0.0 radius 0.7 center_y 0.0 center_x_in_pixels 0 pathId 104 center_y_in_pixels 0 creation_method make_circle transformed_from_LPS 1 shifted_origin {-1.3347 -3.1608 -7.0028} creation_type levelset pos {-38.944030 -26.953973 40.021359} bulk_scale_factor 0.1 nrm {-0.008829 0.736650 0.676216} xhat {0.000000 0.676243 -0.736679} posId 92
3.760930 2.331980 3.250290
3.773090 2.332780 3.251000
3.784870 2.334990 3.253260
3.795930 2.338550 3.256990
3.805930 2.343350 3.262080
3.814550 2.349240 3.268390
3.821550 2.356040 3.275710
3.826710 2.363550 3.283830
3.829870 2.371550 3.292490
3.830930 2.379770 3.301440
3.829870 2.387990 3.310400
3.826710 2.395940 3.319100
3.821550 2.403380 3.327280
3.814550 2.410090 3.334680
3.805930 2.415870 3.341090
3.795930 2.420540 3.346310
3.784870 2.423960 3.350170
3.773090 2.426010 3.352570
3.760930 2.426650 3.353420
3.748780 2.425860 3.352710
3.736990 2.423640 3.350460
3.725930 2.420080 3.346720
3.715940 2.415290 3.341630
3.707310 2.409400 3.335320
3.700310 2.402590 3.328000
3.695160 2.395080 3.319890
3.692000 2.387090 3.311220
3.690940 2.378860 3.302270
3.692000 2.370650 3.293310
3.695160 2.362700 3.284610
3.700310 2.355250 3.276430
3.707310 2.348540 3.269030
3.715940 2.342760 3.262620
3.725930 2.338090 3.257410
3.736990 2.334680 3.253540
3.748780 2.332620 3.251140

/group/R_incrd_b4/100
100
center_x 0.0 radius 0.7 center_y 0.0 center_x_in_pixels 0 pathId 104 center_y_in_pixels 0 creation_method make_circle transformed_from_LPS 1 shifted_origin {-1.3347 -3.1608 -7.0028} creation_type levelset pos {-38.174284 -25.322030 41.894082} bulk_scale_factor 0.1 nrm {0.573016 0.470804 0.670817} xhat {0.000000 0.818525 -0.574471} posId 100
3.683960 2.158830 3.448920
3.693920 2.155700 3.455230
3.703580 2.154400 3.462570
3.712640 2.154980 3.470720
3.720830 2.157420 3.479430
3.727910 2.161640 3.488430
3.733640 2.167520 3.497460
3.737870 2.174870 3.506230
3.740450 2.183480 3.514480
3.741330 2.193080 3.521960
3.740450 2.203380 3.528440
3.737870 2.214070 3.533730
3.733640 2.224820 3.537670
3.727900 2.235300 3.540130
3.720830 2.245200 3.541040
3.712640 2.254220 3.540370
3.703580 2.262080 3.538150
3.693920 2.268550 3.534430
3.683960 2.273420 3.529340
3.674000 2.276550 3.523030
3.664340 2.277850 3.515690
3.655270 2.277260 3.507540
3.647080 2.274830 3.498830
3.640010 2.270600 3.489830
3.634280 2.264730 3.480800
3.630050 2.257370 3.472030
3.627460 2.248760 3.463780
3.626590 2.239170 3.456300
3.627460 2.228870 3.449810
3.630050 2.218180 3.444520
3.634280 2.207430 3.440590
3.640010 2.196950 3.438130
3.647080 2.187040 3.437220
3.655270 2.178020 3.437890
3.664340 2.170160 3.440110
3.674000 2.163700 3.443820

/group/R_incrd_b4/111
111
center_x -0.1758 radius 0.8 center_y 0.0 center_x_in_pixels -.5 pathId 104 center_y_in_pixels 0 creation_method make_circle transformed_from_LPS 1 shifted_origin {-1.3347 -3.1608 -7.0028} creation_type levelset pos {-36.509654 -24.289021 43.054868} bulk_scale_factor 0.1 nrm {0.717467 0.638077 0.279462} xhat {0.000000 0.401184 -0.915997} posId 111
3.517500 2.087780 3.548030
3.527170 2.079140 3.553140
3.536560 2.071730 3.560330
3.545360 2.065790 3.569360
3.553320 2.061490 3.579980
3.560180 2.058970 3.591850
3.565760 2.058300 3.604610
3.569860 2.059490 3.617890
3.572380 2.062520 3.631260
3.573220 2.067300 3.644340
3.572380 2.073670 3.656710
3.569860 2.081450 3.668010
3.565760 2.090390 3.677890
3.560180 2.100230 3.686050
3.553320 2.110670 3.692250
3.545360 2.121380 3.696290
3.536560 2.132050 3.698050
3.527170 2.142350 3.697480
3.517500 2.151970 3.694590
3.507820 2.160610 3.689480
3.498440 2.168020 3.682290
3.489630 2.173960 3.673260
3.481670 2.178260 3.662640
3.474810 2.180780 3.650770
3.469230 2.181450 3.638010
3.465130 2.180260 3.624740
3.462610 2.177230 3.611360
3.461770 2.172450 3.598280
3.462610 2.166080 3.585910
3.465130 2.158300 3.574610
3.469230 2.149360 3.564730
3.474810 2.139520 3.556570
3.481670 2.129080 3.550370
3.489630 2.118370 3.546330
3.498440 2.107700 3.544570
3.507820 2.097400 3.545150

/group/R_incrd_b4/119
119
center_x -0.1758 radius 0.7 center_y 0.0 center_x_in_pixels -.5 pathId 104 center_y_in_pixels 0 creation_method make_circle transformed_from_LPS 1 shifted_origin {-1.3347 -3.1608 -7.0028} creation_type levelset pos {-35.833513 -22.881190 43.647374} bulk_scale_factor 0.1 nrm {0.183528 0.883233 0.431528} xhat {0.000000 0.438985 -0.898495} posId 119
3.449880 1.949030 3.617360
3.461830 1.947490 3.619290
3.473420 1.946930 3.623080
3.484290 1.947370 3.628600
3.494110 1.948800 3.635700
3.502590 1.951160 3.644150
3.509470 1.954400 3.653690
3.514540 1.958400 3.664040
3.517650 1.963050 3.674890
3.518690 1.968210 3.685890
3.517650 1.973720 3.696730
3.514540 1.979420 3.707060
3.509470 1.985120 3.716580
3.502590 1.990670 3.725000
3.494110 1.995880 3.732060
3.484290 2.000600 3.737540
3.473420 2.004680 3.741280
3.461830 2.008010 3.743170
3.449880 2.010490 3.743150
3.437930 2.012020 3.741210
3.426350 2.012580 3.737430
3.415480 2.012140 3.731900
3.405650 2.010720 3.724810
3.397170 2.008350 3.716360
3.390290 2.005120 3.706820
3.385220 2.001110 3.696460
3.382120 1.996460 3.685620
3.381070 1.991300 3.674610
3.382120 1.985790 3.663780
3.385220 1.980090 3.653440
3.390290 1.974390 3.643920
3.397170 1.968850 3.635500
3.405650 1.963640 3.628450
3.415480 1.958920 3.622960
3.426350 1.954830 3.619220
3.437930 1.951500 3.617330

/group/R_incrd_b4/124
124
center_x 0.0 radius 0.7 center_y 0.0 center_x_in_pixels 0 pathId 104 center_y_in_pixels 0 creation_method make_circle transformed_from_LPS 1 shifted_origin {-1.3347 -3.1608 -7.0028} creation_type levelset pos {-35.595763 -21.174252 44.567039} bulk_scale_factor 0.1 nrm {0.083943 0.861140 0.501390} xhat {0.000000 0.503166 -0.864190} posId 124
3.426110 1.766120 3.695930
3.438220 1.765780 3.697360
3.449960 1.766510 3.700590
3.460980 1.768300 3.705510
3.470940 1.771100 3.711980
3.479540 1.774820 3.719800
3.486510 1.779340 3.728740
3.491650 1.784530 3.738510
3.494800 1.790230 3.748830
3.495860 1.796270 3.759380
3.494800 1.802460 3.769840
3.491650 1.808620 3.779890
3.486510 1.814560 3.789230
3.479540 1.820100 3.797570
3.470940 1.825060 3.804670
3.460980 1.829310 3.810290
3.449960 1.832710 3.814280
3.438220 1.835150 3.816510
3.426110 1.836570 3.816920
3.413990 1.836910 3.815480
3.402250 1.836180 3.812260
3.391230 1.834390 3.807330
3.381270 1.831590 3.800860
3.372670 1.827880 3.793040
3.365700 1.823350 3.784110
3.360560 1.818160 3.774340
3.357410 1.812460 3.764020
3.356350 1.806420 3.753470
3.357410 1.800230 3.743010
3.360560 1.794070 3.732960
3.365700 1.788130 3.723620
3.372670 1.782600 3.715270
3.381270 1.777630 3.708180
3.391230 1.773380 3.702560
3.402250 1.769980 3.698570
3.413990 1.767540 3.696340

/group/R_incrd_b4/131
131
center_x 0.0 radius 0.7 center_y 0.0 center_x_in_pixels 0 pathId 104 center_y_in_pixels 0 creation_method make_circle transformed_from_LPS 1 shifted_origin {-1.3347 -3.1608 -7.0028} creation_type levelset pos {-35.395071 -18.573662 46.277914} bulk_scale_factor 0.1 nrm {0.056950 0.790025 0.610423} xhat {0.000000 0.611416 -0.791310} posId 131
3.406040 1.498490 3.872120
3.418170 1.498590 3.873380
3.429940 1.499990 3.876290
3.440980 1.502640 3.880760
3.450960 1.506470 3.886650
3.459570 1.511360 3.893770
3.466560 1.517150 3.901930
3.471710 1.523680 3.910860
3.474860 1.530750 3.920290
3.475920 1.538130 3.929950
3.474860 1.545610 3.939530
3.471710 1.552960 3.948750
3.466560 1.559950 3.957320
3.459570 1.566380 3.964980
3.450960 1.572040 3.971510
3.440980 1.576770 3.976700
3.429940 1.580430 3.980400
3.418170 1.582890 3.982480
3.406040 1.584090 3.982900
3.393900 1.583980 3.981640
3.382130 1.582580 3.978730
3.371090 1.579930 3.974260
3.361120 1.576100 3.968380
3.352500 1.571210 3.961250
3.345510 1.565420 3.953100
3.340370 1.558890 3.944170
3.337210 1.551820 3.934730
3.336150 1.544440 3.925070
3.337210 1.536960 3.915490
3.340370 1.529610 3.906280
3.345510 1.522620 3.897700
3.352500 1.516190 3.890040
3.361110 1.510530 3.883510
3.371090 1.505800 3.878320
3.382130 1.502150 3.874630
3.393900 1.499690 3.872540

/group/R_incrd_b4/139
139
center_x 0.0 radius 0.7 center_y -0.3516 center_x_in_pixels 0 pathId 104 center_y_in_pixels -1 creation_method make_circle transformed_from_LPS 1 shifted_origin {-1.3347 -3.1608 -7.0028} creation_type levelset pos {-35.159159 -16.664200 48.165694} bulk_scale_factor 0.1 nrm {0.158939 0.600827 0.783419} xhat {0.000000 0.793505 -0.608563} posId 139
3.347730 1.298200 4.069260
3.359730 1.297860 4.071440
3.371370 1.299230 4.074840
3.382290 1.302250 4.079380
3.392160 1.306840 4.084900
3.400670 1.312850 4.091240
3.407580 1.320100 4.098200
3.412680 1.328380 4.105580
3.415790 1.337430 4.113150
3.416840 1.346970 4.120680
3.415790 1.356720 4.127950
3.412680 1.366380 4.134720
3.407580 1.375650 4.140800
3.400670 1.384260 4.146000
3.392160 1.391940 4.150160
3.382290 1.398460 4.153160
3.371370 1.403620 4.154900
3.359730 1.407270 4.155340
3.347730 1.409290 4.154450
3.335730 1.409620 4.152270
3.324100 1.408250 4.148870
3.313180 1.405230 4.144330
3.303310 1.400640 4.138810
3.294790 1.394630 4.132470
3.287880 1.387380 4.125510
3.282790 1.379100 4.118130
3.279670 1.370050 4.110560
3.278620 1.360510 4.103030
3.279670 1.350760 4.095760
3.282790 1.341110 4.088990
3.287880 1.331830 4.082910
3.294790 1.323220 4.077710
3.303310 1.315540 4.073550
3.313180 1.309020 4.070550
3.324100 1.303860 4.068810
3.335730 1.300220 4.068370

/group/R_incrd_b4/147
147
center_x 0.0 radius 0.6 center_y -0.3516 center_x_in_pixels 0 pathId 104 center_y_in_pixels -1 creation_method make_circle transformed_from_LPS 1 shifted_origin {-1.3347 -3.1608 -7.0028} creation_type levelset pos {-34.538325 -15.542025 49.827073} bulk_scale_factor 0.1 nrm {0.454482 0.487624 0.745432} xhat {0.000000 0.836853 -0.547427} posId 147
3.289040 1.196660 4.236210
3.298320 1.194830 4.240670
3.307320 1.194580 4.245990
3.315770 1.195920 4.252020
3.323400 1.198810 4.258560
3.329990 1.203160 4.265420
3.335330 1.208840 4.272390
3.339270 1.215670 4.279260
3.341680 1.223450 4.285820
3.342490 1.231940 4.291880
3.341680 1.240890 4.297230
3.339270 1.250020 4.301730
3.335330 1.259050 4.305240
3.329980 1.267710 4.307650
3.323400 1.275740 4.308880
3.315770 1.282890 4.308910
3.307320 1.288950 4.307720
3.298320 1.293730 4.305360
3.289040 1.297080 4.301900
3.279760 1.298910 4.297440
3.270760 1.299160 4.292110
3.262320 1.297820 4.286090
3.254690 1.294930 4.279550
3.248100 1.290580 4.272690
3.242760 1.284900 4.265710
3.238820 1.278070 4.258840
3.236410 1.270290 4.252280
3.235600 1.261800 4.246230
3.236410 1.252850 4.240880
3.238820 1.243720 4.236380
3.242760 1.234690 4.232870
3.248100 1.226030 4.230460
3.254690 1.218000 4.229230
3.262320 1.210850 4.229200
3.270760 1.204790 4.230380
3.279760 1.200010 4.232750

/group/R_incrd_b4/156
156
center_x 0.0 radius 0.6 center_y 0.0 center_x_in_pixels 0 pathId 104 center_y_in_pixels 0 creation_method make_circle transformed_from_LPS 1 shifted_origin {-1.3347 -3.1608 -7.0028} creation_type levelset pos {-32.889064 -14.203460 51.668356} bulk_scale_factor 0.1 nrm {0.660004 0.477372 0.580096} xhat {0.000000 0.772162 -0.635426} posId 156
3.155440 1.057940 4.428430
3.163260 1.054270 4.434320
3.170850 1.052120 4.441190
3.177970 1.051560 4.448830
3.184410 1.052600 4.457000
3.189970 1.055210 4.465470
3.194470 1.059310 4.473970
3.197790 1.064770 4.482250
3.199830 1.071440 4.490050
3.200510 1.079100 4.497130
3.199830 1.087530 4.503290
3.197790 1.096470 4.508330
3.194470 1.105640 4.512100
3.189970 1.114770 4.514490
3.184410 1.123580 4.515420
3.177970 1.131810 4.514860
3.170850 1.139200 4.512840
3.163260 1.145520 4.509410
3.155440 1.150600 4.504680
3.147610 1.154260 4.498790
3.140020 1.156410 4.491920
3.132900 1.156970 4.484280
3.126460 1.155930 4.476110
3.120910 1.153320 4.467640
3.116400 1.149220 4.459140
3.113080 1.143760 4.450860
3.111050 1.137090 4.443060
3.110360 1.129430 4.435980
3.111050 1.121000 4.429820
3.113080 1.112070 4.424780
3.116400 1.102890 4.421010
3.120910 1.093760 4.418620
3.126460 1.084950 4.417690
3.132900 1.076720 4.418250
3.140020 1.069340 4.420270
3.147610 1.063010 4.423700

