/group/R_incrd_b1/0
0
center_x 0.0 radius 1 center_y 0.0 center_x_in_pixels 0 pathId 101 center_y_in_pixels 0 creation_method make_circle transformed_from_LPS 1 shifted_origin {-1.3347 -3.1608 -7.0028} creation_type levelset pos {-28.735500 -47.465599 24.341000} bulk_scale_factor 0.1 nrm {0.264860 -0.810900 0.521814} xhat {0.000000 0.541140 0.840932} posId 0
2.740080 4.376370 1.817910
2.756820 4.381060 1.819120
2.773060 4.387250 1.817740
2.788290 4.394750 1.813810
2.802060 4.403340 1.807450
2.813950 4.412760 1.798850
2.823590 4.422710 1.788280
2.830690 4.432900 1.776050
2.835040 4.443020 1.762540
2.836510 4.452750 1.748150
2.835040 4.461810 1.733330
2.830690 4.469920 1.718530
2.823590 4.476830 1.704190
2.813950 4.482330 1.690750
2.802060 4.486250 1.678610
2.788290 4.488480 1.668160
2.773060 4.488950 1.659700
2.756820 4.487640 1.653490
2.740080 4.484590 1.649730
2.723330 4.479900 1.648520
2.707100 4.473710 1.649900
2.691870 4.466210 1.653830
2.678100 4.457620 1.660190
2.666210 4.448200 1.668790
2.656570 4.438250 1.679360
2.649470 4.428060 1.691590
2.645120 4.417940 1.705100
2.643650 4.408210 1.719490
2.645120 4.399150 1.734310
2.649470 4.391040 1.749110
2.656570 4.384130 1.763450
2.666210 4.378630 1.776890
2.678100 4.374710 1.789030
2.691870 4.372480 1.799480
2.707100 4.372010 1.807940
2.723330 4.373320 1.814150

/group/R_incrd_b1/5
5
center_x 0.0 radius 1 center_y 0.0 center_x_in_pixels 0 pathId 101 center_y_in_pixels 0 creation_method make_circle transformed_from_LPS 1 shifted_origin {-1.3347 -3.1608 -7.0028} creation_type levelset pos {-28.453261 -48.141166 24.921547} bulk_scale_factor 0.1 nrm {0.331680 -0.628256 0.703763} xhat {0.000000 0.745992 0.665955} posId 5
2.711860 4.423440 1.858470
2.728240 4.428410 1.861750
2.744120 4.435490 1.862920
2.759030 4.444480 1.861920
2.772500 4.455090 1.858790
2.784120 4.467010 1.853640
2.793560 4.479870 1.846600
2.800510 4.493280 1.837900
2.804760 4.506840 1.827810
2.806200 4.520130 1.816620
2.804760 4.532740 1.804680
2.800510 4.544310 1.792350
2.793560 4.554470 1.780000
2.784120 4.562910 1.768020
2.772500 4.569380 1.756760
2.759030 4.573690 1.746570
2.744120 4.575690 1.737760
2.728240 4.575340 1.730590
2.711860 4.572640 1.725280
2.695470 4.567670 1.721990
2.679590 4.560580 1.720830
2.664690 4.551600 1.721830
2.651220 4.540990 1.724950
2.639590 4.529070 1.730110
2.630160 4.516210 1.737150
2.623210 4.502800 1.745850
2.618950 4.489240 1.755940
2.617520 4.475950 1.767130
2.618950 4.463330 1.779070
2.623210 4.451770 1.791400
2.630160 4.441610 1.803740
2.639590 4.433160 1.815730
2.651220 4.426690 1.826980
2.664690 4.422390 1.837180
2.679590 4.420380 1.845990
2.695470 4.420740 1.853160

/group/R_incrd_b1/9
9
center_x -0.1758 radius 1 center_y 0.0 center_x_in_pixels -.5 pathId 101 center_y_in_pixels 0 creation_method make_circle transformed_from_LPS 1 shifted_origin {-1.3347 -3.1608 -7.0028} creation_type levelset pos {-28.001524 -48.603487 25.931190} bulk_scale_factor 0.1 nrm {0.386546 0.037455 0.921509} xhat {0.000000 0.999175 -0.040612} posId 9
2.666680 4.461920 1.889490
2.682700 4.463160 1.896260
2.698230 4.467410 1.902950
2.712800 4.474520 1.909350
2.725960 4.484280 1.915270
2.737330 4.496410 1.920530
2.746550 4.510520 1.924970
2.753350 4.526190 1.928460
2.757510 4.542940 1.930880
2.758910 4.560260 1.932180
2.757510 4.577640 1.932290
2.753350 4.594530 1.931240
2.746550 4.610430 1.929030
2.737330 4.624860 1.925750
2.725960 4.637370 1.921490
2.712800 4.647580 1.916380
2.698230 4.655190 1.910580
2.682700 4.659960 1.904260
2.666680 4.661750 1.897610
2.650670 4.660510 1.890850
2.635140 4.656260 1.884160
2.620570 4.649150 1.877760
2.607400 4.639380 1.871840
2.596030 4.627260 1.866580
2.586810 4.613150 1.862140
2.580020 4.597480 1.858650
2.575860 4.580730 1.856220
2.574460 4.563400 1.854930
2.575860 4.546030 1.854810
2.580020 4.529140 1.855870
2.586810 4.513230 1.858070
2.596030 4.498810 1.861360
2.607400 4.486300 1.865620
2.620570 4.476090 1.870720
2.635140 4.468480 1.876530
2.650670 4.463710 1.882850

/group/R_incrd_b1/13
13
center_x -0.1758 radius 1 center_y -0.1758 center_x_in_pixels -.5 pathId 101 center_y_in_pixels -.5 creation_method make_circle transformed_from_LPS 1 shifted_origin {-1.3347 -3.1608 -7.0028} creation_type levelset pos {-27.569308 -48.101521 27.081063} bulk_scale_factor 0.1 nrm {0.248335 0.574314 0.780060} xhat {0.000000 0.805286 -0.592887} posId 13
2.606430 4.430290 1.955440
2.623250 4.428960 1.959820
2.639560 4.430110 1.965860
2.654870 4.433720 1.973390
2.668700 4.439660 1.982170
2.680640 4.447780 1.991940
2.690320 4.457800 2.002410
2.697460 4.469440 2.013250
2.701830 4.482330 2.024130
2.703300 4.496090 2.034730
2.701830 4.510300 2.044720
2.697460 4.524520 2.053800
2.690320 4.538330 2.061700
2.680640 4.551300 2.068160
2.668700 4.563040 2.073010
2.654870 4.573190 2.076080
2.639560 4.581450 2.077290
2.623250 4.587570 2.076590
2.606430 4.591350 2.074020
2.589610 4.592680 2.069650
2.573300 4.591530 2.063610
2.558000 4.587920 2.056080
2.544170 4.581970 2.047300
2.532230 4.573860 2.037520
2.522540 4.563830 2.027060
2.515410 4.552200 2.016220
2.511040 4.539300 2.005330
2.509560 4.525540 1.994740
2.511040 4.511330 1.984740
2.515410 4.497110 1.975660
2.522540 4.483300 1.967770
2.532230 4.470330 1.961300
2.544170 4.458590 1.956460
2.558000 4.448440 1.953390
2.573300 4.440180 1.952180
2.589610 4.434070 1.952870

/group/R_incrd_b1/18
18
center_x 0.0 radius 1 center_y -0.1758 center_x_in_pixels 0 pathId 101 center_y_in_pixels -.5 creation_method make_circle transformed_from_LPS 1 shifted_origin {-1.3347 -3.1608 -7.0028} creation_type levelset pos {-27.311840 -47.025604 28.369794} bulk_scale_factor 0.1 nrm {0.004742 0.617726 0.786379} xhat {0.000000 0.786388 -0.617733} posId 18
2.580130 4.307890 2.074860
2.597500 4.309040 2.075860
2.614340 4.312540 2.078710
2.630130 4.318280 2.083320
2.644410 4.326100 2.089550
2.656740 4.335760 2.097210
2.666740 4.346960 2.106070
2.674100 4.359360 2.115860
2.678610 4.372590 2.126270
2.680130 4.386240 2.137010
2.678610 4.399900 2.147730
2.674100 4.413150 2.158110
2.666740 4.425600 2.167840
2.656740 4.436860 2.176630
2.644410 4.446580 2.184190
2.630130 4.454490 2.190320
2.614340 4.460330 2.194810
2.597500 4.463930 2.197530
2.580130 4.465170 2.198410
2.562770 4.464030 2.197400
2.545930 4.460530 2.194550
2.530130 4.454780 2.189940
2.515860 4.446960 2.183720
2.503530 4.437300 2.176060
2.493530 4.426100 2.167200
2.486170 4.413700 2.157410
2.481650 4.400480 2.146990
2.480140 4.386820 2.136260
2.481650 4.373170 2.125540
2.486170 4.359910 2.115160
2.493530 4.347470 2.105420
2.503530 4.336210 2.096640
2.515860 4.326480 2.089070
2.530140 4.318580 2.082950
2.545930 4.312740 2.078460
2.562770 4.309140 2.075730

/group/R_incrd_b1/25
25
center_x 0.0 radius 0.9 center_y 0.0 center_x_in_pixels 0 pathId 101 center_y_in_pixels 0 creation_method make_circle transformed_from_LPS 1 shifted_origin {-1.3347 -3.1608 -7.0028} creation_type levelset pos {-27.685241 -46.290810 29.612864} bulk_scale_factor 0.1 nrm {-0.470393 0.352445 0.809020} xhat {0.000000 0.916781 -0.399391} posId 25
2.635050 4.230490 2.225060
2.648850 4.234680 2.218870
2.662220 4.241250 2.213950
2.674760 4.250000 2.210470
2.686110 4.260660 2.208520
2.695890 4.272920 2.208170
2.703830 4.286390 2.209420
2.709690 4.300670 2.212240
2.713270 4.315320 2.216540
2.714480 4.329910 2.222190
2.713270 4.343980 2.229030
2.709690 4.357110 2.236830
2.703830 4.368900 2.245370
2.695890 4.378990 2.254380
2.686110 4.387080 2.263590
2.674770 4.392910 2.272730
2.662220 4.396320 2.281510
2.648850 4.397190 2.289670
2.635050 4.395510 2.296950
2.621260 4.391320 2.303150
2.607890 4.384750 2.308060
2.595340 4.376000 2.311540
2.584000 4.365340 2.313490
2.574210 4.353080 2.313840
2.566270 4.339610 2.312590
2.560420 4.325330 2.309770
2.556840 4.310680 2.305470
2.555630 4.296090 2.299820
2.556840 4.282020 2.292990
2.560420 4.268890 2.285180
2.566270 4.257100 2.276650
2.574210 4.247010 2.267630
2.584000 4.238930 2.258420
2.595340 4.233090 2.249280
2.607890 4.229680 2.240500
2.621260 4.228810 2.232350

/group/R_incrd_b1/33
33
center_x -0.1758 radius 0.8 center_y 0.1758 center_x_in_pixels -.5 pathId 101 center_y_in_pixels .5 creation_method make_circle transformed_from_LPS 1 shifted_origin {-1.3347 -3.1608 -7.0028} creation_type levelset pos {-28.835602 -45.809600 31.024689} bulk_scale_factor 0.1 nrm {-0.758220 0.098428 0.644527} xhat {0.000000 0.988539 -0.150963} posId 33
2.761550 4.205190 2.379590
2.770610 4.207980 2.369360
2.779390 4.213090 2.359810
2.787630 4.220360 2.351230
2.795080 4.229580 2.343870
2.801510 4.240450 2.337970
2.806720 4.252660 2.333700
2.810570 4.265830 2.331190
2.812920 4.279560 2.330520
2.813710 4.293430 2.331700
2.812920 4.307020 2.334710
2.810570 4.319920 2.339450
2.806720 4.331740 2.345780
2.801510 4.342120 2.353500
2.795080 4.350740 2.362370
2.787630 4.357340 2.372140
2.779390 4.361720 2.382510
2.770610 4.363740 2.393150
2.761550 4.363350 2.403740
2.752490 4.360560 2.413970
2.743710 4.355450 2.423520
2.735470 4.348180 2.432110
2.728020 4.338970 2.439460
2.721600 4.328090 2.445360
2.716380 4.315880 2.449630
2.712540 4.302710 2.452140
2.710180 4.288990 2.452810
2.709390 4.275110 2.451630
2.710180 4.261520 2.448620
2.712540 4.248620 2.443880
2.716380 4.236800 2.437560
2.721600 4.226420 2.429840
2.728020 4.217800 2.420960
2.735470 4.211200 2.411190
2.743710 4.206830 2.400830
2.752490 4.204800 2.390190

/group/R_incrd_b1/38
38
center_x -0.1758 radius 0.8 center_y 0.0 center_x_in_pixels -.5 pathId 101 center_y_in_pixels 0 creation_method make_circle transformed_from_LPS 1 shifted_origin {-1.3347 -3.1608 -7.0028} creation_type levelset pos {-30.516126 -45.814697 32.140460} bulk_scale_factor 0.1 nrm {-0.887897 -0.065115 0.455411} xhat {0.000000 0.989932 0.141541} posId 38
2.918140 4.203600 2.522600
2.924530 4.203060 2.510220
2.930730 4.204940 2.497870
2.936540 4.209180 2.485930
2.941800 4.215660 2.474750
2.946340 4.224190 2.464690
2.950020 4.234490 2.456040
2.952730 4.246260 2.449070
2.954390 4.259140 2.444000
2.954950 4.272740 2.440960
2.954390 4.286640 2.440060
2.952730 4.300430 2.441330
2.950020 4.313680 2.444720
2.946340 4.326000 2.450130
2.941800 4.337000 2.457400
2.936540 4.346350 2.466310
2.930730 4.353770 2.476590
2.924530 4.359040 2.487920
2.918140 4.361990 2.499950
2.911750 4.362530 2.512340
2.905560 4.360650 2.524690
2.899740 4.356400 2.536630
2.894490 4.349920 2.547800
2.889950 4.341400 2.557870
2.886270 4.331100 2.566510
2.883560 4.319330 2.573480
2.881900 4.306450 2.578560
2.881340 4.292850 2.581590
2.881900 4.278940 2.582490
2.883560 4.265150 2.581230
2.886270 4.251900 2.577840
2.889950 4.239590 2.572420
2.894490 4.228590 2.565150
2.899740 4.219230 2.556240
2.905560 4.211810 2.545970
2.911750 4.206550 2.534640

/group/R_incrd_b1/44
44
center_x 0.0 radius 0.8 center_y 0.0 center_x_in_pixels 0 pathId 101 center_y_in_pixels 0 creation_method make_circle transformed_from_LPS 1 shifted_origin {-1.3347 -3.1608 -7.0028} creation_type levelset pos {-33.196617 -46.088875 32.841887} bulk_scale_factor 0.1 nrm {-0.992889 -0.104344 -0.057301} xhat {0.000000 0.481350 -0.876528} posId 44
3.186190 4.254300 2.513790
3.184540 4.266970 2.508210
3.182930 4.280430 2.504940
3.181430 4.294270 2.504060
3.180070 4.308060 2.505620
3.178900 4.321390 2.509550
3.177940 4.333850 2.515740
3.177240 4.345060 2.524000
3.176810 4.354690 2.534080
3.176670 4.362430 2.545670
3.176810 4.368060 2.558430
3.177240 4.371400 2.571960
3.177940 4.372360 2.585860
3.178900 4.370890 2.599690
3.180070 4.367060 2.613050
3.181430 4.360970 2.625520
3.182930 4.352810 2.636730
3.184540 4.342820 2.646330
3.186190 4.331320 2.654030
3.187850 4.318640 2.659600
3.189450 4.305180 2.662880
3.190950 4.291340 2.663750
3.192310 4.277550 2.662200
3.193490 4.264230 2.658270
3.194440 4.251770 2.652080
3.195140 4.240550 2.643820
3.195570 4.230930 2.633740
3.195720 4.223180 2.622140
3.195570 4.217550 2.609390
3.195140 4.214210 2.595850
3.194440 4.213260 2.581960
3.193490 4.214720 2.568120
3.192310 4.218560 2.554770
3.190950 4.224650 2.542300
3.189450 4.232810 2.531090
3.187850 4.242790 2.521490

/group/R_incrd_b1/48
48
center_x 0.1758 radius 0.8 center_y 0.1758 center_x_in_pixels .5 pathId 101 center_y_in_pixels 0.5 creation_method make_circle transformed_from_LPS 1 shifted_origin {-1.3347 -3.1608 -7.0028} creation_type levelset pos {-34.818362 -46.072678 32.420242} bulk_scale_factor 0.1 nrm {-0.878995 0.219634 -0.423235} xhat {0.000000 0.887601 0.460613} posId 48
3.339980 4.197460 2.572970
3.333360 4.192910 2.561580
3.326940 4.190660 2.549410
3.320910 4.190780 2.536830
3.315460 4.193250 2.524230
3.310760 4.198010 2.512000
3.306950 4.204910 2.500500
3.304140 4.213740 2.490080
3.302420 4.224240 2.481060
3.301840 4.236080 2.473710
3.302420 4.248900 2.468260
3.304140 4.262320 2.464870
3.306950 4.275920 2.463650
3.310760 4.289300 2.464630
3.315460 4.302040 2.467780
3.320910 4.313770 2.473010
3.326940 4.324110 2.480150
3.333360 4.332770 2.489000
3.339980 4.339470 2.499280
3.346610 4.344020 2.510680
3.353030 4.346270 2.522850
3.359060 4.346160 2.535420
3.364500 4.343680 2.548020
3.369210 4.338920 2.560250
3.373020 4.332020 2.571750
3.375830 4.323190 2.582170
3.377550 4.312690 2.591190
3.378130 4.300860 2.598540
3.377550 4.288030 2.603990
3.375830 4.274620 2.607380
3.373020 4.261010 2.608600
3.369210 4.247640 2.607630
3.364500 4.234890 2.604470
3.359060 4.223170 2.599250
3.353030 4.212820 2.592100
3.346610 4.204160 2.583250

/group/R_incrd_b1/54
54
center_x 0.1758 radius 0.8 center_y 0.1758 center_x_in_pixels .5 pathId 101 center_y_in_pixels 0.5 creation_method make_circle transformed_from_LPS 1 shifted_origin {-1.3347 -3.1608 -7.0028} creation_type levelset pos {-36.203286 -44.207953 31.268478} bulk_scale_factor 0.1 nrm {-0.172293 0.939325 -0.296621} xhat {0.000000 0.301124 0.953585} posId 54
3.469540 4.072440 2.518710
3.455860 4.070530 2.516830
3.442590 4.069400 2.512690
3.430140 4.069100 2.506410
3.418890 4.069630 2.498190
3.409170 4.070980 2.488280
3.401300 4.073110 2.476970
3.395490 4.075940 2.464610
3.391940 4.079410 2.451580
3.390740 4.083390 2.438270
3.391940 4.087770 2.425090
3.395490 4.092420 2.412430
3.401300 4.097200 2.400680
3.409170 4.101950 2.390200
3.418890 4.106540 2.381310
3.430140 4.110820 2.374280
3.442590 4.114670 2.369310
3.455860 4.117970 2.366570
3.469540 4.120620 2.366130
3.483230 4.122540 2.368010
3.496490 4.123670 2.372150
3.508940 4.123970 2.378430
3.520200 4.123440 2.386650
3.529910 4.122090 2.396560
3.537790 4.119960 2.407870
3.543590 4.117120 2.420230
3.547150 4.113660 2.433260
3.548350 4.109680 2.446570
3.547150 4.105290 2.459750
3.543590 4.100650 2.472410
3.537790 4.095870 2.484160
3.529910 4.091120 2.494640
3.520200 4.086530 2.503530
3.508940 4.082240 2.510560
3.496490 4.078390 2.515530
3.483230 4.075090 2.518270

/group/R_incrd_b1/57
57
center_x -0.1758 radius 0.8 center_y -0.1758 center_x_in_pixels -.5 pathId 101 center_y_in_pixels -.5 creation_method make_circle transformed_from_LPS 1 shifted_origin {-1.3347 -3.1608 -7.0028} creation_type levelset pos {-36.403873 -42.348396 30.840726} bulk_scale_factor 0.1 nrm {-0.062745 0.987021 -0.147828} xhat {0.000000 0.148119 0.988969} posId 57
3.524460 3.910600 2.445690
3.510600 3.909920 2.444360
3.497150 3.909620 2.440660
3.484540 3.909710 2.434720
3.473140 3.910190 2.426700
3.463300 3.911030 2.416860
3.455320 3.912230 2.405480
3.449440 3.913740 2.392930
3.445830 3.915510 2.379580
3.444620 3.917490 2.365830
3.445830 3.919620 2.352100
3.449440 3.921840 2.338810
3.455320 3.924080 2.326370
3.463300 3.926270 2.315140
3.473140 3.928340 2.305480
3.484540 3.930230 2.297680
3.497160 3.931890 2.291970
3.510600 3.933260 2.288530
3.524460 3.934300 2.287450
3.538330 3.934990 2.288780
3.551770 3.935290 2.292480
3.564380 3.935200 2.298420
3.575780 3.934720 2.306440
3.585630 3.933870 2.316280
3.593610 3.932680 2.327660
3.599490 3.931170 2.340210
3.603090 3.929400 2.353560
3.604300 3.927420 2.367310
3.603090 3.925290 2.381040
3.599490 3.923070 2.394330
3.593610 3.920830 2.406770
3.585630 3.918640 2.418000
3.575780 3.916570 2.427660
3.564380 3.914670 2.435460
3.551770 3.913020 2.441170
3.538330 3.911650 2.444610

/group/R_incrd_b1/60
60
center_x 0.0 radius 0.8 center_y 0.0 center_x_in_pixels 0 pathId 101 center_y_in_pixels 0 creation_method make_circle transformed_from_LPS 1 shifted_origin {-1.3347 -3.1608 -7.0028} creation_type levelset pos {-36.532976 -40.358047 30.707987} bulk_scale_factor 0.1 nrm {-0.088242 0.995434 0.036388} xhat {0.000000 0.036531 -0.999333} posId 60
3.519830 3.716800 2.290570
3.533670 3.718070 2.291740
3.547080 3.719390 2.295310
3.559670 3.720720 2.301150
3.571050 3.722020 2.309110
3.580870 3.723250 2.318930
3.588840 3.724370 2.330320
3.594710 3.725350 2.342930
3.598300 3.726160 2.356380
3.599520 3.726780 2.370260
3.598300 3.727180 2.384150
3.594710 3.727350 2.397620
3.588840 3.727300 2.410270
3.580870 3.727010 2.421710
3.571050 3.726500 2.431600
3.559670 3.725780 2.439630
3.547080 3.724880 2.445560
3.533670 3.723830 2.449210
3.519830 3.722650 2.450470
3.505990 3.721380 2.449300
3.492570 3.720060 2.445730
3.479980 3.718730 2.439880
3.468610 3.717430 2.431930
3.458780 3.716200 2.422100
3.450820 3.715080 2.410720
3.444950 3.714090 2.398100
3.441350 3.713280 2.384650
3.440140 3.712670 2.370780
3.441350 3.712270 2.356890
3.444950 3.712100 2.343420
3.450820 3.712150 2.330770
3.458780 3.712440 2.319330
3.468600 3.712950 2.309440
3.479980 3.713670 2.301410
3.492570 3.714570 2.295480
3.505990 3.715620 2.291830

/group/R_incrd_b1/63
63
center_x 0.0 radius 0.7 center_y 0.0 center_x_in_pixels 0 pathId 101 center_y_in_pixels 0 creation_method make_circle transformed_from_LPS 1 shifted_origin {-1.3347 -3.1608 -7.0028} creation_type levelset pos {-36.775577 -38.612111 30.980840} bulk_scale_factor 0.1 nrm {-0.185789 0.941329 0.281748} xhat {0.000000 0.286740 -0.958008} posId 63
3.544090 3.525060 2.330740
3.556030 3.527530 2.331110
3.567610 3.530530 2.333510
3.578480 3.533980 2.337860
3.588300 3.537760 2.344040
3.596780 3.541770 2.351840
3.603650 3.545890 2.361040
3.608720 3.549970 2.371360
3.611820 3.553920 2.382490
3.612870 3.557590 2.394080
3.611820 3.560890 2.405780
3.608720 3.563700 2.417240
3.603650 3.565960 2.428110
3.596780 3.567580 2.438050
3.588300 3.568520 2.446780
3.578480 3.568740 2.454020
3.567610 3.568250 2.459540
3.556030 3.567060 2.463200
3.544090 3.565200 2.464860
3.532140 3.562730 2.464490
3.520560 3.559730 2.462100
3.509700 3.556280 2.457740
3.499880 3.552500 2.451570
3.491400 3.548490 2.443770
3.484520 3.544380 2.434560
3.479450 3.540290 2.424240
3.476350 3.536350 2.413120
3.475310 3.532670 2.401530
3.476350 3.529380 2.389830
3.479450 3.526560 2.378370
3.484520 3.524310 2.367500
3.491400 3.522690 2.357560
3.499880 3.521750 2.348830
3.509700 3.521520 2.341590
3.520560 3.522010 2.336060
3.532140 3.523200 2.332410

/group/R_incrd_b1/67
67
center_x 0.0 radius 0.7 center_y 0.0 center_x_in_pixels 0 pathId 101 center_y_in_pixels 0 creation_method make_circle transformed_from_LPS 1 shifted_origin {-1.3347 -3.1608 -7.0028} creation_type levelset pos {-37.246636 -36.845920 31.844862} bulk_scale_factor 0.1 nrm {-0.272444 0.770291 0.576564} xhat {0.000000 0.599232 -0.800575} posId 67
3.591190 3.326570 2.428170
3.602890 3.329850 2.427030
3.614230 3.334320 2.427640
3.624870 3.339820 2.429960
3.634490 3.346190 2.433930
3.642790 3.353250 2.439430
3.649520 3.360760 2.446290
3.654480 3.368510 2.454300
3.657520 3.376260 2.463220
3.658550 3.383780 2.472780
3.657520 3.390830 2.482680
3.654480 3.397210 2.492630
3.649520 3.402710 2.502330
3.642790 3.407170 2.511470
3.634490 3.410460 2.519790
3.624870 3.412470 2.527020
3.614230 3.413150 2.532960
3.602890 3.412470 2.537410
3.591190 3.410460 2.540250
3.579500 3.407170 2.541380
3.568160 3.402710 2.540780
3.557520 3.397200 2.538450
3.547900 3.390830 2.534480
3.539600 3.383780 2.528980
3.532860 3.376260 2.522120
3.527900 3.368510 2.514110
3.524860 3.360760 2.505190
3.523840 3.353240 2.495630
3.524860 3.346190 2.485730
3.527900 3.339820 2.475780
3.532870 3.334320 2.466080
3.539600 3.329850 2.456940
3.547900 3.326570 2.448620
3.557520 3.324550 2.441390
3.568160 3.323870 2.435450
3.579500 3.324550 2.431000

/group/R_incrd_b1/72
72
center_x 0.0 radius 0.7 center_y -0.1758 center_x_in_pixels 0 pathId 101 center_y_in_pixels -.5 creation_method make_circle transformed_from_LPS 1 shifted_origin {-1.3347 -3.1608 -7.0028} creation_type levelset pos {-37.833094 -35.619865 33.291042} bulk_scale_factor 0.1 nrm {-0.317253 0.380605 0.868614} xhat {0.000000 0.915930 -0.401338} posId 72
3.633170 3.179550 2.605840
3.644700 3.182070 2.602730
3.655870 3.186470 2.600580
3.666360 3.192600 2.599430
3.675840 3.200280 2.599340
3.684020 3.209280 2.600290
3.690660 3.219330 2.602270
3.695550 3.230110 2.605210
3.698540 3.241310 2.609020
3.699550 3.252580 2.613590
3.698540 3.263580 2.618780
3.695550 3.273970 2.624430
3.690660 3.283440 2.630360
3.684020 3.291710 2.636410
3.675840 3.298510 2.642380
3.666360 3.303650 2.648090
3.655870 3.306960 2.653380
3.644700 3.308360 2.658070
3.633170 3.307780 2.662030
3.621640 3.305260 2.665130
3.610460 3.300870 2.667290
3.599980 3.294740 2.668430
3.590500 3.287050 2.668530
3.582310 3.278050 2.667570
3.575680 3.268010 2.665590
3.570790 3.257220 2.662660
3.567790 3.246020 2.658840
3.566780 3.234760 2.654270
3.567790 3.223760 2.649090
3.570790 3.213360 2.643440
3.575680 3.203890 2.637500
3.582310 3.195630 2.631460
3.590500 3.188820 2.625490
3.599980 3.183690 2.619770
3.610460 3.180370 2.614490
3.621640 3.178980 2.609800

/group/R_incrd_b1/75
75
center_x 0.0 radius 0.8 center_y -0.1758 center_x_in_pixels 0 pathId 101 center_y_in_pixels -.5 creation_method make_circle transformed_from_LPS 1 shifted_origin {-1.3347 -3.1608 -7.0028} creation_type levelset pos {-38.143905 -35.439816 34.119687} bulk_scale_factor 0.1 nrm {-0.373635 -0.051076 0.926168} xhat {0.000000 0.998483 0.055064} posId 75
3.664610 3.148380 2.722650
3.677500 3.149310 2.717400
3.689990 3.152640 2.712180
3.701720 3.158260 2.707140
3.712310 3.166020 2.702440
3.721460 3.175660 2.698220
3.728880 3.186900 2.694600
3.734340 3.199400 2.691710
3.737690 3.212770 2.689620
3.738820 3.226620 2.688400
3.737690 3.240510 2.688090
3.734340 3.254040 2.688700
3.728880 3.266780 2.690200
3.721460 3.278350 2.692550
3.712310 3.288400 2.695690
3.701720 3.296620 2.699510
3.689990 3.302760 2.703900
3.677500 3.306640 2.708730
3.664610 3.308140 2.713840
3.651730 3.307210 2.719090
3.639230 3.303890 2.724320
3.627510 3.298260 2.729350
3.616920 3.290510 2.734060
3.607770 3.280870 2.738280
3.600350 3.269630 2.741890
3.594880 3.257130 2.744790
3.591540 3.243750 2.746870
3.590410 3.229910 2.748090
3.591540 3.216010 2.748400
3.594880 3.202490 2.747800
3.600350 3.189750 2.746300
3.607770 3.178180 2.743940
3.616910 3.168130 2.740810
3.627510 3.159910 2.736990
3.639230 3.153760 2.732590
3.651730 3.149880 2.727770

/group/R_incrd_b1/80
80
center_x 0.1758 radius 0.8 center_y -0.1758 center_x_in_pixels 0.5 pathId 101 center_y_in_pixels -.5 creation_method make_circle transformed_from_LPS 1 shifted_origin {-1.3347 -3.1608 -7.0028} creation_type levelset pos {-38.646520 -36.091411 35.045053} bulk_scale_factor 0.1 nrm {-0.335214 -0.834259 0.437771} xhat {0.000000 0.464655 0.885492} posId 80
3.714620 3.252940 2.893370
3.727710 3.249380 2.890130
3.740400 3.247060 2.884840
3.752310 3.246050 2.877650
3.763070 3.246370 2.868790
3.772360 3.248030 2.858520
3.779890 3.250960 2.847160
3.785450 3.255080 2.835050
3.788850 3.260270 2.822560
3.789990 3.266360 2.810070
3.788850 3.273180 2.797960
3.785450 3.280510 2.786590
3.779890 3.288130 2.776320
3.772360 3.295810 2.767450
3.763070 3.303320 2.760250
3.752310 3.310430 2.754950
3.740400 3.316920 2.751700
3.727710 3.322590 2.750600
3.714620 3.327280 2.751690
3.701530 3.330840 2.754930
3.688840 3.333160 2.760230
3.676930 3.334180 2.767410
3.666170 3.333850 2.776270
3.656880 3.332200 2.786540
3.649350 3.329260 2.797900
3.643790 3.325140 2.810010
3.640390 3.319950 2.822500
3.639250 3.313860 2.834990
3.640390 3.307040 2.847100
3.643790 3.299710 2.858470
3.649350 3.292090 2.868740
3.656880 3.284410 2.877610
3.666170 3.276900 2.884810
3.676930 3.269790 2.890110
3.688840 3.263300 2.893360
3.701530 3.257630 2.894460

/group/R_incrd_b1/87
87
center_x 0.5274 radius 0.8 center_y -0.1758 center_x_in_pixels 1.5 pathId 101 center_y_in_pixels -.5 creation_method make_circle transformed_from_LPS 1 shifted_origin {-1.3347 -3.1608 -7.0028} creation_type levelset pos {-39.040414 -38.200112 36.147187} bulk_scale_factor 0.1 nrm {0.013477 -0.771232 0.636411} xhat {0.000000 0.636469 0.771302} posId 87
3.752990 3.419260 3.016670
3.766880 3.420180 3.015850
3.780350 3.422620 3.013180
3.792990 3.426500 3.008750
3.804410 3.431710 3.002680
3.814270 3.438090 2.995150
3.822270 3.445440 2.986410
3.828160 3.453550 2.976720
3.831770 3.462160 2.966360
3.832990 3.471010 2.955650
3.831770 3.479840 2.944930
3.828160 3.488380 2.934510
3.822270 3.496360 2.924710
3.814270 3.503550 2.915830
3.804410 3.509720 2.908140
3.792990 3.514690 2.901870
3.780350 3.518310 2.897220
3.766880 3.520470 2.894320
3.752990 3.521100 2.893260
3.739100 3.520180 2.894080
3.725630 3.517740 2.896750
3.713000 3.513860 2.901190
3.701570 3.508650 2.907260
3.691710 3.502270 2.914780
3.683720 3.494920 2.923520
3.677820 3.486810 2.933220
3.674220 3.478200 2.943580
3.673000 3.469350 2.954280
3.674220 3.460520 2.965010
3.677820 3.451990 2.975430
3.683720 3.444000 2.985220
3.691710 3.436820 2.994100
3.701570 3.430640 3.001790
3.713000 3.425670 3.008060
3.725630 3.422050 3.012710
3.739100 3.419890 3.015610

/group/R_incrd_b1/92
92
center_x 0.1758 radius 0.7 center_y -0.1758 center_x_in_pixels 0.5 pathId 101 center_y_in_pixels -.5 creation_method make_circle transformed_from_LPS 1 shifted_origin {-1.3347 -3.1608 -7.0028} creation_type levelset pos {-38.734669 -39.662469 37.743281} bulk_scale_factor 0.1 nrm {0.265190 -0.584499 0.766834} xhat {0.000000 0.795309 0.606204} posId 92
3.723050 3.577690 3.123430
3.734770 3.580490 3.125350
3.746130 3.584890 3.125920
3.756790 3.590770 3.125130
3.766430 3.597950 3.122990
3.774750 3.606190 3.119580
3.781500 3.615270 3.115000
3.786470 3.624890 3.109380
3.789510 3.634770 3.102910
3.790540 3.644610 3.095760
3.789510 3.654110 3.088170
3.786470 3.662970 3.080360
3.781500 3.670940 3.072570
3.774750 3.677760 3.065030
3.766430 3.683240 3.057980
3.756790 3.687200 3.051630
3.746130 3.689520 3.046170
3.734770 3.690140 3.041770
3.723050 3.689030 3.038560
3.711330 3.686230 3.036640
3.699960 3.681820 3.036070
3.689300 3.675950 3.036870
3.679660 3.668770 3.039000
3.671340 3.660520 3.042410
3.664600 3.651450 3.046990
3.659620 3.641830 3.052610
3.656580 3.631940 3.059090
3.655550 3.622110 3.066230
3.656580 3.612610 3.073830
3.659620 3.603740 3.081640
3.664600 3.595780 3.089430
3.671340 3.588950 3.096960
3.679660 3.583480 3.104010
3.689300 3.579520 3.110360
3.699960 3.577200 3.115820
3.711330 3.576580 3.120220

/group/R_incrd_b1/98
98
center_x 0.1758 radius 0.7 center_y -0.1758 center_x_in_pixels 0.5 pathId 101 center_y_in_pixels -.5 creation_method make_circle transformed_from_LPS 1 shifted_origin {-1.3347 -3.1608 -7.0028} creation_type levelset pos {-37.577603 -41.022603 39.647823} bulk_scale_factor 0.1 nrm {0.618449 -0.407436 0.671950} xhat {0.000000 0.855088 0.518482} posId 98
3.610480 3.705650 3.300610
3.620030 3.710460 3.306490
3.629290 3.716940 3.311090
3.637980 3.724900 3.314260
3.645830 3.734090 3.315920
3.652610 3.744230 3.316010
3.658110 3.755020 3.314530
3.662170 3.766130 3.311520
3.664650 3.777220 3.307080
3.665480 3.787960 3.301340
3.664650 3.798010 3.294470
3.662170 3.807070 3.286690
3.658110 3.814880 3.278230
3.652610 3.821180 3.269350
3.645830 3.825790 3.260310
3.637980 3.828570 3.251400
3.629290 3.829430 3.242880
3.620030 3.828360 3.235010
3.610480 3.825370 3.228030
3.600920 3.820560 3.222150
3.591660 3.814080 3.217550
3.582970 3.806130 3.214380
3.575120 3.796940 3.212720
3.568340 3.786790 3.212630
3.562840 3.776000 3.214120
3.558790 3.764890 3.217120
3.556300 3.753800 3.221560
3.555470 3.743070 3.227300
3.556300 3.733010 3.234170
3.558790 3.723950 3.241950
3.562840 3.716140 3.250410
3.568340 3.709840 3.259290
3.575120 3.705230 3.268330
3.582970 3.702450 3.277240
3.591660 3.701590 3.285760
3.600920 3.702670 3.293630

/group/R_incrd_b1/103
103
center_x -0.1758 radius 0.7 center_y 0.0 center_x_in_pixels -.5 pathId 101 center_y_in_pixels .0 creation_method make_circle transformed_from_LPS 1 shifted_origin {-1.3347 -3.1608 -7.0028} creation_type levelset pos {-36.150729 -41.484502 41.089749} bulk_scale_factor 0.1 nrm {0.688260 0.009645 0.725400} xhat {0.000000 0.999912 -0.013295} posId 103
3.481600 3.779950 3.408000
3.490420 3.780910 3.416380
3.498970 3.783960 3.424530
3.506990 3.789010 3.432210
3.514250 3.795920 3.439180
3.520500 3.804470 3.445230
3.525580 3.814400 3.450180
3.529320 3.825410 3.453880
3.531610 3.837160 3.456210
3.532390 3.849310 3.457100
3.531610 3.861470 3.456530
3.529320 3.873290 3.454520
3.525580 3.884390 3.451110
3.520500 3.894450 3.446430
3.514250 3.903160 3.440610
3.506990 3.910240 3.433820
3.498970 3.915500 3.426280
3.490420 3.918770 3.418210
3.481600 3.919940 3.409860
3.472780 3.918990 3.401480
3.464230 3.915940 3.393330
3.456210 3.910890 3.385650
3.448960 3.903980 3.378680
3.442700 3.895430 3.372620
3.437620 3.885500 3.367670
3.433880 3.874490 3.363980
3.431590 3.862730 3.361650
3.430820 3.850590 3.360750
3.431590 3.838430 3.361330
3.433880 3.826610 3.363340
3.437620 3.815510 3.366740
3.442700 3.805450 3.371430
3.448960 3.796740 3.377250
3.456210 3.789650 3.384040
3.464230 3.784390 3.391580
3.472780 3.781130 3.399650

/group/R_incrd_b1/107
107
center_x -0.1758 radius 0.7 center_y 0.0 center_x_in_pixels -.5 pathId 101 center_y_in_pixels .0 creation_method make_circle transformed_from_LPS 1 shifted_origin {-1.3347 -3.1608 -7.0028} creation_type levelset pos {-34.952073 -41.157135 42.480041} bulk_scale_factor 0.1 nrm {0.600160 0.302549 0.740454} xhat {0.000000 0.925707 -0.378242} posId 107
3.361740 3.751110 3.527900
3.371460 3.749330 3.535050
3.380890 3.749580 3.542790
3.389730 3.751840 3.550890
3.397730 3.756050 3.559090
3.404630 3.762080 3.567150
3.410230 3.769750 3.574820
3.414350 3.778810 3.581860
3.416880 3.789010 3.588070
3.417730 3.800020 3.593260
3.416880 3.811510 3.597270
3.414350 3.823140 3.599970
3.410230 3.834550 3.601290
3.404630 3.845390 3.601180
3.397730 3.855330 3.599650
3.389730 3.864080 3.596750
3.380890 3.871360 3.592550
3.371460 3.876960 3.587200
3.361740 3.880710 3.580850
3.352010 3.882480 3.573700
3.342590 3.882230 3.565950
3.333740 3.879970 3.557860
3.325750 3.875760 3.549660
3.318850 3.869730 3.541600
3.313250 3.862070 3.533930
3.309120 3.853000 3.526880
3.306600 3.842810 3.520670
3.305750 3.831800 3.515480
3.306600 3.820300 3.511480
3.309120 3.808680 3.508770
3.313250 3.797270 3.507460
3.318850 3.786430 3.507560
3.325750 3.776480 3.509090
3.333740 3.767730 3.512000
3.342590 3.760450 3.516190
3.352010 3.754850 3.521550

/group/R_incrd_b1/111
111
center_x 0.0 radius 0.7 center_y 0.0 center_x_in_pixels 0 pathId 101 center_y_in_pixels .0 creation_method make_circle transformed_from_LPS 1 shifted_origin {-1.3347 -3.1608 -7.0028} creation_type levelset pos {-33.812854 -40.424735 43.876130} bulk_scale_factor 0.1 nrm {0.583660 0.438917 0.683150} xhat {0.000000 0.841319 -0.540539} posId 111
3.247820 3.667500 3.649500
3.257690 3.664560 3.656040
3.267260 3.663500 3.663530
3.276240 3.664350 3.671750
3.284350 3.667080 3.680440
3.291360 3.671620 3.689340
3.297040 3.677820 3.698180
3.301230 3.685500 3.706690
3.303790 3.694420 3.714610
3.304660 3.704310 3.721710
3.303790 3.714870 3.727750
3.301230 3.725780 3.732570
3.297040 3.736710 3.736020
3.291360 3.747330 3.737990
3.284350 3.757310 3.738410
3.276240 3.766350 3.737290
3.267260 3.774180 3.734650
3.257690 3.780560 3.730560
3.247820 3.785290 3.725170
3.237940 3.788230 3.718630
3.228380 3.789290 3.711130
3.219400 3.788440 3.702910
3.211280 3.785700 3.694220
3.204270 3.781170 3.685320
3.198590 3.774970 3.676480
3.194400 3.767290 3.667970
3.191840 3.758370 3.660050
3.190980 3.748480 3.652960
3.191840 3.737920 3.646910
3.194400 3.727000 3.642090
3.198590 3.716070 3.638650
3.204270 3.705460 3.636680
3.211280 3.695480 3.636250
3.219400 3.686430 3.637380
3.228380 3.678610 3.640020
3.237950 3.672230 3.644100

/group/R_incrd_b1/118
118
center_x 0.0 radius 0.7 center_y 0.0 center_x_in_pixels 0 pathId 101 center_y_in_pixels .0 creation_method make_circle transformed_from_LPS 1 shifted_origin {-1.3347 -3.1608 -7.0028} creation_type levelset pos {-32.121146 -39.213837 45.565613} bulk_scale_factor 0.1 nrm {0.697843 0.334777 0.633198} xhat {0.000000 0.884045 -0.467402} posId 118
3.078640 3.543420 3.823560
3.087350 3.540400 3.831560
3.095790 3.539340 3.840310
3.103710 3.540300 3.849540
3.110870 3.543220 3.858980
3.117050 3.548040 3.868330
3.122070 3.554590 3.877320
3.125760 3.562680 3.885670
3.128020 3.572070 3.893130
3.128780 3.582470 3.899470
3.128020 3.593560 3.904490
3.125760 3.605010 3.908050
3.122060 3.616470 3.910040
3.117050 3.627590 3.910390
3.110870 3.638030 3.909100
3.103710 3.647480 3.906210
3.095790 3.655650 3.901800
3.087350 3.662280 3.896000
3.078640 3.667190 3.889000
3.069940 3.670210 3.881000
3.061500 3.671260 3.872260
3.053580 3.670310 3.863020
3.046420 3.667390 3.853590
3.040240 3.662570 3.844230
3.035220 3.656020 3.835240
3.031530 3.647920 3.826890
3.029270 3.638530 3.819430
3.028510 3.628140 3.813100
3.029270 3.617040 3.808070
3.031530 3.605590 3.804510
3.035220 3.594140 3.802520
3.040240 3.583020 3.802170
3.046420 3.572580 3.803460
3.053580 3.563130 3.806350
3.061500 3.554960 3.810770
3.069940 3.548330 3.816560

/group/R_incrd_b1/123
123
center_x 0.0 radius 0.7 center_y 0.0 center_x_in_pixels 0 pathId 101 center_y_in_pixels .0 creation_method make_circle transformed_from_LPS 1 shifted_origin {-1.3347 -3.1608 -7.0028} creation_type levelset pos {-31.142077 -39.155350 46.559569} bulk_scale_factor 0.1 nrm {0.612227 -0.296936 0.732808} xhat {0.000000 0.926804 0.375544} posId 123
2.980740 3.534580 3.981960
2.990350 3.538360 3.988460
2.999670 3.544000 3.993960
3.008410 3.551320 3.998300
3.016310 3.560100 4.001350
3.023140 3.570080 4.003000
3.028670 3.580950 4.003220
3.032750 3.592390 4.001990
3.035240 3.604040 3.999360
3.036090 3.615550 3.995400
3.035240 3.626570 3.990230
3.032750 3.636770 3.984010
3.028670 3.645830 3.976930
3.023140 3.653490 3.969210
3.016310 3.659500 3.961070
3.008410 3.663690 3.952770
2.999670 3.665920 3.944560
2.990350 3.666140 3.936690
2.980740 3.664330 3.929390
2.971130 3.660550 3.922890
2.961810 3.654910 3.917390
2.953060 3.647590 3.913050
2.945160 3.638810 3.910010
2.938340 3.628830 3.908350
2.932810 3.617960 3.908140
2.928730 3.606520 3.909360
2.926230 3.594870 3.912000
2.925390 3.583360 3.915960
2.926230 3.572340 3.921130
2.928730 3.562140 3.927340
2.932810 3.553080 3.934420
2.938340 3.545420 3.942150
2.945160 3.539410 3.950280
2.953060 3.535220 3.958580
2.961810 3.532990 3.966790
2.971130 3.532770 3.974670

/group/R_incrd_b1/126
126
center_x 0.0 radius 0.7 center_y -0.1758 center_x_in_pixels 0 pathId 101 center_y_in_pixels -.5 creation_method make_circle transformed_from_LPS 1 shifted_origin {-1.3347 -3.1608 -7.0028} creation_type levelset pos {-30.661216 -39.541364 47.198707} bulk_scale_factor 0.1 nrm {0.461729 -0.551161 0.695002} xhat {0.000000 0.783524 0.621362} posId 126
2.917060 3.578170 4.056730
2.927840 3.582490 4.060460
2.938290 3.588340 4.062760
2.948100 3.595560 4.063560
2.956970 3.603910 4.062830
2.964620 3.613140 4.060590
2.970830 3.622980 4.056910
2.975400 3.633130 4.051900
2.978210 3.643270 4.045720
2.979150 3.653100 4.038550
2.978210 3.662310 4.030620
2.975400 3.670640 4.022150
2.970830 3.677830 4.013410
2.964620 3.683650 4.004670
2.956970 3.687940 3.996190
2.948100 3.690550 3.988220
2.938290 3.691420 3.981020
2.927840 3.690510 3.974790
2.917060 3.687860 3.969740
2.906280 3.683540 3.966000
2.895820 3.677680 3.963700
2.886010 3.670470 3.962900
2.877150 3.662120 3.963630
2.869490 3.652880 3.965870
2.863280 3.643040 3.969550
2.858710 3.632900 3.974560
2.855910 3.622760 3.980740
2.854970 3.612930 3.987910
2.855910 3.603710 3.995840
2.858710 3.595380 4.004310
2.863280 3.588200 4.013050
2.869490 3.582370 4.021790
2.877150 3.578090 4.030270
2.886010 3.575470 4.038240
2.895820 3.574600 4.045440
2.906280 3.575510 4.051670

/group/R_incrd_b1/131
131
center_x 0.0 radius 0.7 center_y -0.1758 center_x_in_pixels 0 pathId 101 center_y_in_pixels -.5 creation_method make_circle transformed_from_LPS 1 shifted_origin {-1.3347 -3.1608 -7.0028} creation_type levelset pos {-30.142031 -40.583838 48.211496} bulk_scale_factor 0.1 nrm {0.189509 -0.779289 0.597323} xhat {0.000000 0.608347 0.793671} posId 131
2.863470 3.697080 4.174400
2.875410 3.699550 4.174960
2.886980 3.703240 4.173810
2.897840 3.708040 4.170990
2.907650 3.713810 4.166590
2.916120 3.720350 4.160740
2.923000 3.727490 4.153610
2.928060 3.734990 4.145430
2.931160 3.742630 4.136440
2.932200 3.750190 4.126910
2.931160 3.757420 4.117140
2.928060 3.764120 4.107420
2.922990 3.770070 4.098050
2.916120 3.775100 4.089310
2.907650 3.779050 4.081470
2.897840 3.781800 4.074760
2.886980 3.783280 4.069400
2.875410 3.783430 4.065530
2.863470 3.782240 4.063290
2.851540 3.779770 4.062730
2.839960 3.776070 4.063880
2.829110 3.771270 4.066690
2.819290 3.765510 4.071100
2.810820 3.758970 4.076950
2.803950 3.751830 4.084080
2.798890 3.744330 4.092260
2.795780 3.736690 4.101250
2.794740 3.729130 4.110770
2.795780 3.721900 4.120540
2.798890 3.715200 4.130260
2.803950 3.709250 4.139630
2.810820 3.704220 4.148370
2.819290 3.700270 4.156210
2.829110 3.697520 4.162920
2.839960 3.696040 4.168290
2.851540 3.695890 4.172150

/group/R_incrd_b1/138
138
center_x 0.0 radius 0.7 center_y -0.1758 center_x_in_pixels 0 pathId 101 center_y_in_pixels -.5 creation_method make_circle transformed_from_LPS 1 shifted_origin {-1.3347 -3.1608 -7.0028} creation_type levelset pos {-30.419156 -42.328301 48.871021} bulk_scale_factor 0.1 nrm {-0.538303 -0.835828 -0.107804} xhat {0.000000 0.127920 -0.991785} posId 138
2.923260 3.898410 4.118610
2.913020 3.905040 4.118830
2.903080 3.911730 4.121150
2.893760 3.918300 4.125500
2.885340 3.924530 4.131750
2.878070 3.930240 4.139710
2.872170 3.935250 4.149150
2.867830 3.939420 4.159760
2.865160 3.942610 4.171230
2.864270 3.944740 4.183210
2.865160 3.945720 4.195340
2.867830 3.945540 4.207250
2.872170 3.944210 4.218570
2.878070 3.941750 4.228970
2.885340 3.938250 4.238120
2.893760 3.933810 4.245750
2.903080 3.928560 4.251620
2.913020 3.922670 4.255570
2.923260 3.916320 4.257460
2.933510 3.909690 4.257240
2.943440 3.903000 4.254920
2.952760 3.896430 4.250570
2.961180 3.890200 4.244310
2.968450 3.884490 4.236350
2.974350 3.879480 4.226920
2.978700 3.875310 4.216310
2.981360 3.872120 4.204830
2.982250 3.869990 4.192850
2.981360 3.869010 4.180720
2.978700 3.869180 4.168820
2.974350 3.870520 4.157490
2.968450 3.872980 4.147100
2.961180 3.876480 4.137950
2.952760 3.880920 4.130320
2.943440 3.886170 4.124440
2.933510 3.892060 4.120500

/group/R_incrd_b1/145
145
center_x 0.0 radius 0.7 center_y -0.1758 center_x_in_pixels 0 pathId 101 center_y_in_pixels -.5 creation_method make_circle transformed_from_LPS 1 shifted_origin {-1.3347 -3.1608 -7.0028} creation_type levelset pos {-32.114451 -43.884183 47.818431} bulk_scale_factor 0.1 nrm {-0.677821 -0.442305 -0.587303} xhat {0.000000 0.798805 -0.601590} posId 145
3.090900 4.009250 4.048970
3.081960 4.015060 4.043030
3.073300 4.022390 4.038550
3.065170 4.031020 4.035660
3.057820 4.040680 4.034460
3.051480 4.051090 4.034980
3.046330 4.061930 4.037200
3.042540 4.072870 4.041060
3.040220 4.083570 4.046440
3.039430 4.093710 4.053180
3.040220 4.102990 4.061070
3.042540 4.111120 4.069870
3.046330 4.117850 4.079310
3.051480 4.122980 4.089120
3.057820 4.126350 4.098980
3.065170 4.127870 4.108600
3.073300 4.127480 4.117690
3.081960 4.125190 4.125970
3.090900 4.121090 4.133190
3.099840 4.115280 4.139140
3.108500 4.107950 4.143620
3.116630 4.099320 4.146500
3.123980 4.089660 4.147700
3.130330 4.079250 4.147180
3.135470 4.068410 4.144960
3.139260 4.057470 4.141100
3.141580 4.046770 4.135720
3.142370 4.036630 4.128980
3.141580 4.027350 4.121090
3.139260 4.019220 4.112290
3.135470 4.012490 4.102850
3.130330 4.007360 4.093050
3.123980 4.003990 4.083190
3.116630 4.002470 4.073560
3.108500 4.002860 4.064470
3.099840 4.005150 4.056190

/group/R_incrd_b1/150
150
center_x 0.1758 radius 0.7 center_y 0.0 center_x_in_pixels 0.5 pathId 101 center_y_in_pixels 0 creation_method make_circle transformed_from_LPS 1 shifted_origin {-1.3347 -3.1608 -7.0028} creation_type levelset pos {-33.301102 -44.555449 46.530873} bulk_scale_factor 0.1 nrm {-0.557457 -0.283479 -0.780309} xhat {0.000000 0.939898 -0.341456} posId 150
3.196640 4.057150 3.922900
3.186550 4.060460 3.916900
3.176760 4.065670 3.911800
3.167580 4.072630 3.907770
3.159290 4.081110 3.904920
3.152120 4.090860 3.903340
3.146310 4.101580 3.903090
3.142030 4.112960 3.904160
3.139410 4.124640 3.906530
3.138530 4.136270 3.910130
3.139410 4.147490 3.914840
3.142030 4.157960 3.920510
3.146310 4.167380 3.926990
3.152120 4.175440 3.934070
3.159280 4.181910 3.941540
3.167580 4.186580 3.949170
3.176760 4.189320 3.956720
3.186550 4.190050 3.963970
3.196640 4.188730 3.970710
3.206730 4.185420 3.976710
3.216520 4.180210 3.981810
3.225700 4.173260 3.985840
3.234000 4.164780 3.988690
3.241160 4.155030 3.990260
3.246970 4.144300 3.990520
3.251250 4.132920 3.989440
3.253870 4.121240 3.987070
3.254750 4.109620 3.983480
3.253870 4.098390 3.978770
3.251250 4.087920 3.973090
3.246970 4.078510 3.966620
3.241160 4.070440 3.959540
3.234000 4.063980 3.952070
3.225700 4.059300 3.944440
3.216520 4.056560 3.936890
3.206730 4.055830 3.929630

/group/R_incrd_b1/155
155
center_x 0.0 radius 0.6 center_y -0.1758 center_x_in_pixels 0 pathId 101 center_y_in_pixels -.5 creation_method make_circle transformed_from_LPS 1 shifted_origin {-1.3347 -3.1608 -7.0028} creation_type levelset pos {-34.214449 -45.095000 44.913522} bulk_scale_factor 0.1 nrm {-0.393412 -0.305642 -0.867070} xhat {0.000000 0.943121 -0.332450} posId 155
3.304140 4.134530 3.777650
3.294560 4.136760 3.774090
3.285270 4.140630 3.771240
3.276560 4.146040 3.769190
3.268680 4.152820 3.768010
3.261880 4.160760 3.767720
3.256370 4.169620 3.768340
3.252300 4.179140 3.769850
3.249810 4.189020 3.772210
3.248980 4.198970 3.775330
3.249810 4.208680 3.779130
3.252300 4.217850 3.783500
3.256370 4.226210 3.788290
3.261880 4.233510 3.793360
3.268680 4.239510 3.798570
3.276560 4.244050 3.803740
3.285270 4.246980 3.808720
3.294560 4.248210 3.813370
3.304140 4.247710 3.817540
3.313720 4.245490 3.821100
3.323000 4.241610 3.823950
3.331720 4.236200 3.826000
3.339590 4.229430 3.827190
3.346390 4.221480 3.827470
3.351910 4.212620 3.826850
3.355970 4.203100 3.825340
3.358460 4.193220 3.822980
3.359300 4.183270 3.819860
3.358460 4.173570 3.816060
3.355970 4.164390 3.811690
3.351910 4.156030 3.806900
3.346390 4.148740 3.801830
3.339590 4.142730 3.796620
3.331720 4.138190 3.791450
3.323000 4.135260 3.786470
3.313720 4.134030 3.781820

/group/R_incrd_b1/161
161
center_x 0.0 radius 0.6 center_y 0.0 center_x_in_pixels 0 pathId 101 center_y_in_pixels 0 creation_method make_circle transformed_from_LPS 1 shifted_origin {-1.3347 -3.1608 -7.0028} creation_type levelset pos {-35.182451 -46.095572 42.419911} bulk_scale_factor 0.1 nrm {-0.306251 -0.378262 -0.873572} xhat {0.000000 0.917665 -0.397355} posId 161
3.384770 4.238420 3.517870
3.374860 4.240520 3.515300
3.365240 4.244230 3.513540
3.356220 4.249440 3.512630
3.348060 4.255990 3.512610
3.341020 4.263680 3.513470
3.335310 4.272270 3.515190
3.331100 4.281510 3.517710
3.328530 4.291110 3.520970
3.327660 4.300780 3.524850
3.328530 4.310230 3.529250
3.331100 4.319170 3.534020
3.335310 4.327330 3.539030
3.341020 4.334460 3.544120
3.348060 4.340350 3.549140
3.356220 4.344810 3.553930
3.365240 4.347710 3.558350
3.374860 4.348970 3.562260
3.384770 4.348540 3.565550
3.394690 4.346430 3.568120
3.404310 4.342720 3.569880
3.413330 4.337510 3.570790
3.421490 4.330960 3.570810
3.428530 4.323280 3.569950
3.434240 4.314680 3.568230
3.438450 4.305450 3.565710
3.441020 4.295850 3.562460
3.441890 4.286180 3.558570
3.441020 4.276730 3.554180
3.438450 4.267780 3.549400
3.434240 4.259620 3.544390
3.428530 4.252490 3.539300
3.421490 4.246610 3.534290
3.413330 4.242140 3.529490
3.404310 4.239240 3.525070
3.394690 4.237990 3.521160

/group/R_incrd_b1/165
165
center_x 0.0 radius 0.6 center_y 0.0 center_x_in_pixels 0 pathId 101 center_y_in_pixels 0 creation_method make_circle transformed_from_LPS 1 shifted_origin {-1.3347 -3.1608 -7.0028} creation_type levelset pos {-35.767211 -46.840023 40.734807} bulk_scale_factor 0.1 nrm {-0.307033 -0.384404 -0.870612} xhat {0.000000 0.914797 -0.403913} posId 165
3.443250 4.313030 3.348970
3.433340 4.315160 3.346410
3.423720 4.318890 3.344660
3.414700 4.324110 3.343790
3.406550 4.330660 3.343800
3.399510 4.338340 3.344710
3.393800 4.346920 3.346490
3.389590 4.356140 3.349080
3.387020 4.365720 3.352400
3.386150 4.375360 3.356350
3.387020 4.384780 3.360810
3.389590 4.393690 3.365650
3.393800 4.401810 3.370720
3.399510 4.408900 3.375870
3.406550 4.414750 3.380930
3.414700 4.419180 3.385760
3.423720 4.422040 3.390210
3.433340 4.423270 3.394140
3.443250 4.422810 3.397440
3.453170 4.420680 3.399990
3.462780 4.416950 3.401740
3.471800 4.411740 3.402620
3.479960 4.405190 3.402600
3.486990 4.397500 3.401690
3.492700 4.388920 3.399910
3.496910 4.379700 3.397330
3.499490 4.370130 3.394010
3.500350 4.360480 3.390050
3.499490 4.351060 3.385590
3.496910 4.342160 3.380750
3.492700 4.334030 3.375680
3.486990 4.326940 3.370530
3.479960 4.321090 3.365470
3.471800 4.316670 3.360640
3.462780 4.313800 3.356190
3.453170 4.312580 3.352260

/group/R_incrd_b1/170
170
center_x 0.0 radius 0.6 center_y 0.0 center_x_in_pixels 0 pathId 101 center_y_in_pixels 0 creation_method make_circle transformed_from_LPS 1 shifted_origin {-1.3347 -3.1608 -7.0028} creation_type levelset pos {-36.479935 -47.504112 38.934812} bulk_scale_factor 0.1 nrm {-0.422434 -0.194460 -0.885288} xhat {0.000000 0.976715 -0.214542} posId 170
3.514520 4.375730 3.180330
3.505080 4.377560 3.176230
3.495920 4.381120 3.172640
3.487330 4.386300 3.169680
3.479570 4.392930 3.167430
3.472860 4.400830 3.165960
3.467430 4.409740 3.165330
3.463420 4.419400 3.165540
3.460970 4.429510 3.166590
3.460140 4.439770 3.168450
3.460970 4.449860 3.171060
3.463420 4.459480 3.174340
3.467430 4.468340 3.178200
3.472860 4.476170 3.182510
3.479570 4.482720 3.187150
3.487330 4.487800 3.191970
3.495920 4.491260 3.196830
3.505080 4.492990 3.201580
3.514520 4.492930 3.206070
3.523970 4.491100 3.210180
3.533120 4.487540 3.213760
3.541720 4.482360 3.216730
3.549480 4.475730 3.218970
3.556180 4.467830 3.220440
3.561620 4.458920 3.221080
3.565630 4.449260 3.220870
3.568080 4.439150 3.219820
3.568910 4.428890 3.217960
3.568080 4.418800 3.215350
3.565630 4.409180 3.212060
3.561620 4.400320 3.208200
3.556180 4.392500 3.203890
3.549480 4.385940 3.199250
3.541710 4.380860 3.194430
3.533120 4.377400 3.189570
3.523970 4.375670 3.184820

/group/R_incrd_b1/174
174
center_x 0.0 radius 0.6 center_y 0.0 center_x_in_pixels 0 pathId 101 center_y_in_pixels 0 creation_method make_circle transformed_from_LPS 1 shifted_origin {-1.3347 -3.1608 -7.0028} creation_type levelset pos {-37.144164 -47.495105 37.818026} bulk_scale_factor 0.1 nrm {-0.588079 0.251381 -0.768746} xhat {0.000000 0.950473 0.310807} posId 174
3.580950 4.376400 3.100170
3.572520 4.375360 3.094060
3.564350 4.376090 3.087580
3.556680 4.378560 3.080900
3.549750 4.382690 3.074250
3.543770 4.388370 3.067820
3.538920 4.395420 3.061800
3.535340 4.403620 3.056390
3.533160 4.412730 3.051730
3.532420 4.422460 3.047990
3.533160 4.432530 3.045260
3.535340 4.442630 3.043630
3.538920 4.452450 3.043150
3.543770 4.461690 3.043840
3.549750 4.470070 3.045680
3.556680 4.477340 3.048600
3.564350 4.483270 3.052530
3.572520 4.487690 3.057330
3.580950 4.490460 3.062870
3.589370 4.491500 3.068980
3.597540 4.490770 3.075470
3.605210 4.488300 3.082140
3.612140 4.484170 3.088790
3.618120 4.478490 3.095230
3.622970 4.471440 3.101240
3.626550 4.463240 3.106660
3.628740 4.454130 3.111310
3.629470 4.444400 3.115060
3.628740 4.434330 3.117790
3.626550 4.424230 3.119420
3.622970 4.414410 3.119890
3.618120 4.405170 3.119200
3.612140 4.396790 3.117370
3.605210 4.389530 3.114440
3.597540 4.383590 3.110520
3.589370 4.379170 3.105710

/group/R_incrd_b1/180
180
center_x 0.0 radius 0.6 center_y 0.0 center_x_in_pixels 0 pathId 101 center_y_in_pixels 0 creation_method make_circle transformed_from_LPS 1 shifted_origin {-1.3347 -3.1608 -7.0028} creation_type levelset pos {-38.298876 -46.717953 36.723059} bulk_scale_factor 0.1 nrm {-0.711898 0.523385 -0.468262} xhat {0.000000 0.666771 0.745262} posId 180
3.696420 4.315710 3.016740
3.689100 4.310790 3.011120
3.682010 4.307230 3.004300
3.675350 4.305150 2.996510
3.669330 4.304610 2.987970
3.664140 4.305610 2.978950
3.659930 4.308140 2.969720
3.656820 4.312120 2.960560
3.654920 4.317420 2.951740
3.654280 4.323880 2.943550
3.654920 4.331310 2.936210
3.656820 4.339480 2.929970
3.659930 4.348150 2.925000
3.664140 4.357050 2.921470
3.669330 4.365900 2.919460
3.675350 4.374450 2.919060
3.682010 4.382420 2.920270
3.689100 4.389590 2.923040
3.696420 4.395720 2.927310
3.703730 4.400640 2.932940
3.710830 4.404200 2.939750
3.717490 4.406280 2.947540
3.723500 4.406820 2.956080
3.728700 4.405820 2.965100
3.732910 4.403290 2.974330
3.736010 4.399310 2.983490
3.737910 4.394010 2.992310
3.738550 4.387550 3.000510
3.737910 4.380120 3.007840
3.736010 4.371950 3.014080
3.732910 4.363280 3.019050
3.728700 4.354390 3.022590
3.723500 4.345530 3.024590
3.717490 4.336990 3.024990
3.710830 4.329010 3.023790
3.703730 4.321840 3.021010

/group/R_incrd_b1/185
185
center_x 0.3516 radius 0.5 center_y 0.0 center_x_in_pixels 1 pathId 101 center_y_in_pixels 0 creation_method make_circle transformed_from_LPS 1 shifted_origin {-1.3347 -3.1608 -7.0028} creation_type levelset pos {-39.228421 -46.165801 36.311383} bulk_scale_factor 0.1 nrm {-0.901529 0.404256 -0.154346} xhat {0.000000 0.356689 0.934223} posId 185
3.789370 4.270120 3.010420
3.785610 4.263080 3.006920
3.781970 4.256800 3.002100
3.778550 4.251460 2.996120
3.775460 4.247230 2.989150
3.772800 4.244240 2.981410
3.770630 4.242570 2.973140
3.769040 4.242290 2.964570
3.768060 4.243390 2.955980
3.767740 4.245850 2.947630
3.768060 4.249580 2.939760
3.769040 4.254490 2.932620
3.770630 4.260410 2.926430
3.772800 4.267160 2.921360
3.775460 4.274550 2.917590
3.778550 4.282350 2.915210
3.781970 4.290310 2.914310
3.785610 4.298210 2.914910
3.789370 4.305790 2.916990
3.793130 4.312830 2.920500
3.796770 4.319120 2.925310
3.800190 4.324460 2.931290
3.803280 4.328690 2.938260
3.805950 4.331680 2.946000
3.808110 4.333350 2.954270
3.809700 4.333630 2.962840
3.810680 4.332530 2.971430
3.811010 4.330070 2.979780
3.810680 4.326330 2.987650
3.809700 4.321430 2.994790
3.808110 4.315510 3.000990
3.805950 4.308750 3.006050
3.803280 4.301370 3.009820
3.800190 4.293570 3.012200
3.796770 4.285600 3.013100
3.793130 4.277710 3.012500

/group/R_incrd_b1/193
193
center_x 0.0 radius 0.5 center_y -0.1758 center_x_in_pixels 0 pathId 101 center_y_in_pixels -.5 creation_method make_circle transformed_from_LPS 1 shifted_origin {-1.3347 -3.1608 -7.0028} creation_type levelset pos {-40.865590 -45.628172 36.853888} bulk_scale_factor 0.1 nrm {-0.768340 0.175912 0.615393} xhat {0.000000 0.961489 -0.274844} posId 193
3.941840 4.194950 2.984350
3.947390 4.197510 2.978150
3.952780 4.201460 2.972550
3.957840 4.206670 2.967730
3.962410 4.212980 2.963830
3.966350 4.220210 2.960970
3.969550 4.228130 2.959240
3.971910 4.236500 2.958690
3.973350 4.245070 2.959330
3.973840 4.253580 2.961160
3.973350 4.261770 2.964110
3.971910 4.269390 2.968090
3.969550 4.276210 2.972980
3.966350 4.282010 2.978630
3.962410 4.286640 2.984880
3.957840 4.289940 2.991530
3.952780 4.291810 2.998380
3.947390 4.292200 3.005220
3.941840 4.291100 3.011840
3.936280 4.288540 3.018040
3.930890 4.284590 3.023640
3.925840 4.279380 3.028470
3.921270 4.273070 3.032370
3.917320 4.265840 3.035230
3.914120 4.257920 3.036960
3.911770 4.249550 3.037510
3.910320 4.240970 3.036860
3.909830 4.232470 3.035030
3.910320 4.224280 3.032090
3.911770 4.216660 3.028110
3.914120 4.209840 3.023210
3.917320 4.204030 3.017560
3.921270 4.199410 3.011310
3.925840 4.196110 3.004660
3.930890 4.194240 2.997820
3.936280 4.193850 2.990980

/group/R_incrd_b1/199
199
center_x 0.0 radius 0.5 center_y 0.0 center_x_in_pixels 0 pathId 101 center_y_in_pixels 0 creation_method make_circle transformed_from_LPS 1 shifted_origin {-1.3347 -3.1608 -7.0028} creation_type levelset pos {-42.293759 -45.541636 38.616968} bulk_scale_factor 0.1 nrm {-0.493861 -0.080670 0.865791} xhat {0.000000 0.995687 0.092773} posId 199
4.095910 4.188300 3.166060
4.103460 4.188660 3.161720
4.110780 4.190520 3.157370
4.117640 4.193820 3.153140
4.123850 4.198470 3.149170
4.129210 4.204330 3.145560
4.133560 4.211210 3.142440
4.136760 4.218900 3.139900
4.138720 4.227180 3.138010
4.139380 4.235790 3.136830
4.138720 4.244470 3.136400
4.136760 4.252960 3.136730
4.133560 4.260990 3.137800
4.129210 4.268330 3.139600
4.123850 4.274750 3.142060
4.117640 4.280050 3.145110
4.110780 4.284080 3.148650
4.103460 4.286710 3.152580
4.095910 4.287870 3.156780
4.088360 4.287510 3.161120
4.081040 4.285650 3.165470
4.074170 4.282340 3.169690
4.067960 4.277690 3.173670
4.062600 4.271840 3.177270
4.058250 4.264960 3.180390
4.055050 4.257260 3.182930
4.053090 4.248980 3.184820
4.052430 4.240370 3.186000
4.053090 4.231690 3.186440
4.055050 4.223210 3.186110
4.058250 4.215180 3.185030
4.062600 4.207840 3.183230
4.067960 4.201420 3.180770
4.074170 4.196110 3.177730
4.081040 4.192090 3.174180
4.088360 4.189450 3.170250

/group/R_incrd_b1/203
203
center_x 0.0 radius 0.5 center_y 0.0 center_x_in_pixels 0 pathId 101 center_y_in_pixels 0 creation_method make_circle transformed_from_LPS 1 shifted_origin {-1.3347 -3.1608 -7.0028} creation_type levelset pos {-43.149590 -45.808580 40.558649} bulk_scale_factor 0.1 nrm {-0.301528 -0.150340 0.941530} xhat {0.000000 0.987490 0.157679} posId 203
4.181490 4.215400 3.363470
4.189770 4.215740 3.360760
4.197790 4.217570 3.357900
4.205330 4.220830 3.354970
4.212130 4.225430 3.352050
4.218010 4.231220 3.349250
4.222770 4.238030 3.346630
4.226290 4.245660 3.344290
4.228440 4.253860 3.342290
4.229160 4.262400 3.340700
4.228440 4.271010 3.339550
4.226290 4.279430 3.338900
4.222770 4.287410 3.338750
4.218010 4.294690 3.339110
4.212130 4.301070 3.339980
4.205330 4.306350 3.341310
4.197790 4.310360 3.343080
4.189770 4.312990 3.345240
4.181490 4.314150 3.347700
4.173210 4.313810 3.350410
4.165180 4.311990 3.353270
4.157650 4.308730 3.356200
4.150850 4.304130 3.359120
4.144970 4.298340 3.361920
4.140200 4.291520 3.364540
4.136690 4.283900 3.366880
4.134540 4.275690 3.368880
4.133820 4.267160 3.370470
4.134540 4.258550 3.371620
4.136690 4.250120 3.372270
4.140200 4.242150 3.372420
4.144970 4.234860 3.372060
4.150850 4.228480 3.371190
4.157650 4.223210 3.369860
4.165180 4.219190 3.368090
4.173210 4.216570 3.365930

/group/R_incrd_b1/208
208
center_x 0.1758 radius 0.5 center_y -0.3516 center_x_in_pixels 0.5 pathId 101 center_y_in_pixels -1 creation_method make_circle transformed_from_LPS 1 shifted_origin {-1.3347 -3.1608 -7.0028} creation_type levelset pos {-43.628119 -46.262387 43.579542} bulk_scale_factor 0.1 nrm {-0.000296 -0.126092 0.992019} xhat {0.000000 0.992019 0.126092} posId 208
4.194180 4.243120 3.666210
4.202860 4.243870 3.666110
4.211280 4.246110 3.665820
4.219180 4.249760 3.665350
4.226320 4.254720 3.664720
4.232480 4.260840 3.663940
4.237480 4.267920 3.663040
4.241170 4.275750 3.662040
4.243420 4.284100 3.660980
4.244180 4.292720 3.659890
4.243420 4.301330 3.658790
4.241170 4.309680 3.657730
4.237480 4.317520 3.656740
4.232480 4.324600 3.655840
4.226320 4.330720 3.655060
4.219180 4.335680 3.654430
4.211280 4.339330 3.653970
4.202860 4.341570 3.653690
4.194180 4.342320 3.653600
4.185500 4.341570 3.653690
4.177080 4.339330 3.653980
4.169180 4.335680 3.654450
4.162040 4.330720 3.655080
4.155880 4.324600 3.655860
4.150880 4.317520 3.656760
4.147200 4.309690 3.657760
4.144940 4.301340 3.658820
4.144180 4.292720 3.659920
4.144940 4.284110 3.661010
4.147200 4.275760 3.662070
4.150880 4.267920 3.663070
4.155880 4.260840 3.663960
4.162040 4.254730 3.664740
4.169180 4.249770 3.665370
4.177080 4.246110 3.665830
4.185500 4.243870 3.666110

/group/R_incrd_b1/212
212
center_x 0.0 radius 0.5 center_y 0.0 center_x_in_pixels 0 pathId 101 center_y_in_pixels 0 creation_method make_circle transformed_from_LPS 1 shifted_origin {-1.3347 -3.1608 -7.0028} creation_type levelset pos {-43.470788 -46.521258 46.138946} bulk_scale_factor 0.1 nrm {0.090278 -0.069130 0.993514} xhat {0.000000 0.997588 0.069413} posId 212
4.213610 4.286170 3.917090
4.222260 4.286980 3.917810
4.230640 4.289280 3.918420
4.238510 4.293010 3.918870
4.245620 4.298040 3.919170
4.251750 4.304220 3.919300
4.256730 4.311380 3.919250
4.260400 4.319280 3.919030
4.262650 4.327690 3.918650
4.263400 4.336360 3.918120
4.262650 4.345020 3.917450
4.260400 4.353400 3.916660
4.256730 4.361260 3.915780
4.251750 4.368350 3.914830
4.245620 4.374460 3.913850
4.238510 4.379400 3.912860
4.230640 4.383020 3.911890
4.222260 4.385220 3.910980
4.213610 4.385930 3.910140
4.204960 4.385110 3.909410
4.196580 4.382810 3.908810
4.188710 4.379090 3.908360
4.181600 4.374050 3.908060
4.175460 4.367870 3.907930
4.170480 4.360710 3.907980
4.166820 4.352810 3.908200
4.164570 4.344400 3.908580
4.163810 4.335730 3.909110
4.164570 4.327080 3.909780
4.166820 4.318690 3.910570
4.170480 4.310830 3.911450
4.175460 4.303740 3.912400
4.181600 4.297630 3.913380
4.188710 4.292690 3.914370
4.196580 4.289070 3.915340
4.204960 4.286870 3.916250

/group/R_incrd_b1/216
216
center_x 0.0 radius 0.5 center_y 0.0 center_x_in_pixels 0 pathId 101 center_y_in_pixels 0 creation_method make_circle transformed_from_LPS 1 shifted_origin {-1.3347 -3.1608 -7.0028} creation_type levelset pos {-43.372965 -46.580743 48.364782} bulk_scale_factor 0.1 nrm {-0.064157 0.036930 0.997256} xhat {0.000000 0.999315 -0.037006} posId 216
4.203830 4.292030 4.134350
4.212490 4.292810 4.133820
4.220890 4.295080 4.133360
4.228780 4.298780 4.132990
4.235900 4.303790 4.132720
4.242050 4.309970 4.132550
4.247040 4.317110 4.132500
4.250710 4.325020 4.132550
4.252970 4.333430 4.132720
4.253720 4.342110 4.132990
4.252970 4.350790 4.133360
4.250710 4.359190 4.133820
4.247040 4.367080 4.134350
4.242050 4.374200 4.134930
4.235900 4.380350 4.135550
4.228780 4.385330 4.136200
4.220890 4.388990 4.136840
4.212490 4.391220 4.137460
4.203830 4.391960 4.138050
4.195160 4.391180 4.138580
4.186760 4.388910 4.139030
4.178880 4.385210 4.139400
4.171750 4.380190 4.139680
4.165600 4.374020 4.139840
4.160610 4.366870 4.139900
4.156940 4.358970 4.139840
4.154690 4.350550 4.139680
4.153930 4.341880 4.139400
4.154690 4.333200 4.139030
4.156940 4.324790 4.138580
4.160610 4.316910 4.138050
4.165600 4.309790 4.137460
4.171750 4.303640 4.136840
4.178880 4.298660 4.136200
4.186760 4.295000 4.135560
4.195160 4.292770 4.134930

/group/R_incrd_b1/222
222
center_x 0.0 radius 0.5 center_y 0.0 center_x_in_pixels 0 pathId 101 center_y_in_pixels 0 creation_method make_circle transformed_from_LPS 1 shifted_origin {-1.3347 -3.1608 -7.0028} creation_type levelset pos {-43.838457 -46.278344 50.631520} bulk_scale_factor 0.1 nrm {-0.253506 0.218282 0.942384} xhat {0.000000 0.974208 -0.225654} posId 222
4.250380 4.263040 4.351590
4.258770 4.264280 4.349620
4.266920 4.266960 4.348050
4.274560 4.271000 4.346930
4.281470 4.276280 4.346290
4.287430 4.282630 4.346160
4.292260 4.289880 4.346540
4.295830 4.297780 4.347410
4.298010 4.306110 4.348750
4.298740 4.314620 4.350520
4.298010 4.323030 4.352670
4.295830 4.331100 4.355130
4.292260 4.338590 4.357820
4.287430 4.345260 4.360670
4.281470 4.350910 4.363580
4.274560 4.355370 4.366470
4.266920 4.358510 4.369250
4.258770 4.360220 4.371840
4.250380 4.360470 4.374150
4.241980 4.359230 4.376130
4.233830 4.356550 4.377700
4.226190 4.352510 4.378820
4.219290 4.347230 4.379450
4.213320 4.340870 4.379580
4.208490 4.333630 4.379210
4.204930 4.325730 4.378330
4.202740 4.317400 4.376990
4.202010 4.308890 4.375220
4.202740 4.300480 4.373070
4.204930 4.292410 4.370620
4.208490 4.284920 4.367920
4.213320 4.278250 4.365080
4.219290 4.272600 4.362170
4.226190 4.268140 4.359280
4.233830 4.265000 4.356490
4.241980 4.263290 4.353910

