/group/R_incrd_b12/26
26
center_x -0.1758 radius 0.5 center_y 0.0 center_x_in_pixels -.5 pathId 112 center_y_in_pixels 0 creation_method make_circle transformed_from_LPS 1 shifted_origin {-1.3347 -3.1608 -7.0028} modified_as_spline 1 creation_type levelset pos {-37.440917 -30.054097 49.781852} bulk_scale_factor 0.1 nrm {-0.677721 -0.154030 -0.719006} xhat {0.000000 0.977814 -0.209473} posId 26
3.625650 2.631330 4.279500
3.614290 2.635970 4.269790
3.604110 2.644950 4.262120
3.596020 2.657290 4.257150
3.590710 2.671870 4.255280
3.588880 2.687300 4.256850
3.590830 2.700290 4.261480
3.596010 2.714570 4.269420
3.604120 2.723760 4.279040
3.614320 2.728840 4.289730
3.625660 2.729100 4.300470
3.637020 2.724460 4.310180
3.647190 2.715480 4.317830
3.655300 2.703140 4.322810
3.660630 2.688580 4.324710
3.662490 2.673090 4.323150
3.660590 2.658390 4.318210
3.655340 2.645820 4.310560
3.647230 2.636630 4.300960
3.637010 2.631590 4.290250

/group/R_incrd_b12/42
42
center_x -0.1758 radius 0.5 center_y 0.0 center_x_in_pixels -.5 pathId 112 center_y_in_pixels 0 creation_method make_circle transformed_from_LPS 1 shifted_origin {-1.3347 -3.1608 -7.0028} creation_type levelset pos {-38.228390 -30.525423 49.039938} bulk_scale_factor 0.1 nrm {-0.629596 -0.591581 -0.503628} xhat {0.000000 0.648234 -0.761441} posId 42
3.689370 2.715450 4.179030
3.682620 2.720100 4.176060
3.676080 2.725600 4.174340
3.669950 2.731770 4.173930
3.664400 2.738440 4.174820
3.659610 2.745390 4.177000
3.655730 2.752410 4.180390
3.652870 2.759300 4.184900
3.651110 2.765840 4.190390
3.650520 2.771830 4.196690
3.651110 2.777090 4.203610
3.652870 2.781470 4.210950
3.655730 2.784820 4.218460
3.659610 2.787050 4.225940
3.664400 2.788090 4.233150
3.669950 2.787910 4.239870
3.676080 2.786510 4.245900
3.682620 2.783940 4.251050
3.689370 2.780270 4.255170
3.696110 2.775610 4.258140
3.702660 2.770120 4.259860
3.708790 2.763940 4.260270
3.714340 2.757280 4.259380
3.719130 2.750330 4.257200
3.723010 2.743310 4.253810
3.725870 2.736420 4.249300
3.727630 2.729880 4.243810
3.728220 2.723890 4.237510
3.727630 2.718620 4.230590
3.725870 2.714250 4.223250
3.723010 2.710890 4.215740
3.719130 2.708660 4.208260
3.714340 2.707620 4.201050
3.708790 2.707800 4.194330
3.702660 2.709200 4.188300
3.696110 2.711780 4.183150

/group/R_incrd_b12/66
66
center_x -0.1758 radius 0.5 center_y 0.0 center_x_in_pixels -.5 pathId 112 center_y_in_pixels 0 creation_method make_circle transformed_from_LPS 1 shifted_origin {-1.3347 -3.1608 -7.0028} creation_type levelset pos {-38.975766 -31.282771 48.638924} bulk_scale_factor 0.1 nrm {-0.768973 -0.637545 -0.047083} xhat {0.000000 0.073650 -0.997284} posId 66
3.764110 2.809810 4.131280
3.758560 2.816520 4.131550
3.753170 2.823150 4.133320
3.748120 2.829470 4.136550
3.743560 2.835320 4.141130
3.739620 2.840500 4.146920
3.736420 2.844860 4.153760
3.734070 2.848260 4.161430
3.732630 2.850610 4.169700
3.732140 2.851840 4.178310
3.732630 2.851890 4.187010
3.734070 2.850780 4.195540
3.736430 2.848540 4.203620
3.739620 2.845230 4.211030
3.743560 2.840960 4.217520
3.748120 2.835850 4.222910
3.753170 2.830070 4.227030
3.758560 2.823780 4.229760
3.764110 2.817170 4.231010
3.769660 2.810460 4.230740
3.775040 2.803840 4.228970
3.780090 2.797510 4.225740
3.784650 2.791670 4.221160
3.788590 2.786490 4.215370
3.791790 2.782130 4.208530
3.794140 2.778720 4.200860
3.795590 2.776370 4.192590
3.796070 2.775150 4.183980
3.795590 2.775090 4.175270
3.794140 2.776200 4.166750
3.791790 2.778440 4.158660
3.788590 2.781750 4.151260
3.784650 2.786020 4.144770
3.780090 2.791130 4.139380
3.775040 2.796920 4.135260
3.769660 2.803210 4.132530

/group/R_incrd_b12/104
104
center_x -0.3516 radius 0.5 center_y 0.0 center_x_in_pixels -1 pathId 112 center_y_in_pixels 0 creation_method make_circle transformed_from_LPS 1 shifted_origin {-1.3347 -3.1608 -7.0028} creation_type levelset pos {-39.748095 -31.988855 48.848844} bulk_scale_factor 0.1 nrm {-0.729193 -0.684216 0.011232} xhat {0.000000 0.016414 0.999865} posId 104
3.841340 2.882560 4.199440
3.847280 2.876240 4.198580
3.853040 2.870140 4.196220
3.858450 2.864440 4.192450
3.863330 2.859320 4.187360
3.867550 2.854930 4.181130
3.870970 2.851400 4.173930
3.873490 2.848850 4.165990
3.875040 2.847340 4.157540
3.875550 2.846930 4.148850
3.875040 2.847620 4.140180
3.873490 2.849410 4.131790
3.870970 2.852220 4.123930
3.867550 2.855980 4.116860
3.863330 2.860580 4.110770
3.858450 2.865870 4.105850
3.853040 2.871690 4.102270
3.847280 2.877860 4.100110
3.841340 2.884200 4.099460
3.835400 2.890520 4.100320
3.829640 2.896620 4.102680
3.824230 2.902320 4.106450
3.819350 2.907440 4.111540
3.815130 2.911840 4.117770
3.811710 2.915360 4.124970
3.809190 2.917920 4.132910
3.807640 2.919430 4.141360
3.807120 2.919840 4.150050
3.807640 2.919140 4.158720
3.809190 2.917360 4.167110
3.811710 2.914540 4.174960
3.815130 2.910780 4.182040
3.819350 2.906190 4.188130
3.824230 2.900900 4.193040
3.829640 2.895080 4.196630
3.835400 2.888900 4.198790

/group/R_incrd_b12/123
123
center_x 0.5274 radius 0.5 center_y 0.1758 center_x_in_pixels 1.5 pathId 112 center_y_in_pixels 0.5 creation_method make_circle transformed_from_LPS 1 shifted_origin {-1.3347 -3.1608 -7.0028} creation_type levelset pos {-40.459488 -32.555246 48.645659} bulk_scale_factor 0.1 nrm {-0.746106 -0.542019 -0.386706} xhat {0.000000 0.580791 -0.814053} posId 123
3.900770 2.890450 4.073030
3.894990 2.896170 4.069890
3.889390 2.902590 4.068080
3.884130 2.909530 4.067650
3.879370 2.916770 4.068630
3.875270 2.924090 4.070970
3.871940 2.931270 4.074620
3.869490 2.938100 4.079450
3.867990 2.944360 4.085330
3.867480 2.949860 4.092070
3.867990 2.954440 4.099470
3.869490 2.957960 4.107300
3.871940 2.960310 4.115320
3.875270 2.961420 4.123300
3.879370 2.961260 4.130990
3.884130 2.959820 4.138150
3.889390 2.957170 4.144570
3.894990 2.953360 4.150060
3.900770 2.948530 4.154440
3.906550 2.942820 4.157580
3.912160 2.936390 4.159390
3.917420 2.929460 4.159820
3.922170 2.922220 4.158840
3.926280 2.914890 4.156500
3.929600 2.907710 4.152850
3.932060 2.900890 4.148020
3.933560 2.894630 4.142140
3.934070 2.889120 4.135400
3.933560 2.884540 4.128000
3.932060 2.881020 4.120170
3.929600 2.878670 4.112150
3.926280 2.877560 4.104170
3.922170 2.877730 4.096480
3.917420 2.879160 4.089320
3.912160 2.881820 4.082900
3.906550 2.885620 4.077410

/group/R_incrd_b12/139
139
center_x 0.3516 radius 0.5 center_y 0.1758 center_x_in_pixels 1. pathId 112 center_y_in_pixels 0.5 creation_method make_circle transformed_from_LPS 1 shifted_origin {-1.3347 -3.1608 -7.0028} creation_type levelset pos {-41.264780 -33.159595 48.064620} bulk_scale_factor 0.1 nrm {-0.632460 -0.507385 -0.585282} xhat {0.000000 0.755600 -0.655034} posId 139
3.979390 2.942820 4.042000
3.972670 2.946990 4.038350
3.966140 2.952180 4.035800
3.960030 2.958230 4.034440
3.954500 2.964970 4.034300
3.949720 2.972180 4.035390
3.945850 2.979640 4.037680
3.943000 2.987140 4.041090
3.941250 2.994430 4.045530
3.940660 3.001310 4.050860
3.941250 3.007560 4.056910
3.943000 3.012980 4.063500
3.945850 3.017420 4.070430
3.949720 3.020750 4.077500
3.954500 3.022850 4.084480
3.960030 3.023670 4.091170
3.966140 3.023180 4.097350
3.972670 3.021400 4.102850
3.979390 3.018380 4.107500
3.986120 3.014200 4.111150
3.992640 3.009010 4.113700
3.998760 3.002960 4.115060
4.004290 2.996220 4.115200
4.009060 2.989010 4.114110
4.012930 2.981550 4.111820
4.015780 2.974050 4.108400
4.017530 2.966760 4.103970
4.018120 2.959880 4.098640
4.017530 2.953640 4.092590
4.015780 2.948210 4.086000
4.012930 2.943770 4.079070
4.009060 2.940440 4.072000
4.004290 2.938340 4.065020
3.998760 2.937520 4.058330
3.992640 2.938010 4.052150
3.986120 2.939790 4.046650

/group/R_incrd_b12/153
153
center_x 0.3516 radius 0.5 center_y 0.1758 center_x_in_pixels 1. pathId 112 center_y_in_pixels 0.5 creation_method make_circle transformed_from_LPS 1 shifted_origin {-1.3347 -3.1608 -7.0028} creation_type levelset pos {-42.034980 -33.822862 47.225692} bulk_scale_factor 0.1 nrm {-0.546397 -0.498794 -0.672796} xhat {0.000000 0.803314 -0.595556} posId 153
4.055300 3.003520 3.963860
4.048030 3.006950 3.960500
4.040980 3.011500 3.958150
4.034370 3.017030 3.956870
4.028390 3.023370 3.956710
4.023230 3.030330 3.957680
4.019040 3.037690 3.959740
4.015950 3.045230 3.962830
4.014060 3.052730 3.966850
4.013430 3.059950 3.971690
4.014060 3.066680 3.977190
4.015950 3.072710 3.983190
4.019040 3.077860 3.989520
4.023230 3.081960 3.995960
4.028390 3.084910 4.002340
4.034370 3.086600 4.008450
4.040980 3.086990 4.014110
4.048030 3.086060 4.019150
4.055300 3.083850 4.023410
4.062580 3.080410 4.026770
4.069630 3.075860 4.029120
4.076240 3.070330 4.030390
4.082220 3.063990 4.030550
4.087380 3.057040 4.029590
4.091570 3.049670 4.027530
4.094650 3.042130 4.024440
4.096540 3.034630 4.020420
4.097180 3.027410 4.015580
4.096540 3.020680 4.010080
4.094660 3.014660 4.004070
4.091570 3.009510 3.997750
4.087380 3.005400 3.991300
4.082220 3.002460 3.984930
4.076240 3.000760 3.978820
4.069630 3.000370 3.973160
4.062580 3.001300 3.968120

/group/R_incrd_b12/163
163
center_x 0.3516 radius 0.5 center_y 0.1758 center_x_in_pixels 1. pathId 112 center_y_in_pixels 0.5 creation_method make_circle transformed_from_LPS 1 shifted_origin {-1.3347 -3.1608 -7.0028} creation_type levelset pos {-42.572190 -34.329373 46.521231} bulk_scale_factor 0.1 nrm {-0.507987 -0.494002 -0.705628} xhat {0.000000 0.819198 -0.573511} posId 163
4.108610 3.052220 3.895690
4.101130 3.055370 3.892510
4.093880 3.059670 3.890300
4.087070 3.064990 3.889130
4.080920 3.071160 3.889020
4.075610 3.078010 3.889990
4.071310 3.085310 3.892010
4.068140 3.092860 3.895000
4.066190 3.100410 3.898890
4.065540 3.107740 3.903560
4.066190 3.114630 3.908850
4.068140 3.120870 3.914620
4.071310 3.126270 3.920680
4.075610 3.130660 3.926860
4.080920 3.133920 3.932950
4.087070 3.135930 3.938790
4.093880 3.136650 3.944190
4.101130 3.136040 3.948990
4.108610 3.134140 3.953040
4.116090 3.130980 3.956220
4.123340 3.126680 3.958430
4.130140 3.121370 3.959600
4.136290 3.115190 3.959700
4.141600 3.108350 3.958730
4.145900 3.101040 3.956720
4.149080 3.093500 3.953720
4.151020 3.085940 3.949830
4.151670 3.078610 3.945170
4.151020 3.071720 3.939870
4.149080 3.065480 3.934110
4.145900 3.060080 3.928040
4.141600 3.055690 3.921870
4.136290 3.052440 3.915770
4.130140 3.050420 3.909930
4.123340 3.049700 3.904530
4.116090 3.050310 3.899740

/group/R_incrd_b12/173
173
center_x 0.3516 radius 0.5 center_y 0.1758 center_x_in_pixels 1. pathId 112 center_y_in_pixels 0.5 creation_method make_circle transformed_from_LPS 1 shifted_origin {-1.3347 -3.1608 -7.0028} creation_type levelset pos {-43.060516 -34.816917 45.810796} bulk_scale_factor 0.1 nrm {-0.478928 -0.490510 -0.728030} xhat {0.000000 0.829329 -0.558760} posId 173
4.157150 3.099690 3.826230
4.149530 3.102640 3.823210
4.142140 3.106770 3.821130
4.135200 3.111940 3.820050
4.128940 3.117990 3.820000
4.123520 3.124750 3.821000
4.119140 3.132010 3.823000
4.115900 3.139550 3.825950
4.113920 3.147130 3.829760
4.113260 3.154540 3.834310
4.113920 3.161530 3.839460
4.115900 3.167910 3.845060
4.119140 3.173480 3.850940
4.123520 3.178060 3.856920
4.128940 3.181520 3.862810
4.135200 3.183760 3.868440
4.142140 3.184700 3.873630
4.149530 3.184320 3.878240
4.157150 3.182620 3.882110
4.164770 3.179670 3.885130
4.172160 3.175550 3.887220
4.179100 3.170380 3.888300
4.185360 3.164320 3.888340
4.190770 3.157560 3.887340
4.195160 3.150300 3.885340
4.198390 3.142770 3.882390
4.200370 3.135180 3.878580
4.201040 3.127780 3.874030
4.200370 3.120780 3.868880
4.198390 3.114400 3.863280
4.195160 3.108840 3.857400
4.190770 3.104250 3.851430
4.185360 3.100790 3.845530
4.179100 3.098560 3.839910
4.172160 3.097620 3.834710
4.164770 3.098000 3.830110

/group/R_incrd_b12/185
185
center_x 0.3516 radius 0.5 center_y 0.1758 center_x_in_pixels 1. pathId 112 center_y_in_pixels 0.5 creation_method make_circle transformed_from_LPS 1 shifted_origin {-1.3347 -3.1608 -7.0028} creation_type levelset pos {-43.522551 -35.300949 45.080298} bulk_scale_factor 0.1 nrm {-0.453211 -0.486209 -0.747128} xhat {0.000000 0.838149 -0.545442} posId 185
4.203110 3.146980 3.754620
4.195370 3.149770 3.751740
4.187870 3.153740 3.749770
4.180830 3.158780 3.748780
4.174460 3.164730 3.748790
4.168970 3.171420 3.749810
4.164520 3.178640 3.751810
4.161230 3.186170 3.754720
4.159220 3.193790 3.758450
4.158540 3.201250 3.762900
4.159220 3.208340 3.767930
4.161230 3.214840 3.773370
4.164520 3.220550 3.779080
4.168970 3.225300 3.784880
4.174460 3.228940 3.790580
4.180830 3.231360 3.796020
4.187870 3.232500 3.801030
4.195370 3.232310 3.805450
4.203110 3.230800 3.809170
4.210850 3.228020 3.812050
4.218360 3.224040 3.814020
4.225400 3.219000 3.815010
4.231760 3.213050 3.814990
4.237260 3.206360 3.813970
4.241710 3.199140 3.811980
4.245000 3.191610 3.809070
4.247010 3.184000 3.805330
4.247680 3.176530 3.800890
4.247010 3.169440 3.795860
4.245000 3.162940 3.790410
4.241710 3.157230 3.784710
4.237260 3.152490 3.778910
4.231760 3.148840 3.773210
4.225400 3.146420 3.767770
4.218360 3.145280 3.762760
4.210850 3.145470 3.758330

