/group/R_pcoma/0
0
center_x 0.0 radius .9 center_y 0.0 center_x_in_pixels 0 pathId 175 center_y_in_pixels 0 creation_method make_circle transformed_from_LPS 1 shifted_origin {-1.3347 -3.1608 -7.0028} creation_type levelset pos {-7.432380 -33.023201 24.342501} bulk_scale_factor 0.1 nrm {0.468846 0.868148 -0.162797} xhat {0.000000 0.184310 0.982868} posId 0
0.609768 2.969650 1.822430
0.595964 2.977110 1.822430
0.582579 2.984840 1.819750
0.570020 2.992610 1.814470
0.558670 3.000190 1.806730
0.548871 3.007350 1.796790
0.540923 3.013860 1.784930
0.535067 3.019540 1.771530
0.531481 3.024200 1.756990
0.530273 3.027710 1.741750
0.531481 3.029960 1.726270
0.535067 3.030890 1.711020
0.540923 3.030450 1.696480
0.548871 3.028670 1.683070
0.558669 3.025610 1.671210
0.570020 3.021340 1.661250
0.582579 3.016010 1.653510
0.595964 3.009780 1.648210
0.609768 3.002830 1.645510
0.623573 2.995370 1.645510
0.636957 2.987640 1.648190
0.649516 2.979870 1.653470
0.660866 2.972290 1.661210
0.670665 2.965130 1.671150
0.678613 2.958620 1.683010
0.684469 2.952940 1.696410
0.688056 2.948280 1.710950
0.689263 2.944770 1.726190
0.688056 2.942520 1.741670
0.684469 2.941590 1.756920
0.678613 2.942030 1.771460
0.670665 2.943810 1.784870
0.660867 2.946870 1.796730
0.649515 2.951140 1.806690
0.636957 2.956470 1.814430
0.623572 2.962700 1.819730

/group/R_pcoma/12
12
center_x 0.0 radius .9 center_y 0.0 center_x_in_pixels 0 pathId 175 center_y_in_pixels 0 creation_method make_circle transformed_from_LPS 1 shifted_origin {-1.3347 -3.1608 -7.0028} creation_type levelset pos {-6.472876 -31.275067 24.246098} bulk_scale_factor 0.1 nrm {0.485921 0.871584 0.064985} xhat {0.000000 0.074353 -0.997232} posId 12
0.513818 2.804730 1.634580
0.527477 2.797260 1.636510
0.540721 2.790220 1.641100
0.553148 2.783830 1.648230
0.564379 2.778270 1.657670
0.574075 2.773720 1.669130
0.581939 2.770310 1.682270
0.587734 2.768160 1.696690
0.591283 2.767320 1.711950
0.592478 2.767810 1.727580
0.591283 2.769640 1.743120
0.587734 2.772730 1.758080
0.581939 2.777000 1.772020
0.574075 2.782320 1.784510
0.564380 2.788520 1.795170
0.553148 2.795420 1.803680
0.540721 2.802800 1.809780
0.527477 2.810440 1.813280
0.513818 2.818120 1.814080
0.500158 2.825590 1.812150
0.486914 2.832630 1.807560
0.474488 2.839030 1.800430
0.463256 2.844590 1.790990
0.453560 2.849140 1.779530
0.445696 2.852540 1.766390
0.439901 2.854700 1.751970
0.436352 2.855540 1.736710
0.435157 2.855040 1.721080
0.436352 2.853210 1.705540
0.439901 2.850120 1.690580
0.445696 2.845850 1.676640
0.453560 2.840530 1.664150
0.463256 2.834330 1.653490
0.474488 2.827440 1.644980
0.486914 2.820050 1.638880
0.500158 2.812410 1.635380

/group/R_pcoma/20
20
center_x 0.0 radius .9 center_y 0.0 center_x_in_pixels 0 pathId 175 center_y_in_pixels 0 creation_method make_circle transformed_from_LPS 1 shifted_origin {-1.3347 -3.1608 -7.0028} creation_type levelset pos {-5.547072 -29.659437 24.774310} bulk_scale_factor 0.1 nrm {0.430433 0.730585 0.530070} xhat {0.000000 0.587255 -0.809402} posId 20
0.421237 2.597010 1.704300
0.435344 2.592370 1.709360
0.449021 2.589470 1.716480
0.461855 2.588410 1.725440
0.473455 2.589220 1.735970
0.483468 2.591870 1.747750
0.491590 2.596280 1.760430
0.497574 2.602320 1.773610
0.501239 2.609810 1.786910
0.502473 2.618510 1.799900
0.501239 2.628160 1.812200
0.497574 2.638480 1.823440
0.491589 2.649140 1.833280
0.483467 2.659820 1.841400
0.473455 2.670200 1.847580
0.461856 2.679960 1.851610
0.449021 2.688810 1.853380
0.435344 2.696470 1.852840
0.421237 2.702720 1.850000
0.407130 2.707360 1.844940
0.393453 2.710250 1.837820
0.380619 2.711310 1.828860
0.369020 2.710510 1.818330
0.359007 2.707860 1.806550
0.350885 2.703440 1.793870
0.344900 2.697410 1.780690
0.341235 2.689920 1.767400
0.340001 2.681220 1.754400
0.341235 2.671560 1.742100
0.344900 2.661250 1.730860
0.350885 2.650590 1.721030
0.359007 2.639910 1.712900
0.369019 2.629530 1.706720
0.380619 2.619770 1.702690
0.393453 2.610920 1.700920
0.407131 2.603260 1.701460

/group/R_pcoma/28
28
center_x 0.0 radius .9 center_y 0.0 center_x_in_pixels 0 pathId 175 center_y_in_pixels 0 creation_method make_circle transformed_from_LPS 1 shifted_origin {-1.3347 -3.1608 -7.0028} creation_type levelset pos {-4.921450 -28.527624 25.972724} bulk_scale_factor 0.1 nrm {0.273795 0.584817 0.763561} xhat {0.000000 0.793898 -0.608051} posId 28
0.358675 2.465230 1.842270
0.373706 2.463720 1.846500
0.388281 2.464420 1.852260
0.401956 2.467310 1.859380
0.414315 2.472320 1.867650
0.424985 2.479280 1.876800
0.433639 2.487980 1.886570
0.440016 2.498170 1.896660
0.443921 2.509520 1.906760
0.445236 2.521700 1.916560
0.443921 2.534330 1.925760
0.440016 2.547040 1.934090
0.433639 2.559430 1.941300
0.424984 2.571130 1.947150
0.414315 2.581790 1.951490
0.401956 2.591070 1.954170
0.388280 2.598700 1.955110
0.373706 2.604450 1.954280
0.358675 2.608130 1.951720
0.343644 2.609650 1.947490
0.329069 2.608950 1.941730
0.315395 2.606050 1.934600
0.303035 2.601050 1.926340
0.292365 2.594090 1.917180
0.283711 2.585380 1.907410
0.277334 2.575200 1.897330
0.273429 2.563850 1.887230
0.272114 2.551670 1.877430
0.273429 2.539030 1.868220
0.277334 2.526320 1.859890
0.283711 2.513930 1.852690
0.292365 2.502230 1.846830
0.303035 2.491580 1.842500
0.315395 2.482300 1.839820
0.329069 2.474670 1.838880
0.343644 2.468920 1.839700

/group/R_pcoma/40
40
center_x 0.0 radius .9 center_y 0.0 center_x_in_pixels 0 pathId 175 center_y_in_pixels 0 creation_method make_circle transformed_from_LPS 1 shifted_origin {-1.3347 -3.1608 -7.0028} creation_type levelset pos {-4.493401 -26.875231 27.674653} bulk_scale_factor 0.1 nrm {0.073568 0.828101 0.555730} xhat {0.000000 0.557240 -0.830351} posId 40
0.315870 2.321290 1.992450
0.331456 2.321100 1.994230
0.346569 2.322440 1.998220
0.360748 2.325260 2.004310
0.373564 2.329490 2.012310
0.384627 2.334990 2.021980
0.393601 2.341610 2.033010
0.400213 2.349120 2.045090
0.404262 2.357320 2.057840
0.405626 2.365950 2.070880
0.404263 2.374740 2.083800
0.400213 2.383430 2.096210
0.393601 2.391760 2.107750
0.384627 2.399470 2.118050
0.373564 2.406330 2.126800
0.360748 2.412130 2.133750
0.346568 2.416690 2.138670
0.331456 2.419880 2.141420
0.315870 2.421590 2.141920
0.300284 2.421790 2.140140
0.285172 2.420450 2.136150
0.270992 2.417620 2.130060
0.258176 2.413400 2.122060
0.247113 2.407890 2.112400
0.238139 2.401280 2.101360
0.231527 2.393760 2.089280
0.227478 2.385570 2.076530
0.226114 2.376940 2.063500
0.227478 2.368150 2.050570
0.231527 2.359460 2.038160
0.238139 2.351130 2.026620
0.247113 2.343420 2.016320
0.258176 2.336560 2.007570
0.270992 2.330760 2.000620
0.285172 2.326200 1.995700
0.300284 2.323010 1.992950

/group/R_pcoma/49
49
center_x 0.0 radius .9 center_y 0.0 center_x_in_pixels 0 pathId 175 center_y_in_pixels 0 creation_method make_circle transformed_from_LPS 1 shifted_origin {-1.3347 -3.1608 -7.0028} creation_type levelset pos {-4.493680 -25.485817 28.284376} bulk_scale_factor 0.1 nrm {-0.082206 0.976735 0.198069} xhat {0.000000 0.198742 -0.980052} posId 49
0.315898 2.214620 2.039950
0.331473 2.216150 2.041040
0.346576 2.218170 2.044770
0.360746 2.220640 2.051030
0.373553 2.223460 2.059640
0.384609 2.226560 2.070330
0.393577 2.229840 2.082780
0.400184 2.233200 2.096610
0.404231 2.236540 2.111390
0.405593 2.239750 2.126690
0.404231 2.242750 2.142030
0.400184 2.245430 2.156940
0.393576 2.247720 2.170990
0.384609 2.249550 2.183730
0.373553 2.250860 2.194780
0.360746 2.251620 2.203810
0.346575 2.251790 2.210540
0.331473 2.251380 2.214770
0.315898 2.250390 2.216360
0.300322 2.248860 2.215280
0.285220 2.246830 2.211550
0.271050 2.244370 2.205280
0.258243 2.241540 2.196670
0.247187 2.238440 2.185980
0.238220 2.235170 2.173530
0.231612 2.231810 2.159710
0.227565 2.228470 2.144920
0.226203 2.225250 2.129630
0.227565 2.222250 2.114290
0.231612 2.219570 2.099370
0.238220 2.217280 2.085330
0.247187 2.215450 2.072590
0.258243 2.214140 2.061530
0.271051 2.213390 2.052510
0.285220 2.213210 2.045780
0.300322 2.213630 2.041550

/group/R_pcoma/61
61
center_x 0.0 radius .9 center_y 0.0 center_x_in_pixels 0 pathId 175 center_y_in_pixels 0 creation_method make_circle transformed_from_LPS 1 shifted_origin {-1.3347 -3.1608 -7.0028} creation_type levelset pos {-4.681455 -23.820365 28.150115} bulk_scale_factor 0.1 nrm {-0.027552 0.947478 -0.318631} xhat {0.000000 0.318752 0.947838} posId 61
0.334675 2.037270 2.200040
0.319053 2.037300 2.198600
0.303905 2.038200 2.194620
0.289693 2.039940 2.188210
0.276847 2.042470 2.179570
0.265758 2.045720 2.168960
0.256763 2.049580 2.156700
0.250135 2.053940 2.143160
0.246077 2.058660 2.128770
0.244710 2.063610 2.113940
0.246077 2.068620 2.099140
0.250135 2.073560 2.084810
0.256763 2.078270 2.071390
0.265758 2.082600 2.059290
0.276846 2.086420 2.048880
0.289692 2.089630 2.040460
0.303906 2.092110 2.034300
0.319053 2.093800 2.030580
0.334675 2.094640 2.029430
0.350298 2.094620 2.030860
0.365446 2.093720 2.034840
0.379658 2.091980 2.041250
0.392504 2.089440 2.049890
0.403594 2.086200 2.060500
0.412588 2.082340 2.072760
0.419216 2.077980 2.086300
0.423275 2.073250 2.100700
0.424641 2.068310 2.115520
0.423275 2.063290 2.130320
0.419216 2.058350 2.144650
0.412588 2.053650 2.158070
0.403593 2.049320 2.170170
0.392505 2.045490 2.180590
0.379658 2.042290 2.189000
0.365446 2.039800 2.195160
0.350298 2.038110 2.198880

/group/R_pcoma/70
70
center_x 0.0 radius .9 center_y 0.0 center_x_in_pixels 0 pathId 175 center_y_in_pixels 0 creation_method make_circle transformed_from_LPS 1 shifted_origin {-1.3347 -3.1608 -7.0028} creation_type levelset pos {-4.466953 -22.794156 27.707583} bulk_scale_factor 0.1 nrm {0.429710 0.816934 -0.384667} xhat {0.000000 0.426003 0.904722} posId 70
0.313225 1.925000 2.151900
0.299113 1.931650 2.153530
0.285430 1.939270 2.152630
0.272592 1.947630 2.149230
0.260988 1.956460 2.143440
0.250971 1.965490 2.135440
0.242846 1.974470 2.125460
0.236859 1.983100 2.113810
0.233193 1.991140 2.100840
0.231958 1.998320 2.086950
0.233193 2.004450 2.072560
0.236859 2.009330 2.058110
0.242846 2.012810 2.044030
0.250971 2.014780 2.030760
0.260988 2.015200 2.018690
0.272592 2.014030 2.008200
0.285431 2.011330 1.999600
0.299113 2.007170 1.993150
0.313225 2.001680 1.989050
0.327338 1.995020 1.987430
0.341020 1.987400 1.988330
0.353859 1.979040 1.991720
0.365463 1.970220 1.997510
0.375480 1.961180 2.005520
0.383605 1.952200 2.015500
0.389591 1.943570 2.027150
0.393258 1.935540 2.040110
0.394492 1.928350 2.054000
0.393258 1.922220 2.068390
0.389592 1.917340 2.082850
0.383605 1.913860 2.096920
0.375480 1.911890 2.110200
0.365463 1.911470 2.122260
0.353859 1.912640 2.132760
0.341020 1.915340 2.141360
0.327337 1.919500 2.147810

/group/R_pcoma/85
85
center_x 0.0 radius .9 center_y 0.0 center_x_in_pixels 0 pathId 175 center_y_in_pixels 0 creation_method make_circle transformed_from_LPS 1 shifted_origin {-1.3347 -3.1608 -7.0028} creation_type levelset pos {-3.324162 -21.115815 27.506613} bulk_scale_factor 0.1 nrm {0.473953 0.837733 0.271243} xhat {0.000000 0.308038 -0.951374} posId 85
0.198946 1.767780 1.964760
0.212708 1.761150 1.968340
0.226051 1.755570 1.974420
0.238571 1.751200 1.982800
0.249887 1.748180 1.993240
0.259655 1.746590 2.005410
0.267578 1.746500 2.018950
0.273416 1.747890 2.033440
0.276992 1.750720 2.048450
0.278196 1.754920 2.063520
0.276992 1.760350 2.078190
0.273416 1.766850 2.092010
0.267578 1.774220 2.104570
0.259655 1.782230 2.115480
0.249887 1.790650 2.124420
0.238571 1.799220 2.131100
0.226051 1.807670 2.135340
0.212708 1.815760 2.136990
0.198946 1.823220 2.136010
0.185184 1.829850 2.132420
0.171841 1.835430 2.126350
0.159322 1.839800 2.117960
0.148006 1.842820 2.107530
0.138237 1.844410 2.095350
0.130314 1.844510 2.081810
0.124476 1.843120 2.067320
0.120901 1.840280 2.052310
0.119697 1.836080 2.037240
0.120901 1.830650 2.022570
0.124476 1.824150 2.008750
0.130314 1.816780 1.996190
0.138237 1.808770 1.985280
0.148005 1.800350 1.976340
0.159322 1.791780 1.969660
0.171841 1.783330 1.965430
0.185185 1.775250 1.963780

