/group/R_vtbrl_b6/6
6
center_x 0.0 radius .65 center_y 0.1758 center_x_in_pixels 0 pathId 306 center_y_in_pixels .5 creation_method make_circle transformed_from_LPS 1 shifted_origin {-1.3347 -3.1608 -7.0028} modified_as_spline 1 creation_type levelset pos {-11.397360 -3.928593 26.842311} bulk_scale_factor 0.1 nrm {-0.164708 0.067479 -0.984031} xhat {0.000000 0.997657 0.068413} posId 6
0.992700 0.008394 1.986400
0.972900 0.011430 1.982880
0.955130 0.020531 1.979280
0.941010 0.034654 1.975950
0.931810 0.052507 1.973190
0.928580 0.072495 1.971280
0.931550 0.092950 1.970370
0.941820 0.108293 1.971040
0.956380 0.122776 1.972480
0.974380 0.132881 1.974800
0.992700 0.138086 1.977510
1.012490 0.135053 1.981030
1.030260 0.125947 1.984620
1.044380 0.111822 1.987950
1.053580 0.093949 1.990720
1.056810 0.073962 1.992630
1.053580 0.053911 1.993460
1.044940 0.039045 1.993040
1.028250 0.024075 1.991270
1.011190 0.013741 1.989130

/group/R_vtbrl_b6/11
11
center_x 0.0 radius .7 center_y 0.1758 center_x_in_pixels 0 pathId 306 center_y_in_pixels .5 creation_method make_circle transformed_from_LPS 1 shifted_origin {-1.3347 -3.1608 -7.0028} creation_type levelset pos {-11.604808 -3.786715 25.784485} bulk_scale_factor 0.1 nrm {-0.222848 0.210200 -0.951922} xhat {0.000000 0.976477 0.215622} posId 11
1.009870 -0.006607 1.889440
0.998020 -0.006152 1.886560
0.986530 -0.003635 1.883320
0.975750 0.000869 1.879800
0.966010 0.007223 1.876110
0.957600 0.015233 1.872380
0.950780 0.024657 1.868700
0.945750 0.035208 1.865190
0.942670 0.046565 1.861960
0.941630 0.058384 1.859110
0.942670 0.070304 1.856720
0.945750 0.081964 1.854870
0.950780 0.093011 1.853600
0.957600 0.103107 1.852970
0.966010 0.111946 1.852990
0.975750 0.119261 1.853660
0.986530 0.124828 1.854950
0.998020 0.128478 1.856830
1.009870 0.130100 1.859250
1.021720 0.129646 1.862120
1.033210 0.127128 1.865370
1.043990 0.122624 1.868890
1.053740 0.116271 1.872570
1.062150 0.108260 1.876310
1.068970 0.098836 1.879990
1.074000 0.088286 1.883490
1.077080 0.076928 1.886720
1.078110 0.065110 1.889580
1.077080 0.053190 1.891960
1.074000 0.041530 1.893820
1.068970 0.030483 1.895080
1.062150 0.020387 1.895710
1.053740 0.011547 1.895700
1.043990 0.004233 1.895030
1.033210 -0.001334 1.893740
1.021720 -0.004984 1.891850

/group/R_vtbrl_b6/19
19
center_x 0.0 radius .7 center_y 0.0 center_x_in_pixels 0 pathId 306 center_y_in_pixels 0 creation_method make_circle transformed_from_LPS 1 shifted_origin {-1.3347 -3.1608 -7.0028} creation_type levelset pos {-12.102689 -3.102711 24.359732} bulk_scale_factor 0.1 nrm {-0.368116 0.602339 -0.708292} xhat {0.000000 0.761785 0.647830} posId 19
1.076800 -0.059134 1.781040
1.065500 -0.061222 1.776940
1.054540 -0.061627 1.771590
1.044260 -0.060336 1.765150
1.034960 -0.057389 1.757810
1.026940 -0.052873 1.749810
1.020430 -0.046928 1.741370
1.015640 -0.039734 1.732760
1.012700 -0.031509 1.724240
1.011710 -0.022502 1.716060
1.012700 -0.012989 1.708490
1.015640 -0.003257 1.701740
1.020430 0.006397 1.696020
1.026940 0.015680 1.691510
1.034960 0.024310 1.688340
1.044260 0.032025 1.686610
1.054540 0.038591 1.686370
1.065500 0.043807 1.687630
1.076800 0.047516 1.690340
1.088100 0.049605 1.694440
1.099060 0.050010 1.699790
1.109340 0.048718 1.706240
1.118630 0.045771 1.713570
1.126660 0.041255 1.721580
1.133160 0.035310 1.730020
1.137960 0.028116 1.738630
1.140890 0.019890 1.747150
1.141880 0.010884 1.755320
1.140890 0.001371 1.762900
1.137960 -0.008360 1.769650
1.133160 -0.018015 1.775370
1.126660 -0.027298 1.779880
1.118630 -0.035928 1.783050
1.109340 -0.043643 1.784780
1.099060 -0.050209 1.785020
1.088100 -0.055425 1.783760

/group/R_vtbrl_b6/27
27
center_x 0.0 radius .7 center_y 0.0 center_x_in_pixels 0 pathId 306 center_y_in_pixels 0 creation_method make_circle transformed_from_LPS 1 shifted_origin {-1.3347 -3.1608 -7.0028} creation_type levelset pos {-12.617837 -2.237449 23.589011} bulk_scale_factor 0.1 nrm {-0.446604 0.720427 -0.530594} xhat {0.000000 0.593020 0.805188} posId 27
1.128310 -0.133846 1.714980
1.117440 -0.137587 1.710910
1.106890 -0.139952 1.705240
1.097000 -0.140871 1.698160
1.088060 -0.140315 1.689880
1.080340 -0.138301 1.680650
1.074070 -0.134890 1.670750
1.069460 -0.130187 1.660480
1.066630 -0.124333 1.650150
1.065680 -0.117507 1.640080
1.066630 -0.109916 1.630580
1.069460 -0.101791 1.621920
1.074070 -0.093379 1.614380
1.080340 -0.084935 1.608190
1.088060 -0.076716 1.603530
1.097000 -0.068971 1.600540
1.106890 -0.061936 1.599320
1.117440 -0.055825 1.599890
1.128310 -0.050824 1.602260
1.139190 -0.047083 1.606330
1.149730 -0.044718 1.612000
1.159630 -0.043799 1.619080
1.168570 -0.044355 1.627360
1.176290 -0.046369 1.636590
1.182550 -0.049780 1.646490
1.187170 -0.054483 1.656760
1.189990 -0.060337 1.667090
1.190940 -0.067163 1.677160
1.189990 -0.074754 1.686670
1.187170 -0.082879 1.695320
1.182550 -0.091291 1.702860
1.176290 -0.099735 1.709050
1.168570 -0.107954 1.713710
1.159630 -0.115699 1.716700
1.149730 -0.122734 1.717930
1.139190 -0.128845 1.717350

/group/R_vtbrl_b6/37
37
center_x 0.0 radius .7 center_y 0.0 center_x_in_pixels 0 pathId 306 center_y_in_pixels 0 creation_method make_circle transformed_from_LPS 1 shifted_origin {-1.3347 -3.1608 -7.0028} creation_type levelset pos {-13.188301 -1.559606 22.944504} bulk_scale_factor 0.1 nrm {-0.565199 0.457826 -0.686255} xhat {0.000000 0.831870 0.554971} posId 37
1.185360 -0.218350 1.633020
1.175330 -0.221278 1.626710
1.165610 -0.222348 1.619420
1.156490 -0.221527 1.611360
1.148240 -0.218840 1.602770
1.141120 -0.214369 1.593930
1.135350 -0.208250 1.585090
1.131100 -0.200668 1.576530
1.128490 -0.191854 1.568500
1.127610 -0.182076 1.561260
1.128490 -0.171631 1.555010
1.131100 -0.160836 1.549960
1.135350 -0.150019 1.546240
1.141120 -0.139509 1.543990
1.148240 -0.129626 1.543260
1.156490 -0.120669 1.544070
1.165610 -0.112910 1.546410
1.175330 -0.106586 1.550200
1.185360 -0.101889 1.555320
1.195390 -0.098960 1.561630
1.205110 -0.097891 1.568920
1.214230 -0.098712 1.576980
1.222480 -0.101398 1.585570
1.229600 -0.105870 1.594410
1.235370 -0.111989 1.603250
1.239620 -0.119570 1.611810
1.242230 -0.128385 1.619840
1.243110 -0.138163 1.627080
1.242230 -0.148608 1.633330
1.239620 -0.159403 1.638380
1.235370 -0.170220 1.642100
1.229600 -0.180730 1.644350
1.222480 -0.190613 1.645090
1.214230 -0.199571 1.644270
1.205110 -0.207329 1.641930
1.195390 -0.213653 1.638140

/group/R_vtbrl_b6/46
46
center_x -0.3516 radius .65 center_y 0.1758 center_x_in_pixels -1 pathId 306 center_y_in_pixels 0.5 creation_method make_circle transformed_from_LPS 1 shifted_origin {-1.3347 -3.1608 -7.0028} modified_as_spline 1 creation_type levelset pos {-14.162776 -0.915652 21.694152} bulk_scale_factor 0.1 nrm {-0.597513 0.352099 -0.720420} xhat {0.000000 0.898437 0.439103} posId 46
1.266440 -0.288013 1.487020
1.250340 -0.290328 1.474800
1.235910 -0.286699 1.461060
1.224430 -0.277594 1.447090
1.216950 -0.263849 1.434170
1.214330 -0.246686 1.423610
1.216940 -0.227790 1.416540
1.224430 -0.209150 1.413640
1.235900 -0.192530 1.415030
1.250350 -0.179448 1.420620
1.266450 -0.171218 1.429950
1.282540 -0.168919 1.442170
1.296990 -0.172575 1.455940
1.308450 -0.181654 1.469880
1.315930 -0.195399 1.482800
1.318560 -0.212585 1.493380
1.315950 -0.231458 1.500440
1.308470 -0.250106 1.503350
1.296980 -0.266718 1.501940
1.282540 -0.279804 1.496360

/group/R_vtbrl_b6/50
50
center_x 0.1758 radius .65 center_y 0.0 center_x_in_pixels .5 pathId 306 center_y_in_pixels 0 creation_method make_circle transformed_from_LPS 1 shifted_origin {-1.3347 -3.1608 -7.0028} creation_type levelset pos {-14.769252 -0.570306 21.028960} bulk_scale_factor 0.1 nrm {-0.667305 0.368159 -0.647428} xhat {0.000000 0.869282 0.494316} posId 50
1.343460 -0.330835 1.443440
1.335050 -0.333699 1.436400
1.326900 -0.334760 1.428600
1.319250 -0.333985 1.420280
1.312340 -0.331397 1.411680
1.306370 -0.327076 1.403080
1.301530 -0.321151 1.394720
1.297960 -0.313804 1.386860
1.295780 -0.305258 1.379750
1.295040 -0.295772 1.373600
1.295780 -0.285635 1.368590
1.297960 -0.275154 1.364890
1.301530 -0.264648 1.362590
1.306370 -0.254436 1.361770
1.312340 -0.244829 1.362460
1.319250 -0.236119 1.364630
1.326900 -0.228569 1.368220
1.335050 -0.222410 1.373120
1.343460 -0.217828 1.379180
1.351860 -0.214963 1.386210
1.360010 -0.213902 1.394010
1.367660 -0.214678 1.402330
1.374570 -0.217265 1.410930
1.380540 -0.221587 1.419540
1.385380 -0.227511 1.427890
1.388950 -0.234858 1.435750
1.391130 -0.243405 1.442860
1.391870 -0.252891 1.449010
1.391130 -0.263028 1.454020
1.388950 -0.273509 1.457730
1.385380 -0.284015 1.460020
1.380540 -0.294226 1.460840
1.374570 -0.303833 1.460160
1.367660 -0.312545 1.457980
1.360010 -0.320094 1.454390
1.351860 -0.326253 1.449500

/group/R_vtbrl_b6/55
55
center_x 0.1758 radius .65 center_y 0.0 center_x_in_pixels .5 pathId 306 center_y_in_pixels 0 creation_method make_circle transformed_from_LPS 1 shifted_origin {-1.3347 -3.1608 -7.0028} creation_type levelset pos {-15.624518 -0.112921 20.369531} bulk_scale_factor 0.1 nrm {-0.792097 0.414693 -0.447898} xhat {0.000000 0.733783 0.679384} posId 55
1.428980 -0.365384 1.392780
1.422090 -0.370733 1.385550
1.415410 -0.374471 1.377190
1.409140 -0.376483 1.367970
1.403480 -0.376709 1.358160
1.398590 -0.375142 1.348060
1.394620 -0.371828 1.337980
1.391700 -0.366870 1.328220
1.389910 -0.360418 1.319080
1.389310 -0.352667 1.310840
1.389910 -0.343853 1.303740
1.391700 -0.334245 1.298010
1.394620 -0.324132 1.293820
1.398590 -0.313825 1.291290
1.403480 -0.303635 1.290500
1.409140 -0.293872 1.291480
1.415410 -0.284832 1.294200
1.422090 -0.276790 1.298570
1.428980 -0.269992 1.304460
1.435870 -0.264642 1.311690
1.442550 -0.260905 1.320040
1.448820 -0.258893 1.329260
1.454480 -0.258666 1.339070
1.459380 -0.260234 1.349170
1.463340 -0.263547 1.359250
1.466260 -0.268505 1.369010
1.468050 -0.274958 1.378150
1.468660 -0.282709 1.386400
1.468050 -0.291522 1.393490
1.466260 -0.301131 1.399220
1.463340 -0.311243 1.403410
1.459380 -0.321551 1.405940
1.454490 -0.331741 1.406730
1.448820 -0.341504 1.405750
1.442550 -0.350544 1.403030
1.435870 -0.358585 1.398670

/group/R_vtbrl_b6/59
59
center_x -0.3516 radius .65 center_y 0.0 center_x_in_pixels -1 pathId 306 center_y_in_pixels 0 creation_method make_circle transformed_from_LPS 1 shifted_origin {-1.3347 -3.1608 -7.0028} modified_as_spline 1 creation_type levelset pos {-16.339627 0.264067 20.071573} bulk_scale_factor 0.1 nrm {-0.858588 0.461162 -0.223954} xhat {0.000000 0.436843 0.899538} posId 59
1.505650 -0.361502 1.365400
1.495360 -0.375566 1.354910
1.486130 -0.385404 1.339780
1.478790 -0.390209 1.321530
1.474010 -0.389540 1.301820
1.472330 -0.383307 1.282540
1.474010 -0.372009 1.265710
1.478790 -0.356939 1.253000
1.486130 -0.339628 1.245490
1.495370 -0.321629 1.243850
1.505660 -0.304705 1.248450
1.515940 -0.290640 1.258900
1.525180 -0.280797 1.274060
1.532520 -0.275987 1.292300
1.537300 -0.276657 1.312010
1.538980 -0.282895 1.331300
1.537300 -0.294193 1.348130
1.532520 -0.309263 1.360840
1.525180 -0.326574 1.368350
1.515940 -0.344568 1.369980

/group/R_vtbrl_b6/64
64
center_x -0.1758 radius .65 center_y 0.3516 center_x_in_pixels -.5 pathId 306 center_y_in_pixels 1 creation_method make_circle transformed_from_LPS 1 shifted_origin {-1.3347 -3.1608 -7.0028} creation_type levelset pos {-17.186955 0.744640 20.018695} bulk_scale_factor 0.1 nrm {-0.842900 0.517399 0.147708} xhat {0.000000 0.274514 -0.961583} posId 64
1.604140 -0.375064 1.247860
1.610220 -0.365644 1.246190
1.616110 -0.355969 1.246480
1.621630 -0.346331 1.248710
1.626630 -0.337025 1.252810
1.630940 -0.328332 1.258660
1.634430 -0.320516 1.266080
1.637010 -0.313817 1.274850
1.638590 -0.308435 1.284690
1.639120 -0.304536 1.295320
1.638590 -0.302238 1.306400
1.637010 -0.301611 1.317600
1.634430 -0.302673 1.328590
1.630940 -0.305393 1.339010
1.626630 -0.309687 1.348570
1.621630 -0.315425 1.356970
1.616110 -0.322434 1.363950
1.610220 -0.330499 1.369300
1.604140 -0.339377 1.372860
1.598070 -0.348796 1.374520
1.592180 -0.358472 1.374240
1.586660 -0.368109 1.372010
1.581660 -0.377416 1.367910
1.577350 -0.386109 1.362060
1.573860 -0.393924 1.354640
1.571280 -0.400624 1.345870
1.569700 -0.406005 1.336020
1.569170 -0.409904 1.325400
1.569700 -0.412202 1.314320
1.571280 -0.412829 1.303110
1.573860 -0.411767 1.292130
1.577350 -0.409048 1.281700
1.581660 -0.404754 1.272150
1.586660 -0.399015 1.263750
1.592180 -0.392006 1.256770
1.598070 -0.383941 1.251420

/group/R_vtbrl_b6/69
69
center_x -0.1758 radius .65 center_y 0.0 center_x_in_pixels -.5 pathId 306 center_y_in_pixels 0 creation_method make_circle transformed_from_LPS 1 shifted_origin {-1.3347 -3.1608 -7.0028} creation_type levelset pos {-17.895177 1.224625 20.341515} bulk_scale_factor 0.1 nrm {-0.683764 0.495604 0.535577} xhat {0.000000 0.733966 -0.679186} posId 69
1.656050 -0.473347 1.301660
1.664280 -0.467381 1.296670
1.672270 -0.460146 1.293170
1.679760 -0.451862 1.291270
1.686540 -0.442782 1.291020
1.692380 -0.433181 1.292450
1.697120 -0.423351 1.295490
1.700620 -0.413591 1.300060
1.702760 -0.404196 1.306020
1.703480 -0.395453 1.313190
1.702760 -0.387627 1.321350
1.700620 -0.380957 1.330260
1.697120 -0.375643 1.339630
1.692380 -0.371849 1.349200
1.686540 -0.369690 1.358660
1.679760 -0.369230 1.367730
1.672270 -0.370485 1.376140
1.664280 -0.373415 1.383620
1.656050 -0.377931 1.389960
1.647810 -0.383898 1.394950
1.639830 -0.391133 1.398450
1.632330 -0.399416 1.400350
1.625560 -0.408496 1.400600
1.619710 -0.418098 1.399180
1.614970 -0.427928 1.396140
1.611480 -0.437688 1.391560
1.609340 -0.447083 1.385600
1.608620 -0.455826 1.378430
1.609340 -0.463651 1.370270
1.611480 -0.470322 1.361370
1.614970 -0.475635 1.351990
1.619710 -0.479429 1.342420
1.625560 -0.481589 1.332960
1.632330 -0.482049 1.323890
1.639830 -0.480794 1.315480
1.647810 -0.477864 1.308000

/group/R_vtbrl_b6/74
74
center_x 0.0 radius .65 center_y 0.0 center_x_in_pixels 0 pathId 306 center_y_in_pixels 0 creation_method make_circle transformed_from_LPS 1 shifted_origin {-1.3347 -3.1608 -7.0028} creation_type levelset pos {-18.478457 1.611966 20.941131} bulk_scale_factor 0.1 nrm {-0.597199 0.314990 0.737654} xhat {0.000000 0.919662 -0.392711} posId 74
1.714380 -0.537055 1.368310
1.723430 -0.533499 1.362500
1.732210 -0.528236 1.357640
1.740440 -0.521424 1.353880
1.747890 -0.513270 1.351330
1.754310 -0.504023 1.350080
1.759530 -0.493964 1.350150
1.763370 -0.483397 1.351560
1.765720 -0.472644 1.354240
1.766510 -0.462032 1.358130
1.765720 -0.451884 1.363110
1.763370 -0.442506 1.369020
1.759530 -0.434185 1.375680
1.754310 -0.427174 1.382890
1.747890 -0.421685 1.390440
1.740440 -0.417885 1.398090
1.732210 -0.415890 1.405610
1.723430 -0.415760 1.412770
1.714380 -0.417498 1.419360
1.705320 -0.421054 1.425170
1.696540 -0.426318 1.430030
1.688310 -0.433129 1.433790
1.680860 -0.441282 1.436330
1.674440 -0.450530 1.437590
1.669220 -0.460590 1.437510
1.665380 -0.471156 1.436110
1.663030 -0.481909 1.433420
1.662240 -0.492521 1.429530
1.663030 -0.502670 1.424560
1.665380 -0.512046 1.418650
1.669220 -0.520368 1.411990
1.674440 -0.527379 1.404770
1.680860 -0.532868 1.397230
1.688310 -0.536668 1.389580
1.696540 -0.538663 1.382060
1.705320 -0.538794 1.374890

/group/R_vtbrl_b6/81
81
center_x 0.0 radius .65 center_y 0.0 center_x_in_pixels 0 pathId 306 center_y_in_pixels 0 creation_method make_circle transformed_from_LPS 1 shifted_origin {-1.3347 -3.1608 -7.0028} creation_type levelset pos {-19.250913 1.721218 21.900129} bulk_scale_factor 0.1 nrm {-0.657313 -0.198519 0.727000} xhat {0.000000 0.964681 0.263421} posId 81
1.791620 -0.550906 1.506860
1.800130 -0.551908 1.499440
1.808380 -0.550974 1.491730
1.816110 -0.548133 1.483950
1.823110 -0.543471 1.476360
1.829150 -0.537129 1.469170
1.834040 -0.529301 1.462600
1.837650 -0.520224 1.456860
1.839860 -0.510174 1.452120
1.840610 -0.499456 1.448520
1.839860 -0.488397 1.446170
1.837650 -0.477332 1.445150
1.834040 -0.466596 1.445480
1.829150 -0.456518 1.447150
1.823110 -0.447402 1.450120
1.816110 -0.439526 1.454300
1.808380 -0.433128 1.459550
1.800130 -0.428405 1.465710
1.791620 -0.425498 1.472610
1.783110 -0.424496 1.480030
1.774870 -0.425430 1.487740
1.767130 -0.428271 1.495510
1.760130 -0.432933 1.503110
1.754100 -0.439275 1.510300
1.749200 -0.447103 1.516870
1.745590 -0.456179 1.522610
1.743380 -0.466230 1.527350
1.742640 -0.476947 1.530950
1.743380 -0.488006 1.533300
1.745590 -0.499072 1.534320
1.749200 -0.509807 1.533990
1.754100 -0.519886 1.532310
1.760130 -0.529001 1.529340
1.767130 -0.536878 1.525170
1.774870 -0.543275 1.519920
1.783110 -0.547999 1.513750

/group/R_vtbrl_b6/87
87
center_x -0.0879 radius .65 center_y 0.0 center_x_in_pixels -.25 pathId 306 center_y_in_pixels 0 creation_method make_circle transformed_from_LPS 1 shifted_origin {-1.3347 -3.1608 -7.0028} creation_type levelset pos {-19.945255 1.279201 22.520865} bulk_scale_factor 0.1 nrm {-0.653421 -0.633271 0.414740} xhat {0.000000 0.547877 0.836559} posId 87
1.861060 -0.474796 1.598830
1.869600 -0.480425 1.593960
1.877880 -0.484801 1.587590
1.885660 -0.487790 1.579910
1.892680 -0.489303 1.571150
1.898750 -0.489293 1.561580
1.903670 -0.487761 1.551490
1.907290 -0.484752 1.541180
1.909510 -0.480359 1.530980
1.910260 -0.474715 1.521180
1.909510 -0.467991 1.512090
1.907290 -0.460392 1.503990
1.903670 -0.452148 1.497110
1.898750 -0.443511 1.491680
1.892680 -0.434743 1.487840
1.885660 -0.426109 1.485730
1.877880 -0.417872 1.485400
1.869600 -0.410283 1.486860
1.861060 -0.403572 1.490080
1.852510 -0.397943 1.494940
1.844230 -0.393568 1.501310
1.836450 -0.390578 1.509000
1.829430 -0.389065 1.517760
1.823360 -0.389075 1.527330
1.818440 -0.390608 1.537420
1.814820 -0.393616 1.547720
1.812600 -0.398010 1.557930
1.811850 -0.403654 1.567720
1.812600 -0.410377 1.576810
1.814820 -0.417976 1.584920
1.818440 -0.426220 1.591790
1.823360 -0.434857 1.597230
1.829430 -0.443626 1.601070
1.836450 -0.452260 1.603180
1.844230 -0.460496 1.603510
1.852510 -0.468085 1.602040

/group/R_vtbrl_b6/93
93
center_x -0.0879 radius .65 center_y 0.0 center_x_in_pixels -.25 pathId 306 center_y_in_pixels 0 creation_method make_circle transformed_from_LPS 1 shifted_origin {-1.3347 -3.1608 -7.0028} creation_type levelset pos {-20.594712 0.435973 22.699443} bulk_scale_factor 0.1 nrm {-0.506887 -0.855750 -0.103717} xhat {0.000000 0.120320 -0.992735} posId 93
1.926000 -0.366440 1.513860
1.916270 -0.360642 1.514150
1.906840 -0.354782 1.516400
1.897990 -0.349038 1.520530
1.889990 -0.343586 1.526410
1.883080 -0.338591 1.533880
1.877480 -0.334204 1.542690
1.873350 -0.330559 1.552600
1.870820 -0.327766 1.563280
1.869970 -0.325911 1.574430
1.870820 -0.325050 1.585690
1.873350 -0.325209 1.596740
1.877480 -0.326383 1.607220
1.883080 -0.328537 1.616830
1.889990 -0.331604 1.625270
1.897990 -0.335492 1.632290
1.906840 -0.340084 1.637670
1.916270 -0.345238 1.641250
1.926000 -0.350799 1.642920
1.935730 -0.356598 1.642630
1.945160 -0.362458 1.640380
1.954020 -0.368201 1.636260
1.962020 -0.373653 1.630370
1.968920 -0.378649 1.622900
1.974530 -0.383035 1.614090
1.978650 -0.386681 1.604190
1.981180 -0.389473 1.593500
1.982030 -0.391328 1.582350
1.981180 -0.392189 1.571090
1.978650 -0.392030 1.560050
1.974530 -0.390856 1.549560
1.968920 -0.388703 1.539950
1.962020 -0.385635 1.531510
1.954020 -0.381747 1.524490
1.945160 -0.377156 1.519110
1.935730 -0.372002 1.515530

/group/R_vtbrl_b6/98
98
center_x -0.0879 radius .65 center_y 0.0 center_x_in_pixels -.25 pathId 306 center_y_in_pixels 0 creation_method make_circle transformed_from_LPS 1 shifted_origin {-1.3347 -3.1608 -7.0028} creation_type levelset pos {-21.052212 -0.504186 22.404117} bulk_scale_factor 0.1 nrm {-0.340580 -0.853758 -0.393830} xhat {0.000000 0.418872 -0.908045} posId 98
1.971750 -0.289206 1.489090
1.961140 -0.285302 1.488380
1.950850 -0.280689 1.489480
1.941190 -0.275508 1.492360
1.932470 -0.269915 1.496940
1.924940 -0.264081 1.503070
1.918820 -0.258184 1.510570
1.914320 -0.252402 1.519210
1.911570 -0.246911 1.528730
1.910640 -0.241877 1.538840
1.911570 -0.237455 1.549230
1.914320 -0.233778 1.559590
1.918830 -0.230957 1.569590
1.924940 -0.229080 1.578950
1.932470 -0.228201 1.587370
1.941190 -0.228350 1.594590
1.950850 -0.229520 1.600410
1.961140 -0.231676 1.604630
1.971750 -0.234753 1.607140
1.982360 -0.238657 1.607850
1.992650 -0.243270 1.606750
2.002310 -0.248452 1.603870
2.011030 -0.254044 1.599290
2.018570 -0.259878 1.593160
2.024680 -0.265775 1.585660
2.029180 -0.271557 1.577010
2.031940 -0.277048 1.567490
2.032870 -0.282082 1.557390
2.031940 -0.286504 1.547000
2.029180 -0.290181 1.536640
2.024680 -0.293002 1.526630
2.018570 -0.294880 1.517280
2.011030 -0.295758 1.508860
2.002310 -0.295609 1.501630
1.992650 -0.294440 1.495820
1.982360 -0.292283 1.491600

/group/R_vtbrl_b6/102
102
center_x -0.0879 radius .65 center_y -0.3516 center_x_in_pixels -.25 pathId 306 center_y_in_pixels -1 creation_method make_circle transformed_from_LPS 1 shifted_origin {-1.3347 -3.1608 -7.0028} creation_type levelset pos {-21.357885 -1.394002 21.925924} bulk_scale_factor 0.1 nrm {-0.243677 -0.831872 -0.498609} xhat {0.000000 0.514106 -0.857727} posId 102
2.036420 -0.212926 1.448500
2.025470 -0.210060 1.447940
2.014860 -0.206265 1.449080
2.004900 -0.201657 1.451900
1.995900 -0.196376 1.456310
1.988130 -0.190582 1.462180
1.981820 -0.184452 1.469330
1.977180 -0.178173 1.477540
1.974340 -0.171933 1.486560
1.973380 -0.165924 1.496110
1.974340 -0.160328 1.505920
1.977180 -0.155314 1.515670
1.981820 -0.151036 1.525080
1.988130 -0.147622 1.533860
1.995900 -0.145178 1.541730
2.004900 -0.143777 1.548470
2.014860 -0.143461 1.553860
2.025470 -0.144241 1.557750
2.036420 -0.146093 1.560010
2.047370 -0.148959 1.560580
2.057980 -0.152755 1.559430
2.067940 -0.157362 1.556610
2.076940 -0.162643 1.552200
2.084710 -0.168437 1.546330
2.091010 -0.174566 1.539180
2.095660 -0.180846 1.530980
2.098500 -0.187086 1.521960
2.099460 -0.193095 1.512400
2.098500 -0.198691 1.502590
2.095660 -0.203705 1.492840
2.091010 -0.207983 1.483430
2.084710 -0.211397 1.474660
2.076940 -0.213841 1.466780
2.067940 -0.215242 1.460050
2.057980 -0.215558 1.454650
2.047370 -0.214778 1.450770

/group/R_vtbrl_b6/105
105
center_x -0.5274 radius .65 center_y 0.0 center_x_in_pixels -1.5 pathId 306 center_y_in_pixels 0 creation_method make_circle transformed_from_LPS 1 shifted_origin {-1.3347 -3.1608 -7.0028} modified_as_spline 1 creation_type levelset pos {-21.551545 -2.135496 21.459361} bulk_scale_factor 0.1 nrm {-0.189059 -0.821669 -0.537696} xhat {0.000000 0.547571 -0.836759} posId 105
2.059880 -0.123102 1.427630
2.040170 -0.118135 1.428290
2.022490 -0.110186 1.434220
2.008430 -0.100072 1.444730
1.999270 -0.088744 1.458820
1.996060 -0.077233 1.475280
1.999270 -0.066749 1.492430
2.008430 -0.058372 1.508450
2.022490 -0.052786 1.521930
2.040170 -0.050539 1.531580
2.059880 -0.051920 1.536400
2.081550 -0.057492 1.535510
2.097280 -0.064839 1.529810
2.111340 -0.074952 1.519300
2.120500 -0.086294 1.505190
2.123710 -0.097791 1.488750
2.120500 -0.108263 1.471620
2.111340 -0.116652 1.455580
2.097280 -0.122238 1.442100
2.079590 -0.124496 1.432430

/group/R_vtbrl_b6/112
112
center_x -0.5274 radius .65 center_y 0.0 center_x_in_pixels -1.5 pathId 306 center_y_in_pixels 0 creation_method make_circle transformed_from_LPS 1 shifted_origin {-1.3347 -3.1608 -7.0028} creation_type levelset pos {-21.904257 -4.055256 20.145626} bulk_scale_factor 0.1 nrm {-0.126901 -0.811909 -0.569824} xhat {0.000000 0.574468 -0.818527} posId 112
2.056960 0.082403 1.304250
2.045760 0.084142 1.304230
2.034900 0.086964 1.305840
2.024720 0.090781 1.309010
2.015510 0.095479 1.313650
2.007570 0.100913 1.319620
2.001120 0.106920 1.326750
1.996370 0.113316 1.334800
1.993460 0.119908 1.343550
1.992480 0.126495 1.352710
1.993460 0.132876 1.362020
1.996370 0.138859 1.371200
2.001120 0.144261 1.379950
2.007570 0.148917 1.388020
2.015510 0.152687 1.395160
2.024720 0.155457 1.401160
2.034900 0.157141 1.405830
2.045760 0.157689 1.409030
2.056960 0.157083 1.410660
2.068150 0.155343 1.410670
2.079010 0.152522 1.409070
2.089190 0.148705 1.405900
2.098400 0.144008 1.401250
2.106350 0.138573 1.395280
2.112790 0.132566 1.388160
2.117540 0.126170 1.380100
2.120450 0.119578 1.371360
2.121430 0.112991 1.362190
2.120450 0.106610 1.352880
2.117540 0.100627 1.343710
2.112790 0.095226 1.334950
2.106350 0.090569 1.326880
2.098400 0.086799 1.319740
2.089190 0.084029 1.313740
2.079010 0.082345 1.309080
2.068150 0.081798 1.305880

/group/R_vtbrl_b6/116
116
center_x -0.5274 radius .65 center_y 0.0 center_x_in_pixels -1.5 pathId 306 center_y_in_pixels 0 creation_method make_circle transformed_from_LPS 1 shifted_origin {-1.3347 -3.1608 -7.0028} creation_type levelset pos {-22.080794 -5.195438 19.344609} bulk_scale_factor 0.1 nrm {-0.128597 -0.812434 -0.568695} xhat {0.000000 0.573457 -0.819236} posId 116
2.074610 0.196433 1.224140
2.063420 0.198189 1.224110
2.052560 0.201023 1.225710
2.042380 0.204851 1.228870
2.033180 0.209556 1.233510
2.025230 0.214994 1.239490
2.018790 0.221001 1.246610
2.014040 0.227394 1.254670
2.011130 0.233979 1.263420
2.010150 0.240556 1.272590
2.011130 0.246924 1.281910
2.014040 0.252891 1.291100
2.018790 0.258276 1.299860
2.025230 0.262913 1.307940
2.033180 0.266664 1.315100
2.042380 0.269413 1.321110
2.052560 0.271077 1.325790
2.063420 0.271606 1.329000
2.074610 0.270983 1.330640
2.085800 0.269227 1.330660
2.096660 0.266393 1.329070
2.106840 0.262565 1.325900
2.116040 0.257860 1.321260
2.123990 0.252422 1.315290
2.130430 0.246415 1.308160
2.135180 0.240022 1.300100
2.138090 0.233437 1.291350
2.139070 0.226860 1.282180
2.138090 0.220491 1.272860
2.135180 0.214525 1.263680
2.130430 0.209140 1.254910
2.123990 0.204502 1.246830
2.116040 0.200752 1.239680
2.106840 0.198003 1.233670
2.096660 0.196339 1.228990
2.085800 0.195810 1.225780

/group/R_vtbrl_b6/120
120
center_x 0.0 radius .65 center_y 0.3516 center_x_in_pixels 0 pathId 306 center_y_in_pixels 1 creation_method make_circle transformed_from_LPS 1 shifted_origin {-1.3347 -3.1608 -7.0028} creation_type levelset pos {-22.270748 -6.303741 18.578766} bulk_scale_factor 0.1 nrm {-0.156210 -0.817881 -0.553777} xhat {0.000000 0.560659 -0.828047} posId 120
2.058880 0.282399 1.100690
2.047730 0.284413 1.100520
2.036920 0.287473 1.101990
2.026780 0.291486 1.105060
2.017610 0.296329 1.109630
2.009690 0.301858 1.115560
2.003280 0.307902 1.122680
1.998550 0.314278 1.130760
1.995650 0.320794 1.139560
1.994670 0.327250 1.148820
1.995650 0.333450 1.158260
1.998550 0.339207 1.167580
2.003280 0.344345 1.176500
2.009690 0.348708 1.184750
2.017610 0.352163 1.192090
2.026780 0.354606 1.198280
2.036920 0.355963 1.203150
2.047730 0.356191 1.206530
2.058880 0.355285 1.208340
2.070030 0.353271 1.208510
2.080830 0.350211 1.207040
2.090980 0.346199 1.203980
2.100140 0.341355 1.199410
2.108060 0.335826 1.193480
2.114480 0.329782 1.186360
2.119210 0.323406 1.178280
2.122100 0.316890 1.169470
2.123080 0.310434 1.160210
2.122100 0.304234 1.150780
2.119210 0.298477 1.141460
2.114480 0.293339 1.132540
2.108060 0.288976 1.124280
2.100140 0.285521 1.116950
2.090980 0.283078 1.110750
2.080830 0.281721 1.105890
2.070030 0.281493 1.102500

/group/R_vtbrl_b6/124
124
center_x 0.0 radius .65 center_y 0.0 center_x_in_pixels 0 pathId 306 center_y_in_pixels 0 creation_method make_circle transformed_from_LPS 1 shifted_origin {-1.3347 -3.1608 -7.0028} creation_type levelset pos {-22.497447 -7.331114 17.907293} bulk_scale_factor 0.1 nrm {-0.216250 -0.829516 -0.514916} xhat {0.000000 0.527395 -0.849620} posId 124
2.116270 0.382751 1.035220
2.105250 0.385345 1.034780
2.094570 0.388903 1.036020
2.084540 0.393315 1.038920
2.075480 0.398447 1.043380
2.067660 0.404145 1.049270
2.061310 0.410234 1.056420
2.056640 0.416529 1.064590
2.053780 0.422840 1.073560
2.052810 0.428974 1.083040
2.053780 0.434745 1.092740
2.056640 0.439978 1.102370
2.061320 0.444514 1.111640
2.067660 0.448215 1.120270
2.075480 0.450968 1.127990
2.084540 0.452691 1.134570
2.094570 0.453329 1.139810
2.105250 0.452865 1.143550
2.116270 0.451312 1.145670
2.127300 0.448717 1.146120
2.137980 0.445160 1.144880
2.148010 0.440748 1.141980
2.157070 0.435616 1.137520
2.164890 0.429918 1.131630
2.171230 0.423829 1.124480
2.175910 0.417534 1.116300
2.178770 0.411223 1.107340
2.179740 0.405089 1.097860
2.178770 0.399318 1.088160
2.175910 0.394085 1.078530
2.171230 0.389548 1.069260
2.164890 0.385848 1.060630
2.157070 0.383094 1.052910
2.148010 0.381372 1.046330
2.137980 0.380734 1.041090
2.127290 0.381198 1.037350

/group/R_vtbrl_b6/128
128
center_x 0.0 radius .65 center_y 0.0 center_x_in_pixels 0 pathId 306 center_y_in_pixels 0 creation_method make_circle transformed_from_LPS 1 shifted_origin {-1.3347 -3.1608 -7.0028} creation_type levelset pos {-22.781735 -8.230507 17.391652} bulk_scale_factor 0.1 nrm {-0.330479 -0.841821 -0.426756} xhat {0.000000 0.452162 -0.891936} posId 128
2.144700 0.477580 0.980910
2.134050 0.481354 0.980100
2.123720 0.485906 0.981080
2.114030 0.491098 0.983820
2.105270 0.496772 0.988230
2.097710 0.502756 0.994180
2.091570 0.508868 1.001490
2.087060 0.514923 1.009930
2.084290 0.520736 1.019250
2.083360 0.526131 1.029170
2.084290 0.530943 1.039390
2.087060 0.535027 1.049590
2.091570 0.538259 1.059460
2.097710 0.540540 1.068710
2.105270 0.541801 1.077050
2.114030 0.542004 1.084240
2.123720 0.541142 1.090040
2.134050 0.539242 1.094290
2.144700 0.536361 1.096860
2.155360 0.532587 1.097670
2.165690 0.528036 1.096690
2.175380 0.522844 1.093950
2.184140 0.517170 1.089540
2.191700 0.511185 1.083590
2.197830 0.505073 1.076280
2.202350 0.499019 1.067840
2.205120 0.493205 1.058520
2.206050 0.487811 1.048600
2.205120 0.482998 1.038380
2.202350 0.478914 1.028180
2.197830 0.475683 1.018310
2.191700 0.473402 1.009060
2.184140 0.472141 1.000720
2.175380 0.471938 0.993530
2.165690 0.472800 0.987730
2.155360 0.474700 0.983480

/group/R_vtbrl_b6/133
133
center_x 0.0 radius .65 center_y 0.0 center_x_in_pixels 0 pathId 306 center_y_in_pixels 0 creation_method make_circle transformed_from_LPS 1 shifted_origin {-1.3347 -3.1608 -7.0028} creation_type levelset pos {-23.249004 -9.104174 17.058252} bulk_scale_factor 0.1 nrm {-0.595926 -0.788538 -0.151922} xhat {0.000000 0.189184 -0.981942} posId 133
2.191430 0.582040 0.941720
2.182370 0.588832 0.941420
2.173580 0.595791 0.943060
2.165330 0.602706 0.946610
2.157880 0.609366 0.951940
2.151440 0.615570 0.958900
2.146230 0.621129 0.967290
2.142380 0.625873 0.976830
2.140030 0.629660 0.987250
2.139230 0.632373 0.998220
2.140030 0.633931 1.009410
2.142380 0.634285 1.020490
2.146230 0.633426 1.031110
2.151440 0.631379 1.040960
2.157880 0.628206 1.049730
2.165330 0.624005 1.057160
2.173580 0.618902 1.063020
2.182370 0.613052 1.067130
2.191430 0.606634 1.069370
2.200490 0.599842 1.069670
2.209280 0.592884 1.068030
2.217530 0.585969 1.064480
2.224980 0.579309 1.059150
2.231420 0.573105 1.052190
2.236630 0.567546 1.043800
2.240480 0.562801 1.034260
2.242830 0.559015 1.023850
2.243630 0.556302 1.012870
2.242830 0.554744 1.001680
2.240480 0.554390 0.990600
2.236630 0.555249 0.979980
2.231420 0.557296 0.970130
2.224980 0.560468 0.961360
2.217530 0.564670 0.953930
2.209280 0.569773 0.948070
2.200490 0.575622 0.943960

/group/R_vtbrl_b6/140
140
center_x -0.1758 radius .65 center_y 0.0 center_x_in_pixels -.5 pathId 306 center_y_in_pixels 0 creation_method make_circle transformed_from_LPS 1 shifted_origin {-1.3347 -3.1608 -7.0028} creation_type levelset pos {-24.075241 -9.858467 17.044310} bulk_scale_factor 0.1 nrm {-0.837519 -0.545904 0.023471} xhat {0.000000 0.042954 0.999077} posId 140
2.274050 0.667730 1.051530
2.280220 0.658328 1.050130
2.286200 0.649296 1.046810
2.291810 0.640910 1.041660
2.296880 0.633423 1.034830
2.301260 0.627063 1.026540
2.304810 0.622024 1.017030
2.307430 0.618459 1.006600
2.309030 0.616475 0.995560
2.309570 0.616133 0.984250
2.309030 0.617444 0.973010
2.307430 0.620368 0.962180
2.304810 0.624816 0.952090
2.301260 0.630653 0.943050
2.296880 0.637700 0.935340
2.291810 0.645745 0.929180
2.286200 0.654544 0.924760
2.280220 0.663827 0.922230
2.274050 0.673314 0.921650
2.267890 0.682716 0.923040
2.261910 0.691750 0.926360
2.256300 0.700130 0.931520
2.251220 0.707620 0.938340
2.246850 0.713980 0.946640
2.243300 0.719020 0.956140
2.240680 0.722590 0.966570
2.239080 0.724570 0.977610
2.238540 0.724910 0.988930
2.239080 0.723600 1.000170
2.240680 0.720680 1.011000
2.243300 0.716230 1.021080
2.246850 0.710390 1.030120
2.251220 0.703340 1.037840
2.256300 0.695300 1.044000
2.261910 0.686500 1.048410
2.267890 0.677217 1.050950

