/group/R_vtbrl_b2/0
0
center_x 0.3516 radius .7 center_y -0.1758 center_x_in_pixels 1 pathId 302 center_y_in_pixels -.5 creation_method make_circle transformed_from_LPS 1 shifted_origin {-1.3347 -3.1608 -7.0028} creation_type levelset pos {-25.175600 2.160630 -29.218800} bulk_scale_factor 0.1 nrm {-0.331972 0.889491 0.314006} xhat {0.000000 0.332884 -0.942968} posId 0
2.367510 -0.572652 -3.719380
2.378970 -0.568493 -3.719720
2.390090 -0.563752 -3.718040
2.400520 -0.558574 -3.714400
2.409950 -0.553115 -3.708910
2.418090 -0.547542 -3.701730
2.424690 -0.542024 -3.693070
2.429560 -0.536729 -3.683220
2.432530 -0.531817 -3.672450
2.433540 -0.527438 -3.661110
2.432530 -0.523724 -3.649530
2.429560 -0.520790 -3.638070
2.424690 -0.518723 -3.627070
2.418090 -0.517586 -3.616870
2.409950 -0.517415 -3.607780
2.400520 -0.518214 -3.600080
2.390090 -0.519959 -3.593990
2.378970 -0.522597 -3.589710
2.367510 -0.526049 -3.587360
2.356040 -0.530208 -3.587020
2.344920 -0.534948 -3.588700
2.334490 -0.540127 -3.592340
2.325060 -0.545585 -3.597830
2.316920 -0.551159 -3.605020
2.310320 -0.556677 -3.613670
2.305460 -0.561972 -3.623530
2.302480 -0.566884 -3.634290
2.301480 -0.571263 -3.645640
2.302480 -0.574976 -3.657220
2.305460 -0.577911 -3.668680
2.310320 -0.579978 -3.679680
2.316920 -0.581115 -3.689880
2.325060 -0.581286 -3.698960
2.334490 -0.580487 -3.706670
2.344920 -0.578742 -3.712750
2.356040 -0.576104 -3.717030

/group/R_vtbrl_b2/22
22
center_x -0.3516 radius .7 center_y 0.0 center_x_in_pixels -1 pathId 302 center_y_in_pixels 0 creation_method make_circle transformed_from_LPS 1 shifted_origin {-1.3347 -3.1608 -7.0028} creation_type levelset pos {-25.709969 4.995958 -28.499003} bulk_scale_factor 0.1 nrm {-0.052947 0.982520 0.178467} xhat {0.000000 0.178718 -0.983900} posId 22
2.437530 -0.821902 -3.584460
2.449670 -0.821079 -3.583530
2.461430 -0.819901 -3.580530
2.472480 -0.818403 -3.575560
2.482460 -0.816631 -3.568770
2.491070 -0.814640 -3.560360
2.498060 -0.812489 -3.550600
2.503210 -0.810244 -3.539760
2.506370 -0.807973 -3.528200
2.507430 -0.805745 -3.516250
2.506370 -0.803628 -3.504280
2.503210 -0.801687 -3.492650
2.498060 -0.799979 -3.481720
2.491070 -0.798557 -3.471820
2.482460 -0.797465 -3.463250
2.472480 -0.796735 -3.456270
2.461430 -0.796389 -3.451090
2.449670 -0.796439 -3.447870
2.437530 -0.796882 -3.446710
2.425390 -0.797705 -3.447650
2.413620 -0.798884 -3.450640
2.402580 -0.800381 -3.455610
2.392600 -0.802153 -3.462400
2.383980 -0.804144 -3.470810
2.376990 -0.806295 -3.480580
2.371840 -0.808540 -3.491410
2.368690 -0.810811 -3.502970
2.367630 -0.813039 -3.514920
2.368690 -0.815156 -3.526890
2.371840 -0.817098 -3.538520
2.376990 -0.818805 -3.549450
2.383980 -0.820227 -3.559350
2.392590 -0.821319 -3.567920
2.402580 -0.822050 -3.574900
2.413620 -0.822395 -3.580080
2.425390 -0.822346 -3.583300

/group/R_vtbrl_b2/35
35
center_x -0.3516 radius .7 center_y 0.0 center_x_in_pixels -1 pathId 302 center_y_in_pixels 0 creation_method make_circle transformed_from_LPS 1 shifted_origin {-1.3347 -3.1608 -7.0028} creation_type levelset pos {-25.390915 8.245153 -28.177706} bulk_scale_factor 0.1 nrm {0.222992 0.974540 0.023379} xhat {0.000000 0.023983 -0.999712} posId 35
2.405620 -1.141430 -3.552880
2.417470 -1.144120 -3.551750
2.428960 -1.146670 -3.548530
2.439740 -1.149010 -3.543320
2.449480 -1.151070 -3.536270
2.457890 -1.152790 -3.527600
2.464720 -1.154110 -3.517570
2.469740 -1.154990 -3.506480
2.472820 -1.155410 -3.494680
2.473860 -1.155360 -3.482530
2.472820 -1.154830 -3.470380
2.469740 -1.153840 -3.458610
2.464720 -1.152430 -3.447590
2.457890 -1.150630 -3.437630
2.449480 -1.148500 -3.429050
2.439740 -1.146100 -3.422110
2.428960 -1.143510 -3.417010
2.417470 -1.140810 -3.413920
2.405620 -1.138070 -3.412920
2.393770 -1.135390 -3.414050
2.382280 -1.132840 -3.417270
2.371500 -1.130500 -3.422480
2.361760 -1.128430 -3.429530
2.353350 -1.126720 -3.438210
2.346530 -1.125400 -3.448230
2.341500 -1.124510 -3.459320
2.338420 -1.124090 -3.471120
2.337380 -1.124150 -3.483280
2.338420 -1.124680 -3.495420
2.341500 -1.125660 -3.507190
2.346530 -1.127080 -3.518210
2.353350 -1.128880 -3.528170
2.361760 -1.131010 -3.536750
2.371500 -1.133400 -3.543690
2.382280 -1.135990 -3.548790
2.393770 -1.138700 -3.551880

/group/R_vtbrl_b2/44
44
center_x 0.3516 radius .7 center_y -0.1758 center_x_in_pixels 1 pathId 302 center_y_in_pixels -.5 creation_method make_circle transformed_from_LPS 1 shifted_origin {-1.3347 -3.1608 -7.0028} creation_type levelset pos {-24.745846 10.528985 -28.213175} bulk_scale_factor 0.1 nrm {0.310147 0.949244 -0.052390} xhat {0.000000 0.055108 0.998480} posId 44
2.357830 -1.380220 -3.416900
2.346270 -1.376390 -3.417750
2.335070 -1.372570 -3.420700
2.324550 -1.368860 -3.425660
2.315050 -1.365380 -3.432480
2.306850 -1.362230 -3.440950
2.300200 -1.359520 -3.450810
2.295290 -1.357310 -3.461760
2.292290 -1.355680 -3.473480
2.291280 -1.354680 -3.485600
2.292290 -1.354340 -3.497750
2.295290 -1.354670 -3.509570
2.300200 -1.355660 -3.520700
2.306850 -1.357270 -3.530800
2.315050 -1.359470 -3.539560
2.324550 -1.362180 -3.546720
2.335070 -1.365320 -3.552060
2.346270 -1.368800 -3.555420
2.357830 -1.372500 -3.556690
2.369380 -1.376330 -3.555830
2.380590 -1.380150 -3.552880
2.391100 -1.383860 -3.547920
2.400600 -1.387340 -3.541100
2.408810 -1.390490 -3.532630
2.415460 -1.393200 -3.522770
2.420360 -1.395410 -3.511820
2.423360 -1.397040 -3.500110
2.424380 -1.398040 -3.487990
2.423360 -1.398380 -3.475830
2.420360 -1.398050 -3.464010
2.415460 -1.397060 -3.452880
2.408810 -1.395450 -3.442780
2.400600 -1.393250 -3.434020
2.391100 -1.390540 -3.426860
2.380590 -1.387400 -3.421520
2.369380 -1.383920 -3.418170

/group/R_vtbrl_b2/50
50
center_x 0.0 radius .7 center_y 0.0 center_x_in_pixels 0 pathId 302 center_y_in_pixels 0 creation_method make_circle transformed_from_LPS 1 shifted_origin {-1.3347 -3.1608 -7.0028} creation_type levelset pos {-24.291486 11.855293 -28.319990} bulk_scale_factor 0.1 nrm {0.332362 0.937470 -0.103371} xhat {0.000000 0.109602 0.993976} posId 50
2.295680 -1.509280 -3.462700
2.284210 -1.505150 -3.463310
2.273100 -1.500910 -3.466020
2.262670 -1.496690 -3.470750
2.253240 -1.492620 -3.477340
2.245100 -1.488830 -3.485600
2.238500 -1.485420 -3.495280
2.233640 -1.482500 -3.506090
2.230660 -1.480170 -3.517690
2.229660 -1.478480 -3.529730
2.230660 -1.477500 -3.541850
2.233640 -1.477250 -3.553680
2.238500 -1.477750 -3.564860
2.245100 -1.478960 -3.575050
2.253240 -1.480870 -3.583940
2.262670 -1.483400 -3.591260
2.273100 -1.486490 -3.596790
2.284210 -1.490040 -3.600360
2.295680 -1.493940 -3.601860
2.307140 -1.498070 -3.601240
2.318260 -1.502310 -3.598530
2.328690 -1.506530 -3.593810
2.338120 -1.510600 -3.587220
2.346250 -1.514390 -3.578960
2.352850 -1.517800 -3.569280
2.357720 -1.520720 -3.558470
2.360700 -1.523050 -3.546870
2.361700 -1.524730 -3.534830
2.360700 -1.525720 -3.522710
2.357720 -1.525960 -3.510880
2.352850 -1.525470 -3.499700
2.346250 -1.524260 -3.489510
2.338120 -1.522350 -3.480620
2.328690 -1.519820 -3.473300
2.318260 -1.516730 -3.467770
2.307140 -1.513180 -3.464200

/group/R_vtbrl_b2/56
56
center_x -0.3516 radius .7 center_y -0.3516 center_x_in_pixels -1 pathId 302 center_y_in_pixels -1 creation_method make_circle transformed_from_LPS 1 shifted_origin {-1.3347 -3.1608 -7.0028} creation_type levelset pos {-23.924019 12.896902 -28.470529} bulk_scale_factor 0.1 nrm {0.316885 0.931251 -0.179877} xhat {0.000000 0.189651 0.981852} posId 56
2.292280 -1.623320 -3.515240
2.280750 -1.619330 -3.515550
2.269570 -1.615070 -3.517940
2.259080 -1.610650 -3.522340
2.249600 -1.606210 -3.528610
2.241420 -1.601890 -3.536570
2.234780 -1.597820 -3.545960
2.229890 -1.594120 -3.556510
2.226900 -1.590900 -3.567890
2.225890 -1.588260 -3.579760
2.226900 -1.586290 -3.591760
2.229890 -1.585040 -3.603520
2.234780 -1.584540 -3.614690
2.241420 -1.584820 -3.624920
2.249600 -1.585870 -3.633910
2.259080 -1.587650 -3.641390
2.269570 -1.590120 -3.647110
2.280750 -1.593190 -3.650920
2.292280 -1.596770 -3.652700
2.303810 -1.600750 -3.652380
2.314990 -1.605020 -3.649990
2.325480 -1.609430 -3.645590
2.334960 -1.613870 -3.639320
2.343140 -1.618190 -3.631370
2.349780 -1.622270 -3.621980
2.354670 -1.625970 -3.611430
2.357660 -1.629180 -3.600050
2.358670 -1.631820 -3.588170
2.357660 -1.633800 -3.576180
2.354670 -1.635050 -3.564410
2.349780 -1.635540 -3.553250
2.343140 -1.635260 -3.543010
2.334960 -1.634210 -3.534020
2.325480 -1.632430 -3.526550
2.314990 -1.629970 -3.520820
2.303810 -1.626900 -3.517010

/group/R_vtbrl_b2/69
69
center_x -0.3516 radius .7 center_y -0.3516 center_x_in_pixels -1 pathId 302 center_y_in_pixels -1 creation_method make_circle transformed_from_LPS 1 shifted_origin {-1.3347 -3.1608 -7.0028} creation_type levelset pos {-23.565347 14.034761 -28.890775} bulk_scale_factor 0.1 nrm {0.250375 0.732581 -0.632959} xhat {0.000000 0.653783 0.756682} posId 69
2.257100 -1.749000 -3.568750
2.245340 -1.746000 -3.567570
2.233930 -1.741700 -3.568030
2.223220 -1.736230 -3.570120
2.213540 -1.729760 -3.573780
2.205190 -1.722490 -3.578890
2.198410 -1.714630 -3.585310
2.193420 -1.706420 -3.592830
2.190360 -1.698120 -3.601240
2.189330 -1.689970 -3.610260
2.190360 -1.682220 -3.619630
2.193420 -1.675120 -3.629070
2.198410 -1.668860 -3.638280
2.205190 -1.663650 -3.646990
2.213540 -1.659650 -3.654930
2.223220 -1.656970 -3.661860
2.233930 -1.655690 -3.667570
2.245340 -1.655860 -3.671890
2.257100 -1.657470 -3.674690
2.268870 -1.660460 -3.675870
2.280280 -1.664760 -3.675410
2.290990 -1.670230 -3.673320
2.300670 -1.676700 -3.669660
2.309020 -1.683970 -3.664540
2.315800 -1.691830 -3.658120
2.320790 -1.700040 -3.650600
2.323850 -1.708340 -3.642200
2.324880 -1.716490 -3.633180
2.323850 -1.724240 -3.623800
2.320790 -1.731340 -3.614370
2.315800 -1.737600 -3.605160
2.309020 -1.742810 -3.596450
2.300670 -1.746810 -3.588510
2.290990 -1.749490 -3.581580
2.280280 -1.750770 -3.575860
2.268870 -1.750600 -3.571540

/group/R_vtbrl_b2/89
89
center_x 0.0 radius .7 center_y 0.0 center_x_in_pixels 0 pathId 302 center_y_in_pixels 0 creation_method make_circle transformed_from_LPS 1 shifted_origin {-1.3347 -3.1608 -7.0028} modified_as_spline 1 creation_type levelset pos {-23.017271 14.452944 -29.777302} bulk_scale_factor 0.1 nrm {0.697956 0.268414 -0.663936} xhat {0.000000 0.927103 0.374807} posId 89
2.174790 -1.833400 -3.655630
2.159310 -1.824480 -3.642960
2.145420 -1.810100 -3.634170
2.134380 -1.791760 -3.629980
2.127180 -1.771150 -3.630740
2.124660 -1.750200 -3.636560
2.127180 -1.731080 -3.646940
2.134380 -1.715710 -3.660720
2.145420 -1.705440 -3.676480
2.159310 -1.701210 -3.692790
2.174790 -1.703600 -3.708100
2.190260 -1.712510 -3.720760
2.204160 -1.726910 -3.729550
2.215200 -1.745260 -3.733740
2.222390 -1.765850 -3.732980
2.224920 -1.786820 -3.727160
2.222400 -1.805940 -3.716780
2.215200 -1.821300 -3.703000
2.204160 -1.831560 -3.687250
2.190260 -1.835780 -3.670930

/group/R_vtbrl_b2/104
104
center_x 0.1758 radius .7 center_y 0.0 center_x_in_pixels .5 pathId 302 center_y_in_pixels 0 creation_method make_circle transformed_from_LPS 1 shifted_origin {-1.3347 -3.1608 -7.0028} creation_type levelset pos {-22.019822 14.823227 -30.600864} bulk_scale_factor 0.1 nrm {0.751326 0.277308 -0.598840} xhat {0.000000 0.907428 0.420207} posId 104
2.068510 -1.877880 -3.723560
2.060490 -1.873070 -3.715720
2.052710 -1.866490 -3.709020
2.045410 -1.858320 -3.703640
2.038820 -1.848810 -3.699770
2.033120 -1.838260 -3.697510
2.028510 -1.826980 -3.696940
2.025100 -1.815310 -3.698070
2.023020 -1.803620 -3.700870
2.022320 -1.792260 -3.705260
2.023020 -1.781560 -3.711090
2.025100 -1.771860 -3.718190
2.028510 -1.763460 -3.726360
2.033120 -1.756600 -3.735330
2.038820 -1.751490 -3.744840
2.045410 -1.748300 -3.754590
2.052710 -1.747110 -3.764300
2.060490 -1.747960 -3.773660
2.068510 -1.750840 -3.782390
2.076530 -1.755640 -3.790230
2.084310 -1.762220 -3.796940
2.091610 -1.770400 -3.802320
2.098210 -1.779900 -3.806190
2.103900 -1.790460 -3.808450
2.108520 -1.801730 -3.809020
2.111920 -1.813400 -3.807890
2.114010 -1.825090 -3.805090
2.114710 -1.836460 -3.800700
2.114010 -1.847150 -3.794870
2.111920 -1.856850 -3.787770
2.108520 -1.865250 -3.779600
2.103900 -1.872110 -3.770630
2.098210 -1.877220 -3.761120
2.091610 -1.880420 -3.751370
2.084310 -1.881600 -3.741660
2.076530 -1.880750 -3.732300

/group/R_vtbrl_b2/121
121
center_x 0.3516 radius .7 center_y 0.0 center_x_in_pixels 1 pathId 302 center_y_in_pixels 0 creation_method make_circle transformed_from_LPS 1 shifted_origin {-1.3347 -3.1608 -7.0028} creation_type levelset pos {-20.935696 15.247113 -31.592410} bulk_scale_factor 0.1 nrm {0.639506 0.287587 -0.712970} xhat {0.000000 0.927396 0.374080} posId 121
1.960100 -1.938320 -3.820180
1.950750 -1.934420 -3.813370
1.941690 -1.928670 -3.807560
1.933190 -1.921250 -3.802930
1.925510 -1.912360 -3.799620
1.918870 -1.902300 -3.797730
1.913490 -1.891350 -3.797320
1.909530 -1.879870 -3.798400
1.907100 -1.868180 -3.800940
1.906280 -1.856650 -3.804850
1.907100 -1.845630 -3.810030
1.909530 -1.835460 -3.816310
1.913490 -1.826440 -3.823510
1.918870 -1.818840 -3.831400
1.925510 -1.812900 -3.839740
1.933190 -1.808810 -3.848290
1.941690 -1.806670 -3.856780
1.950750 -1.806560 -3.864950
1.960100 -1.808480 -3.872550
1.969440 -1.812380 -3.879370
1.978510 -1.818120 -3.885170
1.987010 -1.825550 -3.889800
1.994690 -1.834430 -3.893110
2.001320 -1.844500 -3.895000
2.006700 -1.855440 -3.895410
2.010670 -1.866930 -3.894340
2.013100 -1.878620 -3.891800
2.013910 -1.890140 -3.887880
2.013100 -1.901160 -3.882710
2.010670 -1.911340 -3.876420
2.006700 -1.920360 -3.869230
2.001320 -1.927950 -3.861340
1.994690 -1.933890 -3.852990
1.987010 -1.937990 -3.844450
1.978510 -1.940130 -3.835960
1.969440 -1.940240 -3.827790

/group/R_vtbrl_b2/143
143
center_x 0.3516 radius .7 center_y 0.0 center_x_in_pixels 1 pathId 302 center_y_in_pixels 0 creation_method make_circle transformed_from_LPS 1 shifted_origin {-1.3347 -3.1608 -7.0028} creation_type levelset pos {-20.091565 15.844583 -32.835187} bulk_scale_factor 0.1 nrm {0.370234 0.492343 -0.787735} xhat {0.000000 0.847994 0.530006} posId 143
1.875690 -1.989710 -3.928060
1.864390 -1.986430 -3.924810
1.853450 -1.981440 -3.922780
1.843170 -1.974890 -3.922050
1.833890 -1.967000 -3.922620
1.825870 -1.957990 -3.924480
1.819370 -1.948140 -3.927580
1.814580 -1.937750 -3.931820
1.811650 -1.927130 -3.937080
1.810660 -1.916620 -3.943190
1.811650 -1.906520 -3.949960
1.814580 -1.897140 -3.957200
1.819370 -1.888780 -3.964680
1.825870 -1.881680 -3.972180
1.833890 -1.876050 -3.979460
1.843170 -1.872080 -3.986300
1.853450 -1.869880 -3.992510
1.864390 -1.869510 -3.997880
1.875690 -1.870990 -4.002260
1.886980 -1.874280 -4.005520
1.897930 -1.879270 -4.007540
1.908200 -1.885810 -4.008280
1.917480 -1.893710 -4.007710
1.925500 -1.902720 -4.005850
1.932000 -1.912570 -4.002750
1.936790 -1.922960 -3.998500
1.939720 -1.933570 -3.993250
1.940710 -1.944090 -3.987140
1.939720 -1.954190 -3.980360
1.936790 -1.963560 -3.973130
1.932000 -1.971930 -3.965650
1.925500 -1.979030 -3.958150
1.917480 -1.984650 -3.950870
1.908200 -1.988630 -3.944020
1.897930 -1.990830 -3.937820
1.886980 -1.991200 -3.932440

/group/R_vtbrl_b2/162
162
center_x 0.3516 radius .7 center_y 0.0 center_x_in_pixels 1 pathId 302 center_y_in_pixels 0 creation_method make_circle transformed_from_LPS 1 shifted_origin {-1.3347 -3.1608 -7.0028} creation_type levelset pos {-19.815637 16.519871 -33.747850} bulk_scale_factor 0.1 nrm {0.073161 0.643553 -0.761897} xhat {0.000000 0.763944 0.645283} posId 162
1.848090 -2.048400 -4.007210
1.835970 -2.047020 -4.007210
1.824220 -2.044050 -4.008590
1.813190 -2.039590 -4.011300
1.803220 -2.033770 -4.015260
1.794610 -2.026770 -4.020350
1.787630 -2.018800 -4.026400
1.782490 -2.010110 -4.033250
1.779340 -2.000960 -4.040680
1.778280 -1.991620 -4.048460
1.779340 -1.982390 -4.056370
1.782490 -1.973530 -4.064150
1.787630 -1.965330 -4.071570
1.794610 -1.958020 -4.078410
1.803220 -1.951840 -4.084460
1.813190 -1.946960 -4.089540
1.824220 -1.943550 -4.093480
1.835970 -1.941690 -4.096180
1.848090 -1.941450 -4.097550
1.860220 -1.942840 -4.097540
1.871970 -1.945810 -4.096160
1.883000 -1.950270 -4.093450
1.892970 -1.956090 -4.089490
1.901570 -1.963090 -4.084410
1.908550 -1.971050 -4.078350
1.913700 -1.979740 -4.071500
1.916850 -1.988900 -4.064070
1.917910 -1.998230 -4.056290
1.916850 -2.007470 -4.048390
1.913700 -2.016320 -4.040600
1.908550 -2.024530 -4.033180
1.901570 -2.031830 -4.026340
1.892970 -2.038020 -4.020290
1.883000 -2.042890 -4.015210
1.871970 -2.046310 -4.011270
1.860220 -2.048170 -4.008570

