/group/LCA/0
0
num_smooth_modes 5 num_subsample_pts 39 creation_method hand_drawn creation_type levelset paste_pos {-61.521198 103.268997 -97.549797} shifted_origin {65.804 -61.0047 27.313} paste_nrm {-0.714323 0.680052 -0.165141} paste_xhat {0.000000 0.235977 0.971759} paste_posId 0 bulk_scale_factor 0.1 paste_pathId 700 num_hand_picked_pts 15
0.619290 4.494830 -6.744670
0.620280 4.504430 -6.709200
0.614200 4.507030 -6.672460
0.601600 4.502530 -6.636420
0.583790 4.492030 -6.602640
0.562530 4.477130 -6.571910
0.539630 4.459830 -6.544230
0.516390 4.441530 -6.519040
0.493380 4.423030 -6.495660
0.470400 4.404230 -6.473800
0.446710 4.384130 -6.453840
0.421590 4.361930 -6.436920
0.394730 4.336630 -6.424640
0.366660 4.308630 -6.418720
0.338730 4.278830 -6.420420
0.312860 4.249330 -6.430250
0.291090 4.222130 -6.447850
0.275030 4.199430 -6.472160
0.265470 4.182130 -6.501720
0.262230 4.170630 -6.535060
0.264350 4.164130 -6.570970
0.270500 4.161530 -6.608570
0.279400 4.161430 -6.647170
0.290210 4.163430 -6.686030
0.302710 4.167230 -6.724180
0.317160 4.173630 -6.760290
0.334070 4.183530 -6.792850
0.353830 4.197630 -6.820410
0.376440 4.216130 -6.841950
0.401490 4.238730 -6.857050
0.428190 4.264630 -6.866000
0.455620 4.292530 -6.869580
0.482940 4.321430 -6.868720
0.509520 4.350530 -6.864070
0.534880 4.379130 -6.855810
0.558570 4.407030 -6.843550
0.579940 4.433630 -6.826630
0.598010 4.457930 -6.804440
0.611550 4.478830 -6.776890

/group/LCA/10
10
num_smooth_modes 5 num_subsample_pts 39 pathId 700 creation_method hand_drawn creation_type levelset shifted_origin {65.804 -61.0047 27.313} pos {-67.433291 106.240031 -98.634620} bulk_scale_factor 0.1 nrm {-0.989033 0.059717 -0.135080} xhat {0.000000 0.914610 0.404338} num_hand_picked_pts 15 posId 10
-0.122620 4.938630 -7.243820
-0.122410 4.972730 -7.230240
-0.123690 5.002530 -7.207710
-0.126350 5.026330 -7.177690
-0.130110 5.043930 -7.142390
-0.134600 5.055930 -7.104260
-0.139430 5.063630 -7.065430
-0.144330 5.068830 -7.027240
-0.149190 5.072430 -6.990090
-0.154040 5.074730 -6.953580
-0.159040 5.074530 -6.917040
-0.164340 5.070430 -6.880040
-0.170010 5.060530 -6.842910
-0.175930 5.043730 -6.806970
-0.181830 5.019830 -6.774370
-0.187290 4.989930 -6.747610
-0.191880 4.956030 -6.728990
-0.195270 4.920330 -6.719950
-0.197290 4.884830 -6.720850
-0.197970 4.850930 -6.730850
-0.197520 4.818830 -6.748330
-0.196230 4.788330 -6.771310
-0.194350 4.759030 -6.797980
-0.192070 4.731130 -6.827040
-0.189430 4.705230 -6.857810
-0.186380 4.682730 -6.890080
-0.182810 4.665630 -6.923790
-0.178640 4.655430 -6.958810
-0.173870 4.653230 -6.994730
-0.168580 4.659030 -7.030880
-0.162950 4.671830 -7.066450
-0.157160 4.690430 -7.100640
-0.151390 4.713030 -7.132860
-0.145780 4.738630 -7.162610
-0.140430 4.766630 -7.189420
-0.135430 4.797030 -7.212570
-0.130920 4.830030 -7.231010
-0.127110 4.865330 -7.243320
-0.124250 4.902030 -7.248000

/group/LCA/17
17
num_smooth_modes 5 num_subsample_pts 32 pathId 700 creation_method hand_drawn creation_type levelset shifted_origin {65.804 -61.0047 27.313} pos {-73.742679 103.206428 -99.179396} bulk_scale_factor 0.1 nrm {-0.735332 -0.676432 -0.041549} xhat {0.000000 0.061309 -0.998119} num_hand_picked_pts 12 posId 17
-0.802700 4.213830 -6.927560
-0.822210 4.233430 -6.901490
-0.844340 4.256130 -6.878890
-0.868690 4.281530 -6.861800
-0.894080 4.308630 -6.852720
-0.918780 4.335530 -6.853830
-0.940930 4.360330 -6.866150
-0.958970 4.381330 -6.889070
-0.971950 4.397430 -6.920370
-0.979610 4.407930 -6.956840
-0.982200 4.413130 -6.995260
-0.980270 4.413430 -7.033180
-0.974390 4.409230 -7.069410
-0.965080 4.401230 -7.103790
-0.952730 4.389830 -7.136720
-0.937660 4.375330 -7.168340
-0.920110 4.358130 -7.198100
-0.900280 4.338130 -7.224600
-0.878340 4.315630 -7.245880
-0.854630 4.290730 -7.259970
-0.829740 4.264030 -7.265370
-0.804740 4.236630 -7.261360
-0.781170 4.210130 -7.248100
-0.760880 4.186730 -7.226490
-0.745590 4.168430 -7.198000
-0.736530 4.156530 -7.164500
-0.734020 4.151530 -7.128030
-0.737460 4.152930 -7.090590
-0.745560 4.159530 -7.053870
-0.756900 4.169730 -7.018980
-0.770380 4.182330 -6.986360
-0.785580 4.197030 -6.955940

/group/LCA/25
25
num_smooth_modes 5 num_subsample_pts 27 pathId 700 creation_method hand_drawn creation_type levelset shifted_origin {65.804 -61.0047 27.313} pos {-80.705587 95.488262 -99.731349} bulk_scale_factor 0.1 nrm {-0.653117 -0.752006 -0.089024} xhat {0.000000 0.117561 -0.993066} num_hand_picked_pts 11 posId 25
-1.353450 3.329800 -7.243280
-1.360940 3.331950 -7.206570
-1.372730 3.337960 -7.170770
-1.387530 3.346750 -7.136430
-1.405460 3.358540 -7.104600
-1.427160 3.374180 -7.077470
-1.452570 3.393970 -7.058200
-1.480260 3.417020 -7.049720
-1.507860 3.441410 -7.053340
-1.533180 3.465150 -7.068090
-1.555090 3.486930 -7.091290
-1.573360 3.506170 -7.119850
-1.587760 3.522430 -7.151480
-1.597310 3.534690 -7.185030
-1.600220 3.541360 -7.219950
-1.594960 3.540970 -7.255320
-1.581370 3.533210 -7.289500
-1.561080 3.519220 -7.320100
-1.536750 3.501090 -7.345500
-1.510690 3.480680 -7.364200
-1.483920 3.458810 -7.375900
-1.456390 3.435400 -7.380100
-1.428230 3.410490 -7.376300
-1.400850 3.385240 -7.363900
-1.377170 3.362160 -7.342600
-1.360430 3.344210 -7.313800
-1.352610 3.333380 -7.279800

/group/LCA/35
35
num_smooth_modes 5 num_subsample_pts 32 pathId 700 creation_method hand_drawn creation_type levelset shifted_origin {65.804 -61.0047 27.313} pos {-88.752075 88.932862 -102.170711} bulk_scale_factor 0.1 nrm {-0.848007 -0.273969 -0.453679} xhat {0.000000 0.856022 -0.516939} num_hand_picked_pts 13 posId 35
-2.273660 2.689950 -7.463200
-2.290910 2.688980 -7.430400
-2.310090 2.696000 -7.398700
-2.330000 2.710060 -7.370000
-2.349730 2.730070 -7.345200
-2.368750 2.755020 -7.324700
-2.386790 2.783960 -7.308500
-2.403560 2.815950 -7.296500
-2.418560 2.850010 -7.289000
-2.431000 2.885080 -7.286900
-2.439980 2.920100 -7.291300
-2.444750 2.954040 -7.302900
-2.445010 2.985890 -7.321600
-2.440910 3.014570 -7.346600
-2.432990 3.038820 -7.376000
-2.421880 3.057280 -7.407900
-2.408110 3.068600 -7.440500
-2.392050 3.071790 -7.472500
-2.373990 3.066510 -7.503000
-2.354430 3.053240 -7.531600
-2.334120 3.033190 -7.557500
-2.314110 3.007960 -7.579600
-2.295550 2.979120 -7.596900
-2.279330 2.947800 -7.608300
-2.265990 2.914630 -7.613200
-2.255620 2.879950 -7.611600
-2.248100 2.844210 -7.604100
-2.243390 2.808300 -7.591200
-2.241700 2.773810 -7.573600
-2.243530 2.742800 -7.551400
-2.249400 2.717440 -7.525100
-2.259540 2.699490 -7.495300

/group/LCA/46
46
center_x -0.195313 radius 1.75 center_y -0.390625 center_x_in_pixels -.5 pathId 700 center_y_in_pixels -1 creation_method make_circle shifted_origin {65.804 -61.0047 27.313} creation_type levelset pos {-95.060645 88.364569 -107.855671} bulk_scale_factor 0.1 nrm {-0.574058 0.009123 -0.818764} xhat {0.000000 0.999938 0.011141} posId 46
-2.957650 2.891200 -8.030100
-2.932770 2.888730 -8.047600
-2.908640 2.881030 -8.064600
-2.886000 2.868310 -8.080600
-2.865540 2.850970 -8.095100
-2.847880 2.829540 -8.107800
-2.833550 2.804670 -8.118100
-2.823000 2.777110 -8.125800
-2.816530 2.747700 -8.130700
-2.814360 2.717330 -8.132500
-2.816530 2.686920 -8.131300
-2.823000 2.657410 -8.127100
-2.833550 2.629680 -8.120000
-2.847880 2.604580 -8.110300
-2.865540 2.582880 -8.098100
-2.886000 2.565220 -8.084000
-2.908640 2.552150 -8.068300
-2.932770 2.544070 -8.051400
-2.957650 2.541220 -8.034000
-2.982530 2.543680 -8.016500
-3.006660 2.551390 -7.999500
-3.029300 2.564100 -7.983500
-3.049760 2.581440 -7.969000
-3.067420 2.602870 -7.956400
-3.081740 2.627740 -7.946000
-3.092300 2.655300 -7.938300
-3.098760 2.684720 -7.933500
-3.100940 2.715090 -7.931600
-3.098760 2.745490 -7.932800
-3.092300 2.775000 -7.937000
-3.081740 2.802730 -7.944100
-3.067420 2.827830 -7.953900
-3.049760 2.849540 -7.966000
-3.029300 2.867190 -7.980100
-3.006660 2.880260 -7.995900
-2.982530 2.888340 -8.012700

/group/LCA/56
56
center_x -0.195313 radius 1.75 center_y 0.585938 center_x_in_pixels -.5 pathId 700 center_y_in_pixels 1.5 creation_method make_circle shifted_origin {65.804 -61.0047 27.313} creation_type levelset pos {-100.373222 88.833572 -112.872876} bulk_scale_factor 0.1 nrm {-0.890498 0.096659 -0.444602} xhat {0.000000 0.977173 0.212443} posId 56
-3.430300 2.945890 -8.573900
-3.416440 2.949040 -8.601000
-3.403030 2.946900 -8.628300
-3.390450 2.939530 -8.655100
-3.379080 2.927160 -8.680500
-3.369270 2.910170 -8.703900
-3.361310 2.889060 -8.724400
-3.355440 2.864480 -8.741500
-3.351850 2.837190 -8.754600
-3.350640 2.807990 -8.763400
-3.351850 2.777800 -8.767500
-3.355440 2.747510 -8.766900
-3.361310 2.718050 -8.761600
-3.369270 2.690330 -8.751700
-3.379080 2.665170 -8.737500
-3.390450 2.643350 -8.719500
-3.403030 2.625520 -8.698100
-3.416440 2.612230 -8.674200
-3.430300 2.603880 -8.648300
-3.444100 2.600730 -8.621300
-3.457500 2.602870 -8.594000
-3.470100 2.610240 -8.567200
-3.481400 2.622610 -8.541700
-3.491300 2.639610 -8.518400
-3.499200 2.660710 -8.497800
-3.505100 2.685290 -8.480700
-3.508700 2.712590 -8.467600
-3.509900 2.741780 -8.458800
-3.508700 2.771980 -8.454700
-3.505100 2.802260 -8.455300
-3.499200 2.831720 -8.460700
-3.491300 2.859450 -8.470600
-3.481400 2.884600 -8.484800
-3.470100 2.906430 -8.502800
-3.457500 2.924260 -8.524100
-3.444100 2.937550 -8.548100

/group/LCA/65
65
center_x 0.390625 radius 1.75 center_y 0.976563 center_x_in_pixels 1 pathId 700 center_y_in_pixels 2.5 creation_method make_circle shifted_origin {65.804 -61.0047 27.313} creation_type levelset pos {-107.861414 88.795933 -115.665876} bulk_scale_factor 0.1 nrm {-0.933028 -0.164890 -0.319797} xhat {0.000000 0.888809 -0.458278} posId 65
-4.170600 2.927630 -9.014400
-4.159700 2.912270 -9.038400
-4.149100 2.892660 -9.059200
-4.139100 2.869380 -9.076200
-4.130100 2.843140 -9.088900
-4.122400 2.814740 -9.096900
-4.116100 2.785050 -9.100000
-4.111400 2.754970 -9.098000
-4.108600 2.725410 -9.091000
-4.107600 2.697260 -9.079300
-4.108600 2.671390 -9.063200
-4.111400 2.648570 -9.043100
-4.116100 2.629510 -9.019800
-4.122400 2.614780 -8.993800
-4.130100 2.604840 -8.966000
-4.139100 2.599970 -8.937300
-4.149100 2.600330 -8.908400
-4.159700 2.605910 -8.880400
-4.170600 2.616540 -8.854000
-4.181500 2.631900 -8.830000
-4.192100 2.651520 -8.809200
-4.202100 2.674800 -8.792200
-4.211100 2.701030 -8.779500
-4.218800 2.729430 -8.771500
-4.225100 2.759120 -8.768400
-4.229800 2.789200 -8.770400
-4.232600 2.818770 -8.777300
-4.233600 2.846910 -8.789000
-4.232600 2.872790 -8.805200
-4.229800 2.895600 -8.825200
-4.225100 2.914660 -8.848600
-4.218800 2.929390 -8.874600
-4.211100 2.939340 -8.902300
-4.202100 2.944200 -8.931100
-4.192100 2.943840 -8.959900
-4.181500 2.938260 -8.988000

/group/LCA/77
77
center_x -0.195313 radius 1.5 center_y -0.585938 center_x_in_pixels -.5 pathId 700 center_y_in_pixels -1.5 creation_method make_circle shifted_origin {65.804 -61.0047 27.313} creation_type levelset pos {-115.295440 85.411581 -120.211264} bulk_scale_factor 0.1 nrm {-0.440513 -0.503281 -0.743409} xhat {0.000000 0.828083 -0.560605} posId 77
-5.001700 2.563200 -9.341600
-4.978400 2.554880 -9.349800
-4.955700 2.543040 -9.355200
-4.934400 2.528030 -9.357700
-4.915200 2.510330 -9.357100
-4.898600 2.490450 -9.353500
-4.885100 2.469010 -9.346900
-4.875200 2.446660 -9.337700
-4.869100 2.424070 -9.326000
-4.867100 2.401940 -9.312200
-4.869100 2.380930 -9.296800
-4.875200 2.361690 -9.280200
-4.885100 2.344800 -9.262800
-4.898600 2.330770 -9.245400
-4.915200 2.320020 -9.228300
-4.934400 2.312890 -9.212000
-4.955700 2.309590 -9.197200
-4.978400 2.310230 -9.184200
-5.001700 2.314770 -9.173400
-5.025100 2.323090 -9.165200
-5.047800 2.334930 -9.159800
-5.069100 2.349940 -9.157300
-5.088300 2.367640 -9.157900
-5.104900 2.387520 -9.161500
-5.118400 2.408960 -9.168100
-5.128300 2.431310 -9.177300
-5.134400 2.453900 -9.189000
-5.136400 2.476030 -9.202800
-5.134400 2.497030 -9.218200
-5.128300 2.516280 -9.234800
-5.118400 2.533170 -9.252200
-5.104900 2.547200 -9.269600
-5.088300 2.557950 -9.286700
-5.069100 2.565080 -9.303000
-5.047800 2.568380 -9.317800
-5.025100 2.567740 -9.330800

/group/LCA/86
86
center_x 0.585938 radius 1.5 center_y -0.585938 center_x_in_pixels 1.5 pathId 700 center_y_in_pixels -1.5 creation_method make_circle shifted_origin {65.804 -61.0047 27.313} creation_type levelset pos {-116.649490 81.893733 -126.101927} bulk_scale_factor 0.1 nrm {-0.050603 -0.479411 -0.876130} xhat {0.000000 0.877254 -0.480026} posId 86
-5.143100 2.273320 -9.976400
-5.117100 2.270680 -9.976500
-5.091800 2.264130 -9.974400
-5.068200 2.253870 -9.970100
-5.046800 2.240190 -9.963900
-5.028300 2.223520 -9.955800
-5.013300 2.204370 -9.946200
-5.002300 2.183310 -9.935300
-4.995500 2.160990 -9.923500
-4.993300 2.138080 -9.911100
-4.995500 2.115290 -9.898500
-5.002300 2.093300 -9.886000
-5.013300 2.072780 -9.874200
-5.028300 2.054350 -9.863200
-5.046800 2.038580 -9.853500
-5.068200 2.025950 -9.845400
-5.091800 2.016830 -9.839000
-5.117100 2.011510 -9.834700
-5.143100 2.010140 -9.832400
-5.169100 2.012770 -9.832400
-5.194300 2.019320 -9.834500
-5.218000 2.029590 -9.838700
-5.239400 2.043270 -9.845000
-5.257800 2.059940 -9.853000
-5.272800 2.079090 -9.862600
-5.283800 2.100150 -9.873500
-5.290600 2.122470 -9.885400
-5.292900 2.145370 -9.897800
-5.290600 2.168170 -9.910400
-5.283800 2.190160 -9.922800
-5.272800 2.210680 -9.934700
-5.257800 2.229100 -9.945600
-5.239400 2.244870 -9.955300
-5.218000 2.257510 -9.963400
-5.194300 2.266630 -9.969800
-5.169100 2.271950 -9.974200

/group/LCA/95
95
center_x -0.390625 radius 1.75 center_y -0.390625 center_x_in_pixels -1 pathId 700 center_y_in_pixels -1 creation_method make_circle shifted_origin {65.804 -61.0047 27.313} creation_type levelset pos {-118.010495 77.360936 -133.933287} bulk_scale_factor 0.1 nrm {-0.321768 -0.515096 -0.794444} xhat {0.000000 0.839067 -0.544028} posId 95
-5.257600 1.756520 -10.725400
-5.228900 1.748970 -10.732200
-5.201000 1.737190 -10.735900
-5.174800 1.721530 -10.736300
-5.151100 1.702480 -10.733500
-5.130700 1.680600 -10.727600
-5.114100 1.656570 -10.718800
-5.101900 1.631120 -10.707200
-5.094500 1.605020 -10.693300
-5.091900 1.579050 -10.677500
-5.094500 1.554020 -10.660200
-5.101900 1.530680 -10.642100
-5.114100 1.509740 -10.623500
-5.130700 1.491830 -10.605200
-5.151100 1.477510 -10.587700
-5.174800 1.467200 -10.571400
-5.201000 1.461230 -10.556900
-5.228900 1.459760 -10.544700
-5.257600 1.462850 -10.535000
-5.286400 1.470400 -10.528300
-5.314300 1.482180 -10.524600
-5.340500 1.497840 -10.524200
-5.364100 1.516890 -10.526900
-5.384600 1.538770 -10.532800
-5.401100 1.562800 -10.541700
-5.413300 1.588250 -10.553300
-5.420800 1.614360 -10.567200
-5.423300 1.640320 -10.583000
-5.420800 1.665350 -10.600200
-5.413300 1.688690 -10.618400
-5.401100 1.709630 -10.636900
-5.384600 1.727540 -10.655200
-5.364100 1.741860 -10.672800
-5.340500 1.752170 -10.689100
-5.314300 1.758140 -10.703500
-5.286400 1.759610 -10.715800

/group/LCA/101
101
center_x -0.585938 radius 1.75 center_y 0.976563 center_x_in_pixels -1.5 pathId 700 center_y_in_pixels 2.5 creation_method make_circle shifted_origin {65.804 -61.0047 27.313} creation_type levelset pos {-121.291037 73.159973 -140.173902} bulk_scale_factor 0.1 nrm {-0.422669 -0.501420 -0.754936} xhat {0.000000 0.833002 -0.553270} posId 101
-5.460200 1.289660 -11.384900
-5.432700 1.280340 -11.394100
-5.406000 1.266870 -11.400100
-5.380900 1.249670 -11.402700
-5.358300 1.229250 -11.401800
-5.338700 1.206230 -11.397500
-5.322800 1.181330 -11.389800
-5.311200 1.155280 -11.379100
-5.304000 1.128890 -11.365500
-5.301600 1.102960 -11.349700
-5.304000 1.078270 -11.331900
-5.311200 1.055570 -11.312800
-5.322800 1.035550 -11.293000
-5.338700 1.018830 -11.273000
-5.358300 1.005910 -11.253500
-5.380900 0.997170 -11.235000
-5.406000 0.992900 -11.218100
-5.432700 0.993210 -11.203400
-5.460200 0.998110 -11.191200
-5.487700 1.007430 -11.182000
-5.514400 1.020890 -11.176000
-5.539500 1.038100 -11.173400
-5.562100 1.058520 -11.174300
-5.581700 1.081530 -11.178600
-5.597600 1.106430 -11.186300
-5.609200 1.132480 -11.197000
-5.616400 1.158870 -11.210600
-5.618800 1.184810 -11.226400
-5.616400 1.209500 -11.244200
-5.609200 1.232200 -11.263300
-5.597600 1.252210 -11.283100
-5.581700 1.268930 -11.303100
-5.562100 1.281860 -11.322600
-5.539500 1.290590 -11.341100
-5.514400 1.294860 -11.358000
-5.487700 1.294550 -11.372700

/group/LCA/105
105
num_smooth_modes 5 num_subsample_pts 31 pathId 700 creation_method hand_drawn creation_type levelset shifted_origin {65.804 -61.0047 27.313} pos {-124.006541 69.815972 -145.465873} bulk_scale_factor 0.1 nrm {-0.361379 -0.476830 -0.801273} xhat {0.000000 0.859348 -0.511390} num_hand_picked_pts 14 posId 105
-5.616300 0.745130 -11.826300
-5.632000 0.718690 -11.803500
-5.654000 0.698040 -11.781300
-5.681200 0.683610 -11.760500
-5.712200 0.675320 -11.741600
-5.745700 0.672940 -11.725000
-5.780800 0.676320 -11.711200
-5.816300 0.685450 -11.700600
-5.851300 0.700230 -11.693600
-5.884400 0.720300 -11.690700
-5.913900 0.744910 -11.692000
-5.938100 0.773100 -11.697900
-5.955600 0.803790 -11.708200
-5.965400 0.835990 -11.723000
-5.967300 0.868680 -11.741500
-5.961900 0.900680 -11.763000
-5.950000 0.930470 -11.786100
-5.932300 0.956200 -11.809400
-5.909500 0.976030 -11.831500
-5.882200 0.988570 -11.851300
-5.850900 0.993300 -11.868200
-5.816400 0.990670 -11.882200
-5.780100 0.981860 -11.893300
-5.743600 0.968160 -11.901600
-5.708700 0.950540 -11.906900
-5.677000 0.929310 -11.908600
-5.650000 0.904350 -11.905900
-5.628900 0.875600 -11.898300
-5.614500 0.843600 -11.885800
-5.607400 0.809740 -11.868800
-5.608000 0.776140 -11.848500

/group/LCA/110
110
center_x -0.585938 radius 1.75 center_y 0.0 center_x_in_pixels -1.5 pathId 700 center_y_in_pixels 0 creation_method make_circle shifted_origin {65.804 -61.0047 27.313} creation_type levelset pos {-126.931566 65.201945 -153.776732} bulk_scale_factor 0.1 nrm {-0.213702 -0.454527 -0.864718} xhat {0.000000 0.885166 -0.465275} posId 110
-6.112800 0.522760 -12.700500
-6.083100 0.517390 -12.705000
-6.054300 0.507470 -12.706900
-6.027300 0.493310 -12.706200
-6.002900 0.475340 -12.702800
-5.981800 0.454100 -12.696800
-5.964700 0.430240 -12.688500
-5.952100 0.404490 -12.678100
-5.944400 0.377620 -12.665900
-5.941800 0.350460 -12.652200
-5.944400 0.323820 -12.637600
-5.952100 0.298530 -12.622400
-5.964700 0.275340 -12.607100
-5.981800 0.254960 -12.592100
-6.002900 0.238010 -12.578000
-6.027300 0.225010 -12.565100
-6.054300 0.216350 -12.553900
-6.083100 0.212290 -12.544700
-6.112800 0.212960 -12.537700
-6.142400 0.218330 -12.533200
-6.171200 0.228250 -12.531300
-6.198200 0.242410 -12.532000
-6.222600 0.260380 -12.535500
-6.243700 0.281620 -12.541400
-6.260800 0.305480 -12.549700
-6.273400 0.331230 -12.560200
-6.281100 0.358100 -12.572400
-6.283700 0.385260 -12.586000
-6.281100 0.411890 -12.600600
-6.273400 0.437190 -12.615900
-6.260800 0.460380 -12.631200
-6.243700 0.480760 -12.646100
-6.222600 0.497710 -12.660200
-6.198200 0.510710 -12.673100
-6.171200 0.519370 -12.684300
-6.142400 0.523430 -12.693500

/group/LCA/113
113
num_smooth_modes 5 num_subsample_pts 25 pathId 700 creation_method hand_drawn creation_type levelset shifted_origin {65.804 -61.0047 27.313} pos {-127.840165 62.473619 -159.086655} bulk_scale_factor 0.1 nrm {-0.070712 -0.447823 -0.891321} xhat {0.000000 0.893558 -0.448947} num_hand_picked_pts 11 posId 113
-6.118300 0.078780 -13.149900
-6.132500 0.049590 -13.134100
-6.154800 0.027830 -13.121400
-6.185300 0.012690 -13.111400
-6.222200 0.002660 -13.103400
-6.261800 -0.002780 -13.097500
-6.300200 -0.002550 -13.094600
-6.334800 0.005110 -13.095700
-6.365100 0.021230 -13.101400
-6.391400 0.045320 -13.111400
-6.412700 0.075400 -13.124900
-6.426300 0.108780 -13.140500
-6.428800 0.142500 -13.157300
-6.418400 0.173660 -13.173800
-6.396300 0.199600 -13.188600
-6.366100 0.218470 -13.200400
-6.331500 0.229860 -13.208900
-6.294500 0.234900 -13.214400
-6.256000 0.235250 -13.217600
-6.217000 0.231680 -13.218900
-6.179900 0.223120 -13.217500
-6.148500 0.207310 -13.212100
-6.126100 0.182660 -13.201500
-6.114200 0.150160 -13.186100
-6.112000 0.113750 -13.168000

/group/LCA/117
117
center_x 0.390625 radius 1.5 center_y -0.390625 center_x_in_pixels 1 pathId 700 center_y_in_pixels -1 creation_method make_circle shifted_origin {65.804 -61.0047 27.313} creation_type levelset pos {-127.337617 59.257776 -165.639855} bulk_scale_factor 0.1 nrm {0.243170 -0.417536 -0.875518} xhat {0.000000 0.902611 -0.430456} posId 117
-6.191300 -0.008130 -13.922600
-6.166000 -0.007460 -13.915900
-6.141500 -0.010930 -13.907500
-6.118500 -0.018420 -13.897500
-6.097700 -0.029710 -13.886400
-6.079800 -0.044470 -13.874400
-6.065200 -0.062230 -13.861800
-6.054500 -0.082460 -13.849200
-6.048000 -0.104550 -13.836900
-6.045800 -0.127820 -13.825100
-6.048000 -0.151570 -13.814400
-6.054500 -0.175080 -13.805100
-6.065200 -0.197620 -13.797300
-6.079800 -0.218520 -13.791400
-6.097700 -0.237150 -13.787400
-6.118500 -0.252920 -13.785700
-6.141500 -0.265380 -13.786100
-6.166000 -0.274130 -13.788800
-6.191300 -0.278910 -13.793500
-6.216500 -0.279580 -13.800200
-6.241000 -0.276120 -13.808700
-6.264000 -0.268630 -13.818600
-6.284800 -0.257330 -13.829800
-6.302700 -0.242580 -13.841800
-6.317300 -0.224820 -13.854300
-6.328000 -0.204580 -13.866900
-6.334500 -0.182500 -13.879300
-6.336700 -0.159220 -13.891000
-6.334500 -0.135480 -13.901700
-6.328000 -0.111970 -13.911100
-6.317300 -0.089420 -13.918900
-6.302700 -0.068520 -13.924800
-6.284800 -0.049900 -13.928700
-6.264000 -0.034120 -13.930500
-6.241000 -0.021670 -13.930000
-6.216500 -0.012910 -13.927400

/group/LCA/121
121
num_smooth_modes 5 num_subsample_pts 24 pathId 700 creation_method hand_drawn creation_type levelset shifted_origin {65.804 -61.0047 27.313} pos {-124.926203 56.843270 -170.969614} bulk_scale_factor 0.1 nrm {0.508356 -0.329804 -0.795489} xhat {0.000000 0.923756 -0.382983} num_hand_picked_pts 13 posId 121
-5.816600 -0.390520 -14.315200
-5.825200 -0.426000 -14.306000
-5.842800 -0.459330 -14.303400
-5.867100 -0.486650 -14.307600
-5.895400 -0.506370 -14.317500
-5.926100 -0.518910 -14.331900
-5.958200 -0.524920 -14.350000
-5.990000 -0.523700 -14.370800
-6.018300 -0.513620 -14.393100
-6.039600 -0.493910 -14.414800
-6.051400 -0.466020 -14.433900
-6.054100 -0.433140 -14.449300
-6.049700 -0.398300 -14.460900
-6.039900 -0.363230 -14.469200
-6.025300 -0.328870 -14.474100
-6.005200 -0.297150 -14.474400
-5.979500 -0.271780 -14.468500
-5.949800 -0.256950 -14.455700
-5.919200 -0.254840 -14.437000
-5.890600 -0.264160 -14.414900
-5.865600 -0.281260 -14.391800
-5.844600 -0.302840 -14.369400
-5.828100 -0.327860 -14.348500
-5.818000 -0.357050 -14.330000

/group/LCA/125
125
center_x 0.390625 radius 1.5 center_y -0.390625 center_x_in_pixels 1 pathId 700 center_y_in_pixels -1 creation_method make_circle shifted_origin {65.804 -61.0047 27.313} creation_type levelset pos {-121.904108 55.464967 -174.897104} bulk_scale_factor 0.1 nrm {0.657914 -0.178050 -0.731743} xhat {0.000000 0.971650 -0.236424} posId 125
-5.639400 -0.376350 -14.828100
-5.619800 -0.374510 -14.810900
-5.600800 -0.377160 -14.793100
-5.582900 -0.384210 -14.775400
-5.566800 -0.395450 -14.758100
-5.552900 -0.410540 -14.742000
-5.541600 -0.429010 -14.727300
-5.533300 -0.450320 -14.714600
-5.528200 -0.473810 -14.704300
-5.526500 -0.498760 -14.696700
-5.528200 -0.524430 -14.692000
-5.533300 -0.550020 -14.690400
-5.541600 -0.574760 -14.691800
-5.552900 -0.597910 -14.696400
-5.566800 -0.618750 -14.703800
-5.582900 -0.636650 -14.714000
-5.600800 -0.651070 -14.726500
-5.619800 -0.661580 -14.741000
-5.639400 -0.667840 -14.757200
-5.659000 -0.669680 -14.774300
-5.678100 -0.667030 -14.792100
-5.695900 -0.659980 -14.809800
-5.712000 -0.648740 -14.827100
-5.726000 -0.633650 -14.843300
-5.737300 -0.615170 -14.857900
-5.745600 -0.593870 -14.870600
-5.750700 -0.570380 -14.880900
-5.752400 -0.545430 -14.888500
-5.750700 -0.519760 -14.893200
-5.745600 -0.494170 -14.894900
-5.737300 -0.469430 -14.893400
-5.726000 -0.446280 -14.888900
-5.712000 -0.425440 -14.881400
-5.695900 -0.407540 -14.871300
-5.678100 -0.393120 -14.858700
-5.659000 -0.382610 -14.844200

/group/LCA/127
127
num_smooth_modes 5 num_subsample_pts 28 pathId 700 creation_method hand_drawn creation_type levelset shifted_origin {65.804 -61.0047 27.313} pos {-120.605961 55.233682 -176.295268} bulk_scale_factor 0.1 nrm {0.687996 -0.037115 -0.724765} xhat {0.000000 0.998691 -0.051142} num_hand_picked_pts 11 posId 127
-5.403200 -0.574440 -14.825200
-5.414500 -0.610990 -14.834100
-5.429300 -0.643430 -14.846500
-5.447800 -0.670280 -14.862700
-5.470400 -0.690330 -14.883100
-5.496700 -0.702550 -14.907400
-5.525300 -0.706200 -14.934400
-5.553800 -0.701050 -14.961700
-5.579900 -0.687460 -14.987200
-5.601600 -0.666310 -15.009000
-5.618400 -0.638740 -15.026200
-5.629900 -0.605980 -15.038900
-5.636400 -0.569390 -15.046900
-5.637800 -0.530590 -15.050200
-5.633700 -0.491710 -15.048300
-5.623600 -0.455220 -15.040600
-5.608000 -0.423580 -15.027400
-5.587400 -0.398700 -15.009200
-5.563200 -0.381530 -14.987000
-5.536500 -0.372080 -14.962100
-5.508300 -0.369860 -14.935600
-5.479900 -0.374410 -14.908400
-5.452800 -0.385680 -14.882000
-5.428800 -0.403870 -14.858300
-5.410000 -0.429030 -14.839200
-5.398200 -0.460520 -14.826300
-5.393700 -0.496800 -14.820200
-5.395800 -0.535610 -14.820200

/group/LCA/132
132
num_smooth_modes 5 num_subsample_pts 26 pathId 700 creation_method hand_drawn creation_type levelset shifted_origin {65.804 -61.0047 27.313} pos {-118.820797 55.907317 -178.500292} bulk_scale_factor 0.1 nrm {0.267791 0.619168 -0.738186} xhat {0.000000 0.766169 0.642639} num_hand_picked_pts 10 posId 132
-5.192900 -0.545660 -15.109400
-5.203200 -0.566740 -15.130800
-5.226600 -0.579700 -15.150200
-5.259900 -0.584590 -15.166400
-5.298400 -0.582940 -15.178900
-5.337300 -0.576870 -15.188000
-5.373700 -0.568050 -15.193800
-5.407300 -0.556850 -15.196600
-5.439100 -0.542260 -15.195900
-5.469700 -0.522750 -15.190600
-5.498000 -0.497610 -15.179800
-5.520500 -0.468110 -15.163200
-5.533300 -0.437580 -15.142200
-5.533100 -0.410330 -15.119300
-5.519400 -0.389980 -15.097300
-5.493800 -0.378050 -15.078000
-5.460000 -0.373650 -15.062000
-5.422000 -0.374540 -15.049000
-5.383400 -0.378570 -15.038300
-5.346600 -0.385010 -15.030400
-5.312700 -0.394720 -15.026200
-5.281900 -0.409360 -15.027400
-5.253900 -0.430160 -15.034600
-5.229000 -0.456810 -15.048000
-5.208600 -0.487270 -15.066100
-5.195400 -0.518140 -15.087200

/group/LCA/138
138
num_smooth_modes 5 num_subsample_pts 24 pathId 700 creation_method hand_drawn creation_type levelset shifted_origin {65.804 -61.0047 27.313} pos {-119.951923 58.180341 -180.636871} bulk_scale_factor 0.1 nrm {-0.632431 0.546389 -0.549081} xhat {0.000000 0.708843 0.705367} num_hand_picked_pts 15 posId 138
-5.332700 -0.250000 -15.394600
-5.339100 -0.279820 -15.417000
-5.351300 -0.311210 -15.434200
-5.367400 -0.342010 -15.446300
-5.386900 -0.371520 -15.453200
-5.410300 -0.399620 -15.454200
-5.437700 -0.425290 -15.448200
-5.467300 -0.445640 -15.434300
-5.495500 -0.456790 -15.412900
-5.518100 -0.455910 -15.386000
-5.532700 -0.443070 -15.356400
-5.539300 -0.421160 -15.327100
-5.539600 -0.394200 -15.299800
-5.535400 -0.365220 -15.275800
-5.527100 -0.335490 -15.255900
-5.513700 -0.305230 -15.241100
-5.494800 -0.275110 -15.233000
-5.470600 -0.246940 -15.232800
-5.442900 -0.223240 -15.241000
-5.414200 -0.206270 -15.257300
-5.386600 -0.197480 -15.280300
-5.362600 -0.197580 -15.308100
-5.344500 -0.206800 -15.338100
-5.334300 -0.224780 -15.367800

/group/LCA/142
142
center_x -0.195313 radius 1.25 center_y -0.195313 center_x_in_pixels -.5 pathId 700 center_y_in_pixels -.5 creation_method make_circle shifted_origin {65.804 -61.0047 27.313} creation_type levelset pos {-122.528761 60.006648 -182.587675} bulk_scale_factor 0.1 nrm {-0.730272 0.459440 -0.505586} xhat {0.000000 0.740074 0.672526} posId 142
-5.685800 -0.031340 -15.446000
-5.671000 -0.022090 -15.459000
-5.656600 -0.015920 -15.474200
-5.643100 -0.013040 -15.491000
-5.630900 -0.013520 -15.509100
-5.620400 -0.017360 -15.527800
-5.611900 -0.024430 -15.546500
-5.605600 -0.034520 -15.564800
-5.601700 -0.047330 -15.582000
-5.600400 -0.062460 -15.597600
-5.601700 -0.079460 -15.611200
-5.605600 -0.097800 -15.622300
-5.611900 -0.116940 -15.630600
-5.620400 -0.136290 -15.635800
-5.630900 -0.155260 -15.637900
-5.643100 -0.173270 -15.636600
-5.656600 -0.189790 -15.632100
-5.671000 -0.204300 -15.624600
-5.685800 -0.216360 -15.614100
-5.700600 -0.225620 -15.601100
-5.715000 -0.231780 -15.585900
-5.728500 -0.234660 -15.569100
-5.740700 -0.234180 -15.551000
-5.751200 -0.230340 -15.532300
-5.759800 -0.223270 -15.513600
-5.766100 -0.213180 -15.495300
-5.769900 -0.200370 -15.478100
-5.771200 -0.185240 -15.462500
-5.769900 -0.168250 -15.448900
-5.766100 -0.149900 -15.437800
-5.759800 -0.130760 -15.429500
-5.751200 -0.111420 -15.424300
-5.740700 -0.092450 -15.422200
-5.728500 -0.074430 -15.423500
-5.715000 -0.057920 -15.427900
-5.700600 -0.043410 -15.435500

/group/LCA/148
148
center_x 0.195313 radius 1 center_y -0.585938 center_x_in_pixels 0.5 pathId 700 center_y_in_pixels -1.5 creation_method make_circle shifted_origin {65.804 -61.0047 27.313} creation_type levelset pos {-126.559305 62.568028 -185.223320} bulk_scale_factor 0.1 nrm {-0.718550 0.529861 -0.450481} xhat {0.000000 0.647731 0.761869} posId 148
-6.116300 0.201680 -15.672700
-6.104200 0.210200 -15.681900
-6.092500 0.216500 -15.693200
-6.081500 0.220370 -15.706200
-6.071600 0.221720 -15.720400
-6.063000 0.220480 -15.735600
-6.056100 0.216700 -15.751100
-6.050900 0.210500 -15.766600
-6.047800 0.202070 -15.781500
-6.046700 0.191650 -15.795400
-6.047800 0.179570 -15.807900
-6.050900 0.166200 -15.818700
-6.056100 0.151930 -15.827300
-6.063000 0.137210 -15.833500
-6.071600 0.122480 -15.837200
-6.081500 0.108180 -15.838100
-6.092500 0.094760 -15.836400
-6.104200 0.082620 -15.832000
-6.116300 0.072130 -15.825100
-6.128400 0.063610 -15.815800
-6.140100 0.057320 -15.804600
-6.151100 0.053440 -15.791600
-6.161000 0.052100 -15.777300
-6.169600 0.053340 -15.762200
-6.176500 0.057110 -15.746700
-6.181600 0.063310 -15.731200
-6.184800 0.071750 -15.716300
-6.185800 0.082160 -15.702300
-6.184800 0.094240 -15.689800
-6.181600 0.107620 -15.679100
-6.176500 0.121880 -15.670500
-6.169600 0.136610 -15.664300
-6.161000 0.151340 -15.660600
-6.151100 0.165630 -15.659600
-6.140100 0.179050 -15.661400
-6.128400 0.191190 -15.665800

