/group/LSA_b3/0
0
center_x 0.195313 radius 1.4 center_y 0.195313 center_x_in_pixels .5 pathId 504 center_y_in_pixels .5 creation_method make_circle shifted_origin {65.804 -61.0047 27.313} creation_type levelset pos {-101.367996 66.656700 -30.680300} bulk_scale_factor 0.1 nrm {-0.022536 0.439113 0.898149} xhat {0.000000 0.898377 -0.439225} posId 0
-3.575900 0.708330 -0.407200
-3.600200 0.706170 -0.406750
-3.623800 0.700270 -0.404460
-3.645900 0.690780 -0.400370
-3.665900 0.678010 -0.394630
-3.683100 0.662340 -0.387400
-3.697100 0.644240 -0.378900
-3.707400 0.624270 -0.369400
-3.713800 0.603030 -0.359170
-3.715900 0.581170 -0.348540
-3.713800 0.559350 -0.337820
-3.707400 0.538230 -0.327340
-3.697100 0.518470 -0.317410
-3.683100 0.500650 -0.308350
-3.665900 0.485310 -0.300420
-3.645900 0.472940 -0.293870
-3.623800 0.463890 -0.288890
-3.600200 0.458450 -0.285640
-3.575900 0.456780 -0.284210
-3.551600 0.458930 -0.284650
-3.528100 0.464840 -0.286950
-3.505900 0.474320 -0.291030
-3.486000 0.487100 -0.296780
-3.468700 0.502770 -0.304010
-3.454700 0.520870 -0.312500
-3.444400 0.540840 -0.322010
-3.438100 0.562080 -0.332240
-3.436000 0.583940 -0.342870
-3.438100 0.605760 -0.353590
-3.444400 0.626870 -0.364070
-3.454700 0.646640 -0.374000
-3.468700 0.664460 -0.383060
-3.486000 0.679790 -0.390990
-3.505900 0.692170 -0.397540
-3.528100 0.701210 -0.402520
-3.551600 0.706660 -0.405770

/group/LSA_b3/7
7
center_x 0.195313 radius 1.4 center_y 0.195313 center_x_in_pixels .5 pathId 504 center_y_in_pixels .5 creation_method make_circle shifted_origin {65.804 -61.0047 27.313} creation_type levelset pos {-101.604518 68.111495 -27.945606} bulk_scale_factor 0.1 nrm {-0.119175 0.490465 0.863274} xhat {0.000000 0.869470 -0.493986} posId 7
-3.599400 0.848240 -0.144090
-3.623600 0.844960 -0.145560
-3.647000 0.838080 -0.144880
-3.668900 0.827810 -0.142080
-3.688800 0.814460 -0.137240
-3.705900 0.798440 -0.130500
-3.719800 0.780240 -0.122070
-3.730100 0.760400 -0.112220
-3.736300 0.739530 -0.101230
-3.738400 0.718270 -0.089440
-3.736300 0.697260 -0.077210
-3.730100 0.677130 -0.064910
-3.719800 0.658510 -0.052920
-3.705900 0.641950 -0.041590
-3.688800 0.627970 -0.031280
-3.668900 0.616970 -0.022290
-3.647000 0.609310 -0.014910
-3.623600 0.605200 -0.009340
-3.599400 0.604790 -0.005770
-3.575300 0.608070 -0.004310
-3.551900 0.614950 -0.004980
-3.529900 0.625220 -0.007790
-3.510100 0.638560 -0.012630
-3.493000 0.654580 -0.019370
-3.479100 0.672790 -0.027790
-3.468800 0.692620 -0.037650
-3.462600 0.713490 -0.048640
-3.460400 0.734750 -0.060430
-3.462600 0.755770 -0.072660
-3.468800 0.775890 -0.084950
-3.479100 0.794510 -0.096950
-3.493000 0.811070 -0.108270
-3.510100 0.825060 -0.118590
-3.529900 0.836050 -0.127570
-3.551900 0.843710 -0.134960
-3.575300 0.847820 -0.140520

/group/LSA_b3/11
11
center_x -0.78125 radius 1.4 center_y -0.195313 center_x_in_pixels -2 pathId 504 center_y_in_pixels -0.5 creation_method make_circle shifted_origin {65.804 -61.0047 27.313} creation_type levelset pos {-102.159274 69.771953 -25.248189} bulk_scale_factor 0.1 nrm {-0.241121 0.546974 0.801674} xhat {0.000000 0.826046 -0.563603} posId 11
-3.616600 0.930490 0.175500
-3.640200 0.925430 0.171860
-3.663000 0.917010 0.170720
-3.684500 0.905480 0.172130
-3.703900 0.891210 0.176030
-3.720700 0.874610 0.182320
-3.734200 0.856190 0.190800
-3.744200 0.836520 0.201210
-3.750400 0.816190 0.213240
-3.752400 0.795820 0.226520
-3.750400 0.776030 0.240640
-3.744200 0.757410 0.255190
-3.734200 0.740540 0.269710
-3.720700 0.725930 0.283760
-3.703900 0.714030 0.296920
-3.684500 0.705180 0.308790
-3.663000 0.699670 0.319010
-3.640200 0.697650 0.327270
-3.616600 0.699200 0.333310
-3.593000 0.704260 0.336950
-3.570100 0.712680 0.338090
-3.548600 0.724200 0.336680
-3.529200 0.738480 0.332770
-3.512500 0.755080 0.326480
-3.498900 0.773500 0.318000
-3.488900 0.793170 0.307590
-3.482800 0.813500 0.295570
-3.480700 0.833870 0.282290
-3.482800 0.853660 0.268160
-3.488900 0.872280 0.253620
-3.498900 0.889140 0.239100
-3.512500 0.903760 0.225040
-3.529200 0.915660 0.211880
-3.548600 0.924510 0.200010
-3.570100 0.930020 0.189790
-3.593000 0.932040 0.181540

/group/LSA_b3/15
15
center_x -0.390625 radius 1.4 center_y -0.78125 center_x_in_pixels -1 pathId 504 center_y_in_pixels -2 creation_method make_circle shifted_origin {65.804 -61.0047 27.313} creation_type levelset pos {-103.180537 71.539255 -22.865069} bulk_scale_factor 0.1 nrm {-0.418113 0.555439 0.718797} xhat {0.000000 0.791282 -0.611451} posId 15
-3.666700 1.153300 0.408920
-3.688800 1.145400 0.402180
-3.710200 1.134380 0.398240
-3.730300 1.120560 0.397230
-3.748400 1.104370 0.399180
-3.764100 1.086310 0.404020
-3.776800 1.066910 0.411610
-3.786200 1.046770 0.421720
-3.791900 1.026510 0.434050
-3.793900 1.006730 0.448210
-3.791900 0.988030 0.463780
-3.786200 0.971000 0.480280
-3.776800 0.956130 0.497210
-3.764100 0.943890 0.514070
-3.748400 0.934650 0.530330
-3.730300 0.928690 0.545500
-3.710200 0.926180 0.559120
-3.688800 0.927210 0.570790
-3.666700 0.931740 0.580130
-3.644600 0.939640 0.586870
-3.623200 0.950660 0.590810
-3.603100 0.964480 0.591820
-3.584900 0.980660 0.589870
-3.569300 0.998730 0.585030
-3.556500 1.018130 0.577440
-3.547200 1.038260 0.567330
-3.541400 1.058530 0.555000
-3.539500 1.078310 0.540840
-3.541400 1.097000 0.525280
-3.547200 1.114040 0.508770
-3.556500 1.128910 0.491840
-3.569300 1.141140 0.474980
-3.584900 1.150390 0.458720
-3.603100 1.156350 0.443550
-3.623200 1.158860 0.429930
-3.644600 1.157830 0.418270

/group/LSA_b3/20
20
center_x 0.390625 radius 1.4 center_y -0.195313 center_x_in_pixels 1 pathId 504 center_y_in_pixels -0.5 creation_method make_circle shifted_origin {65.804 -61.0047 27.313} creation_type levelset pos {-105.000253 73.133291 -20.522379} bulk_scale_factor 0.1 nrm {-0.679387 0.306619 0.666647} xhat {0.000000 0.908511 -0.417862} posId 20
-3.905300 1.381080 0.616290
-3.923100 1.372250 0.602180
-3.940400 1.359820 0.590270
-3.956700 1.344170 0.580930
-3.971300 1.325780 0.574440
-3.984000 1.305200 0.571000
-3.994300 1.283070 0.570710
-4.001800 1.260050 0.573590
-4.006500 1.236840 0.579540
-4.008000 1.214150 0.588380
-4.006500 1.192670 0.599850
-4.001800 1.173040 0.613600
-3.994300 1.155880 0.629210
-3.984000 1.141690 0.646200
-3.971300 1.130910 0.664060
-3.956700 1.123870 0.682250
-3.940400 1.120780 0.700210
-3.923100 1.121730 0.717400
-3.905300 1.126700 0.733290
-3.887500 1.135540 0.747410
-3.870200 1.147970 0.759320
-3.853900 1.163610 0.768660
-3.839300 1.182010 0.775150
-3.826600 1.202580 0.778590
-3.816300 1.224720 0.778880
-3.808800 1.247740 0.776000
-3.804100 1.270950 0.770050
-3.802600 1.293640 0.761210
-3.804100 1.315120 0.749740
-3.808800 1.334740 0.735990
-3.816300 1.351910 0.720380
-3.826600 1.366100 0.703390
-3.839300 1.376870 0.685530
-3.853900 1.383920 0.667340
-3.870200 1.387010 0.649380
-3.887500 1.386050 0.632190

/group/LSA_b3/24
24
center_x 0.78125 radius 1.4 center_y 0.585938 center_x_in_pixels 2 pathId 504 center_y_in_pixels 1.5 creation_method make_circle shifted_origin {65.804 -61.0047 27.313} creation_type levelset pos {-106.736818 73.293294 -19.086683} bulk_scale_factor 0.1 nrm {-0.797488 -0.199322 0.569460} xhat {0.000000 0.943853 0.330367} posId 24
-4.128600 1.450170 0.850590
-4.143300 1.454570 0.831590
-4.157500 1.454820 0.811760
-4.170900 1.450910 0.791700
-4.182900 1.442970 0.772030
-4.193300 1.431230 0.753340
-4.201800 1.416050 0.736200
-4.208000 1.397890 0.721130
-4.211800 1.377310 0.708590
-4.213100 1.354920 0.698960
-4.211800 1.331410 0.692530
-4.208000 1.307500 0.689490
-4.201800 1.283910 0.689950
-4.193300 1.261350 0.693880
-4.182900 1.240520 0.701170
-4.170900 1.222040 0.711590
-4.157500 1.206480 0.724830
-4.143300 1.194310 0.740490
-4.128600 1.185900 0.758090
-4.114000 1.181500 0.777090
-4.099700 1.181250 0.796920
-4.086400 1.185160 0.816970
-4.074300 1.193100 0.836640
-4.063900 1.204840 0.855330
-4.055500 1.220020 0.872470
-4.049300 1.238180 0.887540
-4.045400 1.258770 0.900080
-4.044200 1.281150 0.909720
-4.045400 1.304660 0.916150
-4.049300 1.328570 0.919180
-4.055500 1.352160 0.918720
-4.063900 1.374720 0.914790
-4.074300 1.395550 0.907500
-4.086400 1.414030 0.897080
-4.099700 1.429590 0.883840
-4.114000 1.441760 0.868190

/group/LSA_b3/31
31
center_x 0.0 radius 1.4 center_y 0.585938 center_x_in_pixels 0 pathId 504 center_y_in_pixels 1.5 creation_method make_circle shifted_origin {65.804 -61.0047 27.313} creation_type levelset pos {-109.350004 71.632635 -16.983558} bulk_scale_factor 0.1 nrm {-0.489547 -0.569637 0.660195} xhat {0.000000 0.757125 0.653270} posId 31
-4.405700 1.187530 1.102680
-4.426900 1.193690 1.092280
-4.447400 1.196450 1.079420
-4.466700 1.195720 1.064490
-4.484200 1.191510 1.047930
-4.499200 1.183960 1.030260
-4.511400 1.173310 1.012020
-4.520400 1.159860 0.993750
-4.525900 1.144030 0.976010
-4.527800 1.126300 0.959340
-4.525900 1.107220 0.944240
-4.520400 1.087350 0.931180
-4.511400 1.067310 0.920560
-4.499200 1.047700 0.912690
-4.484200 1.029110 0.907810
-4.466700 1.012120 0.906080
-4.447400 0.997240 0.907540
-4.426900 0.984920 0.912150
-4.405700 0.975530 0.919770
-4.384500 0.969370 0.930170
-4.363900 0.966610 0.943030
-4.344700 0.967350 0.957970
-4.327200 0.971550 0.974520
-4.312200 0.979100 0.992190
-4.300000 0.989760 1.010440
-4.291000 1.003210 1.028710
-4.285500 1.019030 1.046450
-4.283600 1.036760 1.063120
-4.285500 1.055850 1.078210
-4.291000 1.075710 1.091270
-4.300000 1.095760 1.101890
-4.312200 1.115370 1.109770
-4.327200 1.133950 1.114640
-4.344700 1.150940 1.116380
-4.363900 1.165820 1.114920
-4.384500 1.178140 1.110310

/group/LSA_b3/37
37
center_x 0.0 radius 1.4 center_y 0.390625 center_x_in_pixels 0 pathId 504 center_y_in_pixels 1 creation_method make_circle shifted_origin {65.804 -61.0047 27.313} creation_type levelset pos {-109.637599 70.575629 -14.767333} bulk_scale_factor 0.1 nrm {0.243385 -0.155817 0.957332} xhat {0.000000 0.987012 0.160648} posId 37
-4.421200 1.093750 1.286440
-4.444800 1.090700 1.291940
-4.467700 1.083540 1.296590
-4.489100 1.072500 1.300240
-4.508500 1.057900 1.302800
-4.525300 1.040190 1.304170
-4.538800 1.019920 1.304320
-4.548800 0.997680 1.303250
-4.555000 0.974170 1.300980
-4.557000 0.950090 1.297580
-4.555000 0.926180 1.293170
-4.548800 0.903160 1.287860
-4.538800 0.881730 1.281830
-4.525300 0.862550 1.275260
-4.508500 0.846190 1.268340
-4.489100 0.833160 1.261290
-4.467700 0.823840 1.254320
-4.444800 0.818530 1.247640
-4.421200 0.817380 1.241460
-4.397700 0.820430 1.235960
-4.374800 0.827590 1.231310
-4.353400 0.838630 1.227660
-4.334000 0.853230 1.225100
-4.317200 0.870940 1.223730
-4.303700 0.891220 1.223580
-4.293600 0.913450 1.224650
-4.287500 0.936960 1.226920
-4.285500 0.961040 1.230320
-4.287500 0.984950 1.234740
-4.293600 1.007970 1.240040
-4.303700 1.029400 1.246070
-4.317200 1.048580 1.252640
-4.334000 1.064940 1.259560
-4.353400 1.077970 1.266610
-4.374800 1.087290 1.273580
-4.397700 1.092600 1.280260

/group/LSA_b3/46
46
center_x -0.585938 radius 1.4 center_y 0.390625 center_x_in_pixels -1.5 pathId 504 center_y_in_pixels 1 creation_method make_circle shifted_origin {65.804 -61.0047 27.313} creation_type levelset pos {-109.110115 70.816661 -11.072138} bulk_scale_factor 0.1 nrm {-0.368068 0.189756 0.910230} xhat {0.000000 0.978954 -0.204083} posId 46
-4.366900 1.057960 1.593400
-4.389500 1.054050 1.585070
-4.411500 1.046090 1.577870
-4.432000 1.034330 1.572000
-4.450600 1.019130 1.567660
-4.466600 1.000940 1.564960
-4.479700 0.980320 1.564000
-4.489300 0.957890 1.564790
-4.495100 0.934340 1.567330
-4.497100 0.910380 1.571520
-4.495100 0.886750 1.577250
-4.489300 0.864140 1.584340
-4.479700 0.843270 1.592570
-4.466600 0.824750 1.601690
-4.450600 0.809150 1.611430
-4.432000 0.796950 1.621490
-4.411500 0.788520 1.631560
-4.389500 0.784100 1.641350
-4.366900 0.783850 1.650540
-4.344300 0.787760 1.658870
-4.322400 0.795710 1.666070
-4.301800 0.807470 1.671940
-4.283300 0.822670 1.676280
-4.267200 0.840860 1.678980
-4.254200 0.861480 1.679940
-4.244600 0.883910 1.679140
-4.238700 0.907460 1.676610
-4.236800 0.931420 1.672410
-4.238700 0.955060 1.666690
-4.244600 0.977660 1.659600
-4.254200 0.998540 1.651370
-4.267200 1.017050 1.642250
-4.283300 1.032650 1.632510
-4.301800 1.044850 1.622450
-4.322400 1.053290 1.612370
-4.344300 1.057700 1.602590

/group/LSA_b3/54
54
center_x 0.585938 radius 1.4 center_y -0.585938 center_x_in_pixels 1.5 pathId 504 center_y_in_pixels -1.5 creation_method make_circle shifted_origin {65.804 -61.0047 27.313} creation_type levelset pos {-112.028839 70.584970 -8.496764} bulk_scale_factor 0.1 nrm {-0.831554 -0.327039 0.448959} xhat {0.000000 0.808287 0.588788} posId 54
-4.589900 1.089860 2.037940
-4.603400 1.100040 2.020340
-4.616500 1.106480 2.000780
-4.628800 1.108970 1.979840
-4.639900 1.107450 1.958170
-4.649500 1.101950 1.936410
-4.657300 1.092640 1.915230
-4.663000 1.079810 1.895270
-4.666500 1.063850 1.877150
-4.667700 1.045240 1.861410
-4.666500 1.024550 1.848520
-4.663000 1.002410 1.838890
-4.657300 0.979480 1.832800
-4.649500 0.956470 1.830440
-4.639900 0.934070 1.831880
-4.628800 0.912970 1.837070
-4.616500 0.893810 1.845860
-4.603400 0.877160 1.857990
-4.589900 0.863540 1.873080
-4.576400 0.853360 1.890670
-4.563300 0.846920 1.910230
-4.551100 0.844430 1.931170
-4.540000 0.845950 1.952850
-4.530400 0.851450 1.974600
-4.522600 0.860760 1.995780
-4.516900 0.873580 2.015740
-4.513400 0.889550 2.033860
-4.512200 0.908150 2.049600
-4.513400 0.928850 2.062490
-4.516900 0.950990 2.072120
-4.522600 0.973920 2.078210
-4.530400 0.996930 2.080570
-4.540000 1.019330 2.079140
-4.551100 1.040430 2.073940
-4.563300 1.059590 2.065150
-4.576400 1.076240 2.053020

/group/LSA_b3/59
59
center_x 0.585938 radius 1.4 center_y -0.585938 center_x_in_pixels 1.5 pathId 504 center_y_in_pixels -1.5 creation_method make_circle shifted_origin {65.804 -61.0047 27.313} creation_type levelset pos {-115.238522 68.592490 -6.944770} bulk_scale_factor 0.1 nrm {-0.726896 -0.596366 0.340543} xhat {0.000000 0.495878 0.868392} posId 59
-4.903200 0.820270 2.230400
-4.919900 0.834560 2.219790
-4.936100 0.846310 2.205810
-4.951300 0.855160 2.188880
-4.965000 0.860830 2.169520
-4.976900 0.863170 2.148310
-4.986500 0.862090 2.125910
-4.993600 0.857640 2.102990
-4.997900 0.849930 2.080240
-4.999400 0.839220 2.058360
-4.997900 0.825820 2.038020
-4.993600 0.810150 2.019820
-4.986500 0.792670 2.004330
-4.976900 0.773920 1.992020
-4.965000 0.754470 1.983260
-4.951300 0.734910 1.978310
-4.936100 0.715840 1.977320
-4.919900 0.697830 1.980330
-4.903200 0.681430 1.987250
-4.886500 0.667130 1.997860
-4.870300 0.655390 2.011840
-4.855100 0.646540 2.028770
-4.841400 0.640860 2.048130
-4.829600 0.638530 2.069340
-4.819900 0.639600 2.091740
-4.812900 0.644060 2.114660
-4.808500 0.651760 2.137410
-4.807100 0.662480 2.159290
-4.808500 0.675870 2.179630
-4.812900 0.691550 2.197830
-4.819900 0.709030 2.213320
-4.829600 0.727780 2.225630
-4.841400 0.747220 2.234390
-4.855100 0.766780 2.239340
-4.870300 0.785860 2.240330
-4.886500 0.803870 2.237320

/group/LSA_b3/66
66
center_x 0.585938 radius 1.4 center_y -0.195313 center_x_in_pixels 1.5 pathId 504 center_y_in_pixels -0.5 creation_method make_circle shifted_origin {65.804 -61.0047 27.313} creation_type levelset pos {-119.450246 63.824069 -4.513129} bulk_scale_factor 0.1 nrm {-0.456455 -0.791054 0.407287} xhat {0.000000 0.457756 0.889078} posId 66
-5.347200 0.364920 2.460630
-5.368900 0.373810 2.453660
-5.389800 0.380490 2.443120
-5.409500 0.384740 2.429330
-5.427300 0.386440 2.412710
-5.442700 0.385550 2.393760
-5.455100 0.382080 2.373060
-5.464300 0.376140 2.351250
-5.469900 0.367910 2.328970
-5.471800 0.357650 2.306910
-5.469900 0.345660 2.285740
-5.464300 0.332300 2.266100
-5.455100 0.317990 2.248590
-5.442700 0.303160 2.233740
-5.427300 0.288260 2.222010
-5.409500 0.273740 2.213740
-5.389800 0.260040 2.209190
-5.368900 0.247590 2.208500
-5.347200 0.236750 2.211690
-5.325600 0.227850 2.218660
-5.304600 0.221180 2.229200
-5.285000 0.216920 2.242990
-5.267200 0.215220 2.259610
-5.251800 0.216120 2.278560
-5.239400 0.219590 2.299260
-5.230200 0.225520 2.321080
-5.224600 0.233750 2.343360
-5.222700 0.244020 2.365410
-5.224600 0.256010 2.386580
-5.230200 0.269360 2.406220
-5.239400 0.283670 2.423730
-5.251800 0.298500 2.438580
-5.267200 0.313400 2.450320
-5.285000 0.327930 2.458580
-5.304600 0.341620 2.463130
-5.325600 0.354080 2.463820

/group/LSA_b3/72
72
center_x 0.976563 radius 1.4 center_y -0.195313 center_x_in_pixels 2.5 pathId 504 center_y_in_pixels -0.5 creation_method make_circle shifted_origin {65.804 -61.0047 27.313} creation_type levelset pos {-120.801554 59.648049 -2.171983} bulk_scale_factor 0.1 nrm {-0.090438 -0.855418 0.509981} xhat {0.000000 0.512080 0.858938} posId 72
-5.480300 -0.015480 2.719140
-5.504500 -0.014680 2.716190
-5.528000 -0.016090 2.709670
-5.550000 -0.019650 2.699790
-5.569900 -0.025270 2.686840
-5.587100 -0.032760 2.671220
-5.601100 -0.041910 2.653400
-5.611300 -0.052440 2.633920
-5.617600 -0.064010 2.613380
-5.619700 -0.076300 2.592400
-5.617600 -0.088910 2.571620
-5.611300 -0.101470 2.551670
-5.601100 -0.113600 2.533150
-5.587100 -0.124930 2.516620
-5.569900 -0.135100 2.502600
-5.550000 -0.143820 2.491510
-5.528000 -0.150820 2.483670
-5.504500 -0.155890 2.479340
-5.480300 -0.158870 2.478640
-5.456100 -0.159660 2.481590
-5.432600 -0.158260 2.488100
-5.410600 -0.154700 2.497990
-5.390700 -0.149080 2.510940
-5.373500 -0.141590 2.526560
-5.359600 -0.132440 2.544380
-5.349300 -0.121910 2.563850
-5.343000 -0.110330 2.584390
-5.340900 -0.098050 2.605370
-5.343000 -0.085440 2.626150
-5.349300 -0.072870 2.646110
-5.359600 -0.060750 2.664630
-5.373500 -0.049420 2.681150
-5.390700 -0.039250 2.695170
-5.410600 -0.030530 2.706270
-5.432600 -0.023530 2.714100
-5.456100 -0.018460 2.718440

