/group/aorta/31
31
num_smooth_modes 5 center_x 0.0 center_y 0.0 center_x_in_pixels 0 pathId 100 center_y_in_pixels 0 creation_method threshold creation_type threshold threshold_value 200 pos {-2.299223 3.429079 -16.529081} nrm {0.218015 0.077892 0.972832} xhat {0.000000 0.996810 -0.079812} posId 31
-0.827352 3.894550 -16.896200
-0.845784 3.951660 -16.896601
-0.866203 4.008100 -16.896601
-0.888571 4.063810 -16.896000
-0.912845 4.118720 -16.895000
-0.938983 4.172760 -16.893499
-0.966944 4.225870 -16.891399
-0.996682 4.277970 -16.889000
-1.028150 4.329000 -16.886000
-1.061310 4.378900 -16.882601
-1.096120 4.427610 -16.878700
-1.132520 4.475070 -16.874300
-1.170480 4.521210 -16.869499
-1.209960 4.565980 -16.864201
-1.250900 4.609310 -16.858500
-1.293260 4.651150 -16.852400
-1.337010 4.691430 -16.845800
-1.382080 4.730100 -16.838800
-1.428440 4.767090 -16.831400
-1.476040 4.802350 -16.823500
-1.524830 4.835820 -16.815300
-1.574750 4.867430 -16.806601
-1.625760 4.897130 -16.797600
-1.677790 4.924860 -16.788099
-1.730780 4.950570 -16.778299
-1.784670 4.974190 -16.768101
-1.839390 4.995670 -16.757601
-1.894870 5.014960 -16.746700
-1.951030 5.032010 -16.735500
-2.007800 5.046780 -16.723900
-2.065080 5.059220 -16.712099
-2.122790 5.069280 -16.699900
-2.180840 5.076940 -16.687599
-2.239130 5.082170 -16.674900
-2.297560 5.084930 -16.662001
-2.356030 5.085220 -16.649000
-2.414430 5.083010 -16.635700
-2.472660 5.078300 -16.622299
-2.530610 5.071090 -16.608700
-2.588170 5.061380 -16.594999
-2.645240 5.049190 -16.581301
-2.701700 5.034540 -16.567400
-2.757460 5.017450 -16.553600
-2.812400 4.997960 -16.539700
-2.866440 4.976110 -16.525801
-2.919470 4.951950 -16.511999
-2.971400 4.925530 -16.498301
-3.022150 4.896900 -16.484600
-3.071640 4.866140 -16.471001
-3.119800 4.833310 -16.457600
-3.166560 4.798490 -16.444401
-3.211850 4.761740 -16.431299
-3.255630 4.723170 -16.418400
-3.297850 4.682840 -16.405701
-3.338470 4.640840 -16.393200
-3.377450 4.597250 -16.381001
-3.414780 4.552170 -16.368999
-3.450440 4.505680 -16.357300
-3.484410 4.457870 -16.345800
-3.516680 4.408810 -16.334700
-3.547250 4.358590 -16.323799
-3.576120 4.307300 -16.313200
-3.603290 4.255010 -16.302999
-3.628780 4.201790 -16.292999
-3.652590 4.147730 -16.283300
-3.674720 4.092880 -16.274000
-3.695200 4.037320 -16.264900
-3.714030 3.981110 -16.256201
-3.731210 3.924310 -16.247801
-3.746750 3.866980 -16.239700
-3.760670 3.809180 -16.232000
-3.772950 3.750960 -16.224600
-3.783590 3.692380 -16.217501
-3.792590 3.633480 -16.210800
-3.799950 3.574330 -16.204399
-3.805630 3.514960 -16.198400
-3.809640 3.455430 -16.192699
-3.811940 3.395800 -16.187401
-3.812510 3.336110 -16.182501
-3.811330 3.276430 -16.177999
-3.808370 3.216800 -16.173901
-3.803580 3.157300 -16.170200
-3.796950 3.097980 -16.166901
-3.788440 3.038910 -16.164101
-3.778000 2.980150 -16.161699
-3.765620 2.921790 -16.159800
-3.751270 2.863900 -16.158400
-3.734900 2.806560 -16.157499
-3.716510 2.749850 -16.157101
-3.696070 2.693860 -16.157200
-3.673560 2.638680 -16.157801
-3.648990 2.584390 -16.159000
-3.622350 2.531110 -16.160700
-3.593630 2.478900 -16.162901
-3.562870 2.427890 -16.165701
-3.530080 2.378150 -16.169100
-3.495290 2.329800 -16.173000
-3.458530 2.282920 -16.177500
-3.419860 2.237600 -16.182501
-3.379330 2.193940 -16.188101
-3.337000 2.152030 -16.194300
-3.292940 2.111960 -16.200899
-3.247240 2.073790 -16.208099
-3.199970 2.037610 -16.215799
-3.151230 2.003490 -16.224001
-3.101120 1.971490 -16.232700
-3.049730 1.941680 -16.241800
-2.997170 1.914100 -16.251400
-2.943550 1.888790 -16.261400
-2.888980 1.865800 -16.271700
-2.833580 1.845160 -16.282499
-2.777450 1.826890 -16.293600
-2.720710 1.811010 -16.305099
-2.663460 1.797520 -16.316799
-2.605820 1.786430 -16.328800
-2.547900 1.777740 -16.341101
-2.489790 1.771440 -16.353701
-2.431600 1.767520 -16.366400
-2.373420 1.765950 -16.379299
-2.315350 1.766710 -16.392401
-2.257460 1.769770 -16.405600
-2.199850 1.775100 -16.418900
-2.142590 1.782670 -16.432400
-2.085750 1.792440 -16.445900
-2.029400 1.804360 -16.459499
-1.973600 1.818400 -16.473101
-1.918420 1.834520 -16.486700
-1.863910 1.852670 -16.500401
-1.810120 1.872810 -16.514099
-1.757100 1.894890 -16.527700
-1.704910 1.918870 -16.541401
-1.653580 1.944710 -16.554899
-1.603170 1.972370 -16.568399
-1.553710 2.001800 -16.581900
-1.505260 2.032960 -16.595200
-1.457850 2.065820 -16.608500
-1.411530 2.100320 -16.621599
-1.366360 2.136440 -16.634600
-1.322360 2.174120 -16.647499
-1.279600 2.213330 -16.660200
-1.238120 2.254030 -16.672800
-1.197980 2.296180 -16.685200
-1.159220 2.339730 -16.697300
-1.121900 2.384640 -16.709299
-1.086070 2.430860 -16.721001
-1.051800 2.478350 -16.732500
-1.019120 2.527060 -16.743700
-0.988115 2.576940 -16.754700
-0.958824 2.627930 -16.765301
-0.931306 2.679980 -16.775700
-0.905613 2.733030 -16.785700
-0.881798 2.787020 -16.795300
-0.859909 2.841880 -16.804600
-0.839995 2.897560 -16.813499
-0.822097 2.953970 -16.822100
-0.806255 3.011050 -16.830200
-0.792504 3.068720 -16.837900
-0.780873 3.126920 -16.845200
-0.771392 3.185550 -16.851999
-0.764077 3.244560 -16.858299
-0.758947 3.303840 -16.864201
-0.756009 3.363330 -16.869699
-0.755270 3.422940 -16.874599
-0.756729 3.482600 -16.879000
-0.760378 3.542210 -16.882999
-0.766207 3.601700 -16.886499
-0.774201 3.660990 -16.889400
-0.784339 3.720000 -16.891899
-0.796596 3.778650 -16.893801
-0.810944 3.836850 -16.895300

/group/aorta/50
50
num_smooth_modes 5 center_x 0.0 center_y 0.0 center_x_in_pixels 0 pathId 100 center_y_in_pixels 0 creation_method threshold creation_type threshold threshold_value 200 pos {-2.143545 3.403735 -14.587727} nrm {-0.049934 -0.083588 0.995249} xhat {0.000000 0.996492 0.083693} posId 50
-0.649649 3.677160 -14.489800
-0.662565 3.740510 -14.485100
-0.678204 3.803280 -14.480700
-0.696529 3.865320 -14.476400
-0.717497 3.926450 -14.472300
-0.741065 3.986510 -14.468400
-0.767186 4.045370 -14.464800
-0.795812 4.102850 -14.461400
-0.826892 4.158830 -14.458200
-0.860373 4.213160 -14.455400
-0.896196 4.265720 -14.452700
-0.934303 4.316390 -14.450400
-0.974631 4.365060 -14.448300
-1.017110 4.411620 -14.446600
-1.061670 4.455990 -14.445100
-1.108240 4.498080 -14.443900
-1.156740 4.537830 -14.443000
-1.207080 4.575160 -14.442400
-1.259160 4.610030 -14.442000
-1.312910 4.642390 -14.442000
-1.368200 4.672190 -14.442300
-1.424950 4.699410 -14.442900
-1.483030 4.724020 -14.443700
-1.542320 4.745990 -14.444800
-1.602710 4.765300 -14.446200
-1.664070 4.781940 -14.447900
-1.726270 4.795900 -14.449900
-1.789170 4.807160 -14.452100
-1.852630 4.815710 -14.454500
-1.916510 4.821550 -14.457300
-1.980670 4.824660 -14.460200
-2.044960 4.825040 -14.463400
-2.109240 4.822680 -14.466800
-2.173350 4.817580 -14.470500
-2.237150 4.809740 -14.474300
-2.300490 4.799150 -14.478400
-2.363220 4.785820 -14.482700
-2.425220 4.769750 -14.487100
-2.486320 4.750950 -14.491800
-2.546400 4.729450 -14.496600
-2.605310 4.705250 -14.501600
-2.662940 4.678390 -14.506700
-2.719140 4.648910 -14.512000
-2.773810 4.616840 -14.517500
-2.826810 4.582250 -14.523000
-2.878030 4.545180 -14.528700
-2.927380 4.505700 -14.534500
-2.974730 4.463900 -14.540400
-3.019990 4.419860 -14.546400
-3.063070 4.373680 -14.552400
-3.103880 4.325450 -14.558500
-3.142340 4.275290 -14.564600
-3.178360 4.223310 -14.570800
-3.211870 4.169640 -14.577000
-3.242810 4.114400 -14.583200
-3.271110 4.057730 -14.589400
-3.296710 3.999760 -14.595500
-3.319570 3.940630 -14.601600
-3.339640 3.880480 -14.607700
-3.356880 3.819440 -14.613700
-3.371260 3.757670 -14.619600
-3.382750 3.695300 -14.625400
-3.391340 3.632470 -14.631100
-3.396990 3.569310 -14.636700
-3.399730 3.505960 -14.642200
-3.399530 3.442540 -14.647500
-3.396400 3.379190 -14.652600
-3.390370 3.316020 -14.657700
-3.381450 3.253170 -14.662500
-3.369660 3.190760 -14.667100
-3.355040 3.128890 -14.671600
-3.337640 3.067690 -14.675900
-3.317480 3.007270 -14.679900
-3.294630 2.947750 -14.683800
-3.269140 2.889230 -14.687400
-3.241080 2.831830 -14.690800
-3.210500 2.775660 -14.694000
-3.177490 2.720840 -14.697000
-3.142110 2.667470 -14.699700
-3.104450 2.615670 -14.702100
-3.064590 2.565550 -14.704300
-3.022610 2.517220 -14.706300
-2.978600 2.470800 -14.708000
-2.932650 2.426400 -14.709400
-2.884850 2.384110 -14.710600
-2.835300 2.344060 -14.711400
-2.784090 2.306340 -14.712000
-2.731320 2.271050 -14.712300
-2.677080 2.238280 -14.712400
-2.621490 2.208130 -14.712100
-2.564630 2.180680 -14.711600
-2.506610 2.155990 -14.710700
-2.447540 2.134140 -14.709600
-2.387530 2.115170 -14.708200
-2.326680 2.099140 -14.706500
-2.265110 2.086090 -14.704500
-2.202920 2.076030 -14.702200
-2.140250 2.068990 -14.699700
-2.077200 2.064970 -14.696800
-2.013900 2.063960 -14.693700
-1.950470 2.065950 -14.690400
-1.887060 2.070910 -14.686800
-1.823770 2.078820 -14.683000
-1.760760 2.089620 -14.678900
-1.698160 2.103280 -14.674600
-1.636100 2.119730 -14.670100
-1.574730 2.138920 -14.665400
-1.514180 2.160780 -14.660500
-1.454610 2.185250 -14.655500
-1.396150 2.212240 -14.650300
-1.338950 2.241700 -14.645000
-1.283130 2.273540 -14.639500
-1.228860 2.307690 -14.633900
-1.176240 2.344080 -14.628200
-1.125430 2.382620 -14.622400
-1.076540 2.423260 -14.616500
-1.029690 2.465910 -14.610600
-0.985001 2.510510 -14.604600
-0.942576 2.556970 -14.598600
-0.902516 2.605220 -14.592500
-0.864914 2.655200 -14.586400
-0.829852 2.706810 -14.580300
-0.797405 2.760000 -14.574300
-0.767641 2.814660 -14.568200
-0.740616 2.870720 -14.562100
-0.716379 2.928080 -14.556100
-0.694969 2.986660 -14.550100
-0.676417 3.046340 -14.544100
-0.660748 3.107020 -14.538300
-0.647975 3.168590 -14.532400
-0.638105 3.230930 -14.526700
-0.631141 3.293900 -14.521100
-0.627075 3.357380 -14.515500
-0.625897 3.421210 -14.510100
-0.627588 3.485260 -14.504800
-0.632129 3.549370 -14.499700
-0.639493 3.613390 -14.494700

/group/aorta/70
70
num_smooth_modes 5 center_x 0.0 center_y 0.0 center_x_in_pixels 0 pathId 100 center_y_in_pixels 0 creation_method threshold creation_type threshold threshold_value 200 pos {-2.356185 3.215359 -12.980934} nrm {-0.224425 -0.180070 0.957710} xhat {0.000000 0.982779 0.184783} posId 70
-0.970734 3.018330 -12.693300
-0.981040 2.959260 -12.706800
-0.993975 2.900840 -12.720900
-1.009490 2.843230 -12.735300
-1.027530 2.786550 -12.750200
-1.048050 2.730920 -12.765500
-1.070990 2.676460 -12.781100
-1.096280 2.623280 -12.797000
-1.123880 2.571490 -12.813200
-1.153720 2.521170 -12.829700
-1.185740 2.472430 -12.846300
-1.219880 2.425340 -12.863200
-1.256070 2.379970 -12.880200
-1.294250 2.336410 -12.897300
-1.334360 2.294710 -12.914600
-1.376330 2.254940 -12.931900
-1.420080 2.217160 -12.949300
-1.465550 2.181420 -12.966600
-1.512650 2.147770 -12.984000
-1.561310 2.116280 -13.001300
-1.611440 2.086970 -13.018600
-1.662960 2.059920 -13.035700
-1.715760 2.035160 -13.052800
-1.769760 2.012740 -13.069600
-1.824850 1.992710 -13.086300
-1.880910 1.975110 -13.102800
-1.937850 1.959990 -13.118900
-1.995530 1.947390 -13.134800
-2.053840 1.937350 -13.150400
-2.112660 1.929910 -13.165600
-2.171850 1.925110 -13.180300
-2.231290 1.922970 -13.194700
-2.290850 1.923510 -13.208500
-2.350390 1.926760 -13.221900
-2.409770 1.932730 -13.234700
-2.468880 1.941420 -13.246900
-2.527580 1.952830 -13.258500
-2.585740 1.966960 -13.269500
-2.643230 1.983770 -13.279800
-2.699950 2.003250 -13.289400
-2.755770 2.025350 -13.298300
-2.810590 2.050030 -13.306500
-2.864290 2.077230 -13.314000
-2.916770 2.106900 -13.320700
-2.967950 2.138950 -13.326700
-3.017730 2.173310 -13.331900
-3.066020 2.209900 -13.336300
-3.112760 2.248620 -13.340000
-3.157860 2.289380 -13.342900
-3.201240 2.332080 -13.345000
-3.242860 2.376610 -13.346400
-3.282630 2.422870 -13.347000
-3.320510 2.470750 -13.346900
-3.356430 2.520140 -13.346000
-3.390340 2.570940 -13.344400
-3.422170 2.623020 -13.342100
-3.451890 2.676300 -13.339100
-3.479420 2.730650 -13.335300
-3.504730 2.785980 -13.330800
-3.527740 2.842170 -13.325600
-3.548430 2.899130 -13.319800
-3.566730 2.956760 -13.313200
-3.582590 3.014950 -13.306000
-3.595970 3.073600 -13.298100
-3.606820 3.132620 -13.289600
-3.615090 3.191890 -13.280400
-3.620750 3.251330 -13.270500
-3.623760 3.310820 -13.260000
-3.624090 3.370260 -13.248900
-3.621700 3.429550 -13.237200
-3.616600 3.488560 -13.224900
-3.608750 3.547190 -13.212100
-3.598170 3.605330 -13.198700
-3.584850 3.662840 -13.184700
-3.568800 3.719610 -13.170300
-3.550050 3.775510 -13.155400
-3.528640 3.830410 -13.140000
-3.504590 3.884190 -13.124300
-3.477970 3.936720 -13.108200
-3.448830 3.987860 -13.091700
-3.417250 4.037480 -13.075000
-3.383300 4.085470 -13.058000
-3.347070 4.131690 -13.040800
-3.308650 4.176020 -13.023500
-3.268130 4.218360 -13.006000
-3.225630 4.258590 -12.988500
-3.181250 4.296620 -12.971000
-3.135110 4.332350 -12.953400
-3.087310 4.365700 -12.936000
-3.037980 4.396590 -12.918600
-2.987240 4.424970 -12.901400
-2.935190 4.450780 -12.884300
-2.881950 4.473980 -12.867500
-2.827650 4.494530 -12.850900
-2.772390 4.512440 -12.834600
-2.716280 4.527670 -12.818600
-2.659430 4.540230 -12.802900
-2.601940 4.550130 -12.787600
-2.543930 4.557380 -12.772600
-2.485480 4.562020 -12.758000
-2.426700 4.564060 -12.743900
-2.367680 4.563540 -12.730100
-2.308530 4.560510 -12.716800
-2.249330 4.554990 -12.704000
-2.190180 4.547040 -12.691600
-2.131170 4.536700 -12.679800
-2.072410 4.524000 -12.668400
-2.014000 4.508990 -12.657500
-1.956020 4.491720 -12.647200
-1.898600 4.472220 -12.637400
-1.841820 4.450520 -12.628200
-1.785810 4.426670 -12.619500
-1.730660 4.400690 -12.611500
-1.676510 4.372620 -12.604100
-1.623450 4.342480 -12.597300
-1.571620 4.310310 -12.591200
-1.521130 4.276140 -12.585800
-1.472110 4.240000 -12.581100
-1.424670 4.201930 -12.577200
-1.378940 4.161950 -12.574000
-1.335030 4.120120 -12.571500
-1.293060 4.076470 -12.569900
-1.253150 4.031060 -12.569100
-1.215400 3.983960 -12.569100
-1.179910 3.935210 -12.569900
-1.146770 3.884920 -12.571600
-1.116090 3.833140 -12.574200
-1.087930 3.779980 -12.577600
-1.062360 3.725540 -12.581800
-1.039450 3.669920 -12.586900
-1.019260 3.613240 -12.592800
-1.001810 3.555630 -12.599600
-0.987148 3.497220 -12.607100
-0.975291 3.438140 -12.615500
-0.966249 3.378540 -12.624500
-0.960029 3.318570 -12.634400
-0.956622 3.258370 -12.644900
-0.956013 3.198090 -12.656100
-0.958184 3.137890 -12.667900
-0.963102 3.077920 -12.680300

/group/aorta/100
100
num_smooth_modes 5 center_x 0.0 center_y 0.0 center_x_in_pixels 0 pathId 100 center_y_in_pixels 0 creation_method threshold creation_type threshold threshold_value 200 pos {-3.024880 2.552343 -11.492012} nrm {-0.499008 -0.509668 0.700877} xhat {0.000000 0.808769 0.588126} posId 100
-1.912280 2.460830 -10.766400
-1.923210 2.514030 -10.735500
-1.936600 2.567490 -10.706200
-1.952470 2.621070 -10.678500
-1.970830 2.674620 -10.652600
-1.991660 2.728010 -10.628600
-2.014980 2.781090 -10.606600
-2.040750 2.833710 -10.586700
-2.068950 2.885710 -10.569000
-2.099540 2.936940 -10.553500
-2.132470 2.987250 -10.540400
-2.167660 3.036490 -10.529600
-2.205050 3.084500 -10.521300
-2.244530 3.131140 -10.515500
-2.286000 3.176270 -10.512200
-2.329350 3.219750 -10.511500
-2.374430 3.261450 -10.513300
-2.421120 3.301250 -10.517600
-2.469260 3.339040 -10.524300
-2.518690 3.374710 -10.533600
-2.569250 3.408170 -10.545300
-2.620780 3.439340 -10.559300
-2.673100 3.468160 -10.575600
-2.726050 3.494550 -10.594100
-2.779460 3.518470 -10.614700
-2.833160 3.539890 -10.637400
-2.887000 3.558790 -10.662000
-2.940820 3.575140 -10.688400
-2.994470 3.588950 -10.716600
-3.047820 3.600210 -10.746300
-3.100740 3.608960 -10.777700
-3.153110 3.615190 -10.810400
-3.204810 3.618940 -10.844500
-3.255760 3.620250 -10.879800
-3.305850 3.619150 -10.916300
-3.354990 3.615670 -10.953800
-3.403120 3.609870 -10.992300
-3.450150 3.601780 -11.031700
-3.496030 3.591450 -11.071800
-3.540670 3.578910 -11.112700
-3.584030 3.564210 -11.154300
-3.626040 3.547400 -11.196400
-3.666640 3.528510 -11.239100
-3.705760 3.507580 -11.282100
-3.743350 3.484650 -11.325600
-3.779320 3.459740 -11.369300
-3.813620 3.432910 -11.413200
-3.846170 3.404180 -11.457300
-3.876890 3.373590 -11.501400
-3.905700 3.341170 -11.545500
-3.932520 3.306960 -11.589500
-3.957270 3.271020 -11.633200
-3.979860 3.233370 -11.676700
-4.000210 3.194080 -11.719800
-4.018240 3.153190 -11.762300
-4.033870 3.110770 -11.804300
-4.047030 3.066900 -11.845600
-4.057640 3.021630 -11.886100
-4.065650 2.975060 -11.925600
-4.071010 2.927280 -11.964200
-4.073660 2.878390 -12.001600
-4.073590 2.828490 -12.037900
-4.070760 2.777690 -12.072800
-4.065160 2.726130 -12.106300
-4.056800 2.673920 -12.138300
-4.045700 2.621200 -12.168700
-4.031860 2.568110 -12.197500
-4.015330 2.514800 -12.224500
-3.996170 2.461410 -12.249700
-3.974410 2.408100 -12.272900
-3.950140 2.355010 -12.294300
-3.923420 2.302300 -12.313600
-3.894340 2.250120 -12.330800
-3.862990 2.198620 -12.345900
-3.829460 2.147960 -12.358900
-3.793860 2.098280 -12.369700
-3.756280 2.049710 -12.378300
-3.716830 2.002400 -12.384600
-3.675630 1.956480 -12.388600
-3.632770 1.912070 -12.390400
-3.588390 1.869300 -12.389900
-3.542580 1.828280 -12.387100
-3.495460 1.789100 -12.382100
-3.447160 1.751870 -12.374800
-3.397770 1.716690 -12.365200
-3.347430 1.683620 -12.353400
-3.296260 1.652750 -12.339400
-3.244360 1.624140 -12.323300
-3.191870 1.597850 -12.305000
-3.138900 1.573940 -12.284700
-3.085590 1.552440 -12.262400
-3.032060 1.533400 -12.238100
-2.978440 1.516850 -12.211900
-2.924870 1.502810 -12.184000
-2.871470 1.491300 -12.154400
-2.818380 1.482320 -12.123100
-2.765730 1.475890 -12.090300
-2.713670 1.472000 -12.056000
-2.662310 1.470650 -12.020500
-2.611800 1.471820 -11.983700
-2.562260 1.475490 -11.945700
-2.513820 1.481650 -11.906700
-2.466600 1.490270 -11.866900
-2.420710 1.501310 -11.826200
-2.376270 1.514750 -11.784700
-2.333370 1.530530 -11.742700
-2.292110 1.548620 -11.700200
-2.252580 1.568980 -11.657200
-2.214850 1.591540 -11.614000
-2.179000 1.616270 -11.570500
-2.145080 1.643110 -11.526800
-2.113160 1.671980 -11.483100
-2.083270 1.702850 -11.439300
-2.055470 1.735640 -11.395700
-2.029770 1.770290 -11.352200
-2.006220 1.806740 -11.308900
-1.984830 1.844910 -11.266000
-1.965630 1.884720 -11.223300
-1.948630 1.926120 -11.181100
-1.933850 1.969010 -11.139400
-1.921310 2.013330 -11.098300
-1.911020 2.058980 -11.057700
-1.903010 2.105870 -11.017900
-1.897290 2.153920 -10.978900
-1.893880 2.203030 -10.940800
-1.892800 2.253110 -10.903600
-1.894080 2.304030 -10.867500
-1.897740 2.355710 -10.832500
-1.903790 2.408010 -10.798800

/group/aorta/130
130
num_smooth_modes 5 center_x 0.0 center_y 0.0 center_x_in_pixels 0 pathId 100 center_y_in_pixels 0 creation_method threshold creation_type threshold threshold_value 300 pos {-4.078101 1.313602 -10.228150} nrm {-0.462429 -0.801671 0.378791} xhat {0.000000 0.427213 0.904151} posId 130
-3.134690 0.717587 -10.337800
-3.142680 0.696852 -10.391500
-3.152660 0.677365 -10.444900
-3.164670 0.659203 -10.498000
-3.178710 0.642443 -10.550600
-3.194820 0.627163 -10.602600
-3.213040 0.613436 -10.653900
-3.233390 0.601334 -10.704400
-3.255900 0.590927 -10.753900
-3.280590 0.582278 -10.802300
-3.307470 0.575447 -10.849600
-3.336560 0.570489 -10.895600
-3.367820 0.567450 -10.940200
-3.401250 0.566373 -10.983300
-3.436780 0.567291 -11.024700
-3.474370 0.570228 -11.064400
-3.513910 0.575199 -11.102100
-3.555300 0.582212 -11.137800
-3.598430 0.591260 -11.171300
-3.643150 0.602330 -11.202500
-3.689300 0.615394 -11.231200
-3.736700 0.630414 -11.257300
-3.785170 0.647340 -11.280600
-3.834500 0.666110 -11.301100
-3.884490 0.686650 -11.318700
-3.934920 0.708877 -11.333200
-3.985580 0.732695 -11.344600
-4.036250 0.758000 -11.352900
-4.086720 0.784679 -11.358100
-4.136770 0.812611 -11.360100
-4.186210 0.841670 -11.358900
-4.234850 0.871724 -11.354700
-4.282500 0.902641 -11.347400
-4.328990 0.934285 -11.337200
-4.374170 0.966523 -11.324200
-4.417900 0.999222 -11.308300
-4.460040 1.032260 -11.289900
-4.500470 1.065500 -11.268900
-4.539110 1.098850 -11.245500
-4.575850 1.132190 -11.219800
-4.610620 1.165420 -11.191900
-4.643360 1.198450 -11.161900
-4.674010 1.231220 -11.130000
-4.702520 1.263640 -11.096200
-4.728860 1.295660 -11.060600
-4.752980 1.327230 -11.023200
-4.774880 1.358300 -10.984200
-4.794540 1.388840 -10.943500
-4.811930 1.418810 -10.901400
-4.827050 1.448180 -10.857600
-4.839890 1.476930 -10.812500
-4.850460 1.505020 -10.765900
-4.858750 1.532420 -10.718100
-4.864760 1.559100 -10.668900
-4.868500 1.585020 -10.618600
-4.869970 1.610120 -10.567300
-4.869180 1.634350 -10.515100
-4.866130 1.657650 -10.462000
-4.860850 1.679950 -10.408400
-4.853320 1.701160 -10.354300
-4.843570 1.721190 -10.300000
-4.831600 1.739960 -10.245700
-4.817420 1.757370 -10.191500
-4.801050 1.773300 -10.137800
-4.782500 1.787660 -10.084800
-4.761770 1.800340 -10.032600
-4.738890 1.811240 -9.981650
-4.713870 1.820250 -9.932020
-4.686720 1.827300 -9.883960
-4.657490 1.832310 -9.837690
-4.626180 1.835190 -9.793360
-4.592850 1.835910 -9.751160
-4.557530 1.834410 -9.711200
-4.520270 1.830680 -9.673600
-4.481140 1.824720 -9.638460
-4.440210 1.816530 -9.605820
-4.397570 1.806150 -9.575730
-4.353320 1.793630 -9.548220
-4.307570 1.779020 -9.523280
-4.260450 1.762410 -9.500900
-4.212110 1.743900 -9.481070
-4.162720 1.723600 -9.463740
-4.112440 1.701610 -9.448900
-4.061470 1.678070 -9.436500
-4.010020 1.653110 -9.426510
-3.958290 1.626860 -9.418920
-3.906510 1.599460 -9.413690
-3.854920 1.571040 -9.410840
-3.803740 1.541750 -9.410350
-3.753210 1.511710 -9.412250
-3.703560 1.481040 -9.416550
-3.655030 1.449860 -9.423290
-3.607820 1.418280 -9.432500
-3.562150 1.386400 -9.444220
-3.518210 1.354310 -9.458480
-3.476170 1.322100 -9.475330
-3.436190 1.289840 -9.494800
-3.398400 1.257600 -9.516900
-3.362920 1.225440 -9.541640
-3.329830 1.193420 -9.569010
-3.299210 1.161590 -9.598990
-3.271080 1.130000 -9.631520
-3.245490 1.098690 -9.666530
-3.222430 1.067710 -9.703940
-3.201880 1.037100 -9.743640
-3.183820 1.006910 -9.785490
-3.168210 0.977180 -9.829350
-3.154990 0.947960 -9.875050
-3.144100 0.919303 -9.922410
-3.135500 0.891264 -9.971250
-3.129110 0.863900 -10.021400
-3.124880 0.837273 -10.072600
-3.122770 0.811449 -10.124600
-3.122720 0.786496 -10.177400
-3.124710 0.762485 -10.230600
-3.128700 0.739490 -10.284200

/group/aorta/143
143
num_smooth_modes 5 center_x 0.0 center_y 0.0 center_x_in_pixels 0 pathId 100 center_y_in_pixels 0 creation_method threshold creation_type threshold threshold_value 300 pos {-4.584165 0.228352 -9.965004} nrm {-0.368432 -0.927451 0.063977} xhat {0.000000 0.068818 0.997629} posId 143
-3.662430 -0.150955 -10.155600
-3.655260 -0.149927 -10.099400
-3.650720 -0.147829 -10.042800
-3.648830 -0.144662 -9.986020
-3.649620 -0.140424 -9.929120
-3.653120 -0.135115 -9.872310
-3.659360 -0.128735 -9.815760
-3.668360 -0.121288 -9.759670
-3.680160 -0.112778 -9.704260
-3.694780 -0.103212 -9.649760
-3.712220 -0.092604 -9.596420
-3.732490 -0.080969 -9.544470
-3.755580 -0.068330 -9.494190
-3.781460 -0.054713 -9.445840
-3.810090 -0.040153 -9.399660
-3.841420 -0.024688 -9.355900
-3.875370 -0.008365 -9.314800
-3.911860 0.008765 -9.276570
-3.950760 0.026645 -9.241400
-3.991950 0.045211 -9.209450
-4.035270 0.064396 -9.180850
-4.080570 0.084127 -9.155700
-4.127670 0.104329 -9.134060
-4.176370 0.124923 -9.115960
-4.226470 0.145826 -9.101420
-4.277740 0.166956 -9.090400
-4.329980 0.188227 -9.082860
-4.382950 0.209555 -9.078710
-4.436420 0.230853 -9.077890
-4.490150 0.252036 -9.080280
-4.543940 0.273020 -9.085790
-4.597530 0.293721 -9.094320
-4.650710 0.314059 -9.105770
-4.703270 0.333952 -9.120040
-4.754980 0.353324 -9.137050
-4.805670 0.372100 -9.156730
-4.855120 0.390207 -9.179020
-4.903160 0.407576 -9.203880
-4.949610 0.424141 -9.231250
-4.994320 0.439841 -9.261120
-5.037130 0.454617 -9.293460
-5.077900 0.468416 -9.328220
-5.116510 0.481190 -9.365400
-5.152840 0.492893 -9.404930
-5.186770 0.503488 -9.446770
-5.218220 0.512941 -9.490850
-5.247100 0.521225 -9.537070
-5.273340 0.528317 -9.585330
-5.296860 0.534202 -9.635490
-5.317610 0.538868 -9.687370
-5.335560 0.542310 -9.740820
-5.350650 0.544527 -9.795600
-5.362870 0.545524 -9.851500
-5.372190 0.545309 -9.908280
-5.378590 0.543895 -9.965680
-5.382080 0.541296 -10.023400
-5.382650 0.537533 -10.081300
-5.380310 0.532624 -10.138900
-5.375070 0.526592 -10.196200
-5.366930 0.519461 -10.252700
-5.355940 0.511255 -10.308400
-5.342110 0.502001 -10.362900
-5.325470 0.491723 -10.416000
-5.306050 0.480450 -10.467700
-5.283910 0.468208 -10.517600
-5.259090 0.455027 -10.565700
-5.231640 0.440939 -10.611900
-5.201620 0.425975 -10.655900
-5.169110 0.410172 -10.697800
-5.134180 0.393568 -10.737400
-5.096940 0.376206 -10.774600
-5.057480 0.358135 -10.809300
-5.015920 0.339406 -10.841500
-4.972390 0.320078 -10.871000
-4.927030 0.300214 -10.897800
-4.880010 0.279883 -10.921700
-4.831490 0.259162 -10.942600
-4.781660 0.238131 -10.960600
-4.730720 0.216875 -10.975300
-4.678870 0.195485 -10.986900
-4.626350 0.174054 -10.995100
-4.573370 0.152678 -10.999900
-4.520170 0.131455 -11.001200
-4.466990 0.110482 -10.998900
-4.414060 0.089854 -10.993100
-4.361610 0.069666 -10.983800
-4.309880 0.050008 -10.970800
-4.259090 0.030965 -10.954400
-4.209440 0.012617 -10.934500
-4.161150 -0.004965 -10.911200
-4.114380 -0.021714 -10.884700
-4.069310 -0.037574 -10.855100
-4.026100 -0.052494 -10.822500
-3.984860 -0.066435 -10.787200
-3.945730 -0.079362 -10.749200
-3.908790 -0.091249 -10.708800
-3.874130 -0.102077 -10.666200
-3.841820 -0.111833 -10.621500
-3.811900 -0.120507 -10.575000
-3.784430 -0.128097 -10.526800
-3.759420 -0.134601 -10.477100
-3.736910 -0.140021 -10.426000
-3.716920 -0.144358 -10.373700
-3.699460 -0.147618 -10.320400
-3.684550 -0.149802 -10.266200
-3.672200 -0.150914 -10.211200

/group/aorta/153
153
num_smooth_modes 5 center_x 0.0 center_y 0.0 center_x_in_pixels 0 pathId 100 center_y_in_pixels 0 creation_method threshold creation_type threshold threshold_value 300 pos {-4.920878 -0.698938 -10.026965} nrm {-0.307159 -0.928085 -0.210505} xhat {0.000000 0.221198 -0.975229} posId 153
-5.789720 -0.409810 -10.033900
-5.783820 -0.423616 -9.981650
-5.775380 -0.438161 -9.929840
-5.764490 -0.453387 -9.878610
-5.751240 -0.469236 -9.828060
-5.735730 -0.485659 -9.778280
-5.718030 -0.502608 -9.729390
-5.698180 -0.520040 -9.681500
-5.676230 -0.537916 -9.634710
-5.652210 -0.556200 -9.589150
-5.626130 -0.574859 -9.544950
-5.598000 -0.593858 -9.502220
-5.567830 -0.613165 -9.461130
-5.535620 -0.632744 -9.421800
-5.501380 -0.652560 -9.384400
-5.465140 -0.672571 -9.349060
-5.426910 -0.692732 -9.315940
-5.386760 -0.712995 -9.285190
-5.344750 -0.733304 -9.256960
-5.300960 -0.753599 -9.231370
-5.255520 -0.773815 -9.208560
-5.208540 -0.793880 -9.188630
-5.160200 -0.813721 -9.171690
-5.110670 -0.833258 -9.157830
-5.060140 -0.852413 -9.147120
-5.008820 -0.871103 -9.139600
-4.956930 -0.889247 -9.135320
-4.904700 -0.906766 -9.134290
-4.852360 -0.923582 -9.136520
-4.800130 -0.939623 -9.142000
-4.748250 -0.954822 -9.150700
-4.696910 -0.969116 -9.162590
-4.646330 -0.982450 -9.177610
-4.596690 -0.994776 -9.195690
-4.548160 -1.006050 -9.216780
-4.500900 -1.016250 -9.240790
-4.455040 -1.025340 -9.267640
-4.410710 -1.033300 -9.297220
-4.368020 -1.040120 -9.329430
-4.327070 -1.045800 -9.364160
-4.287960 -1.050320 -9.401300
-4.250760 -1.053690 -9.440720
-4.215560 -1.055920 -9.482270
-4.182440 -1.057000 -9.525810
-4.151490 -1.056950 -9.571200
-4.122800 -1.055770 -9.618260
-4.096450 -1.053480 -9.666820
-4.072540 -1.050080 -9.716700
-4.051170 -1.045580 -9.767710
-4.032450 -1.040000 -9.819640
-4.016480 -1.033340 -9.872300
-4.003360 -1.025620 -9.925470
-3.993200 -1.016860 -9.978930
-3.986080 -1.007070 -10.032500
-3.982080 -0.996268 -10.085900
-3.981270 -0.984489 -10.139000
-3.983690 -0.971758 -10.191600
-3.989370 -0.958109 -10.243500
-3.998310 -0.943580 -10.294500
-4.010480 -0.928217 -10.344500
-4.025850 -0.912067 -10.393300
-4.044320 -0.895185 -10.440800
-4.065810 -0.877629 -10.486800
-4.090190 -0.859462 -10.531300
-4.117320 -0.840748 -10.574300
-4.147050 -0.821555 -10.615500
-4.179200 -0.801952 -10.655000
-4.213610 -0.782010 -10.692700
-4.250070 -0.761797 -10.728600
-4.288420 -0.741383 -10.762700
-4.328480 -0.720836 -10.794800
-4.370070 -0.700220 -10.825000
-4.413050 -0.679598 -10.853200
-4.457260 -0.659032 -10.879400
-4.502570 -0.638578 -10.903500
-4.548870 -0.618293 -10.925300
-4.596040 -0.598230 -10.945000
-4.644000 -0.578441 -10.962200
-4.692660 -0.558978 -10.977000
-4.741930 -0.539891 -10.989300
-4.791750 -0.521233 -10.998900
-4.842040 -0.503055 -11.005600
-4.892690 -0.485411 -11.009500
-4.943630 -0.468358 -11.010400
-4.994750 -0.451953 -11.008100
-5.045910 -0.436256 -11.002700
-5.096970 -0.421331 -10.993900
-5.147780 -0.407241 -10.981900
-5.198140 -0.394051 -10.966600
-5.247860 -0.381827 -10.947900
-5.296730 -0.370633 -10.926000
-5.344500 -0.360532 -10.900800
-5.390940 -0.351583 -10.872500
-5.435800 -0.343841 -10.841200
-5.478840 -0.337355 -10.807000
-5.519820 -0.332167 -10.770000
-5.558510 -0.328310 -10.730600
-5.594690 -0.325808 -10.688800
-5.628180 -0.324677 -10.645000
-5.658800 -0.324919 -10.599200
-5.686420 -0.326529 -10.551800
-5.710940 -0.329488 -10.503000
-5.732270 -0.333771 -10.453000
-5.750390 -0.339339 -10.402000
-5.765280 -0.346149 -10.350200
-5.776970 -0.354148 -10.297900
-5.785490 -0.363277 -10.245200
-5.790940 -0.373474 -10.192300
-5.793380 -0.384673 -10.139400
-5.792940 -0.396807 -10.086500

/group/aorta/165
165
num_smooth_modes 5 center_x 0.0 center_y 0.0 center_x_in_pixels 0 pathId 100 center_y_in_pixels 0 creation_method threshold modified_as_spline 1 creation_type threshold threshold_value 300 pos {-5.185902 -1.604100 -10.486225} xhat {0.000000 0.676527 -0.736418} nrm {-0.171676 -0.725485 -0.666483} posId 165
-6.446520 -1.366350 -10.421900
-6.375070 -1.660170 -10.120400
-6.174190 -1.940210 -9.867230
-5.876140 -2.183180 -9.679480
-5.505210 -2.367870 -9.573950
-5.090300 -2.469470 -9.570230
-4.676040 -2.471600 -9.674640
-4.310380 -2.375320 -9.873670
-4.032710 -2.193770 -10.142900
-3.867120 -1.948970 -10.452100
-3.813380 -1.668610 -10.771200
-3.863260 -1.374660 -11.078400
-4.023680 -1.086510 -11.350800
-4.302780 -0.834765 -11.553000
-4.678620 -0.657385 -11.649300
-5.097660 -0.578252 -11.627500
-5.506030 -0.596425 -11.502500
-5.869150 -0.697037 -11.299400
-6.165140 -0.865335 -11.039900
-6.369370 -1.092180 -10.740300

/group/aorta/180
180
num_smooth_modes 5 center_x 0.0 center_y 0.0 center_x_in_pixels 0 pathId 100 center_y_in_pixels 0 creation_method threshold creation_type threshold threshold_value 300 pos {-5.268793 -2.294026 -11.585201} nrm {0.033952 -0.346713 -0.937357} xhat {0.000000 0.937897 -0.346913} posId 180
-6.836840 -2.741880 -11.476300
-6.852630 -2.690010 -11.496100
-6.866260 -2.637360 -11.516100
-6.877710 -2.583990 -11.536200
-6.886970 -2.529990 -11.556500
-6.894040 -2.475420 -11.577000
-6.898920 -2.420370 -11.597500
-6.901600 -2.364940 -11.618100
-6.902100 -2.309210 -11.638700
-6.900430 -2.253290 -11.659400
-6.896600 -2.197280 -11.679900
-6.890640 -2.141280 -11.700400
-6.882560 -2.085390 -11.720800
-6.872390 -2.029730 -11.741000
-6.860160 -1.974390 -11.761100
-6.845910 -1.919470 -11.780900
-6.829650 -1.865080 -11.800400
-6.811440 -1.811310 -11.819600
-6.791310 -1.758260 -11.838500
-6.769290 -1.706010 -11.857000
-6.745430 -1.654640 -11.875200
-6.719760 -1.604230 -11.892900
-6.692340 -1.554850 -11.910200
-6.663190 -1.506560 -11.927000
-6.632370 -1.459420 -11.943300
-6.599920 -1.413470 -11.959100
-6.565880 -1.368750 -11.974400
-6.530290 -1.325310 -11.989200
-6.493200 -1.283160 -12.003500
-6.454650 -1.242320 -12.017200
-6.414690 -1.202820 -12.030300
-6.373350 -1.164650 -12.042900
-6.330680 -1.127840 -12.055000
-6.286720 -1.092370 -12.066500
-6.241520 -1.058250 -12.077500
-6.195120 -1.025460 -12.088000
-6.147560 -0.994015 -12.097900
-6.098890 -0.963898 -12.107300
-6.049160 -0.935104 -12.116100
-5.998410 -0.907630 -12.124400
-5.946690 -0.881471 -12.132200
-5.894040 -0.856628 -12.139500
-5.840520 -0.833103 -12.146300
-5.786190 -0.810902 -12.152500
-5.731090 -0.790035 -12.158200
-5.675280 -0.770519 -12.163400
-5.618810 -0.752373 -12.168100
-5.561750 -0.735620 -12.172200
-5.504170 -0.720288 -12.175800
-5.446110 -0.706414 -12.178900
-5.387650 -0.694032 -12.181300
-5.328860 -0.683186 -12.183200
-5.269810 -0.673922 -12.184500
-5.210570 -0.666285 -12.185200
-5.151210 -0.660328 -12.185200
-5.091810 -0.656100 -12.184600
-5.032440 -0.653656 -12.183400
-4.973190 -0.653045 -12.181500
-4.914140 -0.654319 -12.178900
-4.855360 -0.657526 -12.175500
-4.796930 -0.662712 -12.171500
-4.738950 -0.669917 -12.166700
-4.681480 -0.679178 -12.161200
-4.624610 -0.690526 -12.155000
-4.568420 -0.703985 -12.148000
-4.512990 -0.719572 -12.140200
-4.458400 -0.737297 -12.131700
-4.404730 -0.757161 -12.122400
-4.352040 -0.779156 -12.112300
-4.300420 -0.803268 -12.101500
-4.249930 -0.829471 -12.090000
-4.200650 -0.857730 -12.077800
-4.152630 -0.888005 -12.064800
-4.105940 -0.920243 -12.051200
-4.060640 -0.954386 -12.037000
-4.016780 -0.990366 -12.022100
-3.974430 -1.028110 -12.006600
-3.933620 -1.067540 -11.990500
-3.894410 -1.108570 -11.973900
-3.856830 -1.151100 -11.956800
-3.820930 -1.195050 -11.939200
-3.786740 -1.240320 -11.921300
-3.754290 -1.286810 -11.902900
-3.723610 -1.334410 -11.884200
-3.694730 -1.383040 -11.865100
-3.667670 -1.432590 -11.845800
-3.642450 -1.482960 -11.826300
-3.619090 -1.534060 -11.806500
-3.597600 -1.585800 -11.786600
-3.577990 -1.638100 -11.766600
-3.560270 -1.690870 -11.746400
-3.544450 -1.744030 -11.726200
-3.530520 -1.797510 -11.705900
-3.518510 -1.851260 -11.685600
-3.508400 -1.905200 -11.665300
-3.500200 -1.959280 -11.645000
-3.493900 -2.013450 -11.624700
-3.489500 -2.067680 -11.604500
-3.487000 -2.121910 -11.584300
-3.486380 -2.176120 -11.564300
-3.487640 -2.230280 -11.544300
-3.490780 -2.284350 -11.524400
-3.495780 -2.338310 -11.504600
-3.502630 -2.392140 -11.484900
-3.511310 -2.445820 -11.465400
-3.521820 -2.499310 -11.446000
-3.534150 -2.552610 -11.426700
-3.548260 -2.605680 -11.407600
-3.564160 -2.658490 -11.388600
-3.581820 -2.711020 -11.369900
-3.601220 -2.763240 -11.351200
-3.622340 -2.815090 -11.332800
-3.645150 -2.866550 -11.314600
-3.669650 -2.917570 -11.296600
-3.695790 -2.968080 -11.278900
-3.723560 -3.018040 -11.261400
-3.752920 -3.067380 -11.244200
-3.783850 -3.116020 -11.227400
-3.816310 -3.163910 -11.210800
-3.850280 -3.210950 -11.194700
-3.885710 -3.257070 -11.178900
-3.922580 -3.302180 -11.163500
-3.960840 -3.346190 -11.148600
-4.000460 -3.389010 -11.134200
-4.041400 -3.430540 -11.120400
-4.083610 -3.470700 -11.107000
-4.127050 -3.509390 -11.094300
-4.171680 -3.546510 -11.082200
-4.217460 -3.581990 -11.070700
-4.264330 -3.615720 -11.059900
-4.312250 -3.647640 -11.049900
-4.361170 -3.677660 -11.040500
-4.411040 -3.705720 -11.032000
-4.461810 -3.731740 -11.024200
-4.513430 -3.755680 -11.017200
-4.565850 -3.777480 -11.011000
-4.619010 -3.797100 -11.005700
-4.672870 -3.814520 -11.001200
-4.727360 -3.829710 -10.997600
-4.782440 -3.842650 -10.994800
-4.838050 -3.853350 -10.992800
-4.894130 -3.861800 -10.991700
-4.950630 -3.868020 -10.991500
-5.007490 -3.872040 -10.992100
-5.064660 -3.873880 -10.993400
-5.122070 -3.873580 -10.995600
-5.179670 -3.871180 -10.998600
-5.237390 -3.866730 -11.002300
-5.295180 -3.860280 -11.006800
-5.352970 -3.851900 -11.012000
-5.410710 -3.841630 -11.017900
-5.468330 -3.829550 -11.024500
-5.525760 -3.815720 -11.031700
-5.582940 -3.800200 -11.039500
-5.639810 -3.783050 -11.047900
-5.696290 -3.764340 -11.056800
-5.752320 -3.744130 -11.066300
-5.807830 -3.722460 -11.076400
-5.862750 -3.699400 -11.086900
-5.917010 -3.674980 -11.097900
-5.970530 -3.649270 -11.109300
-6.023240 -3.622280 -11.121200
-6.075080 -3.594060 -11.133500
-6.125960 -3.564650 -11.146300
-6.175810 -3.534050 -11.159400
-6.224560 -3.502290 -11.172900
-6.272130 -3.469390 -11.186800
-6.318460 -3.435350 -11.201100
-6.363470 -3.400200 -11.215700
-6.407090 -3.363920 -11.230700
-6.449250 -3.326530 -11.246100
-6.489880 -3.288020 -11.261800
-6.528920 -3.248410 -11.277800
-6.566300 -3.207680 -11.294200
-6.601950 -3.165860 -11.311000
-6.635830 -3.122930 -11.328100
-6.667870 -3.078910 -11.345600
-6.698030 -3.033810 -11.363300
-6.726240 -2.987650 -11.381400
-6.752480 -2.940450 -11.399800
-6.776690 -2.892240 -11.418500
-6.798840 -2.843040 -11.437500
-6.818900 -2.792910 -11.456800

/group/aorta/194
194
num_smooth_modes 5 center_x 0.0 center_y 0.0 center_x_in_pixels 0 pathId 100 center_y_in_pixels 0 creation_method threshold creation_type threshold threshold_value 300 pos {-5.127388 -2.615910 -12.924562} nrm {0.153323 -0.141513 -0.977991} xhat {0.000000 0.989693 -0.143207} posId 194
-6.632650 -2.826870 -13.130000
-6.625850 -2.881550 -13.121000
-6.617160 -2.935780 -13.111800
-6.606560 -2.989530 -13.102400
-6.594070 -3.042750 -13.092700
-6.579670 -3.095380 -13.082900
-6.563380 -3.147400 -13.072800
-6.545210 -3.198760 -13.062500
-6.525160 -3.249440 -13.052000
-6.503260 -3.299390 -13.041400
-6.479530 -3.348600 -13.030500
-6.453990 -3.397020 -13.019500
-6.426680 -3.444640 -13.008300
-6.397640 -3.491430 -12.997000
-6.366900 -3.537350 -12.985600
-6.334510 -3.582380 -12.974000
-6.300520 -3.626500 -12.962200
-6.265000 -3.669650 -12.950400
-6.227990 -3.711830 -12.938500
-6.189560 -3.752980 -12.926600
-6.149780 -3.793060 -12.914500
-6.108720 -3.832050 -12.902400
-6.066440 -3.869900 -12.890300
-6.023040 -3.906550 -12.878200
-5.978570 -3.941970 -12.866100
-5.933110 -3.976090 -12.854100
-5.886760 -4.008870 -12.842100
-5.839570 -4.040240 -12.830100
-5.791640 -4.070150 -12.818300
-5.743030 -4.098540 -12.806500
-5.693830 -4.125350 -12.795000
-5.644090 -4.150520 -12.783500
-5.593900 -4.173970 -12.772200
-5.543330 -4.195660 -12.761200
-5.492420 -4.215530 -12.750300
-5.441260 -4.233510 -12.739700
-5.389890 -4.249550 -12.729300
-5.338370 -4.263600 -12.719200
-5.286750 -4.275610 -12.709400
-5.235060 -4.285540 -12.699800
-5.183370 -4.293360 -12.690600
-5.131700 -4.299020 -12.681700
-5.080080 -4.302510 -12.673100
-5.028560 -4.303800 -12.664800
-4.977150 -4.302890 -12.656900
-4.925880 -4.299770 -12.649300
-4.874780 -4.294440 -12.642100
-4.823860 -4.286900 -12.635200
-4.773150 -4.277190 -12.628600
-4.722660 -4.265330 -12.622400
-4.672410 -4.251350 -12.616600
-4.622420 -4.235280 -12.611100
-4.572710 -4.217180 -12.605900
-4.523290 -4.197100 -12.601100
-4.474190 -4.175100 -12.596500
-4.425420 -4.151230 -12.592400
-4.377020 -4.125580 -12.588500
-4.329010 -4.098210 -12.584900
-4.281420 -4.069190 -12.581700
-4.234290 -4.038600 -12.578700
-4.187640 -4.006520 -12.576000
-4.141530 -3.973040 -12.573600
-4.095990 -3.938220 -12.571500
-4.051080 -3.902150 -12.569700
-4.006840 -3.864900 -12.568200
-3.963340 -3.826550 -12.566900
-3.920630 -3.787170 -12.565900
-3.878770 -3.746830 -12.565200
-3.837820 -3.705590 -12.564700
-3.797860 -3.663520 -12.564500
-3.758950 -3.620660 -12.564600
-3.721170 -3.577070 -12.565000
-3.684580 -3.532790 -12.565700
-3.649260 -3.487870 -12.566700
-3.615270 -3.442340 -12.567900
-3.582700 -3.396230 -12.569500
-3.551600 -3.349560 -12.571400
-3.522060 -3.302370 -12.573600
-3.494130 -3.254670 -12.576100
-3.467870 -3.206470 -12.578900
-3.443360 -3.157790 -12.582100
-3.420630 -3.108640 -12.585700
-3.399750 -3.059020 -12.589600
-3.380750 -3.008950 -12.593900
-3.363690 -2.958440 -12.598500
-3.348590 -2.907490 -12.603500
-3.335490 -2.856120 -12.608900
-3.324410 -2.804340 -12.614600
-3.315370 -2.752160 -12.620800
-3.308370 -2.699610 -12.627300
-3.303440 -2.646700 -12.634200
-3.300570 -2.593470 -12.641400
-3.299760 -2.539940 -12.649000
-3.300990 -2.486160 -12.657000
-3.304250 -2.432160 -12.665300
-3.309520 -2.378000 -12.674000
-3.316780 -2.323720 -12.683000
-3.326010 -2.269400 -12.692300
-3.337160 -2.215090 -12.701900
-3.350210 -2.160860 -12.711800
-3.365120 -2.106800 -12.722000
-3.381840 -2.052980 -12.732400
-3.400350 -1.999480 -12.743000
-3.420590 -1.946390 -12.753900
-3.442530 -1.893810 -12.764900
-3.466120 -1.841830 -12.776100
-3.491320 -1.790540 -12.787500
-3.518090 -1.740050 -12.799000
-3.546380 -1.690430 -12.810600
-3.576150 -1.641800 -12.822300
-3.607360 -1.594240 -12.834100
-3.639970 -1.547850 -12.845900
-3.673950 -1.502720 -12.857800
-3.709260 -1.458930 -12.869700
-3.745850 -1.416560 -12.881500
-3.783710 -1.375700 -12.893400
-3.822780 -1.336400 -12.905200
-3.863050 -1.298740 -12.916900
-3.904470 -1.262770 -12.928600
-3.947030 -1.228550 -12.940300
-3.990670 -1.196130 -12.951800
-4.035380 -1.165540 -12.963200
-4.081120 -1.136810 -12.974600
-4.127860 -1.109980 -12.985800
-4.175560 -1.085050 -12.996900
-4.224190 -1.062050 -13.007800
-4.273710 -1.040980 -13.018600
-4.324080 -1.021840 -13.029300
-4.375270 -1.004620 -13.039800
-4.427220 -0.989326 -13.050200
-4.479890 -0.975934 -13.060400
-4.533230 -0.964429 -13.070400
-4.587190 -0.954794 -13.080200
-4.641710 -0.947005 -13.089900
-4.696740 -0.941038 -13.099400
-4.752210 -0.936870 -13.108700
-4.808050 -0.934474 -13.117800
-4.864210 -0.933824 -13.126700
-4.920610 -0.934896 -13.135400
-4.977180 -0.937664 -13.143900
-5.033850 -0.942106 -13.152100
-5.090530 -0.948200 -13.160100
-5.147160 -0.955927 -13.167900
-5.203640 -0.965269 -13.175400
-5.259910 -0.976210 -13.182600
-5.315890 -0.988737 -13.189600
-5.371480 -1.002840 -13.196200
-5.426620 -1.018510 -13.202600
-5.481230 -1.035740 -13.208700
-5.535220 -1.054520 -13.214400
-5.588530 -1.074850 -13.219800
-5.641080 -1.096730 -13.224900
-5.692790 -1.120150 -13.229600
-5.743610 -1.145110 -13.234000
-5.793460 -1.171610 -13.238000
-5.842280 -1.199640 -13.241600
-5.890020 -1.229210 -13.244800
-5.936610 -1.260290 -13.247600
-5.982000 -1.292900 -13.250000
-6.026160 -1.327000 -13.252000
-6.069020 -1.362590 -13.253500
-6.110560 -1.399640 -13.254700
-6.150720 -1.438140 -13.255400
-6.189480 -1.478050 -13.255700
-6.226810 -1.519350 -13.255600
-6.262670 -1.562000 -13.255000
-6.297040 -1.605960 -13.254100
-6.329890 -1.651170 -13.252700
-6.361200 -1.697590 -13.250900
-6.390950 -1.745170 -13.248600
-6.419130 -1.793850 -13.246000
-6.445700 -1.843550 -13.243000
-6.470670 -1.894210 -13.239600
-6.494000 -1.945760 -13.235800
-6.515690 -1.998130 -13.231600
-6.535710 -2.051230 -13.227100
-6.554060 -2.104990 -13.222200
-6.570720 -2.159320 -13.216900
-6.585670 -2.214150 -13.211300
-6.598890 -2.269380 -13.205400
-6.610370 -2.324950 -13.199200
-6.620090 -2.380760 -13.192600
-6.628040 -2.436730 -13.185800
-6.634200 -2.492800 -13.178600
-6.638540 -2.548870 -13.171200
-6.641070 -2.604870 -13.163500
-6.641760 -2.660740 -13.155500
-6.640590 -2.716400 -13.147200
-6.637560 -2.771800 -13.138800

/group/aorta/209
209
num_smooth_modes 5 center_x 0.0 center_y 0.0 center_x_in_pixels 0 pathId 100 center_y_in_pixels 0 creation_method threshold creation_type threshold threshold_value 300 pos {-4.859883 -2.731235 -14.368675} nrm {0.200554 -0.021769 -0.979441} xhat {0.000000 0.999753 -0.022221} posId 209
-5.876300 -2.277630 -14.586900
-5.858140 -2.223090 -14.584400
-5.837610 -2.169480 -14.581400
-5.814730 -2.116940 -14.577800
-5.789520 -2.065630 -14.573800
-5.762020 -2.015690 -14.569300
-5.732260 -1.967280 -14.564300
-5.700270 -1.920540 -14.558800
-5.666110 -1.875620 -14.552800
-5.629850 -1.832650 -14.546300
-5.591540 -1.791770 -14.539400
-5.551260 -1.753090 -14.532000
-5.509090 -1.716720 -14.524200
-5.465120 -1.682760 -14.515900
-5.419460 -1.651290 -14.507300
-5.372200 -1.622390 -14.498200
-5.323460 -1.596110 -14.488800
-5.273360 -1.572510 -14.479100
-5.222020 -1.551620 -14.469000
-5.169570 -1.533460 -14.458700
-5.116150 -1.518040 -14.448100
-5.061890 -1.505360 -14.437300
-5.006930 -1.495430 -14.426300
-4.951410 -1.488200 -14.415000
-4.895480 -1.483680 -14.403700
-4.839270 -1.481820 -14.392200
-4.782930 -1.482580 -14.380700
-4.726590 -1.485940 -14.369100
-4.670400 -1.491860 -14.357400
-4.614490 -1.500280 -14.345800
-4.558990 -1.511170 -14.334200
-4.504040 -1.524490 -14.322600
-4.449760 -1.540200 -14.311200
-4.396270 -1.558260 -14.299800
-4.343710 -1.578620 -14.288600
-4.292180 -1.601250 -14.277500
-4.241790 -1.626120 -14.266700
-4.192670 -1.653170 -14.256000
-4.144920 -1.682380 -14.245600
-4.098630 -1.713700 -14.235400
-4.053910 -1.747100 -14.225500
-4.010860 -1.782510 -14.215900
-3.969570 -1.819900 -14.206600
-3.930130 -1.859210 -14.197700
-3.892620 -1.900370 -14.189100
-3.857130 -1.943320 -14.180900
-3.823730 -1.987980 -14.173000
-3.792500 -2.034270 -14.165600
-3.763510 -2.082100 -14.158600
-3.736830 -2.131370 -14.152000
-3.712500 -2.181970 -14.145900
-3.690590 -2.233800 -14.140300
-3.671150 -2.286730 -14.135100
-3.654210 -2.340630 -14.130500
-3.639810 -2.395390 -14.126300
-3.627990 -2.450850 -14.122700
-3.618760 -2.506890 -14.119500
-3.612150 -2.563360 -14.116900
-3.608170 -2.620130 -14.114800
-3.606800 -2.677050 -14.113300
-3.608060 -2.733990 -14.112300
-3.611930 -2.790800 -14.111800
-3.618400 -2.847360 -14.111900
-3.627440 -2.903540 -14.112500
-3.639030 -2.959200 -14.113600
-3.653130 -3.014230 -14.115300
-3.669690 -3.068520 -14.117500
-3.688680 -3.121950 -14.120200
-3.710060 -3.174420 -14.123400
-3.733760 -3.225820 -14.127100
-3.759730 -3.276060 -14.131300
-3.787910 -3.325050 -14.136000
-3.818240 -3.372690 -14.141100
-3.850650 -3.418900 -14.146700
-3.885080 -3.463590 -14.152800
-3.921450 -3.506670 -14.159300
-3.959690 -3.548060 -14.166200
-3.999730 -3.587690 -14.173500
-4.041490 -3.625450 -14.181200
-4.084890 -3.661270 -14.189300
-4.129830 -3.695070 -14.197800
-4.176240 -3.726750 -14.206600
-4.224030 -3.756230 -14.215700
-4.273090 -3.783430 -14.225100
-4.323330 -3.808260 -14.234900
-4.374650 -3.830640 -14.244900
-4.426940 -3.850490 -14.255100
-4.480090 -3.867740 -14.265600
-4.533980 -3.882320 -14.276400
-4.588490 -3.894160 -14.287300
-4.643500 -3.903200 -14.298300
-4.698880 -3.909410 -14.309500
-4.754490 -3.912740 -14.320800
-4.810210 -3.913170 -14.332200
-4.865890 -3.910680 -14.343700
-4.921390 -3.905260 -14.355200
-4.976580 -3.896930 -14.366700
-5.031300 -3.885700 -14.378100
-5.085430 -3.871610 -14.389500
-5.138820 -3.854710 -14.400800
-5.191330 -3.835050 -14.412000
-5.242830 -3.812700 -14.423100
-5.293180 -3.787740 -14.433900
-5.342270 -3.760260 -14.444600
-5.389980 -3.730340 -14.455000
-5.436190 -3.698110 -14.465200
-5.480790 -3.663650 -14.475100
-5.523680 -3.627080 -14.484700
-5.564780 -3.588520 -14.494000
-5.604000 -3.548070 -14.502900
-5.641270 -3.505850 -14.511500
-5.676510 -3.461980 -14.519600
-5.709670 -3.416560 -14.527400
-5.740710 -3.369700 -14.534800
-5.769560 -3.321500 -14.541800
-5.796190 -3.272080 -14.548400
-5.820580 -3.221510 -14.554500
-5.842690 -3.169900 -14.560200
-5.862490 -3.117340 -14.565400
-5.879990 -3.063920 -14.570200
-5.895150 -3.009730 -14.574500
-5.907960 -2.954850 -14.578300
-5.918420 -2.899360 -14.581700
-5.926510 -2.843370 -14.584600
-5.932240 -2.786960 -14.587000
-5.935580 -2.730220 -14.589000
-5.936540 -2.673250 -14.590400
-5.935120 -2.616160 -14.591400
-5.931300 -2.559060 -14.591900
-5.925090 -2.502060 -14.591900
-5.916480 -2.445290 -14.591400
-5.905480 -2.388870 -14.590400
-5.892090 -2.332930 -14.588900

/group/aorta/221
221
num_smooth_modes 5 center_x 0.0 center_y 0.0 center_x_in_pixels 0 pathId 100 center_y_in_pixels 0 creation_method threshold creation_type threshold threshold_value 300 pos {-4.664138 -2.720464 -15.317547} nrm {0.197853 0.040570 -0.979392} xhat {0.000000 0.999143 0.041388} posId 221
-5.551920 -2.716140 -15.496700
-5.547810 -2.770880 -15.498200
-5.540380 -2.825050 -15.498900
-5.529640 -2.878580 -15.498900
-5.515670 -2.931410 -15.498300
-5.498520 -2.983500 -15.497000
-5.478310 -3.034800 -15.495000
-5.455140 -3.085290 -15.492500
-5.429160 -3.134930 -15.489300
-5.400510 -3.183660 -15.485500
-5.369360 -3.231410 -15.481200
-5.335880 -3.278080 -15.476300
-5.300250 -3.323560 -15.471000
-5.262660 -3.367690 -15.465300
-5.223290 -3.410300 -15.459100
-5.182320 -3.451180 -15.452500
-5.139910 -3.490100 -15.445500
-5.096240 -3.526810 -15.438200
-5.051440 -3.561070 -15.430600
-5.005650 -3.592600 -15.422700
-4.959000 -3.621140 -15.414400
-4.911580 -3.646450 -15.405900
-4.863480 -3.668290 -15.397100
-4.814790 -3.686480 -15.388000
-4.765590 -3.700830 -15.378700
-4.715930 -3.711220 -15.369000
-4.665880 -3.717580 -15.359200
-4.615500 -3.719860 -15.349100
-4.564880 -3.718070 -15.338800
-4.514080 -3.712280 -15.328300
-4.463210 -3.702570 -15.317600
-4.412360 -3.689090 -15.306800
-4.361660 -3.672010 -15.295900
-4.311270 -3.651520 -15.284800
-4.261330 -3.627840 -15.273800
-4.212030 -3.601190 -15.262700
-4.163570 -3.571810 -15.251700
-4.116160 -3.539900 -15.240800
-4.070030 -3.505690 -15.230100
-4.025410 -3.469370 -15.219500
-3.982530 -3.431120 -15.209300
-3.941630 -3.391090 -15.199400
-3.902950 -3.349400 -15.189800
-3.866690 -3.306170 -15.180700
-3.833080 -3.261490 -15.172100
-3.802290 -3.215410 -15.163900
-3.774490 -3.168010 -15.156400
-3.749820 -3.119320 -15.149400
-3.728400 -3.069410 -15.143000
-3.710320 -3.018330 -15.137200
-3.695630 -2.966150 -15.132100
-3.684360 -2.912950 -15.127600
-3.676540 -2.858840 -15.123800
-3.672130 -2.803940 -15.120600
-3.671110 -2.748410 -15.118100
-3.673430 -2.692440 -15.116200
-3.679020 -2.636230 -15.115000
-3.687810 -2.580000 -15.114500
-3.699700 -2.524010 -15.114600
-3.714630 -2.468520 -15.115300
-3.732490 -2.413800 -15.116600
-3.753210 -2.360110 -15.118600
-3.776690 -2.307720 -15.121200
-3.802850 -2.256890 -15.124300
-3.831610 -2.207850 -15.128100
-3.862900 -2.160820 -15.132500
-3.896630 -2.116000 -15.137500
-3.932730 -2.073550 -15.143000
-3.971110 -2.033590 -15.149100
-4.011690 -1.996230 -15.155700
-4.054380 -1.961550 -15.162900
-4.099070 -1.929600 -15.170600
-4.145640 -1.900410 -15.178800
-4.193970 -1.873980 -15.187500
-4.243920 -1.850320 -15.196600
-4.295330 -1.829430 -15.206100
-4.348030 -1.811300 -15.216000
-4.401830 -1.795930 -15.226300
-4.456540 -1.783320 -15.236800
-4.511940 -1.773490 -15.247600
-4.567820 -1.766470 -15.258600
-4.623950 -1.762320 -15.269700
-4.680100 -1.761080 -15.281000
-4.736040 -1.762840 -15.292400
-4.791540 -1.767660 -15.303800
-4.846380 -1.775630 -15.315200
-4.900340 -1.786830 -15.326600
-4.953210 -1.801330 -15.337900
-5.004790 -1.819180 -15.349000
-5.054900 -1.840430 -15.360000
-5.103360 -1.865080 -15.370800
-5.150010 -1.893120 -15.381400
-5.194700 -1.924470 -15.391800
-5.237280 -1.959070 -15.401800
-5.277630 -1.996770 -15.411500
-5.315630 -2.037400 -15.420900
-5.351160 -2.080760 -15.429800
-5.384130 -2.126630 -15.438400
-5.414420 -2.174730 -15.446500
-5.441940 -2.224780 -15.454100
-5.466600 -2.276500 -15.461300
-5.488320 -2.329570 -15.467900
-5.507010 -2.383710 -15.473900
-5.522600 -2.438620 -15.479300
-5.535010 -2.494040 -15.484100
-5.544190 -2.549710 -15.488300
-5.550090 -2.605410 -15.491800
-5.552670 -2.660940 -15.494600

/group/aorta/240
240
num_smooth_modes 5 center_x 0.0 center_y 0.0 center_x_in_pixels 0 pathId 100 center_y_in_pixels 0 creation_method threshold creation_type threshold threshold_value 300 pos {-4.419681 -2.660545 -16.738101} nrm {0.135284 0.018919 -0.990626} xhat {0.000000 0.999818 0.019095} posId 240
-5.258040 -2.865200 -16.856501
-5.240220 -2.917550 -16.855101
-5.218990 -2.968860 -16.853100
-5.194510 -3.018970 -16.850800
-5.166930 -3.067680 -16.847900
-5.136420 -3.114830 -16.844700
-5.103160 -3.160240 -16.841000
-5.067330 -3.203750 -16.836901
-5.029140 -3.245190 -16.832500
-4.988760 -3.284410 -16.827700
-4.946390 -3.321240 -16.822599
-4.902210 -3.355540 -16.817301
-4.856400 -3.387160 -16.811600
-4.809130 -3.415950 -16.805700
-4.760570 -3.441770 -16.799601
-4.710860 -3.464500 -16.793200
-4.660160 -3.484000 -16.786699
-4.608600 -3.500180 -16.779900
-4.556330 -3.512920 -16.773001
-4.503490 -3.522140 -16.766001
-4.450210 -3.527770 -16.758801
-4.396650 -3.529760 -16.751600
-4.342950 -3.528080 -16.744200
-4.289280 -3.522720 -16.736799
-4.235810 -3.513690 -16.729300
-4.182730 -3.501020 -16.721800
-4.130250 -3.484780 -16.714300
-4.078560 -3.465050 -16.706900
-4.027900 -3.441920 -16.699499
-3.978490 -3.415540 -16.692301
-3.930580 -3.386020 -16.685200
-3.884410 -3.353550 -16.678200
-3.840230 -3.318280 -16.671499
-3.798260 -3.280400 -16.665100
-3.758750 -3.240110 -16.658899
-3.721920 -3.197600 -16.653099
-3.687970 -3.153060 -16.647600
-3.657070 -3.106710 -16.642500
-3.629410 -3.058730 -16.637800
-3.605120 -3.009320 -16.633499
-3.584300 -2.958670 -16.629700
-3.567050 -2.906970 -16.626400
-3.553420 -2.854400 -16.623501
-3.543450 -2.801120 -16.621099
-3.537140 -2.747320 -16.619200
-3.534480 -2.693160 -16.617800
-3.535430 -2.638810 -16.616899
-3.539940 -2.584440 -16.616501
-3.547930 -2.530220 -16.616600
-3.559310 -2.476330 -16.617100
-3.574000 -2.422940 -16.618099
-3.591880 -2.370230 -16.619499
-3.612850 -2.318400 -16.621401
-3.636790 -2.267650 -16.623699
-3.663580 -2.218170 -16.626400
-3.693100 -2.170170 -16.629499
-3.725230 -2.123860 -16.632999
-3.759840 -2.079450 -16.636900
-3.796810 -2.037150 -16.641100
-3.836000 -1.997170 -16.645700
-3.877290 -1.959690 -16.650600
-3.920530 -1.924910 -16.655899
-3.965580 -1.893010 -16.661400
-4.012290 -1.864160 -16.667299
-4.060510 -1.838490 -16.673401
-4.110060 -1.816140 -16.679701
-4.160800 -1.797210 -16.686300
-4.212530 -1.781800 -16.693001
-4.265070 -1.769960 -16.700001
-4.318250 -1.761750 -16.707100
-4.371860 -1.757180 -16.714300
-4.425710 -1.756270 -16.721701
-4.479610 -1.758990 -16.729099
-4.533360 -1.765310 -16.736500
-4.586750 -1.775170 -16.743999
-4.639590 -1.788510 -16.751499
-4.691680 -1.805260 -16.758900
-4.742820 -1.825300 -16.766300
-4.792810 -1.848550 -16.773600
-4.841460 -1.874890 -16.780701
-4.888590 -1.904200 -16.787701
-4.933990 -1.936340 -16.794500
-4.977490 -1.971180 -16.801100
-5.018900 -2.008570 -16.807501
-5.058040 -2.048350 -16.813601
-5.094730 -2.090380 -16.819401
-5.128790 -2.134490 -16.824900
-5.160070 -2.180500 -16.830000
-5.188400 -2.228230 -16.834801
-5.213620 -2.277510 -16.839199
-5.235600 -2.328140 -16.843201
-5.254210 -2.379940 -16.846701
-5.269340 -2.432700 -16.849800
-5.280890 -2.486230 -16.852400
-5.288780 -2.540310 -16.854500
-5.292960 -2.594750 -16.856100
-5.293400 -2.649350 -16.857201
-5.290100 -2.703890 -16.857800
-5.283070 -2.758180 -16.857901
-5.272360 -2.812010 -16.857401

/group/aorta/261
261
num_smooth_modes 5 center_x 0.0 center_y 0.0 center_x_in_pixels 0 pathId 100 center_y_in_pixels 0 creation_method threshold creation_type threshold threshold_value 300 pos {-4.230053 -2.638523 -18.620394} nrm {0.065500 0.024781 -0.997545} xhat {0.000000 0.999692 0.024834} posId 261
-5.030870 -2.917200 -18.679899
-5.004780 -2.970460 -18.679501
-4.975050 -3.022210 -18.678801
-4.941980 -3.072250 -18.677900
-4.905830 -3.120370 -18.676701
-4.866880 -3.166350 -18.675301
-4.825370 -3.209950 -18.673700
-4.781510 -3.250920 -18.671801
-4.735490 -3.289020 -18.669701
-4.687480 -3.323950 -18.667500
-4.637650 -3.355480 -18.665001
-4.586130 -3.383320 -18.662300
-4.533070 -3.407260 -18.659401
-4.478630 -3.427060 -18.656300
-4.422990 -3.442560 -18.653000
-4.366320 -3.453620 -18.649599
-4.308840 -3.460140 -18.646000
-4.250810 -3.462080 -18.642200
-4.192480 -3.459460 -18.638300
-4.134180 -3.452330 -18.634300
-4.076210 -3.440800 -18.630199
-4.018910 -3.425000 -18.626101
-3.962650 -3.405090 -18.621901
-3.907750 -3.381280 -18.617701
-3.854570 -3.353760 -18.613501
-3.803440 -3.322740 -18.609400
-3.754660 -3.288420 -18.605301
-3.708510 -3.251010 -18.601400
-3.665260 -3.210690 -18.597500
-3.625130 -3.167640 -18.593800
-3.588300 -3.122050 -18.590300
-3.554950 -3.074070 -18.586901
-3.525220 -3.023880 -18.583700
-3.499230 -2.971650 -18.580700
-3.477100 -2.917590 -18.577900
-3.458920 -2.861900 -18.575300
-3.444770 -2.804830 -18.573000
-3.434750 -2.746660 -18.570900
-3.428920 -2.687690 -18.569000
-3.427350 -2.628260 -18.567400
-3.430110 -2.568750 -18.566099
-3.437230 -2.509550 -18.565100
-3.448740 -2.451060 -18.564400
-3.464640 -2.393700 -18.564100
-3.484900 -2.337880 -18.563999
-3.509450 -2.284000 -18.564301
-3.538180 -2.232430 -18.564899
-3.570940 -2.183480 -18.565800
-3.607540 -2.137460 -18.567101
-3.647730 -2.094600 -18.568600
-3.691250 -2.055090 -18.570499
-3.737790 -2.019080 -18.572701
-3.787000 -1.986650 -18.575100
-3.838550 -1.957850 -18.577801
-3.892080 -1.932710 -18.580700
-3.947220 -1.911210 -18.583799
-4.003650 -1.893330 -18.587000
-4.061030 -1.879060 -18.590401
-4.119060 -1.868360 -18.594000
-4.177480 -1.861220 -18.597601
-4.236020 -1.857650 -18.601400
-4.294480 -1.857670 -18.605200
-4.352650 -1.861300 -18.609100
-4.410340 -1.868610 -18.613100
-4.467380 -1.879650 -18.617100
-4.523590 -1.894470 -18.621201
-4.578770 -1.913110 -18.625299
-4.632730 -1.935600 -18.629400
-4.685220 -1.961940 -18.633499
-4.736010 -1.992090 -18.637600
-4.784790 -2.025960 -18.641600
-4.831250 -2.063440 -18.645599
-4.875070 -2.104320 -18.649500
-4.915890 -2.148400 -18.653299
-4.953360 -2.195390 -18.656900
-4.987130 -2.244990 -18.660299
-5.016870 -2.296860 -18.663601
-5.042270 -2.350640 -18.666599
-5.063080 -2.405950 -18.669300
-5.079100 -2.462430 -18.671801
-5.090180 -2.519720 -18.673901
-5.096230 -2.577460 -18.675800
-5.097250 -2.635340 -18.677299
-5.093300 -2.693050 -18.678400
-5.084480 -2.750330 -18.679300
-5.070990 -2.806930 -18.679800
-5.053030 -2.862620 -18.680000

/group/aorta/282
282
num_smooth_modes 5 center_x 0.0 center_y 0.0 center_x_in_pixels 0 pathId 100 center_y_in_pixels 0 creation_method threshold creation_type threshold threshold_value 300 pos {-4.160779 -2.526284 -20.530866} nrm {0.023823 0.080764 -0.996448} xhat {0.000000 0.996731 0.080787} posId 282
-3.503290 -3.017400 -20.555000
-3.470510 -2.973000 -20.550600
-3.441190 -2.926290 -20.546101
-3.415510 -2.877480 -20.541500
-3.393640 -2.826830 -20.536900
-3.375730 -2.774570 -20.532200
-3.361890 -2.721000 -20.527599
-3.352200 -2.666410 -20.522900
-3.346680 -2.611100 -20.518299
-3.345340 -2.555390 -20.513700
-3.348140 -2.499580 -20.509300
-3.355000 -2.443990 -20.504900
-3.365810 -2.388930 -20.500700
-3.380450 -2.334700 -20.496700
-3.398760 -2.281580 -20.492800
-3.420570 -2.229840 -20.489100
-3.445700 -2.179720 -20.485701
-3.473960 -2.131470 -20.482401
-3.505180 -2.085300 -20.479401
-3.539180 -2.041390 -20.476700
-3.575780 -1.999920 -20.474199
-3.614830 -1.961050 -20.472000
-3.656180 -1.924920 -20.470100
-3.699670 -1.891660 -20.468399
-3.745160 -1.861380 -20.466999
-3.792530 -1.834190 -20.466000
-3.841610 -1.810200 -20.465200
-3.892270 -1.789480 -20.464701
-3.944340 -1.772130 -20.464600
-3.997630 -1.758220 -20.464701
-4.051960 -1.747820 -20.465200
-4.107090 -1.740990 -20.465900
-4.162780 -1.737790 -20.466999
-4.218770 -1.738250 -20.468399
-4.274760 -1.742400 -20.470100
-4.330460 -1.750260 -20.472000
-4.385540 -1.761820 -20.474300
-4.439690 -1.777050 -20.476801
-4.492560 -1.795910 -20.479601
-4.543860 -1.818340 -20.482599
-4.593250 -1.844260 -20.485901
-4.640450 -1.873550 -20.489401
-4.685200 -1.906090 -20.493099
-4.727240 -1.941730 -20.497000
-4.766370 -1.980310 -20.501101
-4.802390 -2.021630 -20.505301
-4.835170 -2.065500 -20.509600
-4.864560 -2.111700 -20.514099
-4.890480 -2.160010 -20.518600
-4.912860 -2.210170 -20.523199
-4.931640 -2.261950 -20.527901
-4.946790 -2.315090 -20.532499
-4.958290 -2.369310 -20.537201
-4.966140 -2.424350 -20.541901
-4.970320 -2.479940 -20.546499
-4.970850 -2.535780 -20.551001
-4.967720 -2.591610 -20.555500
-4.960950 -2.647130 -20.559799
-4.950550 -2.702060 -20.563999
-4.936550 -2.756120 -20.568001
-4.918980 -2.809040 -20.571899
-4.897890 -2.860530 -20.575600
-4.873330 -2.910340 -20.579000
-4.845380 -2.958200 -20.582199
-4.814140 -3.003880 -20.585199
-4.779740 -3.047160 -20.587900
-4.742310 -3.087810 -20.590300
-4.702020 -3.125640 -20.592400
-4.659070 -3.160500 -20.594200
-4.613670 -3.192210 -20.595699
-4.566040 -3.220670 -20.596800
-4.516440 -3.245760 -20.597700
-4.465110 -3.267390 -20.598200
-4.412320 -3.285510 -20.598400
-4.358330 -3.300080 -20.598301
-4.303420 -3.311060 -20.597900
-4.247850 -3.318430 -20.597200
-4.191890 -3.322220 -20.596100
-4.135770 -3.322410 -20.594801
-4.079770 -3.319040 -20.593201
-4.024120 -3.312140 -20.591299
-3.969060 -3.301730 -20.589100
-3.914820 -3.287850 -20.586700
-3.861650 -3.270560 -20.584000
-3.809780 -3.249900 -20.581100
-3.759440 -3.225930 -20.577999
-3.710880 -3.198710 -20.574600
-3.664330 -3.168340 -20.570999
-3.620060 -3.134910 -20.567301
-3.578290 -3.098510 -20.563299
-3.539290 -3.059300 -20.559200

/group/aorta/297
297
num_smooth_modes 5 center_x 0.0 center_y 0.0 center_x_in_pixels 0 pathId 100 center_y_in_pixels 0 creation_method threshold creation_type threshold threshold_value 300 pos {-4.103685 -2.381273 -22.284746} nrm {0.040928 0.083406 -0.995675} xhat {0.000000 0.996510 0.083476} posId 297
-4.868540 -2.518340 -22.327700
-4.876120 -2.461240 -22.323200
-4.879610 -2.403570 -22.318501
-4.878990 -2.345660 -22.313601
-4.874280 -2.287850 -22.308599
-4.865500 -2.230490 -22.303400
-4.852690 -2.173950 -22.298201
-4.835910 -2.118580 -22.292801
-4.815210 -2.064700 -22.287500
-4.790700 -2.012650 -22.282101
-4.762460 -1.962690 -22.276800
-4.730640 -1.915100 -22.271500
-4.695380 -1.870090 -22.266199
-4.656860 -1.827850 -22.261101
-4.615270 -1.788540 -22.256100
-4.570840 -1.752290 -22.251301
-4.523800 -1.719190 -22.246599
-4.474430 -1.689340 -22.242001
-4.422990 -1.662820 -22.237700
-4.369780 -1.639700 -22.233601
-4.315100 -1.620060 -22.229700
-4.259250 -1.604000 -22.226000
-4.202540 -1.591600 -22.222700
-4.145280 -1.582980 -22.219601
-4.087770 -1.578240 -22.216801
-4.030300 -1.577500 -22.214399
-3.973160 -1.580860 -22.212299
-3.916620 -1.588410 -22.210600
-3.860970 -1.600240 -22.209299
-3.806450 -1.616380 -22.208500
-3.753340 -1.636820 -22.208000
-3.701880 -1.661520 -22.207899
-3.652320 -1.690390 -22.208300
-3.604910 -1.723260 -22.209101
-3.559900 -1.759930 -22.210300
-3.517520 -1.800140 -22.212000
-3.478020 -1.843580 -22.214001
-3.441620 -1.889910 -22.216400
-3.408550 -1.938780 -22.219101
-3.379030 -1.989780 -22.222200
-3.353240 -2.042550 -22.225500
-3.331360 -2.096700 -22.229200
-3.313540 -2.151880 -22.233000
-3.299900 -2.207740 -22.237200
-3.290530 -2.264000 -22.241501
-3.285480 -2.320370 -22.246000
-3.284770 -2.376640 -22.250700
-3.288380 -2.432590 -22.255501
-3.296260 -2.488050 -22.260500
-3.308320 -2.542870 -22.265600
-3.324450 -2.596890 -22.270800
-3.344500 -2.649960 -22.275999
-3.368300 -2.701940 -22.281401
-3.395690 -2.752630 -22.286800
-3.426460 -2.801850 -22.292101
-3.460410 -2.849360 -22.297501
-3.497360 -2.894920 -22.302900
-3.537080 -2.938250 -22.308100
-3.579380 -2.979040 -22.313299
-3.624070 -3.016990 -22.318300
-3.670950 -3.051770 -22.323099
-3.719830 -3.083070 -22.327801
-3.770500 -3.110600 -22.332100
-3.822760 -3.134080 -22.336300
-3.876410 -3.153300 -22.340099
-3.931240 -3.168070 -22.343599
-3.986990 -3.178250 -22.346701
-4.043440 -3.183790 -22.349501
-4.100310 -3.184650 -22.351900
-4.157320 -3.180890 -22.353901
-4.214180 -3.172590 -22.355600
-4.270580 -3.159870 -22.356800
-4.326190 -3.142920 -22.357700
-4.380690 -3.121920 -22.358200
-4.433750 -3.097080 -22.358299
-4.485040 -3.068620 -22.358000
-4.534250 -3.036760 -22.357401
-4.581080 -3.001700 -22.356300
-4.625240 -2.963660 -22.355000
-4.666470 -2.922830 -22.353201
-4.704540 -2.879400 -22.351200
-4.739230 -2.833540 -22.348801
-4.770380 -2.785440 -22.346001
-4.797830 -2.735290 -22.342899
-4.821460 -2.683290 -22.339500
-4.841160 -2.629630 -22.335899
-4.856870 -2.574560 -22.331900

/group/aorta/315
315
num_smooth_modes 5 center_x 0.0 center_y 0.0 center_x_in_pixels 0 pathId 100 center_y_in_pixels 0 creation_method threshold creation_type threshold threshold_value 300 pos {-3.990552 -2.156132 -24.679096} nrm {0.051791 0.111311 -0.992435} xhat {0.000000 0.993769 0.111461} posId 315
-4.695450 -2.291490 -24.731100
-4.705380 -2.238440 -24.725599
-4.711540 -2.184840 -24.719900
-4.713950 -2.130990 -24.714001
-4.712640 -2.077160 -24.707899
-4.707670 -2.023630 -24.701700
-4.699090 -1.970680 -24.695299
-4.686970 -1.918560 -24.688801
-4.671380 -1.867520 -24.682301
-4.652430 -1.817810 -24.675699
-4.630190 -1.769630 -24.669100
-4.604780 -1.723190 -24.662600
-4.576310 -1.678680 -24.656099
-4.544890 -1.636260 -24.649700
-4.510650 -1.596080 -24.643400
-4.473750 -1.558270 -24.637300
-4.434320 -1.522940 -24.631201
-4.392540 -1.490210 -24.625401
-4.348570 -1.460160 -24.619699
-4.302620 -1.432890 -24.614300
-4.254860 -1.408470 -24.608999
-4.205520 -1.386990 -24.604000
-4.154810 -1.368530 -24.599300
-4.102950 -1.353180 -24.594900
-4.050180 -1.341030 -24.590799
-3.996730 -1.332160 -24.587000
-3.942860 -1.326680 -24.583599
-3.888820 -1.324660 -24.580500
-3.834860 -1.326210 -24.577900
-3.781240 -1.331390 -24.575701
-3.728220 -1.340280 -24.573900
-3.676080 -1.352920 -24.572599
-3.625070 -1.369340 -24.571800
-3.575480 -1.389540 -24.571501
-3.527560 -1.413480 -24.571600
-3.481590 -1.441090 -24.572300
-3.437830 -1.472270 -24.573500
-3.396530 -1.506860 -24.575300
-3.357950 -1.544670 -24.577499
-3.322320 -1.585490 -24.580200
-3.289860 -1.629050 -24.583401
-3.260770 -1.675080 -24.587099
-3.235230 -1.723250 -24.591101
-3.213390 -1.773250 -24.595600
-3.195380 -1.824740 -24.600401
-3.181290 -1.877370 -24.605600
-3.171180 -1.930810 -24.611099
-3.165080 -1.984740 -24.616800
-3.162990 -2.038830 -24.622801
-3.164860 -2.092800 -24.628901
-3.170630 -2.146380 -24.635201
-3.180220 -2.199310 -24.641701
-3.193490 -2.251370 -24.648199
-3.210330 -2.302360 -24.654800
-3.230570 -2.352090 -24.661400
-3.254060 -2.400400 -24.668100
-3.280630 -2.447140 -24.674700
-3.310110 -2.492150 -24.681299
-3.342340 -2.535300 -24.687799
-3.377150 -2.576450 -24.694201
-3.414370 -2.615460 -24.700500
-3.453870 -2.652180 -24.706699
-3.495470 -2.686460 -24.712700
-3.539050 -2.718140 -24.718599
-3.584450 -2.747070 -24.724199
-3.631520 -2.773070 -24.729601
-3.680110 -2.795980 -24.734699
-3.730060 -2.815640 -24.739500
-3.781190 -2.831890 -24.743999
-3.833310 -2.844590 -24.748100
-3.886210 -2.853610 -24.751900
-3.939680 -2.858840 -24.755301
-3.993460 -2.860190 -24.758200
-4.047290 -2.857620 -24.760700
-4.100890 -2.851080 -24.762800
-4.153970 -2.840580 -24.764400
-4.206230 -2.826150 -24.765499
-4.257340 -2.807850 -24.766100
-4.307010 -2.785780 -24.766199
-4.354920 -2.760050 -24.765800
-4.400770 -2.730800 -24.764999
-4.444280 -2.698220 -24.763599
-4.485190 -2.662490 -24.761700
-4.523250 -2.623820 -24.759399
-4.558250 -2.582430 -24.756500
-4.589990 -2.538580 -24.753300
-4.618330 -2.492520 -24.749599
-4.643130 -2.444500 -24.745501
-4.664290 -2.394800 -24.740999
-4.681740 -2.343700 -24.736200

/group/aorta/332
332
num_smooth_modes 5 center_x 0.0 center_y 0.0 center_x_in_pixels 0 pathId 100 center_y_in_pixels 0 creation_method threshold creation_type threshold threshold_value 300 pos {-3.884789 -1.904472 -26.504565} nrm {0.066203 0.160831 -0.984759} xhat {0.000000 0.986924 0.161185} posId 332
-4.587150 -1.968550 -26.562201
-4.577070 -2.022730 -26.570400
-4.563180 -2.075770 -26.578100
-4.545390 -2.127340 -26.585400
-4.523680 -2.177130 -26.591999
-4.498030 -2.224830 -26.598101
-4.468480 -2.270160 -26.603500
-4.435140 -2.312870 -26.608299
-4.398140 -2.352710 -26.612301
-4.357690 -2.389470 -26.615601
-4.314070 -2.422970 -26.618099
-4.267590 -2.453020 -26.619900
-4.218600 -2.479490 -26.620899
-4.167500 -2.502250 -26.621201
-4.114690 -2.521200 -26.620701
-4.060600 -2.536260 -26.619600
-4.005620 -2.547380 -26.617701
-3.950150 -2.554520 -26.615101
-3.894550 -2.557670 -26.611900
-3.839150 -2.556850 -26.608000
-3.784250 -2.552090 -26.603600
-3.730110 -2.543450 -26.598499
-3.676940 -2.531000 -26.592899
-3.624930 -2.514840 -26.586800
-3.574280 -2.495070 -26.580099
-3.525130 -2.471820 -26.573000
-3.477650 -2.445230 -26.565500
-3.432000 -2.415450 -26.557600
-3.388360 -2.382630 -26.549299
-3.346940 -2.346930 -26.540701
-3.307940 -2.308530 -26.531799
-3.271610 -2.267600 -26.522600
-3.238190 -2.224320 -26.513300
-3.207940 -2.178870 -26.503901
-3.181130 -2.131450 -26.494301
-3.158000 -2.082270 -26.484699
-3.138790 -2.031530 -26.475201
-3.123690 -1.979470 -26.465599
-3.112870 -1.926320 -26.456200
-3.106440 -1.872350 -26.447001
-3.104470 -1.817850 -26.438000
-3.106950 -1.763100 -26.429199
-3.113830 -1.708420 -26.420700
-3.125030 -1.654150 -26.412600
-3.140400 -1.600620 -26.404900
-3.159760 -1.548200 -26.397600
-3.182910 -1.497220 -26.390900
-3.209640 -1.448050 -26.384600
-3.239720 -1.401020 -26.379000
-3.272930 -1.356460 -26.373899
-3.309060 -1.314670 -26.369499
-3.347890 -1.275930 -26.365801
-3.389250 -1.240480 -26.362801
-3.432960 -1.208520 -26.360500
-3.478840 -1.180230 -26.358999
-3.526740 -1.155720 -26.358200
-3.576470 -1.135110 -26.358200
-3.627850 -1.118420 -26.358900
-3.680680 -1.105700 -26.360399
-3.734710 -1.096930 -26.362600
-3.789690 -1.092070 -26.365499
-3.845320 -1.091090 -26.369101
-3.901260 -1.093920 -26.373301
-3.957150 -1.100480 -26.378099
-4.012610 -1.110690 -26.383499
-4.067240 -1.124490 -26.389400
-4.120650 -1.141780 -26.395901
-4.172430 -1.162500 -26.402700
-4.222210 -1.186550 -26.410000
-4.269650 -1.213860 -26.417601
-4.314450 -1.244330 -26.425600
-4.356350 -1.277870 -26.433901
-4.395130 -1.314380 -26.442499
-4.430650 -1.353710 -26.451300
-4.462790 -1.395730 -26.460300
-4.491490 -1.440270 -26.469500
-4.516720 -1.487120 -26.478901
-4.538470 -1.536080 -26.488300
-4.556740 -1.586870 -26.497900
-4.571560 -1.639240 -26.507401
-4.582920 -1.692880 -26.516899
-4.590830 -1.747480 -26.526400
-4.595260 -1.802690 -26.535700
-4.596160 -1.858180 -26.544800
-4.593490 -1.913580 -26.553699

/group/aorta/348
348
num_smooth_modes 5 center_x 0.0 center_y 0.0 center_x_in_pixels 0 pathId 100 center_y_in_pixels 0 creation_method threshold creation_type threshold threshold_value 300 pos {-3.767011 -1.648094 -27.981804} nrm {0.091363 0.173444 -0.980597} xhat {0.000000 0.984715 0.174172} posId 348
-4.404640 -1.845530 -28.076099
-4.384530 -1.897350 -28.083401
-4.360260 -1.947310 -28.090000
-4.331830 -1.995140 -28.095800
-4.299300 -2.040600 -28.100800
-4.262810 -2.083400 -28.105000
-4.222550 -2.123270 -28.108299
-4.178820 -2.159920 -28.110701
-4.131950 -2.193070 -28.112200
-4.082360 -2.222470 -28.112801
-4.030480 -2.247880 -28.112400
-3.976780 -2.269090 -28.111200
-3.921760 -2.285940 -28.108999
-3.865880 -2.298320 -28.106001
-3.809570 -2.306180 -28.102200
-3.753240 -2.309510 -28.097500
-3.697240 -2.308370 -28.092100
-3.641860 -2.302860 -28.086000
-3.587330 -2.293120 -28.079201
-3.533840 -2.279330 -28.071699
-3.481550 -2.261680 -28.063700
-3.430580 -2.240380 -28.055201
-3.381020 -2.215620 -28.046200
-3.333010 -2.187600 -28.036800
-3.286680 -2.156480 -28.027000
-3.242190 -2.122440 -28.016800
-3.199740 -2.085590 -28.006300
-3.159590 -2.046060 -27.995600
-3.122020 -2.003970 -27.984699
-3.087370 -1.959420 -27.973499
-3.055990 -1.912550 -27.962299
-3.028240 -1.863510 -27.951099
-3.004480 -1.812470 -27.939800
-2.985040 -1.759680 -27.928699
-2.970220 -1.705400 -27.917700
-2.960260 -1.649950 -27.907000
-2.955320 -1.593710 -27.896601
-2.955490 -1.537100 -27.886600
-2.960780 -1.480550 -27.877100
-2.971110 -1.424540 -27.868099
-2.986350 -1.369530 -27.859800
-3.006290 -1.315980 -27.852200
-3.030660 -1.264330 -27.845301
-3.059180 -1.214970 -27.839199
-3.091530 -1.168250 -27.834000
-3.127400 -1.124430 -27.829599
-3.166470 -1.083750 -27.826000
-3.208450 -1.046360 -27.823299
-3.253080 -1.012360 -27.821501
-3.300100 -0.981808 -27.820499
-3.349290 -0.954711 -27.820200
-3.400420 -0.931064 -27.820801
-3.453300 -0.910848 -27.822201
-3.507700 -0.894048 -27.824301
-3.563380 -0.880663 -27.827101
-3.620100 -0.870716 -27.830601
-3.677560 -0.864257 -27.834801
-3.735430 -0.861365 -27.839701
-3.793340 -0.862145 -27.845200
-3.850900 -0.866716 -27.851400
-3.907680 -0.875208 -27.858200
-3.963240 -0.887743 -27.865601
-4.017140 -0.904424 -27.873600
-4.068950 -0.925319 -27.882099
-4.118290 -0.950450 -27.891100
-4.164780 -0.979782 -27.900700
-4.208140 -1.013220 -27.910601
-4.248110 -1.050590 -27.920900
-4.284520 -1.091670 -27.931601
-4.317250 -1.136150 -27.942499
-4.346240 -1.183700 -27.953600
-4.371460 -1.233930 -27.964899
-4.392940 -1.286420 -27.976200
-4.410710 -1.340720 -27.987400
-4.424810 -1.396410 -27.998600
-4.435270 -1.453060 -28.009600
-4.442110 -1.510260 -28.020300
-4.445320 -1.567630 -28.030800
-4.444860 -1.624820 -28.040800
-4.440650 -1.681490 -28.050501
-4.432610 -1.737340 -28.059601
-4.420640 -1.792110 -28.068199

/group/aorta/370
370
num_smooth_modes 5 center_x 0.0 center_y 0.0 center_x_in_pixels 0 pathId 100 center_y_in_pixels 0 creation_method threshold creation_type threshold threshold_value 200 pos {-3.534943 -1.290273 -30.117817} nrm {0.118668 0.150370 -0.981482} xhat {0.000000 0.988466 0.151440} posId 370
-4.085440 -0.854670 -30.117599
-4.046520 -0.816997 -30.107201
-4.005030 -0.781863 -30.096800
-3.961190 -0.749363 -30.086500
-3.915230 -0.719583 -30.076401
-3.867380 -0.692603 -30.066401
-3.817850 -0.668503 -30.056801
-3.766880 -0.647359 -30.047400
-3.714680 -0.629251 -30.038300
-3.661460 -0.614260 -30.029499
-3.607430 -0.602469 -30.021200
-3.552790 -0.593965 -30.013300
-3.497740 -0.588835 -30.005899
-3.442500 -0.587163 -29.998899
-3.387270 -0.589032 -29.992500
-3.332280 -0.594516 -29.986700
-3.277770 -0.603677 -29.981501
-3.223980 -0.616562 -29.976999
-3.171190 -0.633198 -29.973200
-3.119650 -0.653587 -29.970100
-3.069680 -0.677702 -29.967699
-3.021570 -0.705485 -29.966200
-2.975630 -0.736844 -29.965401
-2.932160 -0.771650 -29.965500
-2.891490 -0.809736 -29.966400
-2.853910 -0.850901 -29.968201
-2.819690 -0.894906 -29.970800
-2.789090 -0.941482 -29.974199
-2.762330 -0.990332 -29.978500
-2.739610 -1.041130 -29.983500
-2.721070 -1.093540 -29.989300
-2.706810 -1.147220 -29.995800
-2.696900 -1.201790 -30.002899
-2.691350 -1.256910 -30.010700
-2.690130 -1.312220 -30.018999
-2.693190 -1.367380 -30.027901
-2.700410 -1.422080 -30.037100
-2.711670 -1.476000 -30.046700
-2.726820 -1.528870 -30.056700
-2.745690 -1.580430 -30.066799
-2.768100 -1.630450 -30.077200
-2.793850 -1.678740 -30.087700
-2.822780 -1.725100 -30.098301
-2.854690 -1.769380 -30.108999
-2.889400 -1.811440 -30.119600
-2.926760 -1.851140 -30.130199
-2.966580 -1.888380 -30.140699
-3.008730 -1.923040 -30.151100
-3.053040 -1.955030 -30.161400
-3.099360 -1.984230 -30.171499
-3.147530 -2.010550 -30.181299
-3.197390 -2.033880 -30.190901
-3.248760 -2.054110 -30.200199
-3.301450 -2.071140 -30.209200
-3.355240 -2.084860 -30.217800
-3.409930 -2.095150 -30.226000
-3.465250 -2.101920 -30.233700
-3.520970 -2.105060 -30.240999
-3.576780 -2.104500 -30.247601
-3.632420 -2.100140 -30.253700
-3.687560 -2.091950 -30.259100
-3.741920 -2.079900 -30.263800
-3.795180 -2.063970 -30.267799
-3.847030 -2.044190 -30.271099
-3.897180 -2.020610 -30.273500
-3.945350 -1.993310 -30.275101
-3.991240 -1.962430 -30.275999
-4.034620 -1.928110 -30.275999
-4.075240 -1.890530 -30.275101
-4.112870 -1.849910 -30.273399
-4.147330 -1.806500 -30.270901
-4.178440 -1.760550 -30.267700
-4.206040 -1.712370 -30.263599
-4.230000 -1.662260 -30.258801
-4.250200 -1.610540 -30.253401
-4.266540 -1.557550 -30.247200
-4.278950 -1.503620 -30.240499
-4.287370 -1.449090 -30.233101
-4.291770 -1.394280 -30.225300
-4.292130 -1.339530 -30.216900
-4.288440 -1.285140 -30.208099
-4.280750 -1.231420 -30.198999
-4.269090 -1.178640 -30.189501
-4.253550 -1.127050 -30.179701
-4.234200 -1.076910 -30.169701
-4.211190 -1.028430 -30.159500
-4.184630 -0.981803 -30.149099
-4.154700 -0.937200 -30.138700
-4.121570 -0.894777 -30.128201

/group/aorta/384
384
num_smooth_modes 5 center_x 0.0 center_y 0.0 center_x_in_pixels 0 pathId 100 center_y_in_pixels 0 creation_method threshold creation_type threshold threshold_value 200 pos {-3.345841 -1.071004 -31.599413} nrm {0.132507 0.144278 -0.980625} xhat {0.000000 0.989349 0.145561} posId 384
-3.980290 -0.721650 -31.633699
-3.953240 -0.673912 -31.623100
-3.922660 -0.628254 -31.612200
-3.888480 -0.584995 -31.601200
-3.850690 -0.544485 -31.590200
-3.809340 -0.507082 -31.579100
-3.764570 -0.473143 -31.568001
-3.716580 -0.442996 -31.557100
-3.665670 -0.416925 -31.546400
-3.612220 -0.395157 -31.535999
-3.556680 -0.377844 -31.525900
-3.499520 -0.365063 -31.516300
-3.441270 -0.356812 -31.507200
-3.382430 -0.353024 -31.498699
-3.323510 -0.353570 -31.490801
-3.264960 -0.358283 -31.483601
-3.207190 -0.366973 -31.477100
-3.150530 -0.379449 -31.471300
-3.095260 -0.395535 -31.466200
-3.041600 -0.415086 -31.461800
-2.989690 -0.437995 -31.458200
-2.939670 -0.464201 -31.455299
-2.891630 -0.493678 -31.453100
-2.845680 -0.526431 -31.451700
-2.801940 -0.562476 -31.451099
-2.760570 -0.601823 -31.451300
-2.721760 -0.644451 -31.452299
-2.685790 -0.690286 -31.454201
-2.652970 -0.739182 -31.457001
-2.623660 -0.790905 -31.460600
-2.598250 -0.845125 -31.465200
-2.577160 -0.901411 -31.470600
-2.560780 -0.959244 -31.476900
-2.549480 -1.018030 -31.483999
-2.543570 -1.077110 -31.491899
-2.543280 -1.135820 -31.500500
-2.548740 -1.193490 -31.509701
-2.559950 -1.249480 -31.519501
-2.576830 -1.303250 -31.529699
-2.599170 -1.354320 -31.540199
-2.626650 -1.402360 -31.551001
-2.658870 -1.447140 -31.561899
-2.695370 -1.488580 -31.573000
-2.735660 -1.526710 -31.584000
-2.779200 -1.561660 -31.594999
-2.825510 -1.593640 -31.606001
-2.874120 -1.622920 -31.616899
-2.924620 -1.649750 -31.627600
-2.976650 -1.674380 -31.638300
-3.029920 -1.696990 -31.648800
-3.084230 -1.717690 -31.659201
-3.139390 -1.736480 -31.669399
-3.195270 -1.753230 -31.679399
-3.251760 -1.767720 -31.689199
-3.308730 -1.779630 -31.698700
-3.366060 -1.788540 -31.707701
-3.423540 -1.794000 -31.716299
-3.480950 -1.795520 -31.724300
-3.537990 -1.792640 -31.731501
-3.594290 -1.784950 -31.738001
-3.649420 -1.772130 -31.743601
-3.702930 -1.753970 -31.748100
-3.754310 -1.730390 -31.751600
-3.803070 -1.701460 -31.754000
-3.848730 -1.667380 -31.755100
-3.890850 -1.628490 -31.755100
-3.929050 -1.585250 -31.753901
-3.963040 -1.538200 -31.751499
-3.992600 -1.487930 -31.748100
-4.017620 -1.435080 -31.743799
-4.038090 -1.380260 -31.738501
-4.054080 -1.324070 -31.732300
-4.065710 -1.267050 -31.725500
-4.073160 -1.209660 -31.718100
-4.076660 -1.152290 -31.710100
-4.076400 -1.095270 -31.701700
-4.072580 -1.038830 -31.692900
-4.065360 -0.983159 -31.683701
-4.054850 -0.928422 -31.674200
-4.041110 -0.874751 -31.664499
-4.024140 -0.822286 -31.654499
-4.003890 -0.771187 -31.644199

