/group/LCCA/20
20
num_smooth_modes 4 paste_xhat {0.000000 0.982149 0.188102} paste_nrm {-0.130252 -0.186500 0.973782} num_subsample_pts 60 creation_method hand_drawn modified_as_spline 1 paste_pathId 400 paste_pos {-3.541114 2.004039 -10.022220} creation_type threshold paste_posId 20 num_hand_picked_pts 15
-2.909520 1.421370 -10.049300
-2.850520 1.609520 -10.005400
-2.885200 1.807270 -9.972150
-2.978510 1.987760 -9.950070
-3.101430 2.150770 -9.935300
-3.235780 2.304920 -9.923750
-3.379290 2.450700 -9.915030
-3.546090 2.568440 -9.914800
-3.741840 2.621040 -9.930910
-3.938640 2.583490 -9.964430
-4.098090 2.465690 -10.008300
-4.190650 2.291280 -10.054100
-4.189610 2.092660 -10.092000
-4.095590 1.914010 -10.113600
-3.949980 1.770730 -10.121600
-3.789650 1.643310 -10.124500
-3.628140 1.517330 -10.127000
-3.459650 1.401070 -10.126800
-3.273190 1.318910 -10.117600
-3.072740 1.312860 -10.091900

/group/LCCA/34
34
num_smooth_modes 4 xhat {0.000000 0.989156 0.146871} nrm {-0.089156 -0.146286 0.985216} num_subsample_pts 48 creation_method hand_drawn pathId 400 pos {-3.621710 1.883555 -9.332990} creation_type threshold posId 34 num_hand_picked_pts 21
-4.065370 1.799620 -9.385600
-4.016430 1.753500 -9.388020
-3.964580 1.710400 -9.389730
-3.911040 1.669070 -9.391020
-3.856430 1.628410 -9.392120
-3.800790 1.587790 -9.393110
-3.743790 1.547250 -9.393970
-3.684890 1.507550 -9.394540
-3.623600 1.470200 -9.394540
-3.559760 1.437250 -9.393650
-3.493690 1.411090 -9.391560
-3.426330 1.394130 -9.387980
-3.359260 1.388430 -9.382760
-3.294600 1.395480 -9.375860
-3.234820 1.415910 -9.367410
-3.182460 1.449450 -9.357700
-3.139880 1.494870 -9.347100
-3.108980 1.550170 -9.336090
-3.090950 1.612770 -9.325170
-3.086150 1.679860 -9.314770
-3.094100 1.748660 -9.305270
-3.113530 1.816780 -9.296920
-3.142610 1.882370 -9.289810
-3.179150 1.944300 -9.283920
-3.220950 2.002170 -9.279110
-3.266030 2.056170 -9.275170
-3.312900 2.106880 -9.271880
-3.360680 2.155060 -9.269050
-3.409150 2.201330 -9.266570
-3.458670 2.245920 -9.264430
-3.510000 2.288550 -9.262750
-3.564070 2.328290 -9.261740
-3.621690 2.363660 -9.261700
-3.683280 2.392710 -9.262960
-3.748660 2.413330 -9.265820
-3.816940 2.423500 -9.270490
-3.886480 2.421600 -9.277060
-3.955000 2.406670 -9.285480
-4.019770 2.378610 -9.295510
-4.077890 2.338230 -9.306760
-4.126610 2.287210 -9.318750
-4.163630 2.227930 -9.330900
-4.187330 2.163240 -9.342650
-4.196950 2.096110 -9.353480
-4.192680 2.029300 -9.363020
-4.175500 1.965080 -9.371000
-4.147110 1.905030 -9.377350
-4.109640 1.849890 -9.382140

/group/LCCA/52
52
num_smooth_modes 4 xhat {0.000000 0.999675 0.025495} nrm {-0.021007 -0.025489 0.999454} num_subsample_pts 37 creation_method hand_drawn pathId 400 pos {-3.655643 1.821777 -8.666978} creation_type threshold posId 52 num_hand_picked_pts 15
-4.106470 1.791570 -8.677220
-4.083170 1.725610 -8.678420
-4.049840 1.664200 -8.679280
-4.007770 1.608490 -8.679820
-3.958200 1.559370 -8.680030
-3.902340 1.517630 -8.679920
-3.841360 1.484100 -8.679490
-3.776450 1.459750 -8.678750
-3.708960 1.445640 -8.677690
-3.640440 1.442810 -8.676320
-3.572720 1.452110 -8.674660
-3.507870 1.473920 -8.672740
-3.448100 1.508030 -8.670620
-3.395620 1.553500 -8.668360
-3.352430 1.608650 -8.666040
-3.320170 1.671230 -8.663770
-3.299950 1.738610 -8.661620
-3.292280 1.808080 -8.659690
-3.297100 1.877130 -8.658030
-3.313850 1.943620 -8.656690
-3.341600 2.005910 -8.655680
-3.379210 2.062840 -8.655020
-3.425420 2.113620 -8.654700
-3.478990 2.157620 -8.654700
-3.538640 2.194230 -8.655020
-3.603090 2.222670 -8.655650
-3.670930 2.242000 -8.656580
-3.740540 2.251140 -8.657810
-3.810080 2.249070 -8.659330
-3.877460 2.235020 -8.661100
-3.940420 2.208710 -8.663100
-3.996700 2.170510 -8.665250
-4.044170 2.121550 -8.667500
-4.081060 2.063630 -8.669750
-4.106110 1.999070 -8.671920
-4.118640 1.930500 -8.673940
-4.118600 1.860540 -8.675720

/group/LCCA/78
78
num_smooth_modes 4 xhat {0.000000 0.999616 -0.027706} nrm {-0.098914 0.027570 0.994714} num_subsample_pts 33 creation_method hand_drawn pathId 400 pos {-3.713240 1.840615 -7.662484} creation_type threshold posId 78 num_hand_picked_pts 16
-4.052270 1.686570 -7.691930
-4.016190 1.627460 -7.686700
-3.969950 1.577080 -7.680710
-3.915030 1.537350 -7.674140
-3.853290 1.509620 -7.667240
-3.786900 1.494730 -7.660220
-3.718280 1.492990 -7.653350
-3.649990 1.504200 -7.646870
-3.584580 1.527810 -7.641020
-3.524510 1.562890 -7.636020
-3.471980 1.608210 -7.632050
-3.428890 1.662250 -7.629260
-3.396760 1.723210 -7.627760
-3.376690 1.789050 -7.627590
-3.369400 1.857460 -7.628760
-3.375170 1.925990 -7.631230
-3.393850 1.992100 -7.634920
-3.424890 2.053330 -7.639710
-3.467250 2.107380 -7.645420
-3.519490 2.152260 -7.651860
-3.579720 2.186400 -7.658790
-3.645680 2.208660 -7.665970
-3.714840 2.218340 -7.673110
-3.784490 2.215200 -7.679950
-3.851950 2.199380 -7.686220
-3.914650 2.171410 -7.691680
-3.970290 2.132130 -7.696130
-4.016950 2.082770 -7.699400
-4.053110 2.024910 -7.701390
-4.077680 1.960500 -7.702050
-4.089990 1.891830 -7.701370
-4.089760 1.821450 -7.699390
-4.077040 1.752110 -7.696210

/group/LCCA/94
94
num_smooth_modes 4 xhat {0.000000 0.999891 -0.014783} nrm {-0.127933 0.014662 0.991674} num_subsample_pts 31 creation_method hand_drawn pathId 400 pos {-3.813103 1.859577 -6.804352} creation_type threshold posId 94 num_hand_picked_pts 13
-4.126320 1.921820 -6.845680
-4.137700 1.854940 -6.846160
-4.134230 1.786620 -6.844700
-4.116120 1.720370 -6.841380
-4.084250 1.659590 -6.836380
-4.040150 1.607100 -6.829910
-3.985880 1.564930 -6.822290
-3.923890 1.534270 -6.813840
-3.856890 1.515610 -6.804920
-3.787680 1.509040 -6.795890
-3.719040 1.514530 -6.787120
-3.653670 1.532060 -6.778940
-3.594010 1.561640 -6.771680
-3.542300 1.603000 -6.765620
-3.500440 1.655380 -6.761000
-3.470010 1.717110 -6.757980
-3.452150 1.785600 -6.756690
-3.447620 1.857360 -6.757170
-3.456660 1.928370 -6.759380
-3.479010 1.994590 -6.763250
-3.513920 2.052500 -6.768610
-3.560100 2.099480 -6.775260
-3.615820 2.134040 -6.782960
-3.678920 2.155670 -6.791420
-3.746920 2.164620 -6.800320
-3.817070 2.161490 -6.809330
-3.886500 2.146890 -6.818070
-3.952280 2.121330 -6.826180
-4.011570 2.085210 -6.833290
-4.061770 2.039110 -6.839090
-4.100610 1.984060 -6.843280

/group/LCCA/110
110
replaced_with_circle 1 xhat {0.000000 0.999975 0.007046} nrm {-0.142244 -0.006974 0.989807} num_subsample_pts 30 creation_method hand_drawn pathId 400 pos {-3.948592 1.863634 -5.816777} creation_type threshold posId 110 num_hand_picked_pts 20
-3.941000 2.186850 -5.813410
-3.997170 2.181940 -5.821520
-4.051640 2.167250 -5.829450
-4.102750 2.143230 -5.836960
-4.148940 2.110600 -5.843830
-4.188820 2.070350 -5.849840
-4.221160 2.023720 -5.854820
-4.245000 1.972110 -5.858610
-4.259590 1.917100 -5.861090
-4.264510 1.860350 -5.862200
-4.259590 1.803590 -5.861890
-4.245000 1.748550 -5.860180
-4.221160 1.696890 -5.857120
-4.188820 1.650190 -5.852800
-4.148940 1.609870 -5.847360
-4.102750 1.577150 -5.840950
-4.051640 1.553020 -5.833780
-3.997170 1.538220 -5.826050
-3.941000 1.533200 -5.818010
-3.884820 1.538110 -5.809910
-3.830350 1.552790 -5.801970
-3.779240 1.576820 -5.794460
-3.733050 1.609450 -5.787590
-3.693170 1.649690 -5.781580
-3.660830 1.696330 -5.776600
-3.637000 1.747930 -5.772810
-3.622400 1.802950 -5.770330
-3.617480 1.859700 -5.769220
-3.622400 1.916450 -5.769530
-3.636990 1.971490 -5.771240
-3.660830 2.023150 -5.774300
-3.693170 2.069850 -5.778620
-3.733050 2.110170 -5.784060
-3.779240 2.142900 -5.790470
-3.830350 2.167030 -5.797650
-3.884820 2.181830 -5.805370

/group/LCCA/122
122
num_smooth_modes 4 xhat {0.000000 0.999589 0.028665} nrm {-0.149369 -0.028344 0.988375} num_subsample_pts 30 creation_method hand_drawn pathId 400 pos {-4.055346 1.851486 -5.092527} creation_type threshold posId 122 num_hand_picked_pts 18
-4.379690 1.822930 -5.142360
-4.364400 1.755030 -5.142000
-4.337580 1.690410 -5.139800
-4.299950 1.631810 -5.135790
-4.252290 1.581830 -5.130020
-4.195820 1.542820 -5.122610
-4.132480 1.516720 -5.113780
-4.065130 1.504970 -5.103940
-3.997350 1.508350 -5.093600
-3.933020 1.526930 -5.083350
-3.875770 1.559990 -5.073750
-3.828460 1.606080 -5.065280
-3.792830 1.663030 -5.058260
-3.769520 1.728140 -5.052870
-3.758350 1.798300 -5.049170
-3.758760 1.870200 -5.047170
-3.770280 1.940470 -5.046890
-3.792710 2.005940 -5.048410
-3.826090 2.063700 -5.051800
-3.870380 2.111300 -5.057120
-3.924940 2.146810 -5.064350
-3.988160 2.168880 -5.073270
-4.057190 2.176770 -5.083480
-4.128180 2.170370 -5.094390
-4.196690 2.150140 -5.105320
-4.258340 2.117080 -5.115590
-4.309550 2.072640 -5.124600
-4.347880 2.018700 -5.131940
-4.372230 1.957440 -5.137380
-4.382600 1.891310 -5.140840

/group/LCCA/136
136
replaced_with_circle 1 xhat {0.000000 0.996550 0.082994} nrm {-0.157966 -0.081952 0.984038} num_subsample_pts 30 creation_method hand_drawn pathId 400 pos {-4.159109 1.818536 -4.424856} creation_type threshold posId 136 num_hand_picked_pts 24
-4.216350 2.102880 -4.410360
-4.272760 2.098640 -4.419770
-4.327460 2.084580 -4.429720
-4.378780 2.061110 -4.439920
-4.425170 2.028940 -4.450040
-4.465210 1.989060 -4.459790
-4.497690 1.942680 -4.468870
-4.521620 1.891200 -4.477000
-4.536280 1.836200 -4.483930
-4.541210 1.779330 -4.489460
-4.536280 1.722330 -4.493410
-4.521620 1.666930 -4.495680
-4.497690 1.614820 -4.496170
-4.465210 1.567570 -4.494890
-4.425170 1.526630 -4.491880
-4.378780 1.493240 -4.487210
-4.327460 1.468400 -4.481040
-4.272760 1.452880 -4.473550
-4.216350 1.447150 -4.464970
-4.159930 1.451380 -4.455560
-4.105240 1.465450 -4.445610
-4.053910 1.488920 -4.435420
-4.007530 1.521090 -4.425300
-3.967480 1.560970 -4.415540
-3.935000 1.607350 -4.406470
-3.911070 1.658820 -4.398340
-3.896420 1.713830 -4.391410
-3.891480 1.770700 -4.385880
-3.896420 1.827700 -4.381920
-3.911070 1.883090 -4.379660
-3.935000 1.935210 -4.379160
-3.967480 1.982460 -4.380440
-4.007530 2.023400 -4.383460
-4.053910 2.056790 -4.388130
-4.105240 2.081630 -4.394300
-4.159930 2.097150 -4.401790

/group/LCCA/161
161
num_smooth_modes 4 center_x 0.0 center_y 0.0 center_x_in_pixels 0 pathId 400 center_y_in_pixels 0 replaced_with_circle 1 creation_method threshold creation_type threshold threshold_value 200 pos {-4.249979 1.718072 -3.699298} nrm {-0.051884 -0.151012 0.987169} xhat {0.000000 0.988501 0.151216} scale_factor 0.95 posId 161
-4.292190 2.039080 -3.652410
-4.347300 2.034740 -3.655970
-4.400740 2.020990 -3.660880
-4.450890 1.998230 -3.667000
-4.496210 1.967180 -3.674130
-4.535330 1.928760 -3.682070
-4.567060 1.884150 -3.690560
-4.590440 1.834710 -3.699350
-4.604760 1.781920 -3.708180
-4.609580 1.727400 -3.716770
-4.604760 1.672810 -3.724870
-4.590440 1.619800 -3.732230
-4.567060 1.569980 -3.738620
-4.535330 1.524870 -3.743850
-4.496210 1.485840 -3.747760
-4.450890 1.454080 -3.750240
-4.400740 1.430540 -3.751210
-4.347300 1.415950 -3.750630
-4.292190 1.410740 -3.748530
-4.237070 1.415080 -3.744970
-4.183630 1.428830 -3.740060
-4.133490 1.451580 -3.733940
-4.088170 1.482640 -3.726810
-4.049040 1.521050 -3.718880
-4.017310 1.565660 -3.710380
-3.993930 1.615110 -3.701590
-3.979610 1.667900 -3.692760
-3.974790 1.722420 -3.684170
-3.979610 1.777010 -3.676070
-3.993930 1.830020 -3.668720
-4.017310 1.879830 -3.662320
-4.049040 1.924940 -3.657090
-4.088170 1.963970 -3.653180
-4.133490 1.995740 -3.650700
-4.183630 2.019280 -3.649730
-4.237070 2.033870 -3.650310

/group/LCCA/185
185
replaced_with_circle 1 xhat {0.000000 0.998693 0.051120} nrm {0.025004 -0.051104 0.998380} num_subsample_pts 29 creation_method hand_drawn pathId 400 pos {-4.252195 1.621166 -2.699025} creation_type threshold posId 185 num_hand_picked_pts 23
-4.317930 1.966930 -2.679680
-4.372790 1.962060 -2.678550
-4.425980 1.947760 -2.677950
-4.475890 1.924440 -2.677900
-4.521000 1.892830 -2.678390
-4.559940 1.853880 -2.679410
-4.591530 1.808780 -2.680920
-4.614800 1.758890 -2.682890
-4.629050 1.705730 -2.685260
-4.633850 1.650920 -2.687940
-4.629050 1.596120 -2.690870
-4.614800 1.543000 -2.693940
-4.591520 1.493170 -2.697080
-4.559940 1.448150 -2.700170
-4.521000 1.409290 -2.703140
-4.475890 1.377800 -2.705880
-4.425980 1.354610 -2.708320
-4.372790 1.340440 -2.710370
-4.317930 1.335720 -2.711990
-4.263070 1.340580 -2.713120
-4.209880 1.354890 -2.713720
-4.159970 1.378200 -2.713770
-4.114860 1.409810 -2.713280
-4.075920 1.448760 -2.712260
-4.044330 1.493870 -2.710750
-4.021060 1.543760 -2.708780
-4.006810 1.596920 -2.706410
-4.002010 1.651730 -2.703730
-4.006810 1.706520 -2.700800
-4.021060 1.759640 -2.697730
-4.044330 1.809480 -2.694590
-4.075920 1.854500 -2.691500
-4.114860 1.893350 -2.688530
-4.159970 1.924850 -2.685790
-4.209880 1.948030 -2.683350
-4.263070 1.962200 -2.681300

/group/LCCA/202
202
replaced_with_circle 1 xhat {0.000000 0.999049 -0.043613} nrm {0.057371 0.043541 0.997403} num_subsample_pts 27 creation_method hand_drawn pathId 400 pos {-4.215801 1.614043 -1.808729} creation_type threshold posId 202 num_hand_picked_pts 19
-4.265120 1.927250 -1.819570
-4.315440 1.922980 -1.816480
-4.364230 1.910020 -1.813110
-4.410010 1.888770 -1.809550
-4.451390 1.859880 -1.805910
-4.487100 1.824220 -1.802300
-4.516080 1.782890 -1.798830
-4.537420 1.737130 -1.795600
-4.550500 1.688340 -1.792720
-4.554900 1.638000 -1.790270
-4.550500 1.587630 -1.788320
-4.537420 1.538780 -1.786940
-4.516080 1.492910 -1.786170
-4.487100 1.451430 -1.786020
-4.451390 1.415600 -1.786520
-4.410010 1.386500 -1.787630
-4.364230 1.365020 -1.789320
-4.315440 1.351820 -1.791550
-4.265120 1.347290 -1.794250
-4.214800 1.351570 -1.797330
-4.166010 1.364530 -1.800700
-4.120230 1.385780 -1.804260
-4.078850 1.414660 -1.807900
-4.043130 1.450320 -1.811510
-4.014160 1.491650 -1.814980
-3.992810 1.537410 -1.818210
-3.979740 1.586200 -1.821090
-3.975340 1.636550 -1.823540
-3.979740 1.686910 -1.825490
-3.992810 1.735770 -1.826870
-4.014160 1.781640 -1.827640
-4.043130 1.823110 -1.827790
-4.078850 1.858940 -1.827300
-4.120230 1.888040 -1.826190
-4.166010 1.909520 -1.824490
-4.214800 1.922720 -1.822260

/group/LCCA/218
218
replaced_with_circle 1 xhat {0.000000 0.992507 -0.122192} nrm {0.082067 0.121780 0.989159} num_subsample_pts 26 creation_method hand_drawn pathId 400 pos {-4.162572 1.678509 -1.054321} creation_type threshold posId 218 num_hand_picked_pts 20
-4.197540 1.989870 -1.089750
-4.246380 1.986100 -1.085240
-4.293730 1.973940 -1.079810
-4.338160 1.953760 -1.073640
-4.378320 1.926160 -1.066910
-4.412980 1.891990 -1.059830
-4.441100 1.852280 -1.052610
-4.461820 1.808240 -1.045470
-4.474510 1.761220 -1.038620
-4.478780 1.712620 -1.032290
-4.474510 1.663950 -1.026650
-4.461820 1.616660 -1.021880
-4.441100 1.572210 -1.018120
-4.412980 1.531930 -1.015500
-4.378320 1.497070 -1.014080
-4.338160 1.468660 -1.013920
-4.293730 1.447580 -1.015010
-4.246380 1.434470 -1.017320
-4.197550 1.429720 -1.020790
-4.148710 1.433480 -1.025300
-4.101360 1.445640 -1.030730
-4.056930 1.465830 -1.036900
-4.016770 1.493430 -1.043630
-3.982110 1.527600 -1.050710
-3.953990 1.567310 -1.057940
-3.933270 1.611340 -1.065080
-3.920580 1.658370 -1.071920
-3.916310 1.706970 -1.078260
-3.920580 1.755640 -1.083890
-3.933270 1.802920 -1.088660
-3.953990 1.847380 -1.092420
-3.982110 1.887650 -1.095040
-4.016770 1.922520 -1.096460
-4.056930 1.950930 -1.096620
-4.101360 1.972010 -1.095530
-4.148710 1.985120 -1.093220

