/group/RCCA/13
13
num_smooth_modes 5 paste_xhat {0.000000 0.984904 0.173102} paste_nrm {0.199870 -0.169609 0.965031} num_subsample_pts 68 creation_method hand_drawn scale_factor 1.1 paste_pathId 200 paste_pos {-3.050124 2.659041 -11.126388} creation_type threshold paste_posId 13 num_hand_picked_pts 20
-2.572460 3.128770 -11.142800
-2.625000 3.178890 -11.123100
-2.680700 3.225000 -11.103400
-2.739430 3.266820 -11.083900
-2.801090 3.304090 -11.064600
-2.865580 3.336480 -11.045500
-2.932790 3.363660 -11.026800
-3.002530 3.385270 -11.008600
-3.074540 3.400920 -10.990900
-3.148440 3.410230 -10.974000
-3.223710 3.412850 -10.958000
-3.299650 3.408430 -10.943000
-3.375440 3.396740 -10.929400
-3.450060 3.377590 -10.917300
-3.522400 3.350930 -10.907000
-3.591240 3.316840 -10.898700
-3.655350 3.275550 -10.892700
-3.713500 3.227450 -10.889100
-3.764600 3.173090 -10.888100
-3.807690 3.113140 -10.889700
-3.842070 3.048430 -10.893900
-3.867290 2.979860 -10.900800
-3.883190 2.908390 -10.910000
-3.889920 2.835000 -10.921500
-3.887910 2.760620 -10.935000
-3.877820 2.686160 -10.950200
-3.860490 2.612370 -10.966800
-3.836870 2.539930 -10.984400
-3.807920 2.469350 -11.002800
-3.774570 2.401010 -11.021700
-3.737590 2.335190 -11.040900
-3.697620 2.272030 -11.060300
-3.655050 2.211640 -11.079700
-3.610100 2.154090 -11.099200
-3.562750 2.099460 -11.118600
-3.512850 2.047870 -11.138000
-3.460130 1.999540 -11.157400
-3.404290 1.954760 -11.176800
-3.345050 1.913960 -11.196300
-3.282260 1.877640 -11.215600
-3.215910 1.846400 -11.234900
-3.146210 1.820880 -11.253800
-3.073590 1.801740 -11.272200
-2.998710 1.789620 -11.289800
-2.922440 1.785080 -11.306400
-2.845840 1.788550 -11.321700
-2.770060 1.800320 -11.335300
-2.696330 1.820500 -11.347000
-2.625870 1.849020 -11.356600
-2.559830 1.885590 -11.363900
-2.499250 1.929760 -11.368700
-2.445000 1.980890 -11.370900
-2.397760 2.038220 -11.370600
-2.358010 2.100890 -11.367800
-2.326040 2.167960 -11.362700
-2.301940 2.238470 -11.355300
-2.285660 2.311490 -11.345800
-2.276980 2.386110 -11.334500
-2.275610 2.461470 -11.321500
-2.281150 2.536810 -11.307100
-2.293200 2.611460 -11.291500
-2.311300 2.684820 -11.274900
-2.335000 2.756390 -11.257400
-2.363850 2.825760 -11.239200
-2.397460 2.892570 -11.220500
-2.435440 2.956530 -11.201400
-2.477450 3.017360 -11.182000
-2.523210 3.074850 -11.162400

/group/RCCA/32
32
num_smooth_modes 5 xhat {0.000000 0.982485 0.186342} nrm {0.214414 -0.182008 0.959635} num_subsample_pts 68 creation_method hand_drawn pathId 200 pos {-2.833159 2.474900 -10.111599} creation_type threshold posId 32 num_hand_picked_pts 20
-2.402510 2.898610 -10.127500
-2.450130 2.943810 -10.108200
-2.500610 2.985330 -10.089100
-2.553820 3.022970 -10.070100
-2.609700 3.056450 -10.051200
-2.668150 3.085500 -10.032700
-2.729060 3.109810 -10.014400
-2.792260 3.129050 -9.996670
-2.857520 3.142880 -9.979460
-2.924490 3.150960 -9.962970
-2.992700 3.152940 -9.947350
-3.061520 3.148560 -9.932810
-3.130200 3.137570 -9.919550
-3.197820 3.119830 -9.907800
-3.263380 3.095290 -9.897810
-3.325770 3.064030 -9.889800
-3.383860 3.026260 -9.883980
-3.436560 2.982350 -9.880530
-3.482870 2.932790 -9.879590
-3.521920 2.878210 -9.881210
-3.553080 2.819350 -9.885420
-3.575930 2.757040 -9.892130
-3.590340 2.692150 -9.901220
-3.596440 2.625550 -9.912480
-3.594620 2.558120 -9.925680
-3.585470 2.490640 -9.940520
-3.569770 2.423810 -9.956700
-3.548360 2.358240 -9.973930
-3.522130 2.294380 -9.991900
-3.491900 2.232580 -10.010400
-3.458390 2.173070 -10.029100
-3.422170 2.115990 -10.048100
-3.383600 2.061440 -10.067000
-3.342860 2.009480 -10.086000
-3.299950 1.960180 -10.104900
-3.254730 1.913650 -10.123900
-3.206950 1.870080 -10.142800
-3.156340 1.829760 -10.161700
-3.102660 1.793060 -10.180700
-3.045760 1.760430 -10.199600
-2.985630 1.732440 -10.218300
-2.922470 1.709650 -10.236800
-2.856650 1.692660 -10.254700
-2.788790 1.682050 -10.271900
-2.719680 1.678310 -10.288000
-2.650260 1.681840 -10.302900
-2.581580 1.692900 -10.316100
-2.514770 1.711580 -10.327500
-2.450920 1.737790 -10.336800
-2.391070 1.771300 -10.343800
-2.336170 1.811650 -10.348400
-2.287010 1.858300 -10.350600
-2.244190 1.910530 -10.350200
-2.208170 1.967550 -10.347500
-2.179200 2.028540 -10.342400
-2.157360 2.092610 -10.335100
-2.142600 2.158910 -10.325800
-2.134740 2.226620 -10.314700
-2.133490 2.294970 -10.302100
-2.138520 2.363260 -10.288000
-2.149440 2.430900 -10.272700
-2.165840 2.497330 -10.256400
-2.187310 2.562120 -10.239400
-2.213470 2.624890 -10.221600
-2.243920 2.685300 -10.203300
-2.278340 2.743110 -10.184700
-2.316420 2.798060 -10.165800
-2.357880 2.849970 -10.146700

/group/RCCA/47
47
num_smooth_modes 5 center_x 0.0 center_y 0.0 center_x_in_pixels 0 pathId 200 center_y_in_pixels 0 creation_method threshold creation_type threshold threshold_value 200 pos {-2.659563 2.336139 -9.389686} nrm {0.253023 -0.172026 0.952043} xhat {0.000000 0.984064 0.177812} posId 47
-2.135010 1.946850 -9.599440
-2.161380 1.897450 -9.601350
-2.192320 1.850090 -9.601690
-2.227670 1.805470 -9.600360
-2.267100 1.764410 -9.597300
-2.310180 1.727710 -9.592480
-2.356330 1.696210 -9.585910
-2.404890 1.670640 -9.577620
-2.455130 1.651630 -9.567700
-2.506290 1.639620 -9.556280
-2.557610 1.634850 -9.543500
-2.608410 1.637340 -9.529550
-2.658080 1.646870 -9.514620
-2.706150 1.662990 -9.498940
-2.752290 1.685050 -9.482690
-2.796320 1.712270 -9.466070
-2.838230 1.743760 -9.449240
-2.878120 1.778590 -9.432340
-2.916230 1.815870 -9.415480
-2.952850 1.854800 -9.398710
-2.988300 1.894700 -9.382080
-3.022880 1.935090 -9.365590
-3.056840 1.975660 -9.349240
-3.090310 2.016310 -9.333000
-3.123300 2.057100 -9.316860
-3.155660 2.098250 -9.300820
-3.187090 2.140080 -9.284910
-3.217140 2.182950 -9.269180
-3.245240 2.227200 -9.253720
-3.270710 2.273110 -9.238650
-3.292840 2.320860 -9.224140
-3.310920 2.370460 -9.210380
-3.324260 2.421760 -9.197560
-3.332270 2.474440 -9.185910
-3.334490 2.528000 -9.175640
-3.330590 2.581820 -9.166960
-3.320430 2.635170 -9.160020
-3.304040 2.687260 -9.154960
-3.281630 2.737300 -9.151870
-3.253530 2.784550 -9.150810
-3.220230 2.828320 -9.151750
-3.182290 2.868080 -9.154640
-3.140350 2.903400 -9.159410
-3.095060 2.934020 -9.165910
-3.047090 2.959800 -9.174000
-2.997040 2.980740 -9.183520
-2.945510 2.996920 -9.194290
-2.893010 3.008500 -9.206150
-2.839990 3.015670 -9.218950
-2.786850 3.018630 -9.232540
-2.733930 3.017550 -9.246800
-2.681530 3.012580 -9.261620
-2.629940 3.003800 -9.276920
-2.579390 2.991260 -9.292620
-2.530140 2.974980 -9.308650
-2.482430 2.954950 -9.324950
-2.436490 2.931180 -9.341450
-2.392570 2.903680 -9.358090
-2.350890 2.872520 -9.374800
-2.311660 2.837850 -9.391490
-2.275060 2.799850 -9.408090
-2.241240 2.758810 -9.424490
-2.210310 2.715050 -9.440620
-2.182360 2.668960 -9.456370
-2.157430 2.620940 -9.471670
-2.135550 2.571390 -9.486440
-2.116730 2.520700 -9.500610
-2.100970 2.469190 -9.514100
-2.088310 2.417150 -9.526870
-2.078810 2.364770 -9.538860
-2.072550 2.312200 -9.550020
-2.069690 2.259540 -9.560300
-2.070390 2.206840 -9.569630
-2.074870 2.154170 -9.577960
-2.083360 2.101620 -9.585200
-2.096100 2.049360 -9.591260
-2.113260 1.997650 -9.596040

/group/RCCA/64
64
num_smooth_modes 5 center_x 0.0 center_y 0.0 center_x_in_pixels 0 pathId 200 center_y_in_pixels 0 creation_method threshold creation_type threshold threshold_value 250 pos {-2.456537 2.252455 -8.726214} nrm {0.332931 -0.041583 0.942034} xhat {0.000000 0.999027 0.044099} posId 64
-1.962930 2.122380 -8.906410
-1.982310 2.067460 -8.901980
-2.007120 2.014510 -8.895550
-2.037080 1.964140 -8.887190
-2.071820 1.917000 -8.876990
-2.110900 1.873770 -8.865080
-2.153840 1.835130 -8.851620
-2.200080 1.801710 -8.836750
-2.249070 1.774070 -8.820650
-2.300220 1.752620 -8.803520
-2.352950 1.737620 -8.785550
-2.406720 1.729160 -8.766920
-2.461000 1.727160 -8.747830
-2.515320 1.731370 -8.728440
-2.569250 1.741440 -8.708940
-2.622360 1.756920 -8.689480
-2.674290 1.777360 -8.670230
-2.724650 1.802310 -8.651330
-2.773050 1.831380 -8.632940
-2.819120 1.864280 -8.615210
-2.862400 1.900770 -8.598300
-2.902460 1.940710 -8.582380
-2.938800 1.983990 -8.567630
-2.970920 2.030510 -8.554220
-2.998330 2.080100 -8.542340
-3.020560 2.132530 -8.532170
-3.037180 2.187420 -8.523880
-3.047840 2.244260 -8.517600
-3.052290 2.302410 -8.513460
-3.050400 2.361100 -8.511540
-3.042140 2.419470 -8.511880
-3.027620 2.476630 -8.514490
-3.007070 2.531700 -8.519320
-2.980840 2.583880 -8.526290
-2.949330 2.632490 -8.535280
-2.913050 2.676950 -8.546140
-2.872530 2.716880 -8.558690
-2.828330 2.752010 -8.572770
-2.781010 2.782190 -8.588160
-2.731140 2.807380 -8.604670
-2.679240 2.827580 -8.622120
-2.625840 2.842780 -8.640320
-2.571440 2.852970 -8.659100
-2.516530 2.858110 -8.678280
-2.461570 2.858110 -8.697700
-2.407030 2.852840 -8.717210
-2.353390 2.842210 -8.736630
-2.301110 2.826110 -8.755820
-2.250660 2.804520 -8.774600
-2.202520 2.777490 -8.792810
-2.157150 2.745210 -8.810270
-2.114990 2.707970 -8.826810
-2.076490 2.666170 -8.842270
-2.042040 2.620320 -8.856460
-2.012040 2.571010 -8.869250
-1.986810 2.518840 -8.880460
-1.966670 2.464430 -8.889990
-1.951850 2.408400 -8.897700
-1.942580 2.351300 -8.903490
-1.938990 2.293660 -8.907310
-1.941180 2.235980 -8.909080
-1.949180 2.178730 -8.908780

/group/RCCA/86
86
num_smooth_modes 5 center_x 0.0 center_y 0.0 center_x_in_pixels 0 pathId 200 center_y_in_pixels 0 creation_method threshold creation_type threshold threshold_value 250 pos {-2.112126 2.301701 -7.861429} nrm {0.383650 0.094847 0.918595} xhat {0.000000 0.994712 -0.102707} posId 86
-2.604330 2.535420 -7.679990
-2.626470 2.485900 -7.665630
-2.643450 2.433690 -7.653150
-2.654760 2.379450 -7.642830
-2.659990 2.323990 -7.634920
-2.658870 2.268180 -7.629620
-2.651300 2.212890 -7.627070
-2.637370 2.158970 -7.627320
-2.617350 2.107140 -7.630330
-2.591680 2.058030 -7.635980
-2.560930 2.012110 -7.644080
-2.525730 1.969720 -7.654410
-2.486750 1.931100 -7.666700
-2.444640 1.896420 -7.680710
-2.399980 1.865830 -7.696200
-2.353300 1.839490 -7.712980
-2.305020 1.817590 -7.730880
-2.255510 1.800370 -7.749780
-2.205110 1.788120 -7.769570
-2.154140 1.781140 -7.790130
-2.102960 1.779700 -7.811360
-2.051980 1.784030 -7.833100
-2.001660 1.794260 -7.855170
-1.952560 1.810380 -7.877340
-1.905290 1.832250 -7.899340
-1.860470 1.859580 -7.920880
-1.818720 1.891960 -7.941660
-1.780630 1.928880 -7.961380
-1.746680 1.969810 -7.979790
-1.717260 2.014180 -7.996660
-1.692630 2.061450 -8.011830
-1.672920 2.111140 -8.025190
-1.658170 2.162830 -8.036690
-1.648340 2.216140 -8.046290
-1.643360 2.270710 -8.054010
-1.643130 2.326150 -8.059830
-1.647580 2.382060 -8.063740
-1.656670 2.437900 -8.065710
-1.670410 2.493060 -8.065670
-1.688820 2.546800 -8.063530
-1.711900 2.598290 -8.059210
-1.739650 2.646660 -8.052610
-1.771970 2.691030 -8.043690
-1.808660 2.730570 -8.032450
-1.849390 2.764590 -8.018950
-1.893720 2.792570 -8.003330
-1.941050 2.814220 -7.985800
-1.990720 2.829440 -7.966630
-2.041990 2.838370 -7.946130
-2.094120 2.841320 -7.924670
-2.146410 2.838720 -7.902560
-2.198200 2.831040 -7.880140
-2.248960 2.818770 -7.857670
-2.298250 2.802310 -7.835380
-2.345710 2.781950 -7.813460
-2.391090 2.757860 -7.792020
-2.434130 2.730110 -7.771180
-2.474610 2.698660 -7.751020
-2.512250 2.663450 -7.731670
-2.546710 2.624450 -7.713250
-2.577560 2.581720 -7.695950

/group/RCCA/101
101
num_smooth_modes 5 center_x 0.0 center_y 0.0 center_x_in_pixels 0 pathId 200 center_y_in_pixels 0 creation_method threshold creation_type threshold threshold_value 250 pos {-1.821703 2.360023 -7.147335} nrm {0.362968 0.043792 0.930772} xhat {0.000000 0.998895 -0.046997} posId 101
-2.146780 1.880710 -6.998020
-2.187340 1.917020 -6.983910
-2.224910 1.957650 -6.971170
-2.259080 2.002140 -6.959930
-2.289380 2.050000 -6.950370
-2.315280 2.100700 -6.942660
-2.336230 2.153660 -6.936980
-2.351730 2.208250 -6.933500
-2.361340 2.263800 -6.932370
-2.364750 2.319610 -6.933670
-2.361810 2.374980 -6.937420
-2.352550 2.429230 -6.943580
-2.337160 2.481720 -6.952050
-2.316000 2.531900 -6.962670
-2.289510 2.579290 -6.975220
-2.258230 2.623520 -6.989500
-2.222730 2.664290 -7.005270
-2.183540 2.701370 -7.022290
-2.141170 2.734550 -7.040380
-2.096100 2.763660 -7.059320
-2.048750 2.788480 -7.078950
-1.999530 2.808750 -7.099100
-1.948850 2.824150 -7.119590
-1.897160 2.834340 -7.140230
-1.844960 2.838940 -7.160800
-1.792830 2.837570 -7.181060
-1.741420 2.829930 -7.200750
-1.691420 2.815800 -7.219580
-1.643540 2.795120 -7.237280
-1.598470 2.768010 -7.253580
-1.556830 2.734750 -7.268250
-1.519160 2.695830 -7.281120
-1.485840 2.651900 -7.292040
-1.457150 2.603740 -7.300960
-1.433250 2.552180 -7.307860
-1.414170 2.498100 -7.312760
-1.399900 2.442340 -7.315700
-1.390390 2.385690 -7.316740
-1.385610 2.328840 -7.315930
-1.385570 2.272390 -7.313290
-1.390310 2.216850 -7.308830
-1.399940 2.162640 -7.302520
-1.414570 2.110180 -7.294350
-1.434300 2.059850 -7.284290
-1.459170 2.012060 -7.272340
-1.489120 1.967260 -7.258550
-1.523950 1.925920 -7.243030
-1.563290 1.888580 -7.225930
-1.606640 1.855770 -7.207480
-1.653340 1.828000 -7.187960
-1.702640 1.805740 -7.167690
-1.753740 1.789380 -7.146990
-1.805820 1.779210 -7.126200
-1.858130 1.775400 -7.105620
-1.910020 1.777970 -7.085510
-1.960900 1.786860 -7.066080
-2.010350 1.801880 -7.047510
-2.058010 1.822750 -7.029910
-2.103570 1.849150 -7.013380

/group/RCCA/120
120
num_smooth_modes 5 num_subsample_pts 48 pathId 200 replaced_with_circle 1 creation_method hand_drawn creation_type threshold pos {-1.426617 2.365951 -6.077254} nrm {0.331701 -0.025616 0.943037} xhat {0.000000 0.999631 0.027153} scale_factor 0.95 num_hand_picked_pts 23 posId 120
-1.400960 2.765570 -6.075420
-1.482820 2.757200 -6.046860
-1.562200 2.733900 -6.019570
-1.636680 2.696390 -5.994390
-1.703990 2.645810 -5.972090
-1.762100 2.583680 -5.953340
-1.809230 2.511900 -5.938710
-1.843960 2.432650 -5.928650
-1.865230 2.348340 -5.923460
-1.872390 2.261520 -5.923300
-1.865230 2.174850 -5.928170
-1.843960 2.090950 -5.937930
-1.809230 2.012360 -5.952280
-1.762100 1.941480 -5.970780
-1.703990 1.880460 -5.992880
-1.636680 1.831160 -6.017890
-1.562200 1.795070 -6.045070
-1.482820 1.773300 -6.073580
-1.400960 1.766490 -6.102560
-1.319090 1.774860 -6.131130
-1.239720 1.798150 -6.158420
-1.165240 1.835660 -6.183590
-1.097930 1.886250 -6.205900
-1.039820 1.948380 -6.224650
-0.992686 2.020150 -6.239280
-0.957958 2.099400 -6.249340
-0.936688 2.183720 -6.254530
-0.929526 2.270530 -6.254690
-0.936688 2.357200 -6.249820
-0.957956 2.441110 -6.240060
-0.992687 2.519700 -6.225710
-1.039820 2.590570 -6.207200
-1.097930 2.651590 -6.185110
-1.165240 2.700900 -6.160090
-1.239720 2.736980 -6.132910
-1.319090 2.758760 -6.104400

/group/RCCA/135
135
replaced_with_circle 1 xhat {0.000000 0.997356 0.072666} nrm {0.305574 -0.069190 0.949651} num_subsample_pts 35 creation_method hand_drawn pathId 200 pos {-1.167697 2.329208 -5.312368} creation_type threshold posId 135 num_hand_picked_pts 13
-1.203230 2.672460 -5.275920
-1.265450 2.665310 -5.256420
-1.325790 2.646970 -5.238350
-1.382400 2.618000 -5.222240
-1.433560 2.579280 -5.208600
-1.477730 2.531990 -5.197830
-1.513550 2.477560 -5.190270
-1.539950 2.417650 -5.186140
-1.556110 2.354080 -5.185570
-1.561560 2.288770 -5.188580
-1.556110 2.223730 -5.195070
-1.539950 2.160910 -5.204850
-1.513550 2.102230 -5.217620
-1.477730 2.049470 -5.232990
-1.433560 2.004240 -5.250500
-1.382400 1.967910 -5.269610
-1.325790 1.941580 -5.289740
-1.265450 1.926050 -5.310290
-1.203230 1.921800 -5.330620
-1.141010 1.928950 -5.350120
-1.080680 1.947290 -5.368200
-1.024070 1.976260 -5.384300
-0.972905 2.014980 -5.397940
-0.928737 2.062270 -5.408710
-0.892912 2.116700 -5.416270
-0.866516 2.176610 -5.420400
-0.850349 2.240190 -5.420970
-0.844905 2.305490 -5.417960
-0.850349 2.370540 -5.411470
-0.866515 2.433350 -5.401690
-0.892913 2.492030 -5.388920
-0.928738 2.544790 -5.373550
-0.972903 2.590020 -5.356040
-1.024070 2.626360 -5.336930
-1.080680 2.652690 -5.316800
-1.141010 2.668210 -5.296260

/group/RCCA/157
157
num_smooth_modes 5 center_x 0.0 center_y 0.0 center_x_in_pixels 0 pathId 200 center_y_in_pixels 0 replaced_with_circle 1 creation_method threshold creation_type threshold threshold_value 250 pos {-0.923447 2.216852 -4.519045} nrm {0.288764 -0.226386 0.930250} xhat {0.000000 0.971641 0.236459} posId 157
-0.960810 2.525620 -4.432300
-1.018360 2.516410 -4.416680
-1.074160 2.497260 -4.404020
-1.126520 2.468740 -4.394710
-1.173840 2.431740 -4.389020
-1.214690 2.387370 -4.387140
-1.247830 2.336980 -4.389120
-1.272240 2.282100 -4.394890
-1.287190 2.224400 -4.404290
-1.292230 2.165640 -4.417030
-1.287190 2.107590 -4.432720
-1.272240 2.052030 -4.450890
-1.247830 2.000630 -4.470970
-1.214690 1.954970 -4.492370
-1.173840 1.916420 -4.514430
-1.126520 1.886170 -4.536480
-1.074160 1.865130 -4.557860
-1.018360 1.853930 -4.577900
-0.960810 1.852930 -4.596010
-0.903258 1.862140 -4.611630
-0.847457 1.881290 -4.624300
-0.795101 1.909810 -4.633610
-0.747779 1.946810 -4.639290
-0.706928 1.991180 -4.641170
-0.673792 2.041570 -4.639200
-0.649379 2.096450 -4.633420
-0.634426 2.154150 -4.624020
-0.629391 2.212910 -4.611280
-0.634426 2.270960 -4.595590
-0.649378 2.326520 -4.577430
-0.673793 2.377920 -4.557340
-0.706928 2.423580 -4.535950
-0.747776 2.462120 -4.513890
-0.795102 2.492380 -4.491830
-0.847458 2.513420 -4.470460
-0.903259 2.524620 -4.450410

/group/RCCA/183
183
center_x 0.0 center_y 0.0 center_x_in_pixels 0 pathId 200 center_y_in_pixels 0 replaced_with_circle 1 creation_method threshold creation_type threshold threshold_value 250 pos {-0.582375 1.894735 -3.525434} nrm {0.315952 -0.292730 0.902487} xhat {0.000000 0.951213 0.308535} posId 183
-0.570527 2.229230 -3.421090
-0.628027 2.218280 -3.404510
-0.683780 2.197570 -3.391700
-0.736093 2.167740 -3.383070
-0.783374 2.129690 -3.378860
-0.824187 2.084580 -3.379200
-0.857295 2.033770 -3.384090
-0.881688 1.978820 -3.393370
-0.896627 1.921390 -3.406770
-0.901658 1.863220 -3.423880
-0.896627 1.806090 -3.444170
-0.881688 1.751730 -3.467030
-0.857294 1.701790 -3.491770
-0.824187 1.657790 -3.517630
-0.783374 1.621060 -3.543830
-0.736094 1.592730 -3.569580
-0.683779 1.573650 -3.594080
-0.628027 1.564400 -3.616600
-0.570528 1.565260 -3.636450
-0.513025 1.576220 -3.653030
-0.457272 1.596920 -3.665830
-0.404962 1.626750 -3.674470
-0.357681 1.664800 -3.678680
-0.316865 1.709920 -3.678330
-0.283758 1.760720 -3.673450
-0.259365 1.815670 -3.664160
-0.244426 1.873110 -3.650760
-0.239396 1.931270 -3.633660
-0.244426 1.988400 -3.613370
-0.259364 2.042760 -3.590500
-0.283759 2.092700 -3.565760
-0.316865 2.136700 -3.539900
-0.357678 2.173430 -3.513700
-0.404963 2.201760 -3.487960
-0.457273 2.220840 -3.463450
-0.513026 2.230090 -3.440940

/group/RCCA/205
205
center_x 0.0 center_y 0.0 center_x_in_pixels 0 pathId 200 center_y_in_pixels 0 replaced_with_circle 1 creation_method threshold creation_type threshold threshold_value 250 pos {-0.229783 1.645019 -2.398998} nrm {0.258986 -0.101314 0.960553} xhat {0.000000 0.994484 0.104893} scale_factor 0.95 posId 205
-0.255113 1.947790 -2.360230
-0.311325 1.941140 -2.345780
-0.365828 1.924580 -2.332830
-0.416968 1.898580 -2.321780
-0.463190 1.863960 -2.312970
-0.503089 1.821760 -2.306670
-0.535453 1.773260 -2.303060
-0.559301 1.719930 -2.302250
-0.573904 1.663410 -2.304280
-0.578822 1.605390 -2.309070
-0.573904 1.547650 -2.316490
-0.559301 1.491950 -2.326300
-0.535453 1.439960 -2.338210
-0.503088 1.393280 -2.351860
-0.463190 1.353320 -2.366830
-0.416969 1.321300 -2.382670
-0.365827 1.298190 -2.398900
-0.311325 1.284680 -2.415020
-0.255114 1.281200 -2.430540
-0.198900 1.287840 -2.445000
-0.144398 1.304420 -2.457950
-0.093259 1.330410 -2.468990
-0.047038 1.365030 -2.477800
-0.007137 1.407230 -2.484110
0.025227 1.455730 -2.487720
0.049073 1.509060 -2.488520
0.063679 1.565590 -2.486500
0.068596 1.623600 -2.481710
0.063679 1.681340 -2.474290
0.049074 1.737040 -2.464480
0.025227 1.789030 -2.452560
-0.007137 1.835710 -2.438920
-0.047036 1.875670 -2.423940
-0.093260 1.907690 -2.408100
-0.144398 1.930800 -2.391880
-0.198901 1.944310 -2.375760

/group/RCCA/223
223
num_smooth_modes 5 center_x 0.0 center_y 0.0 center_x_in_pixels 0 pathId 200 center_y_in_pixels 0 replaced_with_circle 1 creation_method threshold creation_type threshold threshold_value 250 pos {0.014681 1.602271 -1.417911} nrm {0.231035 0.002334 0.972943} xhat {0.000000 0.999997 -0.002399} scale_factor 0.95 posId 223
-0.004321 1.902580 -1.414120
-0.058108 1.897770 -1.401330
-0.110261 1.883440 -1.388920
-0.159195 1.860010 -1.377240
-0.203424 1.828210 -1.366660
-0.241602 1.788990 -1.357500
-0.272571 1.743550 -1.350040
-0.295390 1.693270 -1.344500
-0.309364 1.639680 -1.341050
-0.314070 1.584390 -1.339800
-0.309364 1.529110 -1.340790
-0.295390 1.475500 -1.343980
-0.272570 1.425190 -1.349280
-0.241602 1.379710 -1.356520
-0.203424 1.340450 -1.365490
-0.159196 1.308600 -1.375920
-0.110260 1.285120 -1.387480
-0.058108 1.270720 -1.399830
-0.004321 1.265860 -1.412590
0.049468 1.270660 -1.425380
0.101621 1.285000 -1.437790
0.150554 1.308420 -1.449470
0.194782 1.340220 -1.460050
0.232962 1.379450 -1.469210
0.263930 1.424880 -1.476670
0.286748 1.475170 -1.482210
0.300723 1.528760 -1.485660
0.305428 1.584040 -1.486910
0.300723 1.639330 -1.485920
0.286748 1.692940 -1.482730
0.263929 1.743250 -1.477440
0.232961 1.788720 -1.470190
0.194783 1.827980 -1.461220
0.150553 1.859840 -1.450790
0.101620 1.883320 -1.439230
0.049467 1.897710 -1.426880

