/group/dc_2/0
0
posId 0
-1.32532243255 14.1190597825 -33.8909629269
-1.33098154029 14.134320404 -33.8358295667
-1.33431014757 14.1462393193 -33.7789397247
-1.33534077699 14.154774485 -33.7210550107
-1.33412671775 14.1599172862 -33.6629223379
-1.33073540968 14.1616859864 -33.6052445252
-1.32524184977 14.1601186471 -33.5486555966
-1.31772257898 14.1552661731 -33.4937023854
-1.3082507398 14.1471861086 -33.4408334731
-1.29689258811 14.1359377221 -33.3903958359
-1.28370570769 14.1215787948 -33.3426389178
-1.26873902368 14.1041643645 -33.2977252388
-1.25203455743 14.0837475061 -33.2557461469
-1.23363072163 14.0603820515 -33.2167409674
-1.21356683359 14.0341269894 -33.1807176271
-1.1918884357 14.0050521491 -33.1476728296
-1.16865296003 13.9732446733 -33.1176100386
-1.14393526294 13.9388157274 -33.0905538468
-1.11783258142 13.9019068811 -33.0665597423
-1.09046852349 13.8626956302 -33.0457187735
-1.06199579055 13.8213995993 -33.0281571194
-1.03259743266 13.7782790643 -33.014031028
-1.00248654655 13.7336375566 -33.0035179669
-0.971904432972 13.6878204414 -32.9968050909
-0.94111732444 13.64121149 -32.9940762633
-0.910411871119 13.5942275853 -32.9954988632
-0.880089627539 13.5473117959 -33.0012114848
-0.850460813979 13.5009251318 -33.0113134086
-0.821837635605 13.4555373409 -33.0258564378
-0.794527432828 13.4116171303 -33.0448393762
-0.768825912644 13.3696221969 -33.0682051256
-0.745010678671 13.3299894299 -33.0958401271
-0.723335242572 13.293125621 -33.1275756932
-0.704023666451 13.2593989729 -33.1631906932
-0.687265957793 13.2291316573 -33.2024150575
-0.673214317464 13.2025936275 -33.2449336601
-0.661980326661 13.1799978516 -33.290390291
-0.653633148908 13.1614970946 -33.3383916206
-0.648198814678 13.1471823404 -33.3885112503
-0.645660645291 13.1370829092 -33.4402941056
-0.645960855294 13.1311682881 -33.4932615327
-0.649003345381 13.1293516438 -33.5469174854
-0.654657659123 13.1314949411 -33.6007561276
-0.662764026247 13.1374155247 -33.6542710306
-0.673139355016 13.1468939617 -33.7069659278
-0.685583970308 13.1596828683 -33.7583667296
-0.699888828195 13.175516381 -33.8080342281
-0.71584287914 13.1941198682 -33.8555766798
-0.733240207718 13.2152194363 -33.9006612676
-0.751886554103 13.2385507586 -33.9430233601
-0.771604827045 13.2638667584 -33.9824725092
-0.792239253235 13.2909437142 -34.0188942854
-0.813657874506 13.3195854229 -34.0522473193
-0.835753200061 13.349625157 -34.0825552988
-0.858440940139 13.3809252805 -34.1098941131
-0.881656882146 13.4133745367 -34.1343748102
-0.905352109571 13.4468831789 -34.1561234835
-0.929486896378 13.4813762704 -34.1752595896
-0.954023722864 13.5167856218 -34.1918744617
-0.978919942374 13.5530409446 -34.2060119072
-1.00412067276 13.5900608776 -34.2176527189
-1.02955248635 13.627744566 -34.2267047076
-1.05511842553 13.6659644509 -34.2329994654
-1.08069477978 13.7045608536 -34.2362965479
-1.10612993081 13.7433388099 -34.236295145
-1.13124541458 13.7820674544 -34.2326526621
-1.15583917633 13.8204820609 -34.2250090057
-1.1796908201 13.858288648 -34.2130148291
-1.20256849473 13.895170861 -34.1963615895
-1.22423692547 13.9307986677 -34.1748110455
-1.24446600801 13.9648382677 -34.1482218019
-1.26303933685 13.9969625209 -34.1165706999
-1.27976204712 14.0268611679 -34.0799672369
-1.29446740766 14.0542501386 -34.0386597473
-1.30702170843 14.0788793226 -33.9930327428

/group/dc_2/3
3
posId 3
-1.34110636624 14.1219149287 -33.8979726598
-1.34863056175 14.140488179 -33.8389395592
-1.35264216793 14.153821888 -33.7789450501
-1.3532638657 14.1620002421 -33.7188440324
-1.35073224753 14.1652923745 -33.6593976448
-1.34536849811 14.1641106722 -33.6012482714
-1.33754288139 14.1589583005 -33.5449056939
-1.32763671244 14.150371517 -33.4907446698
-1.3160056863 14.1388627707 -33.4390131874
-1.30294823218 14.1248703774 -33.3898497427
-1.28868198322 14.1087197649 -33.3433072847
-1.27333056425 14.0905999833 -33.2993810362
-1.25692179753 14.0705575081 -33.2580372631
-1.23939722629 14.0485075188 -33.2192402129
-1.22063168464 14.0242609984 -33.1829748596
-1.2004606222 13.9975643694 -33.1492637145
-1.17871212625 13.9681471252 -33.1181767046
-1.15524015198 13.9357721623 -33.089833918
-1.12995541089 13.9002833345 -33.0644017565
-1.10285068145 13.8616451563 -33.0420836655
-1.07401795336 13.8199705145 -33.0231070513
-1.04365572554 13.7755336061 -33.0077082223
-1.01206584477 13.7287669481 -32.9961171833
-0.979640382382 13.6802430232 -32.9885438924
-0.946840079058 13.6306427485 -32.9851671972
-0.914166734623 13.5807143052 -32.986127158
-0.882132491351 13.5312268062 -32.9915209122
-0.851229200185 13.4829237085 -33.0014017115
-0.821900948484 13.4364807599 -33.0157803324
-0.794522384609 13.392472628 -33.0346277813
-0.769384753584 13.3513512708 -33.0578781164
-0.746690643935 13.313437705 -33.0854303009
-0.726557443667 13.278927267 -33.1171482677
-0.709028526523 13.2479069247 -33.1528587826
-0.694090347504 13.2203818536 -33.1923471762
-0.68169301221 13.1963074982 -33.2353515148
-0.671771564401 13.175622794 -33.2815562217
-0.664265243189 13.158280199 -33.3305864801
-0.659132291244 13.1442686718 -33.382004901
-0.656358507229 13.1336266671 -33.4353118786
-0.655958556959 13.1264435082 -33.4899507993
-0.657969991942 13.1228489718 -33.5453188116
-0.662440862119 13.1229924249 -33.6007832718
-0.66941264215 13.1270142006 -33.655703298
-0.678900819878 13.1350129472 -33.7094551845
-0.690875846802 13.147013286 -33.7614598225
-0.705247180119 13.1629382201 -33.8112098217
-0.721852847141 13.1825903026 -33.858293793
-0.740456366016 13.2056446653 -33.9024152774
-0.760752026376 13.2316557028 -33.9434041017
-0.782378561574 13.2600776622 -33.9812184961
-0.804940239703 13.2902977621 -34.0159370808
-0.828033477735 13.3216789489 -34.0477407378
-0.851276348688 13.3536081609 -34.07688536
-0.874337892826 13.3855451604 -34.1036673965
-0.89696401851 13.4170667071 -34.1283849099
-0.918997008112 13.4479011256 -34.1512974294
-0.940386212344 13.4779491563 -34.1725881626
-0.961188367626 13.5072882788 -34.1923320791
-0.981557019201 13.5361593439 -34.2104729912
-1.00172166796 13.5649361647 -34.2268120595
-1.02195836055 13.5940805086 -34.2410092029
-1.04255439122 13.6240865175 -34.2525977779
-1.06377047559 13.6554197735 -34.2610117134
-1.08580411245 13.6884569129 -34.265623158
-1.10875782664 13.7234317666 -34.2657877212
-1.13261557948 13.7603934775 -34.2608936732
-1.15722988084 13.7991809425 -34.2504110601
-1.18232111147 13.8394163708 -34.2339366644
-1.20748937015 13.8805188872 -34.2112310641
-1.23223791897 13.9217371374 -34.1822447193
-1.25600613976 13.9621979709 -34.1471309591
-1.27820895647 14.0009666757 -34.1062448754
-1.29827902161 14.0371130974 -34.0601283405
-1.31570767942 14.0697773948 -34.0094825463

/group/dc_2/6
6
posId 6
-1.37945730651 14.126890801 -33.8630531476
-1.38053774038 14.1346939627 -33.8118840819
-1.3793050962 14.1391048044 -33.7596000265
-1.37609247693 14.1405896888 -33.7065457486
-1.37121446197 14.1395847698 -33.6530823754
-1.36493787257 14.1364516006 -33.5995859114
-1.35745905852 14.1314429803 -33.5464432929
-1.34888966568 14.1246820057 -33.4940461512
-1.3392519896 14.116155956 -33.4427827617
-1.32848407755 14.105725171 -33.3930289035
-1.31645380056 14.0931456283 -33.3451385235
-1.30298027025 14.0781026257 -33.2994351646
-1.28786030233 14.0602519561 -33.2562050766
-1.27089719236 14.0392643117 -33.2156927772
-1.25192890818 14.0148684421 -33.178099588
-1.23085292871 13.9868888152 -33.143585361
-1.20764535405 13.9552741758 -33.1122732652
-1.1823725328 13.9201143857 -33.0842571575
-1.15519423534 13.8816441575 -33.0596107589
-1.12635826521 13.8402336408 -33.0383976215
-1.09618725811 13.7963671389 -33.0206807402
-1.06505918315 13.7506124084 -33.0065306488
-1.03338365874 13.7035838859 -32.9960309444
-1.00157656702 13.6559037303 -32.9892804116
-0.970035562485 13.6081646989 -32.9863912366
-0.939118912817 13.5608985884 -32.9874831899
-0.909129703076 13.5145533021 -32.9926740764
-0.880306821686 13.4694806199 -33.002067158
-0.852823393576 13.4259355599 -33.0157366127
-0.826792510619 13.3840869398 -33.0337123565
-0.802279317363 13.344037528 -33.0559657076
-0.779317823092 13.3058511193 -33.0823973776
-0.7579303008 13.2695831116 -33.1128291453
-0.738146852969 13.2353107636 -33.1470002989
-0.720022702872 13.2031593262 -33.1845695523
-0.70365101146 13.1733206645 -33.2251226775
-0.689169500158 13.1460617799 -33.2681855936
-0.67675983041 13.1217217244 -33.3132421564
-0.666639483541 13.1006966588 -33.3597554491
-0.659046718015 13.0834141235 -33.4071910238
-0.654219969451 13.0702988136 -33.4550403257
-0.652373719334 13.0617331709 -33.5028424592
-0.653673321144 13.0580167949 -33.5502025504
-0.658211486539 13.0593289754 -33.5968052047
-0.66598907304 13.0656985071 -33.6424219432
-0.676902479338 13.0769843792 -33.6869119843
-0.690739373642 13.092869979 -33.7302162853
-0.707183708034 13.1128722083 -33.7723453167
-0.725830081248 13.136365485 -33.8133615648
-0.746206590066 13.1626191487 -33.8533581986
-0.767804446449 13.190845431 -33.8924356534
-0.790111920019 13.22025404 -33.930678054
-0.812649666703 13.2501086455 -33.9681314017
-0.835004277249 13.2797802259 -34.0047852929
-0.856856950941 13.3087923826 -34.0405596252
-0.878004568591 13.3368543427 -34.0752973198
-0.898371074301 13.3638784008 -34.1087635799
-0.918007921054 13.3899799048 -34.1406516562
-0.937083313382 13.415459446 -34.17059456
-0.95586100008 13.4407685269 -34.1981816924
-0.97467033524 13.4664614937 -34.2229789824
-0.993870145016 13.493137802 -34.2445508892
-1.01380953185 13.5213795979 -34.262482528
-1.03478905961 13.5516900665 -34.276400244
-1.05702576061 13.5844379714 -34.2859891587
-1.080625087 13.6198132842 -34.2910065447
-1.10556232236 13.6577978257 -34.2912902905
-1.1316751296 13.6981535108 -34.28676218
-1.15866791628 13.7404292107 -34.2774261707
-1.18612763984 13.7839855855 -34.263362272
-1.21354965147 13.8280356372 -34.2447169701
-1.24037128391 13.8716973426 -34.2216913753
-1.26601020739 13.9140536755 -34.1945283777
-1.28990417247 13.9542147096 -34.1635000728
-1.31154866505 13.9913763735 -34.1288965713
-1.33052922466 14.0248707969 -34.0910170619
-1.34654569904 14.054204028 -34.0501636668
-1.35942647589 14.0790781121 -34.0066382745
-1.36913167219 14.0993959977 -33.9607421727

/group/dc_2/9
9
posId 9
-1.40861721516 14.11189014 -33.6098351832
-1.39735861435 14.1029242197 -33.5416869699
-1.38471555907 14.091606995 -33.4755386533
-1.37086490028 14.0780995226 -33.4122926453
-1.35591490337 14.0624744858 -33.3527167818
-1.3399126707 14.0447309269 -33.2974159242
-1.32285768348 14.0248170164 -33.2468143116
-1.30471951003 14.0026577308 -33.2011499052
-1.28545740674 13.9781839362 -33.1604810312
-1.26503946689 13.9513593851 -33.1247046485
-1.24345915117 13.9222025127 -33.0935846525
-1.22074743647 13.8908006328 -33.0667878323
-1.19697939865 13.8573150849 -33.0439245106
-1.17227473537 13.8219769767 -33.0245905549
-1.14679246003 13.7850742805 -33.0084073932
-1.12072067988 13.7469320538 -32.9950568879
-1.09426293627 13.7078883562 -32.9843084152
-1.06762297369 13.6682689433 -32.9760361968
-1.04098997469 13.6283639749 -32.9702257945
-1.01452623325 13.5884097633 -32.9669696146
-0.988358946364 13.5485780285 -32.9664521979
-0.962577314477 13.5089742806 -32.9689269185
-0.937235508879 13.469645904 -32.9746863952
-0.912361356086 13.4305993794 -32.9840293889
-0.887969883111 13.3918249809 -32.9972271725
-0.864080240276 13.3533263323 -33.0144923053
-0.84073404027 13.3151515182 -33.0359524366
-0.818012878596 13.2774220897 -33.0616312346
-0.796052765995 13.2403563364 -33.0914378381
-0.775053417981 13.2042836208 -33.1251654324
-0.755280794522 13.1696473494 -33.1624987317
-0.737061923749 13.136995229 -33.2030293789
-0.720771816136 13.1069567083 -33.2462776225
-0.706813103786 13.080208827 -33.2917181603
-0.695589839451 13.0574329467 -33.3388077703
-0.68747757918 13.0392658897 -33.3870123254
-0.682792377161 13.0262497602 -33.4358309695
-0.681761584858 13.0187850787 -33.4848156275
-0.684499334551 13.0170917749 -33.5335845537
-0.690989292505 13.0211820603 -33.5818292555
-0.701076709125 13.0308482728 -33.6293147886
-0.714471019185 13.0456675293 -33.6758740377
-0.730759322968 13.0650235524 -33.7213971215
-0.749430093351 13.0881444939 -33.7658174364
-0.769905496932 13.1141540869 -33.8090960537
-0.791579880525 13.1421321894 -33.8512061949
-0.813861339561 13.1711798299 -33.8921193403
-0.836212916193 13.2004833438 -33.9317941975
-0.858189912032 13.2293721477 -33.9701693177
-0.879470055372 13.2573651471 -34.0071596465
-0.899873817457 13.284201677 -34.0426567928
-0.9193729808 13.309854166 -34.0765323493
-0.938086554169 13.3345212629 -34.1086432561
-0.956264215646 13.3586018493 -34.1388379929
-0.974258549122 13.3826520184 -34.1669623471
-0.992488322324 13.407328582 -34.1928636337
-1.0113958463 13.4333238426 -34.2163925147
-1.03140198448 13.4612971258 -34.2374019656
-1.05286259513 13.4918088404 -34.2557433968
-1.07603007438 13.5252625975 -34.2712604219
-1.10102322791 13.5618601985 -34.2837812018
-1.12780797759 13.6015731603 -34.2931106377
-1.15619047108 13.6441329903 -34.2990238888
-1.185823092 13.6890407889 -34.3012627194
-1.2162227632 13.7355950898 -34.2995360296
-1.24679989559 13.782935305 -34.2935255948
-1.27689545212 13.8300968483 -34.2828975573
-1.30582294928 13.8760731003 -34.2673196337
-1.33291186173 13.9198789047 -34.246483363
-1.35754885711 13.9606103066 -34.2201301051
-1.37921356676 13.9974957283 -34.1880789607
-1.39750616185 14.0299346895 -34.1502543849
-1.41216479751 14.0575214094 -34.1067110612
-1.42307193196 14.0800520695 -34.0576536112
-1.43024953326 14.0975160182 -34.003448961
-1.43384416 14.1100726281 -33.944629643
-1.43410375331 14.1180167353 -33.8818869641
-1.43134863133 14.1217364949 -33.8160537483
-1.42593957759 14.1216679919 -33.7480772142

/group/dc_2/12
12
posId 12
-1.46036123942 14.0837820488 -33.5263025073
-1.44750399826 14.0715183587 -33.4653070639
-1.43365258925 14.0575312485 -33.4060383554
-1.41872206306 14.0416038501 -33.349222499
-1.40261496553 14.0235107659 -33.2954980425
-1.38523912232 14.0030482089 -33.2453908153
-1.36652408094 13.9800611439 -33.1992966816
-1.3464347397 13.954465046 -33.1574733984
-1.32498100217 13.9262604474 -33.1200420438
-1.30222270159 13.8955391585 -33.0869977145
-1.27826950398 13.8624818434 -33.0582284436
-1.25327598016 13.8273474477 -33.0335406356
-1.2274324907 13.7904557238 -33.012688804
-1.20095291445 13.7521647331 -32.9954070695
-1.17406053582 13.7128456477 -32.9814397641
-1.14697356349 13.6728574051 -32.9705685949
-1.11989177087 13.6325237539 -32.9626341421
-1.09298562484 13.5921149824 -32.9575499705
-1.06638901624 13.5518361554 -32.9553082808
-1.04019634729 13.5118230527 -32.9559767623
-1.01446429942 13.4721462511 -32.9596870646
-0.989218140515 13.4328229983 -32.9666160291
-0.96446197563 13.3938357584 -32.9769614374
-0.940191941319 13.355155637 -32.9909145031
-0.916411029291 13.3167683813 -33.0086316098
-0.89314402922 13.2787003436 -33.0302078597
-0.870451023002 13.2410417293 -33.0556548405
-0.848437950578 13.2039646259 -33.0848846569
-0.827262994965 13.1677337243 -33.1177017343
-0.807137883051 13.1327082506 -33.1538032381
-0.788323639751 13.099334394 -33.1927882163
-0.771120828487 13.0681283552 -33.2341748212
-0.755854817439 13.0396510001 -33.2774242789
-0.742857083926 13.0144758922 -33.3219696896
-0.732443966087 12.9931531325 -33.3672473267
-0.724894555319 12.9761718963 -33.412727878
-0.720429567361 12.9639247771 -33.4579450685
-0.719193018984 12.9566770055 -33.5025193129
-0.721238368529 12.9545433061 -33.5461744558
-0.726520463137 12.9574746027 -33.5887462275
-0.734894197361 12.9652560346 -33.6301817344
-0.746120261564 12.9775168533 -33.6705300432
-0.759877786977 12.9937518089 -33.70992466
-0.775783124583 13.0133526854 -33.7485593754
-0.793413475065 13.0356477886 -33.7866594919
-0.812333661022 13.0599464905 -33.8244508274
-0.832124037755 13.08558547 -33.8621290626
-0.852407401533 13.1119730782 -33.8998319584
-0.872872788451 13.1386283456 -33.9376167175
-0.893294262314 13.1652115099 -33.97544432
-0.913543152252 13.1915435698 -34.0131720723
-0.933592692367 13.2176132016 -34.050554908
-0.953514598314 13.2435703539 -34.0872552502
-0.973467743083 13.2697068758 -34.1228605222
-0.993679716112 13.2964255618 -34.1569067653
-1.01442261595 13.3241999147 -34.1889063205
-1.03598489112 13.3535276805 -34.2183772126
-1.05864136837 13.3848817127 -34.2448717542
-1.08262376556 13.4186619565 -34.2680019865
-1.10809396428 13.4551522713 -34.2874598712
-1.13512211618 13.4944854482 -34.3030306254
-1.16367129267 13.5366191475 -34.3145982068
-1.19358988807 13.5813246372 -34.3221426488
-1.2246123929 13.6281892217 -34.3257296703
-1.25636851168 13.6766321906 -34.3254936568
-1.28839996224 13.7259330721 -34.3216156991
-1.32018370935 13.7752700372 -34.3142988016
-1.35115990241 13.8237655315 -34.3037426245
-1.38076244232 13.8705356825 -34.2901201605
-1.40844992231 13.914739776 -34.2735585778
-1.43373468608 13.9556261371 -34.2541260895
-1.45620792074 13.9925710809 -34.2318261802
-1.47555903781 14.0251081886 -34.2065998613
-1.49158806306 14.0529459648 -34.1783359157
-1.50421031667 14.0759728705 -34.1468883671
-1.51345327296 14.0942497361 -34.1120997543
-1.51944609379 14.1079905416 -34.0738282462
-1.52240288322 14.1175334448 -34.0319762564
-1.52260116899 14.1233046554 -33.9865180356
-1.52035744352 14.1257782473 -33.937523757
-1.51600176901 14.1254352367 -33.8851778538
-1.50985345625 14.1227252032 -33.8297898144
-1.50219966914 14.1180334246 -33.7717962346
-1.49327850129 14.111655939 -33.7117536362
-1.48326764682 14.1037842171 -33.6503223138

/group/dc_2/15
15
posId 15
-1.51491787075 13.9873511696 -33.8632466753
-1.52429846428 14.0086146781 -33.8053769325
-1.53022126207 14.0246537124 -33.7471149108
-1.53274568942 14.0354337763 -33.6895004096
-1.53203734792 14.0411116474 -33.6333288528
-1.52834581673 14.0420054655 -33.5791186029
-1.52197606179 14.0385512041 -33.5271104604
-1.51325662205 14.0312504575 -33.4772985064
-1.50250803224 14.0206153512 -33.4294878508
-1.49001484263 14.0071166019 -33.3833717897
-1.47600412414 13.9911402906 -33.3386187159
-1.46063255913 13.9729578352 -33.2949581199
-1.44398320966 13.9527120797 -33.2522552652
-1.42607194273 13.9304205439 -33.2105655975
-1.40686240601 13.9059949209 -33.1701624635
-1.38628751216 13.8792740886 -33.1315349667
-1.36427470858 13.8500664347 -33.0953563931
-1.34077195792 13.8181963301 -33.0624271528
-1.31577136545 13.783549242 -33.0335992092
-1.28932775395 13.7461102733 -33.0096911276
-1.26157015518 13.7059918048 -32.9914039346
-1.23270507236 13.6634472876 -32.9792478142
-1.20301136268 13.6188699148 -32.973488302
-1.17282757018 13.5727766812 -32.9741182564
-1.14253339213 13.5257800179 -32.9808587706
-1.11252758655 13.4785505558 -32.9931887209
-1.08320495498 13.4317754788 -33.0103992533
-1.05493503145 13.3861172756 -33.031666584
-1.02804478409 13.3421774541 -33.0561343929
-1.00280703733 13.3004689972 -33.0829960591
-0.979435531902 13.2614001113 -33.1115671397
-0.958086658939 13.2252703213 -33.1413398073
-0.938867046542 13.1922783782 -33.172013257
-0.921845450674 13.1625399812 -33.2034970911
-0.90706689655 13.1361121398 -33.2358880194
-0.894566793957 13.1130202759 -33.2694234599
-0.884382834382 13.0932839582 -33.3044183989
-0.87656285517 13.0769375006 -33.3411938315
-0.871167474446 13.06404249 -33.3800060197
-0.868267077787 13.0546905219 -33.4209855686
-0.867933571022 13.0489958551 -33.4640939673
-0.870228093379 13.0470791634 -33.5091029456
-0.875186508258 13.0490448649 -33.555599045
-0.882804871764 13.0549554848 -33.6030125684
-0.893027168651 13.0648070189 -33.6506669495
-0.905737385538 13.0785092424 -33.6978419757
-0.920757485684 13.0958743537 -33.7438425129
-0.937852118637 13.116616317 -33.7880636609
-0.956740031621 13.1403618899 -33.830043693
-0.977111256257 13.166672784 -33.8694976577
-0.998648337911 13.195076877 -33.9063269643
-1.02104926074 13.225105095 -33.940603332
-1.04404938217 13.2563296665 -33.9725287787
-1.06743967656 13.2883990547 -34.0023764542
-1.09107890981 13.321065054 -34.0304196924
-1.11489799492 13.3541982937 -34.0568583359
-1.13889564358 13.3877896407 -34.0817519741
-1.1631254329 13.4219365959 -34.1049691208
-1.18767543053 13.4568155503 -34.1261596252
-1.21264244389 13.4926424939 -34.1447549407
-1.23810366682 13.5296262436 -34.1599975901
-1.26408890038 13.5679192965 -34.1709976529
-1.29055656995 13.6075718798 -34.1768107815
-1.31737643381 13.6484946016 -34.1765295322
-1.34432121159 13.690434301 -34.1693780083
-1.37106842345 13.7329663479 -34.1547991784
-1.39721262815 13.7755048826 -34.1325248464
-1.42228710374 13.8173305284 -34.1026200476
-1.44579295917 13.8576331651 -34.065496427
-1.46723282125 13.8955656499 -34.0218926014
-1.48614570577 13.9303031096 -33.9728232177

/group/dc_2/18
18
posId 18
-1.50992841504 13.8266086961 -33.8395251211
-1.52569924379 13.8579561424 -33.7788163996
-1.53615241939 13.8815303718 -33.7153319089
-1.54139470895 13.8971273402 -33.6521206881
-1.54178679648 13.9049964059 -33.591680789
-1.53786117048 13.9057512468 -33.5356591797
-1.53023186148 13.9002488035 -33.4847141381
-1.51951149103 13.8894571731 -33.4385621381
-1.50624782426 13.8743327177 -33.3961953092
-1.49088677681 13.8557226143 -33.356222657
-1.47376283514 13.8343027376 -33.317264993
-1.45511239958 13.8105535373 -33.2783245316
-1.43510174646 13.7847699272 -33.2390570435
-1.41385979578 13.7570963434 -33.1998956889
-1.39150678129 13.7275757882 -33.1620066834
-1.36817281835 13.6962019603 -33.1270912852
-1.34400438862 13.6629660298 -33.0970791697
-1.31916083107 13.6278933419 -33.0737788781
-1.29380600656 13.5910692258 -33.0585576632
-1.26810162837 13.5526561195 -33.0521146228
-1.24220801991 13.512905683 -33.0543896195
-1.21629548749 13.4721692071 -33.0646208804
-1.19056576324 13.4309077164 -33.0815327524
-1.16527906779 13.3897004065 -33.1036085258
-1.14077932092 13.3492473976 -33.1293870222
-1.11750876543 13.310361183 -33.1577190003
-1.09600424355 13.2739412891 -33.1879305928
-1.07687052909 13.2409288132 -33.2198632511
-1.06073089235 13.2122413755 -33.2537879661
-1.04816045697 13.1886938577 -33.2902195675
-1.0396126864 13.1709149811 -33.3296785406
-1.03535235801 13.1592731119 -33.3724583574
-1.03540880845 13.1538256547 -33.4184536326
-1.03956075161 13.154304437 -33.4670892113
-1.04735888017 13.1601446407 -33.5173661052
-1.05818564665 13.1705577763 -33.5680124963
-1.07134437753 13.1846411559 -33.6177030767
-1.08616366409 13.2015088444 -33.6652934526
-1.10209911543 13.2204237089 -33.7100119965
-1.11881395159 13.2409081801 -33.7515604947
-1.13622283688 13.2628133411 -33.7900953511
-1.15448938659 13.286331852 -33.8260885574
-1.17397587203 13.3119491373 -33.8600960712
-1.19515230942 13.3403376896 -33.8924843085
-1.21847970786 13.3722094235 -33.9231778653
-1.24428730603 13.4081488723 -33.9514902895
-1.27266514733 13.4484541581 -33.9760846246
-1.30339099979 13.4930122189 -33.9950844344
-1.33590483016 13.541229742 -34.0063244112
-1.36933586067 13.592032459 -34.0076991198
-1.40257819646 13.6439344294 -33.9975454796
-1.43440278666 13.6951676419 -33.9749843305
-1.46358757639 13.7438526614 -33.9401513368

/group/dc_2/21
21
posId 21
-1.55245568712 13.7333435453 -33.7588277586
-1.56933005453 13.7669013352 -33.6937309337
-1.57760840077 13.786783257 -33.633376935
-1.57679871827 13.7917363837 -33.5819453009
-1.56776221858 13.7830036178 -33.5400185358
-1.55240466565 13.7637979723 -33.5050403848
-1.53307761609 13.7382076845 -33.4728289065
-1.51190712512 13.7099389534 -33.4395200563
-1.49028327076 13.6813423739 -33.403191098
-1.46867148737 13.6530382191 -33.3645844394
-1.44677742147 13.6242118681 -33.326741128
-1.42396359256 13.5933942664 -33.2937936819
-1.39973102563 13.5593750512 -33.2694795457
-1.37407316029 13.5218795798 -33.2559984476
-1.34758026472 13.4817733102 -33.253636738
-1.32128660325 13.4407746949 -33.2612170949
-1.2963598915 13.4008652886 -33.2770664134
-1.27378853021 13.3636961383 -33.2999864494
-1.25420599831 13.3302608385 -33.3297460553
-1.23791474005 13.3009576504 -33.3668675453
-1.2250711491 13.2759669625 -33.4118333983
-1.21591533729 13.2557165475 -33.4641307218
-1.21090946538 13.2411652767 -33.5216459703
-1.21069500509 13.2337246725 -33.5807754184
-1.2158706263 13.2348161905 -33.637290369
-1.22668616229 13.2452485659 -33.6876345189
-1.24280025943 13.2647070788 -33.730098072
-1.26323378487 13.2916220627 -33.7653202746
-1.28657173345 13.3235322894 -33.7958275698
-1.3113561224 13.357842252 -33.8247179136
-1.33651933149 13.3926845629 -33.8539838922
-1.36167423074 13.4275248253 -33.8831615921
-1.38712261561 13.4632255466 -33.9089062373
-1.41355214321 13.5014926172 -33.9257525591
-1.44152132944 13.5438814058 -33.9278499132
-1.47092868169 13.5907352999 -33.9110578623
-1.50068370559 13.6404833694 -33.8746149318

/group/dc_2/24
24
posId 24
-1.71119577612 13.7990955221 -33.7732294051
-1.72345602047 13.8247181876 -33.7156180511
-1.73002333722 13.8418117088 -33.65675864
-1.73103678295 13.8503628061 -33.5985237417
-1.72698315458 13.8509329068 -33.5424156126
-1.71861774619 13.8445518292 -33.489445703
-1.70685606697 13.8325586088 -33.4400855335
-1.6926521206 13.8164127391 -33.3942931792
-1.676880288 13.7975025946 -33.3516088515
-1.66023683413 13.776977401 -33.3113034308
-1.64317376745 13.7556249578 -33.2725566866
-1.62587273885 13.733810066 -33.2346383095
-1.60826064994 13.7114793948 -33.197065258
-1.59006255174 13.6882287273 -33.159713154
-1.57088215502 13.6634196192 -33.122866868
-1.55029660336 13.636325774 -33.0872048387
-1.52795058807 13.6062858407 -33.0537216627
-1.5036355962 13.5728393396 -33.0236025337
-1.4773429137 13.535825917 -32.9980699027
-1.4492834754 13.4954345218 -32.9782262631
-1.41987303715 13.4521973244 -32.9649167964
-1.38968659619 13.4069319614 -32.9586318296
-1.35939065709 13.3606436266 -32.9594623163
-1.32966512375 13.3144044117 -32.9671129495
-1.30112782581 13.2692302698 -32.9809684169
-1.27427380505 13.2259756135 -33.0002001316
-1.24943867242 13.1852619841 -33.0238947789
-1.22679107888 13.1474510778 -33.0511831184
-1.2063543282 13.1126646919 -33.0813480711
-1.18805221336 13.0808461421 -33.1138950752
-1.17177008135 13.0518506837 -33.1485743312
-1.1574195801 13.0255475925 -33.1853527978
-1.14499492957 13.0019146022 -33.2243423072
-1.13460998488 12.9811066809 -33.265697569
-1.12650859959 12.9634854528 -33.3095029422
-1.121045332 12.9496022469 -33.3556688339
-1.11863863964 12.9401357115 -33.403857121
-1.11970355116 12.9357928798 -33.4534502862
-1.12457459878 12.9371892272 -33.5035717666
-1.13343190484 12.9447275029 -33.5531564541
-1.14624336876 12.9584962304 -33.6010617382
-1.16273384294 12.9782064953 -33.6462023159
-1.18238829851 13.003180267 -33.6876873833
-1.20449083747 13.0323958088 -33.7249375586
-1.22819578855 13.0645868832 -33.757761234
-1.25262189926 13.0983838106 -33.7863757252
-1.27695663237 13.1324773515 -33.8113667523
-1.30055544314 13.1657819961 -33.8335892435
-1.32302103044 13.1975743046 -33.8540217383
-1.34424996011 13.2275846847 -33.8735943572
-1.36443844115 13.2560270866 -33.8930151679
-1.38404478125 13.2835597107 -33.9126210098
-1.40371232271 13.3111797079 -33.9322761677
-1.42416253854 13.3400645682 -33.9513360314
-1.44607256926 13.3713809884 -33.9686839064
-1.46995409966 13.40608725 -33.9828387393
-1.49605069378 13.4447567177 -33.9921212084
-1.52426845678 13.4874476794 -33.9948569389
-1.55415047052 13.533638708 -33.9895898266
-1.58489947376 13.5822398439 -33.9752764932
-1.61544657979 13.6316794617 -33.9514350675
-1.64455740411 13.6800561635 -33.9182275236
-1.67096173972 13.7253359767 -33.8764638539

/group/dc_2/27
27
posId 27
-1.80898225696 13.8263933385 -33.3213936671
-1.78667623169 13.7976633343 -33.2775289769
-1.7639975416 13.7682254622 -33.2348255938
-1.7409625434 13.7380863773 -33.193435479
-1.71757014959 13.7072194368 -33.1535663108
-1.69380889257 13.6755759077 -33.11547784
-1.66966355646 13.6430961163 -33.0794732586
-1.64512098843 13.6097198506 -33.0458863781
-1.62017481627 13.5753954657 -33.0150657258
-1.59482892562 13.5400873094 -32.987356887
-1.56909967688 13.5037812649 -32.9630845291
-1.54301695832 13.4664883849 -32.9425355376
-1.51662426763 13.4282467535 -32.9259445748
-1.48997808321 13.3891218429 -32.9134831485
-1.46314682222 13.3492057231 -32.9052529739
-1.43620968497 13.3086155323 -32.901284046
-1.40925565343 13.2674916122 -32.9015374474
-1.38238285224 13.2259956699 -32.9059125285
-1.3556983975 13.1843092447 -32.9142577362
-1.32931876285 13.1426326462 -32.9263840794
-1.30337059166 13.1011844027 -32.9420800066
-1.27799179037 13.0602011278 -32.9611263682
-1.2533326595 13.0199375939 -32.9833101411
-1.22955676479 12.9806667035 -33.008435706
-1.2068412271 12.9426789877 -33.0363326881
-1.18537612017 12.9062812417 -33.0668596683
-1.16536271038 12.871793931 -33.0999034377
-1.14701035017 12.8395470735 -33.1353738539
-1.13053194147 12.8098744168 -33.1731947568
-1.11613800918 12.7831058715 -33.213291755
-1.1040295579 12.7595583329 -33.2555779983
-1.09439001618 12.7395251936 -33.299939259
-1.087376691 12.7232650213 -33.3462197573
-1.08311224885 12.7109900149 -33.3942101542
-1.08167680048 12.702854965 -33.4436390123
-1.08310118644 12.6989474984 -33.4941687917
-1.08736203584 12.6992803926 -33.5453971176
-1.0943791002 12.7037866832 -33.596863662
-1.10401525112 12.7123181688 -33.6480625401
-1.11607938043 12.7246477428 -33.6984596818
-1.13033226311 12.7404757591 -33.7475142138
-1.14649524958 12.7594403884 -33.7947025332
-1.16426145703 12.7811316514 -33.83954348
-1.18330894356 12.8051085545 -33.8816228553
-1.20331518875 12.8309185099 -33.9206154996
-1.22397208096 12.8581180261 -33.9563032391
-1.24500053655 12.88629351 -33.9885872354
-1.26616385597 12.915080953 -34.0174936095
-1.28727895986 12.9441832777 -34.0431716415
-1.30822474479 12.9733842109 -34.0658843425
-1.32894694804 13.0025577149 -34.0859917114
-1.34945910608 13.0316722433 -34.1039275065
-1.36983941977 13.0607893805 -34.1201708257
-1.39022358726 13.0900567566 -34.135214179
-1.41079391663 13.1196954751 -34.1495300166
-1.43176526802 13.1499826396 -34.1635378239
-1.45336858403 13.1812298797 -34.1775739063
-1.4758329322 13.2137590461 -34.1918658483
-1.49936709423 13.2478764467 -34.206513357
-1.52414178384 13.2838471141 -34.2214768107
-1.55027355595 13.3218706245 -34.236574344
-1.5778113837 13.3620599228 -34.2514877559
-1.60672673264 13.4044244513 -34.265776958
-1.63690776068 13.4488586432 -34.2789021226
-1.66815803254 13.4951365319 -34.2902521942
-1.70019987136 13.5429128766 -34.2991780125
-1.73268219721 13.5917308185 -34.3050279983
-1.76519243728 13.6410357031 -34.3071842002
-1.79727185482 13.6901943369 -34.3050964803
-1.82843344639 13.7385186348 -34.2983127605
-1.85818141325 13.7852923579 -34.2865035202
-1.88603113108 13.8297994736 -34.2694791316
-1.91152852692 13.8713525857 -34.2471990983
-1.93426782374 13.9093198971 -34.2197728067
-1.95390672756 13.9431492741 -34.1874519544
-1.97017829983 13.9723881746 -34.1506153608
-1.98289896916 13.9966984634 -34.1097473478
-1.99197237526 14.0158654569 -34.0654112705
-1.9973889893 14.0298008886 -34.0182200569
-1.99922170211 14.0385398461 -33.9688057597
-1.99761779895 14.0422320764 -33.9177901281
-1.99278793262 14.0411283671 -33.865758073
-1.98499285481 14.0355629672 -33.8132356371
-1.97452875969 14.0259332018 -33.7606737132
-1.96171213057 14.01267754 -33.7084383105
-1.94686495918 13.9962534073 -33.656807677
-1.93030113154 13.977115974 -33.6059760874
-1.91231465257 13.9556990244 -33.556063636
-1.89317022263 13.9323988186 -33.5071309622
-1.87309649687 13.9075616184 -33.4591975176
-1.85228216519 13.8814752799 -33.4122617705

/group/dc_2/30
30
posId 30
-2.06393433382 14.0312888825 -33.4140037214
-2.05135625452 14.0184185116 -33.3615887445
-2.03794260559 14.0041142027 -33.3105041199
-2.0237914914 13.9885166796 -33.2608233568
-2.00898931209 13.9717521737 -33.2125921057
-1.99360921433 13.9539295504 -33.1658324114
-1.97771011944 13.9351382266 -33.1205477085
-1.96133634942 13.9154469362 -33.0767283385
-1.94451784901 13.8949033717 -33.0343573514
-1.92727098069 13.8735346924 -32.9934163473
-1.90959984865 13.8513488652 -32.953891114
-1.89149808925 13.8283367685 -32.9157768291
-1.87295104948 13.8044749655 -32.8790826122
-1.85393826146 13.7797290296 -32.843835244
-1.83443611197 13.754057285 -32.8100819002
-1.81442059999 13.7274148142 -32.7778917902
-1.79387007394 13.699757573 -32.7473566349
-1.77276784242 13.671046456 -32.7185899629
-1.75110455898 13.6412511555 -32.6917252528
-1.72888029127 13.6103536697 -32.6669129948
-1.70610619831 13.5783513295 -32.6443167865
-1.68280575566 13.5452592338 -32.6241086179
-1.65901548628 13.511112006 -32.6064635297
-1.6347851745 13.475964813 -32.5915538576
-1.61017756063 13.4398936145 -32.5795432882
-1.58526753356 13.4029946418 -32.5705809619
-1.56014085836 13.3653831332 -32.5647958562
-1.53489249262 13.3271913826 -32.5622916736
-1.50962456149 13.2885661822 -32.5631424364
-1.48444407287 13.2496657622 -32.5673889677
-1.45946046418 13.2106563506 -32.5750364001
-1.43478307717 13.1717084867 -32.586052819
-1.4105186591 13.1329932307 -32.6003690989
-1.38676898685 13.0946784163 -32.6178799493
-1.36362870403 13.0569250851 -32.6384461399
-1.34118345271 13.0198842379 -32.6618978275
-1.31950836815 12.9836940215 -32.6880388667
-1.29866699039 12.9484774512 -32.7166519492
-1.2787106294 12.9143407471 -32.7475043817
-1.2596782019 12.8813723397 -32.7803542913
-1.24159653922 12.849642568 -32.8149570285
-1.22448114641 12.8192040722 -32.8510715303
-1.20833737491 12.7900928485 -32.8884664076
-1.19316195457 12.7623299128 -32.9269255322
-1.17894481649 12.735923493 -32.9662529152
-1.1656711265 12.7108716489 -33.006276699
-1.15332344114 12.6871652033 -33.0468521145
-1.14188389257 12.6647908543 -33.0878632997
-1.13133630846 12.643734333 -33.1292239154
-1.12166817488 12.623983469 -33.1708765418
-1.11287235718 12.6055310294 -33.2127908865
-1.104948503 12.5883772071 -33.2549608799
-1.09790406477 12.5725316489 -33.2974007782
-1.09175489427 12.5580149308 -33.3401404312
-1.08652537889 12.544859413 -33.383219906
-1.08224810814 12.5331094292 -33.4266836834
-1.07896307782 12.5228207953 -33.4705746606
-1.07671645849 12.514059647 -33.5149282025
-1.07555897252 12.5069006468 -33.5597664827
-1.07554394089 12.5014246239 -33.6050933469
-1.07672507463 12.4977157367 -33.6508899102
-1.07915409736 12.4958582672 -33.6971110746
-1.08287829312 12.495933173 -33.7436831172
-1.08793807849 12.498014533 -33.7905024606
-1.0943646979 12.5021660324 -33.8374356907
-1.10217813841 12.5084376284 -33.8843208407
-1.11138535253 12.5168625383 -33.9309699106
-1.12197886755 12.5274546765 -33.9771725445
-1.13393584562 12.5402066551 -34.0227007406
-1.14721764264 12.5550884397 -34.0673144325
-1.16176989567 12.5720467311 -34.1107677385
-1.17752314837 12.5910051133 -34.1528156556
-1.19439400393 12.6118649825 -34.1932209484
-1.21228677442 12.6345072402 -34.2317609779
-1.23109557634 12.6587947048 -34.2682342119
-1.25070680427 12.6845751675 -34.3024661677
-1.27100189935 12.7116849948 -34.3343145575
-1.29186031692 12.7399531536 -34.3636734319
-1.3131625887 12.7692055226 -34.3904761524
-1.33479336969 12.7992693358 -34.4146970674
-1.35664435911 12.8299776002 -34.4363518073
-1.37861698746 12.8611733263 -34.4554961704
-1.40062476914 12.8927134165 -34.4722236176
-1.42259523061 12.9244720644 -34.4866614479
-1.44447133874 12.9563435377 -34.4989657735
-1.46621237106 12.988244233 -34.5093154608
-1.48779418932 13.0201139227 -34.5179052392
-1.5092088988 13.0519161357 -34.5249382147
-1.53046389831 13.0836376505 -34.5306180479
-1.5515803475 13.1152871066 -34.5351410695
-1.57259109976 13.1468927761 -34.5386886127
-1.59353816888 13.1784995642 -34.5414198356
-1.61446981502 13.210165341 -34.5434652916
-1.63543735037 13.2419567261 -34.5449214805
-1.65649177594 13.2739444748 -34.5458465826
-1.67768036825 13.3061986265 -34.5462575329
-1.69904333753 13.3387835861 -34.5461285513
-1.7206106782 13.3717533169 -34.5453911912
-1.74239932615 13.4051468168 -34.5439359159
-1.76441072821 13.4389840448 -34.5416151604
-1.78662891524 13.4732624472 -34.538247782
-1.80901915359 13.5079542167 -34.5336247573
-1.83152722988 13.5430043897 -34.5275159358
-1.85407940252 13.5783298593 -34.5196776252
-1.8765830303 13.6138193517 -34.5098607559
-1.89892786484 13.6493343778 -34.4978193474
-1.92098797087 13.6847111406 -34.4833189946
-1.94262421608 13.7197633414 -34.4661450859
-1.96368725271 13.7542858027 -34.4461104801
-1.98402089535 13.7880587902 -34.4230623834
-2.00346578615 13.820852897 -34.3968882007
-2.02186322773 13.8524343293 -34.3675201688
-2.03905905896 13.8825704226 -34.3349386236
-2.05490744638 13.9110352055 -34.2991738002
-2.06927446771 13.9376148286 -34.2603061183
-2.08204137031 13.9621126795 -34.2184649558
-2.0931073994 13.9843540177 -34.173825967
-2.1023921053 14.0041899769 -34.1266070526
-2.10983705721 14.0215008064 -34.0770631333
-2.11540691163 14.0361982498 -34.0254799187
-2.11908980554 14.0482269874 -33.9721668984
-2.12089706807 14.0575651038 -33.9174498038
-2.12086226728 14.0642235731 -33.8616628063
-2.11903963161 14.06824479 -33.8051407235
-2.11550190643 14.0697002066 -33.7482114988
-2.11033772509 14.0686871656 -33.6911892084
-2.10364858963 14.0653250478 -33.6343678253
-2.0955455687 14.0597508725 -33.5780159397
-2.08614582891 14.0521145104 -33.5223725961

/group/dc_2/33
33
posId 33
-2.12805304722 13.9695199334 -33.3762116718
-2.119198734 13.962375856 -33.3233882875
-2.10934377359 13.9534568953 -33.272637297
-2.09850145255 13.9427858058 -33.2239379348
-2.0866750633 13.93037603 -33.1772201881
-2.07385897385 13.916232042 -33.1323754968
-2.06004025762 13.9003503885 -33.0892687547
-2.04520080912 13.8827213826 -33.0477510386
-2.02931984904 13.8633313763 -33.0076724672
-2.01237670333 13.8421655062 -32.9688945963
-1.99435372807 13.8192107848 -32.9313017893
-1.97523924435 13.7944593903 -32.8948110599
-1.95503034619 13.7679119991 -32.8593799613
-1.9337354496 13.7395809966 -32.8250121941
-1.91137646189 13.7094934111 -32.7917607173
-1.88799046695 13.6776934202 -32.7597282637
-1.86363084349 13.6442443033 -32.7290652863
-1.83836775849 13.6092297326 -32.6999654786
-1.81228800559 13.5727543274 -32.6726591225
-1.78549418774 13.5349434263 -32.6474046159
-1.7581032722 13.495942072 -32.6244786108
-1.7302445741 13.455913231 -32.6041652469
-1.7020572502 13.4150353148 -32.5867450049
-1.67368740595 13.3734990918 -32.5724837075
-1.64528493596 13.3315041146 -32.5616221809
-1.61700022953 13.289254805 -32.5543670486
-1.58898087842 13.2469563563 -32.5508830667
-1.56136852306 13.2048106232 -32.5512873264
-1.53429596703 13.1630121672 -32.5556455551
-1.50788467643 13.1217446219 -32.5639706408
-1.48224276309 13.0811775269 -32.5762233925
-1.45746352826 13.0414637581 -32.5923154427
-1.43362461754 13.0027376565 -32.6121140912
-1.41078781019 12.9651139264 -32.6354487982
-1.38899943694 12.9286873362 -32.6621189604
-1.36829139251 12.8935332242 -32.691902541
-1.34868268206 12.8597087705 -32.7245650938
-1.33018141766 12.827254965 -32.7598687064
-1.31278716097 12.7961991681 -32.7975804009
-1.29649349392 12.7665581361 -32.8374795635
-1.28129068991 12.7383413615 -32.8793640335
-1.26716835533 12.7115545639 -32.9230545538
-1.25411791359 12.6862031646 -32.9683973782
-1.2421348133 12.6622955731 -33.0152649266
-1.23122035629 12.6398461311 -33.0635544874
-1.22138306022 12.6188775681 -33.1131850697
-1.21263949359 12.5994228517 -33.164092607
-1.20501454677 12.5815263405 -33.2162238058
-1.19854112948 12.5652441826 -33.2695290042
-1.19325931331 12.5506439353 -33.3239544627
-1.18921496362 12.5378034202 -33.379434545
-1.18645792999 12.5268088621 -33.4358842569
-1.18503988465 12.5177523932 -33.4931925973
-1.18501191524 12.5107290349 -33.5512171431
-1.18642198918 12.5058332916 -33.6097802271
-1.18931241278 12.5031555109 -33.6686669941
-1.19371740824 12.5027781741 -33.7276255271
-1.19966092524 12.5047722858 -33.7863691299
-1.20715479275 12.509194024 -33.8445807458
-1.21619729985 12.5160818043 -33.9019193783
-1.22677227391 12.5254538898 -33.9580282759
-1.23884870046 12.5373066547 -34.0125445477
-1.25238090337 12.55161358 -34.0651097928
-1.26730927726 12.5683250273 -34.1153812674
-1.28356153791 12.5873687987 -34.1630430704
-1.30105443191 12.6086514597 -34.2078168162
-1.31969582529 12.6320603643 -34.249471269
-1.33938707334 12.6574662925 -34.2878304514
-1.36002556052 12.684726582 -34.3227797981
-1.38150729221 12.713688617 -34.3542700058
-1.40372941789 12.744193518 -34.38231833
-1.42659256931 12.7760798752 -34.4070071912
-1.45000290663 12.8091873603 -34.4284800753
-1.4738737803 12.8433600668 -34.4469348348
-1.49812693515 12.8784494363 -34.4626146206
-1.52269320606 12.914316654 -34.4757967864
-1.54751267924 12.9508344204 -34.4867802057
-1.57253431964 12.9878880375 -34.495871524
-1.59771509099 13.0253757793 -34.5033709241
-1.62301862003 13.0632085531 -34.5095580175
-1.64841347884 13.1013088886 -34.5146784785
-1.67387117827 13.1396093255 -34.5189320164
-1.69936397973 13.1780502985 -34.5224622307
-1.72486264206 13.2165776388 -34.5253488216
-1.75033422382 13.2551398326 -34.5276025285
-1.7757400592 13.2936851846 -34.529163059
-1.80103401806 13.3321590386 -34.5299001401
-1.82616114728 13.3705012041 -34.5296176923
-1.85105677262 13.4086437257 -34.5280609886
-1.87564611875 13.4465091152 -34.5249265326
-1.89984447992 13.4840091432 -34.5198742688
-1.9235579477 13.521044258 -34.5125416335
-1.94668467505 13.55750367 -34.5025588727
-1.96911663008 13.5932661058 -34.4895649956
-1.99074176853 13.628201205 -34.4732236997
-2.01144653352 13.6621714983 -34.4532386024
-2.03111857412 13.6950348801 -34.42936714
-2.04964956302 13.726647463 -34.4014325518
-2.06693798721 13.7568666811 -34.3693334431
-2.08289178564 13.7855545006 -34.3330505284
-2.09743071366 13.8125805866 -34.2926502718
-2.11048832536 13.8378252784 -34.2482852745
-2.12201348168 13.8611822348 -34.2001914001
-2.13197131339 13.8825606254 -34.1486817635
-2.1403435924 13.9018867657 -34.0941378438
-2.14712849173 13.9191051207 -34.0369981036
-2.15233974269 13.9341786305 -33.9777445974
-2.15600522529 13.9470883461 -33.9168881393
-2.15816505413 13.9578323942 -33.8549526513
-2.15886924576 13.9664243232 -33.7924593491
-2.15817507281 13.9728909132 -33.7299114174
-2.15614422527 13.9772695574 -33.6677798027
-2.15283990843 13.9796053437 -33.6064906947
-2.14832401069 13.9799479808 -33.546415187
-2.14265447145 13.9783487195 -33.4878615083

/group/dc_2/36
36
posId 36
-2.17822950353 13.8937018593 -33.3923252484
-2.16826689849 13.8856859545 -33.3327038293
-2.15786288203 13.8767232372 -33.2753586655
-2.14709760639 13.8669214648 -33.2204097902
-2.13602439546 13.8563546628 -33.1679176386
-2.12466874361 13.8450609508 -33.1178884315
-2.11302847324 13.8330419281 -33.0702812803
-2.10107503938 13.8202636408 -33.0250166789
-2.08875592565 13.8066590917 -32.9819860058
-2.07599803356 13.792132192 -32.9410616251
-2.06271192921 13.7765629993 -32.9021071661
-2.04879677806 13.7598140336 -32.8649875593
-2.03414577276 13.7417374221 -32.8295784297
-2.01865183984 13.7221825911 -32.7957744816
-2.00221340131 13.7010042003 -32.7634965591
-1.98473996526 13.678070007 -32.7326971257
-1.96615732713 13.6532683488 -32.7033639783
-1.94641217878 13.6265149496 -32.6755220868
-1.92547594617 13.5977587777 -32.6492335285
-1.90334770703 13.5669867254 -32.6245955686
-1.8800560758 13.5342269217 -32.6017370118
-1.85565998373 13.4995505444 -32.580813022
-1.83024832509 13.4630720578 -32.5619986664
-1.80393848452 13.4249478606 -32.5454814901
-1.77687380373 13.3853733928 -32.5314534637
-1.74922008682 13.3445788081 -32.5201026664
-1.72116128033 13.3028233754 -32.5116050748
-1.69289449517 13.2603888222 -32.5061168154
-1.66462456281 13.2175718702 -32.5037672166
-1.63655833454 13.1746762491 -32.5046529551
-1.60889894202 13.1320044883 -32.5088335427
-1.58184023695 13.0898498005 -32.516328338
-1.55556161976 13.0484883587 -32.5271151996
-1.53022345056 13.0081722596 -32.5411308253
-1.5059632113 12.969123432 -32.5582727479
-1.48289255781 12.9315287156 -32.5784028863
-1.46109536434 12.8955362856 -32.6013524833
-1.44062682345 12.8612535469 -32.6269282017
-1.42151362222 12.8287465633 -32.6549191006
-1.40375517296 12.798041027 -32.6851041768
-1.38732583536 12.7691247117 -32.7172601313
-1.3721780281 12.741951297 -32.751169013
-1.35824609345 12.7164453966 -32.7866253965
-1.34545074972 12.6925085783 -32.8234427717
-1.3337039442 12.6700261222 -32.861458858
-1.32291390486 12.6488742426 -32.900539603
-1.31299018257 12.6289274735 -32.9405816817
-1.30384847806 12.610065922 -32.9815133808
-1.29541505769 12.5921820938 -33.02329382
-1.28763058067 12.5751870185 -33.0659105393
-1.2804531853 12.5590154296 -33.109375552
-1.2738607133 12.5436297945 -33.1537200315
-1.26785198694 12.529023038 -33.1989878655
-1.26244709341 12.5152198528 -33.2452283588
-1.25768667147 12.5022765529 -33.2924884133
-1.25363023663 12.4902794824 -33.340804536
-1.25035362047 12.4793420486 -33.3901950427
-1.24794563594 12.4696005092 -33.4406528202
-1.2465041119 12.4612086884 -33.4921389943
-1.246131466 12.4543318429 -33.544577815
-1.24693000342 12.4491399307 -33.5978530267
-1.2489971401 12.4458005619 -33.6518059325
-1.25242075195 12.4444719206 -33.7062352915
-1.25727484601 12.4452959485 -33.7608991165
-1.26361573627 12.4483920719 -33.8155183586
-1.27147888583 12.4538517278 -33.8697823867
-1.28087654975 12.4617339155 -33.9233560925
-1.29179631986 12.4720619568 -33.9758883807
-1.30420063564 12.4848215986 -34.0270217424
-1.31802728562 12.4999605376 -34.076402556
-1.33319088275 12.5173893903 -34.1236917249
-1.34958525711 12.5369840705 -34.1685752369
-1.36708667112 12.5585894805 -34.2107742243
-1.38555772868 12.5820243701 -34.2500541151
-1.4048518201 12.6070871682 -34.2862324901
-1.42481792255 12.633562552 -34.3191853073
-1.44530556009 12.6612284918 -34.3488512074
-1.46616972018 12.6898634845 -34.3752336869
-1.4872755242 12.7192536859 -34.3984010012
-1.50850245899 12.7491996532 -34.4184837464
-1.52974799287 12.7795224235 -34.4356701565
-1.55093042448 12.8100686827 -34.450199241
-1.57199084273 12.8407148136 -34.4623519715
-1.5928941122 12.871369659 -34.4724408072
-1.61362883725 12.901975884 -34.4807979114
-1.63420629961 12.932509882 -34.487762472
-1.654658406 12.9629802247 -34.493667576
-1.6750347227 12.9934247169 -34.4988271122
-1.69539871185 13.0239061726 -34.5035231825
-1.71582331724 13.0545070826 -34.507994491
-1.73638607527 13.0853233869 -34.5124261485
-1.75716394674 13.1164576048 -34.5169412839
-1.77822807873 13.1480116008 -34.5215947946
-1.79963870989 13.1800792815 -34.5263694884
-1.82144042891 13.2127395226 -34.5311747905
-1.84365798338 13.2460496163 -34.5358480925
-1.86629281632 13.2800395132 -34.5401587284
-1.88932048013 13.3147070987 -34.543814464
-1.91268904417 13.3500147064 -34.5464702987
-1.93631857405 13.3858870223 -34.5477392881
-1.96010171888 13.4222104779 -34.5472050274
-1.9839053997 13.4588341744 -34.5444353695
-2.00757354877 13.4955723166 -34.5389969072
-2.03093080789 13.5322080766 -34.5304697214
-2.05378705603 13.5684987522 -34.5184618842
-2.07594260282 13.6041820295 -34.5026232144
-2.0971938576 13.6389831179 -34.4826578112
-2.1173392642 13.6726224898 -34.4583349328
-2.13618527934 13.7048239297 -34.4294978476
-2.15355217022 13.7353225885 -34.3960703593
-2.1692794119 13.7638727329 -34.3580607886
-2.18323047979 13.7902548937 -34.315563289
-2.19529685443 13.8142821376 -34.2687564654
-2.20540108546 13.8358052207 -34.2178993648
-2.21349879689 13.8547164254 -34.1633249971
-2.21957955611 13.8709519317 -34.105431634
-2.22366657208 13.8844926328 -34.0446722087
-2.22581523312 13.8953633625 -33.9815422051
-2.22611053879 13.9036305663 -33.9165664721
-2.22466352285 13.9093985068 -33.8502854354
-2.221606803 13.9128041523 -33.7832411907
-2.21708942643 13.9140109471 -33.715963961
-2.21127120721 13.9132017086 -33.6489593807
-2.20431677099 13.9105709277 -33.5826970289
-2.19638953367 13.906316773 -33.5176005838

/group/dc_2/39
39
posId 39
-2.26695035647 13.8941983864 -33.4187451275
-2.25759237042 13.8860072763 -33.3682420374
-2.24757233388 13.8768845961 -33.3170924689
-2.2368904715 13.8668221907 -33.2653670559
-2.2255341952 13.8557872174 -33.2131792687
-2.21347888145 13.8437230935 -33.1606873891
-2.20068918333 13.830551492 -33.1080945493
-2.18712085199 13.8161753519 -33.0556467893
-2.17272302048 13.8004828282 -33.0036291706
-2.15744088279 13.7833520623 -32.9523600701
-2.14121868255 13.7646566193 -32.902183859
-2.12400291056 13.7442714049 -32.853462244
-2.1057455982 13.7220788482 -32.8065646095
-2.08640758621 13.6979751206 -32.7618577463
-2.06596164511 13.6718761532 -32.7196953816
-2.04439532527 13.6437232133 -32.6804079408
-2.0217134212 13.6134878149 -32.644292962
-1.99793994581 13.5811757547 -32.6116065644
-1.97311952633 13.5468300971 -32.5825563267
-1.94731815285 13.5105329666 -32.5572958777
-1.92062323324 13.4724060481 -32.5359214288
-1.89314293316 13.4326097464 -32.5184703993
-1.86500480605 13.3913410036 -32.504922197
-1.83635374458 13.3488298262 -32.4952011261
-1.80734931115 13.3053346233 -32.4891813058
-1.77816252858 13.2611365045 -32.4866933954
-1.74897223398 13.2165327287 -32.4875328481
-1.71996111611 13.1718295271 -32.4914693471
-1.69131157001 13.1273345534 -32.4982570293
-1.66320151104 13.0833492292 -32.5076450664
-1.63580029353 13.0401612589 -32.5193881581
-1.60926487681 12.9980375862 -32.533256495
-1.58373637346 12.9572180476 -32.5490447696
-1.55933710174 12.9179099546 -32.5665798564
-1.5361682463 12.8802838024 -32.5857268347
-1.51430820951 12.8444702621 -32.6063931009
-1.49381171085 12.8105585633 -32.6285303974
-1.47470966449 12.7785963246 -32.6521346719
-1.45700983683 12.7485908325 -32.6772437764
-1.44069825717 12.7205117174 -32.7039331046
-1.42574132722 12.6942949195 -32.7323093562
-1.41208854953 12.669847792 -32.7625026964
-1.39967577282 12.6470551446 -32.7946576462
-1.38842883317 12.6257859966 -32.8289230956
-1.37826745663 12.6059007815 -32.865441869
-1.3691092797 12.5872587325 -32.9043402917
-1.36087384087 12.5697251683 -32.945718206
-1.35348639862 12.5531784091 -32.9896398701
-1.34688143902 12.537516066 -33.036126132
-1.34100574849 12.522660472 -33.0851482215
-1.33582094484 12.5085630609 -33.1366234318
-1.33130538074 12.4952075374 -33.1904128861
-1.32745535758 12.4826117333 -33.2463214943
-1.32428561426 12.4708280922 -33.3041001161
-1.32182908214 12.4599427801 -33.3634498516
-1.32013592456 12.4500734684 -33.4240282932
-1.31927190513 12.4413658882 -33.4854574925
-1.31931615289 12.4339892969 -33.5473333212
-1.32035841299 12.4281310375 -33.6092358524
-1.32249588865 12.4239904026 -33.6707403447
-1.32582979279 12.4217720361 -33.7314283886
-1.33046173543 12.4216791185 -33.7908987718
-1.33649007604 12.4239065839 -33.8487776332
-1.34400636781 12.4286346115 -33.9047275062
-1.35309201381 12.4360226143 -33.9584549053
-1.3638152441 12.4462039283 -34.0097161686
-1.3762285073 12.4592813671 -34.0583213486
-1.39036635221 12.475323775 -34.1041360227
-1.40624385444 12.4943636643 -34.1470809886
-1.42385562107 12.5163959835 -34.1871298936
-1.44317538393 12.5413780139 -34.2243049381
-1.46415617012 12.5692303525 -34.2586708696
-1.48673101783 12.599838896 -34.2903275555
-1.5108141869 12.6330577107 -34.3194014791
-1.53630279816 12.668712637 -34.3460365441
-1.56307882304 12.7066054632 -34.3703845982
-1.59101133675 12.7465184847 -34.3925960912
-1.61995894379 12.7882192605 -34.4128112737
-1.6497722841 12.831465383 -34.4311523093
-1.68029653173 12.8760090864 -34.4477166326
-1.71137380502 12.9216015384 -34.4625718204
-1.74284541718 12.9679966821 -34.4757521784
-1.7745539095 13.0149545254 -34.487257161
-1.80634482324 13.0622438077 -34.4970516644
-1.8380681825 13.1096440057 -34.5050681424
-1.86957967596 13.1569466767 -34.5112104193
-1.90074154104 13.2039561681 -34.5153589931
-1.93142316821 13.2504897538 -34.5173775627
-1.96150145557 13.2963772811 -34.5171204554
-1.99086095389 13.3414604331 -34.5144405958
-2.01939384935 13.3855917244 -34.5091976354
-2.04699983541 13.4286333546 -34.5012658578
-2.07358592592 13.4704560443 -34.4905414881
-2.09906625942 13.5109379696 -34.4769490654
-2.12336193928 13.5499639004 -34.460446583
-2.14640094644 13.5874246255 -34.4410291588
-2.16811815147 13.6232167267 -34.4187310694
-2.18845544156 13.6572427349 -34.3936260568
-2.20736196508 13.6894116758 -34.3658258972
-2.22479448455 13.71963998 -34.335477303
-2.2407178164 13.7478527095 -34.3027573067
-2.25510532541 13.7739850229 -34.2678673449
-2.26793943285 13.7979837844 -34.2310263219
-2.27921209085 13.8198092054 -34.1924629801
-2.28892517186 13.8394363958 -34.152407937
-2.29709072135 13.8568567025 -34.1110857641
-2.30373102462 13.8720787139 -34.0687074831
-2.30887844399 13.8851288211 -34.0254638363
-2.31257499161 13.896051245 -33.9815196523
-2.31487161386 13.904907458 -33.9370095808
-2.31582717693 13.9117749606 -33.8920354058
-2.31550715748 13.9167454024 -33.8466650759
-2.31398205815 13.9199220686 -33.8009335113
-2.31132558261 13.9214167904 -33.7548451649
-2.30761262014 13.9213463651 -33.7083782333
-2.30291710231 13.9198286056 -33.6614903364
-2.29730980573 13.9169781602 -33.6141254157
-2.2908561826 13.9129022664 -33.5662215402
-2.28361430582 13.9076966122 -33.5177192661

/group/dc_2/42
42
posId 42
-2.32208912469 13.8727666561 -33.400484667
-2.31255194618 13.8646279445 -33.3472752268
-2.30216655791 13.8551446858 -33.2944929305
-2.29095339633 13.8443391549 -33.2422116047
-2.2789234031 13.8322188821 -33.1905073141
-2.26607842169 13.8187768749 -33.1394615436
-2.2524120415 13.803992552 -33.089164129
-2.23791086554 13.7878333715 -33.0397157902
-2.22255615988 13.7702571038 -32.9912301393
-2.20632582683 13.7512146747 -32.9438350556
-2.18919662918 13.7306534765 -32.8976733476
-2.17114658155 13.7085210264 -32.8529026506
-2.1521574159 13.6847688315 -32.809694542
-2.13221702415 13.6593563119 -32.7682328882
-2.11132177926 13.632254625 -32.7287114696
-2.08947863966 13.6034502366 -32.6913309624
-2.06670694859 13.5729480931 -32.6562953799
-2.04303985064 13.5407742578 -32.6238081024
-2.01852526147 13.5069778996 -32.5940676417
-1.99322634353 13.4716325406 -32.5672632952
-1.96722145905 13.4348365011 -32.5435708543
-1.94060359156 13.3967125082 -32.523148526
-1.91347924809 13.3574064685 -32.5061332217
-1.88596687389 13.3170854371 -32.4926373497
-1.85819483119 13.2759348473 -32.4827462312
-1.83029901046 13.2341550932 -32.476516231
-1.80242015715 13.1919575851 -32.4739736691
-1.77470100884 13.1495604186 -32.4751145449
-1.74728334471 13.1071838107 -32.4799050772
-1.72030505376 13.0650454711 -32.4882830282
-1.69389732705 13.0233560752 -32.5001597495
-1.66818207529 12.9823150048 -32.5154228641
-1.6432696639 12.9421065091 -32.5339394695
-1.61925704609 12.9028964265 -32.5555597321
-1.59622635848 12.864829581 -32.5801207295
-1.5742440265 12.8280279446 -32.607450389
-1.55336040656 12.7925896241 -32.637371373
-1.53360997173 12.7585887013 -32.6697047641
-1.51501202653 12.7260759185 -32.7042734204
-1.49757191609 12.6950801729 -32.7409048821
-1.48128267657 12.6656107473 -32.7794337398
-1.46612705684 12.637660181 -32.819703395
-1.45207982788 12.6112076559 -32.8615671748
-1.43911028616 12.5862227586 -32.9048887911
-1.42718485071 12.5626694607 -32.9495421646
-1.41626965121 12.540510156 -32.9954106602
-1.40633300601 12.5197095932 -33.042385809
-1.39734769469 12.5002385441 -33.0903656086
-1.38929293918 12.4820770659 -33.1392525172
-1.38215601984 12.4652172288 -33.1889512603
-1.3759334688 12.4496652054 -33.2393665834
-1.37063179985 12.4354426455 -33.2904010762
-1.36626775334 12.4225872876 -33.3419531926
-1.36286805397 12.4111527913 -33.3939155768
-1.36046869847 12.4012078038 -33.4461737894
-1.35911380826 12.392834308 -33.4986055071
-1.35885409904 12.386125322 -33.5510802427
-1.35974503274 12.3811820505 -33.6034596102
-1.36184472895 12.3781106036 -33.6555981274
-1.36521172026 12.3770184171 -33.7073445249
-1.36990264059 12.3780105171 -33.7585435047
-1.37596993563 12.381185773 -33.8090378673
-1.38345968173 12.3866332841 -33.8586709095
-1.39240959256 12.3944290328 -33.9072889797
-1.40284728357 12.4046329273 -33.95474407
-1.4147888515 12.4172863343 -34.0008963204
-1.42823781209 12.4324101835 -34.0456163141
-1.44318442329 12.4500036983 -34.0887870501
-1.45960540463 12.4700437813 -34.1303054966
-1.47746404739 12.4924850556 -34.1700836433
-1.4967106941 12.5172605359 -34.2080489963
-1.5172835521 12.5442828809 -34.2441444844
-1.5391097934 12.5734461521 -34.2783277715
-1.56210688353 12.6046279915 -34.3105699992
-1.58618407517 12.637692112 -34.3408540105
-1.61124399864 12.6724909898 -34.3691721284
-1.63718428092 12.7088686418 -34.3955235877
-1.66389912727 12.7466633733 -34.4199117352
-1.69128080538 12.7857103907 -34.4423411237
-1.71922097993 12.8258441817 -34.462814636
-1.74761185593 12.8669005853 -34.4813307729
-1.77634710123 12.9087184885 -34.4978812356
-1.80532253155 12.9511411122 -34.5124489222
-1.83443655484 12.9940168672 -34.5250064392
-1.86359038493 13.0371997875 -34.5355152115
-1.8926880468 13.0805495665 -34.5439252452
-1.92163620618 13.1239312441 -34.5501755725
-1.95034386554 13.1672146073 -34.5541953769
-1.97872197433 13.210273383 -34.5559057679
-2.00668300526 13.2529843073 -34.5552221445
-2.03414054932 13.2952261633 -34.5520570622
-2.06100897984 13.3368788768 -34.5463234927
-2.08720323129 13.377822755 -34.5379383489
-2.11263873125 13.4179379438 -34.526826133
-2.13723151414 13.4571041651 -34.5129225606
-2.16089853452 13.49520078 -34.4961780092
-2.18355818534 13.5321072017 -34.4765606481
-2.2051310138 13.5677036653 -34.4540591175
-2.22554061478 13.601872335 -34.4286846414
-2.24471467015 13.6344987145 -34.4004724807
-2.26258609174 13.6654733009 -34.3694826632
-2.27909421712 13.6946934126 -34.335799951
-2.2941860014 13.7220651015 -34.2995330432
-2.30781714479 13.7475050573 -34.2608130375
-2.31995309506 13.770942403 -34.2197912105
-2.33056986692 13.792320283 -34.1766362013
-2.33965462564 13.81159715 -34.1315307082
-2.34720599066 13.828747668 -34.0846678312
-2.35323402583 13.8437631631 -34.0362472037
-2.35775989549 13.8566515705 -33.9864710701
-2.3608151801 13.8674368516 -33.9355404629
-2.36244085995 13.8761578736 -33.8836516338
-2.36268599074 13.8828667725 -33.8309928774
-2.36160610957 13.8876268429 -33.7777418725
-2.35926142304 13.890510021 -33.7240636421
-2.35571484099 13.8915940489 -33.6701092057
-2.35102992812 13.8909594251 -33.6160149705
-2.34526885238 13.8886862597 -33.5619028723
-2.33849041147 13.8848511606 -33.5078812472

/group/dc_2/45
45
posId 45
-2.39859488876 13.8641899421 -33.787145184
-2.39782278027 13.869875069 -33.730105232
-2.39574555498 13.8735420796 -33.673301081
-2.39239738464 13.8752175623 -33.6169447635
-2.3878200028 13.8749435053 -33.561216136
-2.38206208515 13.8727764675 -33.5062619124
-2.37517831493 13.8687861155 -33.4521959886
-2.36722816183 13.8630531715 -33.3991010159
-2.3582744178 13.8556668535 -33.3470311326
-2.34838154697 13.8467219074 -33.2960157181
-2.33761391771 13.836315358 -33.2460639945
-2.32603399318 13.82454312 -33.1971702691
-2.3137005612 13.8114966188 -33.1493195883
-2.30066708548 13.7972595765 -33.1024935604
-2.2869802574 13.7819051128 -33.0566760987
-2.27267882117 13.7654933016 -33.0118588473
-2.25779273524 13.7480693045 -32.9680460631
-2.24234271981 13.7296621833 -32.9252587567
-2.22634022489 13.7102844622 -32.8835379259
-2.20978783562 13.6899324809 -32.8429467555
-2.19268011323 13.6685875463 -32.8035717014
-2.17500485079 13.6462178552 -32.7655224248
-2.15674470444 13.6227811256 -32.7289305882
-2.13787914351 13.5982278448 -32.6939475751
-2.11838664773 13.5725050099 -32.6607412368
-2.098247067 13.5455602169 -32.6294918094
-2.07744405052 13.5173459343 -32.6003871773
-2.05596744605 13.4878237846 -32.5736176842
-2.03381556925 13.4569686571 -32.5493707087
-2.01099724556 13.4247724748 -32.5278252285
-1.98753353431 13.3912474511 -32.509146596
-1.96345905544 13.3564286912 -32.4934817332
-1.93882285374 13.3203760137 -32.4809549376
-1.9136887529 13.2831749025 -32.4716644586
-1.88813517111 13.2449365298 -32.4656799718
-1.86225439134 13.2057968284 -32.4630410364
-1.83615130101 13.1659146329 -32.4637565822
-1.80994163731 13.125468942 -32.4678054228
-1.78374979486 13.0846553965 -32.4751377537
-1.7577062705 13.0436820951 -32.4856775478
-1.73194483613 13.0027649025 -32.4993257284
-1.70659954185 12.9621224241 -32.5159639645
-1.6818016605 12.9219708373 -32.5354589125
-1.65767668815 12.8825187778 -32.5576667088
-1.63434151419 12.8439624789 -32.5824375145
-1.61190186963 12.806481352 -32.6096199101
-1.59045015211 12.770234183 -32.6390649531
-1.57006371262 12.7353560932 -32.6706297258
-1.55080367132 12.7019563856 -32.7041802301
-1.53271430983 12.6701173626 -32.739593515
-1.5158230651 12.6398941619 -32.7767589621
-1.50014112638 12.6113156179 -32.815578693
-1.48566461336 12.5843861135 -32.8559671034
-1.47237629051 12.5590883491 -32.8978495714
-1.46024775104 12.5353869176 -32.9411604239
-1.44924198552 12.5132325391 -32.9858402796
-1.43931623421 12.492566787 -33.0318329182
-1.43042501065 12.4733271105 -33.0790818436
-1.42252317668 12.4554519511 -33.1275267266
-1.4155689464 12.4388857419 -33.1770999163
-1.40952669895 12.423583585 -33.2277232063
-1.40436948668 12.4095154125 -33.2793050322
-1.4000811368 12.3966694574 -33.3317382541
-1.39665786012 12.3850548868 -33.3848986544
-1.39410929914 12.3747034833 -33.4386442464
-1.39245896948 12.3656702968 -33.4928154511
-1.39174407202 12.3580332294 -33.5472361618
-1.39201467721 12.3518915603 -33.6017156724
-1.39333230747 12.3473634566 -33.6560514053
-1.39576796667 12.3445825562 -33.7100323374
-1.39939968711 12.3436937491 -33.7634429871
-1.40430968282 12.3448483094 -33.8160677989
-1.41058121315 12.3481985606 -33.8676957397
-1.41829527154 12.3538922734 -33.9181249092
-1.4275272211 12.3620670036 -33.9671669609
-1.43834349995 12.3728445844 -34.0146511365
-1.45079851695 12.3863259769 -34.0604277295
-1.46493185028 12.4025866703 -34.1043708154
-1.48076584991 12.421672803 -34.1463801157
-1.49830372907 12.4435981443 -34.1863818986
-1.51752821122 12.4683420459 -34.2243288588
-1.53840077792 12.4958484342 -34.2601989645
-1.56086154003 12.5260258729 -34.2939933012
-1.58482973193 12.5587486881 -34.3257329892
-1.61020480509 12.5938591031 -34.3554552912
-1.63686807592 12.6311702981 -34.3832090632
-1.66468486307 12.670470273 -34.409049734
-1.69350703286 12.7115263633 -34.4330340223
-1.72317585788 12.7540902388 -34.4552146132
-1.7535250848 12.7979031985 -34.4756350245
-1.78438410215 12.8427015676 -34.4943248877
-1.8155810983 12.8882220046 -34.5112958546
-1.84694610346 12.9342065333 -34.526538321
-1.87831381733 12.9804071309 -34.5400191235
-1.90952613556 13.0265897247 -34.5516803327
-1.940434303 13.0725374793 -34.561439219
-1.97090063879 13.1180532857 -34.5691894221
-2.00079979741 13.1629614008 -34.5748033058
-2.03001954984 13.2071082202 -34.5781354316
-2.05846108869 13.2503622049 -34.579027036
-2.08603888074 13.2926130157 -34.5773113569
-2.11268010763 13.3337699406 -34.5728196153
-2.13832375114 13.3737597289 -34.5653874308
-2.16291939168 13.4125239642 -34.5548614279
-2.18642579788 13.4500161268 -34.5411057804
-2.20880939043 13.4861985029 -34.5240084391
-2.23004266495 13.5210390979 -34.5034867988
-2.25010265617 13.554508708 -34.479492579
-2.26896951981 13.5865782893 -34.4520157199
-2.28662529917 13.6172167463 -34.4210871364
-2.30305293115 13.6463892368 -34.386780209
-2.31823553198 13.6740560638 -34.3492109451
-2.33215598697 13.7001721931 -34.3085367909
-2.34479685172 13.7246874034 -34.2649541273
-2.35614055524 13.7475470459 -34.2186945343
-2.36616987975 13.7686933573 -34.1700199553
-2.37486867675 13.788067245 -34.1192169355
-2.38222276722 13.8056104385 -34.0665901428
-2.3882209636 13.8212678849 -34.012455409
-2.39285614497 13.8349902527 -33.9571325455
-2.39612631389 13.8467364024 -33.9009381945

/group/dc_2/48
48
posId 48
-2.41724146659 13.8489379284 -33.7795131504
-2.4172804836 13.8558023205 -33.7229499509
-2.4159481601 13.8605359156 -33.6667199503
-2.41325880552 13.8631376826 -33.611013055
-2.40923930312 13.8636295304 -33.555987832
-2.40392845116 13.8620553857 -33.5017708271
-2.39737584608 13.8584794287 -33.4484570743
-2.38964035327 13.8529835613 -33.3961117644
-2.38078822882 13.8456642122 -33.3447729966
-2.37089097094 13.8366286141 -33.2944554974
-2.36002299134 13.825990708 -33.2451551536
-2.34825920549 13.8138668485 -33.1968541757
-2.33567264412 13.8003714894 -33.1495266863
-2.32233218841 13.785613035 -33.1031445101
-2.30830052648 13.769690031 -33.0576829352
-2.29363242016 13.7526878597 -33.0131262191
-2.2783733585 13.7346760824 -32.9694726195
-2.26255865867 13.7157065435 -32.9267387526
-2.24621305651 13.6958123248 -32.8849631029
-2.22935080866 13.6750075974 -32.8442085461
-2.21197630703 13.6532883859 -32.8045637805
-2.19408518452 13.6306342212 -32.766143607
-2.17566587039 13.6070106181 -32.7290880408
-2.15670153421 13.5823722834 -32.6935602813
-2.13717234059 13.5566669263 -32.6597436143
-2.11705792277 13.5298395171 -32.6278373547
-2.09633997328 13.5018368228 -32.5980519818
-2.07500484372 13.4726120315 -32.5706036438
-2.05304604359 13.4421292744 -32.5457082349
-2.03046653157 13.4103678572 -32.5235752635
-2.00728069906 13.3773260191 -32.5044017382
-1.98351595744 13.3430240598 -32.4883662955
-1.9592138555 13.3075066942 -32.4756237853
-1.93443067127 13.270844527 -32.4663005122
-1.90923744335 13.2331345738 -32.460490304
-1.88371942875 13.1944997908 -32.458251549
-1.85797499715 13.1550876165 -32.4596053057
-1.83211399422 13.1150675671 -32.4645345486
-1.80625562822 13.0746279662 -32.4729845704
-1.78052595371 13.0339719233 -32.4848645187
-1.75505504312 12.9933127087 -32.5000500023
-1.72997395037 12.952868694 -32.5183866645
-1.70541158011 12.9128580497 -32.539694583
-1.68149158117 12.8734934004 -32.5637733301
-1.65832938319 12.8349766415 -32.5904075028
-1.636029491 12.7974941175 -32.6193725156
-1.61468314244 12.761212348 -32.6504404452
-1.59436642226 12.726274468 -32.6833857146
-1.57513890757 12.6927975233 -32.7179904146
-1.55704290066 12.6608707257 -32.7540490786
-1.54010328238 12.6305547408 -32.7913727485
-1.52432799538 12.6018820363 -32.8297922014
-1.50970914245 12.5748582809 -32.8691602414
-1.49622466072 12.5494647408 -32.9093529969
-1.48384051001 12.5256615811 -32.9502702063
-1.47251329323 12.5033919461 -32.9918345138
-1.4621932091 12.4825866576 -33.0339898343
-1.45282722382 12.4631693468 -33.0766988846
-1.44436233897 12.4450618192 -33.1199400083
-1.43674882813 12.4281894372 -33.1637034463
-1.42994331479 12.4124863071 -33.2079872273
-1.42391156935 12.3979000619 -33.2527928608
-1.41863091257 12.384396044 -33.2981210234
-1.41409212725 12.3719607172 -33.3439674235
-1.41030079774 12.3606041646 -33.3903190185
-1.40727801825 12.3503615614 -33.4371507422
-1.40506043438 12.341293555 -33.4844228754
-1.40369960751 12.3334855226 -33.5320791616
-1.40326071714 12.3270457213 -33.5800457395
-1.40382064154 12.3221023878 -33.6282309244
-1.40546548066 12.318799887 -33.6765258373
-1.40828760685 12.3172940419 -33.7248058409
-1.41238234689 12.3177468148 -33.7729327087
-1.41784441363 12.3203205305 -33.8207574228
-1.42476421509 12.3251718524 -33.8681234673
-1.43322417454 12.3324457352 -33.9148704666
-1.44329519485 12.3422695752 -33.9608380004
-1.45503339594 12.3547477767 -34.0058694245
-1.46847724444 12.3699569367 -34.0498155222
-1.48364518054 12.3879418273 -34.0925378237
-1.50053382909 12.4087123276 -34.1339114427
-1.51911686086 12.4322414192 -34.1738273023
-1.53934454616 12.4584643241 -34.2121936497
-1.56114401784 12.4872788166 -34.2489367898
-1.58442023512 12.5185467037 -34.284001002
-1.60905761429 12.5520964184 -34.3173476426
-1.63492226844 12.5877266363 -34.3489534695
-1.66186477682 12.625210784 -34.3788082616
-1.68972338568 12.6643022774 -34.4069118378
-1.71832752793 12.7047403033 -34.4332706086
-1.74750153835 12.7462559353 -34.4578938128
-1.77706843536 12.7885783697 -34.4807896141
-1.80685363941 12.8314410593 -34.5019612338
-1.83668850232 12.8745875333 -34.5214033031
-1.86641353027 12.9177767021 -34.5390986106
-1.8958811964 12.96078747 -34.5550154044
-1.92495825575 13.0034225048 -34.5691053928
-1.95352749522 13.0455110491 -34.5813025552
-1.98148887342 13.0869106934 -34.5915228473
-2.00876002911 13.1275080735 -34.5996648467
-2.03527616097 13.1672184958 -34.6056113468
-2.06098930546 13.2059845335 -34.6092318697
-2.0858670616 13.2437736785 -34.6103860268
-2.10989083205 13.280575166 -34.6089276235
-2.1330536668 13.3163961202 -34.6047093688
-2.15535780948 13.351257194 -34.5975880244
-2.17681205588 13.3851878923 -34.5874298074
-2.19742903887 13.418221776 -34.5741158442
-2.21722255475 13.4503917489 -34.5575474685
-2.23620504155 13.4817256187 -34.537651159
-2.25438531129 13.5122421131 -34.5143829188
-2.27176662581 13.5419475076 -34.4877319204
-2.28834518953 13.5708329962 -34.4577232611
-2.30410911404 13.598872903 -34.4244197072
-2.31903788848 13.6260237967 -34.3879223415
-2.33310236793 13.6522245329 -34.3483700665
-2.34626526986 13.6773972085 -34.3059379608
-2.35848214737 13.7014489769 -34.2608345261
-2.369702788 13.7242746351 -34.2132979068
-2.37987296937 13.7457598648 -34.1635912
-2.3889364884 13.765784981 -34.1119970121
-2.39683736987 13.7842290224 -34.0588114434
-2.4035221535 13.8009740063 -34.0043377086
-2.4089421556 13.8159091612 -33.9488796124
-2.41305560372 13.8289349562 -33.8927351079

