/group/lca/36
36
num_smooth_modes 5 num_subsample_pts 44 creation_method hand_drawn creation_type levelset paste_pos {-8.983227 8.818771 -13.937652} width 3 paste_nrm {-0.279004 -0.959625 -0.035733} paste_xhat {0.000000 0.037211 -0.999307} paste_posId 36 paste_pathId 7 num_hand_picked_pts 15 color white
-8.915700 8.795420 -13.837700
-8.885530 8.787490 -13.860500
-8.859080 8.780800 -13.887400
-8.837840 8.775760 -13.917700
-8.823240 8.772740 -13.950700
-8.816400 8.772040 -13.985400
-8.818030 8.773820 -14.020400
-8.828260 8.778050 -14.054100
-8.846580 8.784530 -14.085000
-8.871890 8.792870 -14.111300
-8.902630 8.802560 -14.131700
-8.936970 8.813050 -14.145200
-8.973120 8.823800 -14.151500
-9.009540 8.834360 -14.150800
-9.045180 8.844480 -14.144300
-9.079550 8.854080 -14.133700
-9.112760 8.863260 -14.120900
-9.145350 8.872230 -14.107600
-9.178060 8.881270 -14.095000
-9.211510 8.890580 -14.083500
-9.245990 8.900200 -14.072800
-9.281180 8.910020 -14.061600
-9.316140 8.919680 -14.048300
-9.349330 8.928690 -14.031100
-9.378800 8.936440 -14.009000
-9.402530 8.942320 -13.981600
-9.418680 8.945820 -13.949500
-9.425960 8.946630 -13.914400
-9.423760 8.944650 -13.878600
-9.412280 8.940060 -13.844800
-9.392440 8.933180 -13.815100
-9.365740 8.924540 -13.791400
-9.333990 8.914680 -13.774500
-9.299030 8.904130 -13.764200
-9.262490 8.893340 -13.759600
-9.225650 8.882610 -13.759300
-9.189280 8.872140 -13.761900
-9.153700 8.861950 -13.766200
-9.118880 8.852010 -13.771300
-9.084530 8.842250 -13.777100
-9.050360 8.832570 -13.784100
-9.016150 8.822950 -13.792800
-8.981970 8.813440 -13.804200
-8.948230 8.804180 -13.819000

/group/lca/42
42
num_smooth_modes 5 num_subsample_pts 54 pathId 7 creation_method hand_drawn creation_type levelset width 3 pos {-9.028843 8.661068 -13.946905} nrm {-0.296432 -0.952419 -0.070899} xhat {0.000000 0.074236 -0.997241} num_hand_picked_pts 15 posId 42 color white
-9.452110 8.802180 -14.072800
-9.469520 8.805410 -14.043400
-9.481810 8.806840 -14.011200
-9.488590 8.806430 -13.977400
-9.489670 8.804200 -13.942900
-9.485090 8.800240 -13.908900
-9.475060 8.794700 -13.876400
-9.459970 8.787760 -13.846200
-9.440350 8.779640 -13.819200
-9.416820 8.770570 -13.795800
-9.390060 8.760800 -13.776400
-9.360780 8.750560 -13.761200
-9.329680 8.740070 -13.750400
-9.297400 8.729530 -13.743700
-9.264500 8.719080 -13.740900
-9.231440 8.708850 -13.741700
-9.198550 8.698900 -13.745600
-9.166020 8.689250 -13.751900
-9.133910 8.679870 -13.760300
-9.102200 8.670730 -13.770000
-9.070810 8.661770 -13.780900
-9.039660 8.652960 -13.792700
-9.008740 8.644280 -13.805500
-8.978190 8.635820 -13.819500
-8.948310 8.627700 -13.835300
-8.919620 8.620110 -13.853300
-8.892830 8.613320 -13.874200
-8.868800 8.607630 -13.898200
-8.848510 8.603350 -13.925600
-8.832900 8.600760 -13.956000
-8.822820 8.600070 -13.988800
-8.818910 8.601400 -14.023000
-8.821500 8.604760 -14.057400
-8.830580 8.610040 -14.090300
-8.845810 8.617020 -14.120500
-8.866510 8.625400 -14.146500
-8.891760 8.634820 -14.167500
-8.920520 8.644930 -14.183000
-8.951710 8.655390 -14.193100
-8.984340 8.665920 -14.198200
-9.017600 8.676360 -14.199300
-9.050940 8.686590 -14.197400
-9.084030 8.696620 -14.193800
-9.116790 8.706490 -14.189400
-9.149330 8.716290 -14.185000
-9.181810 8.726100 -14.181000
-9.214410 8.735960 -14.177200
-9.247210 8.745870 -14.173100
-9.280130 8.755750 -14.168100
-9.312890 8.765430 -14.161200
-9.345000 8.774690 -14.151400
-9.375790 8.783280 -14.138000
-9.404470 8.790900 -14.120500
-9.430180 8.797280 -14.098700

/group/lca/46
46
num_smooth_modes 5 num_subsample_pts 37 pathId 7 creation_method hand_drawn creation_type levelset width 3 pos {-9.065257 8.557792 -13.954897} nrm {-0.379292 -0.922513 -0.071461} xhat {0.000000 0.077232 -0.997013} num_hand_picked_pts 15 posId 46 color white
-9.355510 8.669570 -13.857300
-9.330330 8.657170 -13.830900
-9.300890 8.643540 -13.811200
-9.268740 8.629310 -13.798200
-9.235020 8.614900 -13.791100
-9.200390 8.600480 -13.788700
-9.165250 8.586120 -13.789800
-9.129870 8.571860 -13.793600
-9.094590 8.557840 -13.799900
-9.059960 8.544320 -13.809100
-9.026730 8.531670 -13.822100
-8.995850 8.520350 -13.840000
-8.968370 8.510860 -13.863300
-8.945390 8.503650 -13.892200
-8.928010 8.499110 -13.925800
-8.917240 8.497550 -13.962800
-8.913940 8.499160 -14.001200
-8.918630 8.503980 -14.038500
-8.931350 8.511860 -14.072700
-8.951550 8.522430 -14.101900
-8.978070 8.535120 -14.124900
-9.009300 8.549220 -14.141300
-9.043420 8.564010 -14.151100
-9.078770 8.578850 -14.155100
-9.114120 8.593330 -14.154300
-9.148890 8.607270 -14.149700
-9.183020 8.620720 -14.142300
-9.216760 8.633830 -14.132300
-9.250260 8.646630 -14.119800
-9.283210 8.658970 -14.104200
-9.314600 8.670370 -14.084700
-9.342780 8.680090 -14.060700
-9.365700 8.687270 -14.031800
-9.381370 8.691150 -13.998600
-9.388320 8.691200 -13.962300
-9.385950 8.687340 -13.925100
-9.374610 8.679900 -13.889300

/group/lca/51
51
num_smooth_modes 5 num_subsample_pts 32 pathId 7 creation_method hand_drawn creation_type levelset width 3 pos {-9.125739 8.443283 -13.962710} nrm {-0.575304 -0.816910 -0.041024} xhat {0.000000 0.050155 -0.998741} num_hand_picked_pts 16 posId 51 color white
-9.057190 8.402880 -14.119400
-9.036460 8.387140 -14.096700
-9.022410 8.375760 -14.067200
-9.015110 8.368910 -14.033100
-9.014010 8.366320 -13.996900
-9.018540 8.367680 -13.960500
-9.028380 8.372860 -13.925700
-9.043370 8.381830 -13.894200
-9.063150 8.394410 -13.867300
-9.086880 8.410040 -13.845700
-9.113330 8.427830 -13.829100
-9.141230 8.446860 -13.816600
-9.169740 8.466480 -13.807500
-9.198680 8.486530 -13.801000
-9.228170 8.507150 -13.798000
-9.258040 8.528280 -13.800000
-9.287070 8.549180 -13.809000
-9.312830 8.568180 -13.826100
-9.332100 8.583010 -13.851300
-9.341950 8.591510 -13.882300
-9.340920 8.592480 -13.916100
-9.329690 8.586230 -13.949100
-9.310900 8.574510 -13.979100
-9.288160 8.559820 -14.005500
-9.264640 8.544440 -14.029100
-9.241940 8.529590 -14.051700
-9.219840 8.515150 -14.074200
-9.196870 8.500080 -14.096200
-9.171480 8.483190 -14.115900
-9.143190 8.463990 -14.130400
-9.113070 8.443100 -14.136700
-9.083470 8.422080 -14.133100

/group/lca/55
55
num_smooth_modes 5 num_subsample_pts 24 pathId 7 creation_method hand_drawn creation_type levelset width 3 pos {-9.191782 8.372053 -13.964273} nrm {-0.788567 -0.614748 0.015712} xhat {0.000000 0.025551 0.999674} num_hand_picked_pts 12 posId 55 color white
-9.123440 8.285010 -13.940100
-9.124350 8.287060 -13.905200
-9.134700 8.301170 -13.872400
-9.152350 8.324470 -13.846600
-9.173940 8.352580 -13.830800
-9.196520 8.381700 -13.824300
-9.218800 8.410300 -13.823700
-9.241230 8.439040 -13.824700
-9.264650 8.469050 -13.826500
-9.288670 8.499730 -13.831700
-9.310800 8.527760 -13.845200
-9.327200 8.548190 -13.869400
-9.334540 8.556760 -13.902200
-9.331580 8.552050 -13.937900
-9.319670 8.535950 -13.969900
-9.301780 8.512390 -13.994500
-9.280990 8.485270 -14.011700
-9.259250 8.457090 -14.023400
-9.237230 8.428640 -14.030900
-9.214750 8.399740 -14.033800
-9.191760 8.370330 -14.030400
-9.168940 8.341360 -14.019100
-9.148130 8.315150 -13.999700
-9.132000 8.295160 -13.972700

/group/lca/60
60
num_smooth_modes 5 num_subsample_pts 22 pathId 7 creation_method hand_drawn creation_type levelset width 3 pos {-9.301993 8.318525 -13.956898} nrm {-0.960598 -0.259298 0.100083} xhat {0.000000 0.360086 0.932919} num_hand_picked_pts 15 posId 60 color white
-9.299090 8.356620 -13.830300
-9.289670 8.324180 -13.823900
-9.280770 8.290960 -13.824600
-9.273550 8.259810 -13.836000
-9.269200 8.235060 -13.858400
-9.268400 8.220350 -13.888800
-9.271070 8.217230 -13.922600
-9.276680 8.225370 -13.955300
-9.284440 8.243320 -13.983200
-9.293470 8.268940 -14.003600
-9.302940 8.299470 -14.015300
-9.312210 8.332190 -14.019600
-9.321050 8.365310 -14.018700
-9.329410 8.398170 -14.013700
-9.336870 8.429880 -14.003100
-9.342350 8.457540 -13.984100
-9.344430 8.476100 -13.956000
-9.342230 8.480750 -13.922800
-9.336110 8.470160 -13.891500
-9.327510 8.447580 -13.867500
-9.318030 8.418690 -13.851300
-9.308530 8.387940 -13.839800

/group/lca/64
64
num_smooth_modes 5 num_subsample_pts 17 pathId 7 creation_method hand_drawn creation_type levelset width 3 pos {-9.405241 8.302438 -13.943656} nrm {-0.987197 -0.053996 0.150090} xhat {0.000000 0.940960 0.338516} scale_factor 1.05101 color white num_hand_picked_pts 16 posId 64
-9.401170 8.369280 -13.892800
-9.406980 8.370880 -13.930500
-9.411830 8.361510 -13.965800
-9.415050 8.339360 -13.994900
-9.416050 8.306070 -14.013400
-9.414670 8.268230 -14.018000
-9.411240 8.232980 -14.008100
-9.406260 8.204210 -13.985700
-9.400340 8.183980 -13.954000
-9.394280 8.175150 -13.917300
-9.389030 8.180280 -13.881000
-9.385290 8.199050 -13.849600
-9.383310 8.228390 -13.826100
-9.383260 8.264280 -13.812800
-9.385330 8.301730 -13.812900
-9.389470 8.334500 -13.828400
-9.395060 8.357440 -13.856900

/group/lca/69
69
num_smooth_modes 5 num_subsample_pts 17 creation_method hand_drawn creation_type levelset paste_pos {-9.536541 8.307693 -13.919800} width 3 paste_nrm {-0.969484 0.127608 0.209325} paste_xhat {0.000000 0.853850 -0.520519} paste_posId 69 translation_in_x -0.05 translation_in_y 0.03 paste_pathId 7 scale_factor 1.0303 num_hand_picked_pts 13 color white
-9.532770 8.385640 -13.949900
-9.524020 8.391890 -13.913100
-9.517490 8.383130 -13.877500
-9.513830 8.360990 -13.847100
-9.513270 8.329320 -13.825200
-9.515860 8.292410 -13.814700
-9.521340 8.254860 -13.817200
-9.529100 8.221750 -13.833000
-9.538240 8.197630 -13.860600
-9.547560 8.185260 -13.896200
-9.555570 8.186100 -13.933800
-9.560860 8.200840 -13.967300
-9.562780 8.228280 -13.992900
-9.561540 8.264050 -14.009000
-9.557570 8.302050 -14.013700
-9.551030 8.337220 -14.004900
-9.542360 8.366190 -13.982400

/group/lca/78
78
num_smooth_modes 5 num_subsample_pts 17 creation_method hand_drawn creation_type levelset paste_pos {-9.720674 8.359208 -13.863376} width 3 paste_nrm {-0.826895 0.413748 0.380865} paste_xhat {0.000000 0.677266 -0.735739} paste_posId 78 translation_in_x -0.01 translation_in_y 0.04 paste_pathId 7 scale_factor 1.08286 num_hand_picked_pts 13 color white
-9.717050 8.449430 -13.953500
-9.695950 8.462450 -13.921900
-9.680200 8.460980 -13.886100
-9.671370 8.445790 -13.850400
-9.670020 8.419890 -13.819300
-9.676260 8.386810 -13.796900
-9.689490 8.350610 -13.786300
-9.708200 8.316080 -13.789400
-9.730220 8.287820 -13.806600
-9.752700 8.269200 -13.835100
-9.772010 8.262750 -13.870000
-9.784750 8.270320 -13.905900
-9.789380 8.291480 -13.939000
-9.786410 8.322410 -13.966100
-9.776820 8.357630 -13.983600
-9.761060 8.392780 -13.987500
-9.740150 8.424670 -13.976800

/group/lca/87
87
num_smooth_modes 5 num_subsample_pts 17 creation_method hand_drawn paste_pos {-9.832382 8.431110 -13.809855} creation_type levelset width 3 paste_xhat {0.000000 0.470863 -0.882207} paste_nrm {-0.800723 0.528473 0.282063} paste_posId 87 translation_in_x 0.0 translation_in_y 0.07 paste_pathId 7 scale_factor 1.14949 num_hand_picked_pts 13 color white
-9.845670 8.483260 -13.945300
-9.821820 8.504160 -13.916700
-9.804000 8.511510 -13.879900
-9.794020 8.505020 -13.839400
-9.792500 8.486620 -13.800600
-9.799550 8.458870 -13.768700
-9.814510 8.425080 -13.747800
-9.835670 8.389590 -13.741400
-9.860570 8.356950 -13.750900
-9.885990 8.331180 -13.774800
-9.907820 8.316090 -13.808500
-9.922230 8.314860 -13.847100
-9.927460 8.328000 -13.886600
-9.924100 8.352410 -13.922800
-9.913260 8.383540 -13.950300
-9.895440 8.417910 -13.964100
-9.871800 8.452630 -13.962100

/group/lca/93
93
num_smooth_modes 5 num_subsample_pts 18 pathId 7 creation_method hand_drawn creation_type levelset width 3 pos {-9.925078 8.480274 -13.793480} nrm {-0.926316 0.375522 0.030370} xhat {0.000000 0.080612 -0.996746} num_hand_picked_pts 11 posId 93 color white
-9.893250 8.558080 -13.784800
-9.904100 8.530890 -13.779600
-9.918490 8.496360 -13.791200
-9.932190 8.463580 -13.803900
-9.945310 8.431320 -13.805300
-9.959490 8.395880 -13.799500
-9.972500 8.363970 -13.801700
-9.979070 8.349340 -13.821500
-9.977080 8.356900 -13.854200
-9.969680 8.377880 -13.887900
-9.960530 8.402530 -13.913600
-9.949780 8.430270 -13.928500
-9.936400 8.463590 -13.932400
-9.922080 8.498340 -13.925500
-9.909960 8.526860 -13.908500
-9.900810 8.547270 -13.881800
-9.893720 8.561940 -13.847000
-9.890030 8.568100 -13.810500

/group/lca/96
96
num_smooth_modes 5 num_subsample_pts 22 pathId 7 creation_method hand_drawn creation_type levelset width 3 pos {-9.990907 8.503125 -13.795020} translation_in_x -0.01 translation_in_y -0.01 nrm {-0.956615 0.283734 -0.066207} xhat {0.000000 0.227239 0.973839} scale_factor 0.95099 posId 96 num_hand_picked_pts 12 color white
-10.028600 8.377000 -13.791300
-10.031900 8.360280 -13.814500
-10.031200 8.354240 -13.851600
-10.027300 8.358040 -13.890700
-10.021300 8.371340 -13.920700
-10.013100 8.394650 -13.939000
-10.002800 8.427140 -13.948700
-9.991380 8.464660 -13.953000
-9.980740 8.501050 -13.950700
-9.972310 8.532080 -13.939700
-9.966070 8.557780 -13.919600
-9.961200 8.580480 -13.892800
-9.957510 8.600290 -13.861200
-9.956170 8.613030 -13.825900
-9.958650 8.612990 -13.790200
-9.965080 8.597930 -13.761900
-9.973870 8.571130 -13.749800
-9.983070 8.538620 -13.756100
-9.991990 8.504730 -13.772400
-10.001200 8.470500 -13.785500
-10.011300 8.436030 -13.788000
-10.021100 8.403450 -13.785500

/group/lca/109
109
num_smooth_modes 5 num_subsample_pts 21 pathId 7 creation_method hand_drawn creation_type levelset width 3 pos {-10.377649 8.552858 -13.859955} nrm {-0.974533 -0.037697 -0.221052} xhat {0.000000 0.985769 -0.168107} num_hand_picked_pts 11 posId 109 color white
-10.356800 8.468820 -13.937500
-10.351600 8.489260 -13.963900
-10.349000 8.520080 -13.980500
-10.348700 8.554890 -13.988100
-10.349800 8.589820 -13.989200
-10.352000 8.624010 -13.985000
-10.355900 8.656560 -13.973600
-10.361600 8.684030 -13.952900
-10.369000 8.701830 -13.923600
-10.376800 8.707510 -13.890100
-10.384200 8.701980 -13.856600
-10.390600 8.687440 -13.826000
-10.395600 8.665100 -13.799800
-10.398800 8.635660 -13.780900
-10.399300 8.601550 -13.772900
-10.396900 8.567280 -13.777600
-10.392200 8.536790 -13.793100
-10.386100 8.511030 -13.815400
-10.379300 8.489040 -13.842000
-10.371800 8.471660 -13.872100
-10.363900 8.463260 -13.905100

/group/lca/116
116
num_smooth_modes 5 num_subsample_pts 20 pathId 7 creation_method hand_drawn creation_type levelset width 3 pos {-10.576808 8.518092 -13.909385} translation_in_x -0.01 translation_in_y 0.02 nrm {-0.916552 -0.314629 -0.246860} xhat {0.000000 0.617283 -0.786741} posId 116 num_hand_picked_pts 11 color white
-10.557500 8.559420 -14.033700
-10.544800 8.524740 -14.036700
-10.534700 8.490540 -14.030800
-10.528500 8.459310 -14.013700
-10.527800 8.435150 -13.985700
-10.532700 8.422270 -13.951200
-10.542100 8.422220 -13.915900
-10.554600 8.433180 -13.883700
-10.568700 8.452130 -13.855500
-10.583500 8.477280 -13.832500
-10.598000 8.507860 -13.817800
-10.610500 8.542020 -13.814900
-10.619500 8.576040 -13.824700
-10.624100 8.605780 -13.845500
-10.624200 8.628520 -13.874200
-10.620000 8.642790 -13.908000
-10.611800 8.647090 -13.943900
-10.600200 8.639760 -13.977700
-10.586300 8.620690 -14.004800
-10.571700 8.592530 -14.023300

/group/lca/121
121
num_smooth_modes 5 num_subsample_pts 21 pathId 7 creation_method hand_drawn creation_type levelset width 3 pos {-10.695926 8.464406 -13.942390} translation_in_x 0.0 nrm {-0.847288 -0.474576 -0.238497} xhat {0.000000 0.449033 -0.893515} translation_in_y -0.01 posId 121 num_hand_picked_pts 12 color white
-10.739800 8.573770 -14.004000
-10.751800 8.579050 -13.972100
-10.759100 8.574150 -13.936200
-10.761300 8.560410 -13.901000
-10.757500 8.539040 -13.872000
-10.747600 8.511420 -13.852400
-10.732700 8.479920 -13.842700
-10.714800 8.447760 -13.842300
-10.695600 8.417830 -13.850800
-10.676300 8.392010 -13.867900
-10.658100 8.371820 -13.892600
-10.642700 8.359510 -13.922700
-10.632500 8.357740 -13.955600
-10.628600 8.367700 -13.989000
-10.631100 8.387730 -14.020300
-10.638500 8.414050 -14.046100
-10.650200 8.443180 -14.062600
-10.665700 8.473480 -14.068000
-10.684300 8.504200 -14.062700
-10.704500 8.533550 -14.049400
-10.723700 8.557970 -14.029800

/group/lca/128
128
num_smooth_modes 5 num_subsample_pts 21 pathId 7 creation_method hand_drawn creation_type levelset width 3 pos {-10.842822 8.367278 -13.982279} nrm {-0.790751 -0.579371 -0.197592} xhat {0.000000 0.322789 -0.946471} num_hand_picked_pts 12 posId 128 color white
-10.909400 8.471350 -14.021200
-10.926500 8.488750 -14.003400
-10.938600 8.495860 -13.976100
-10.943900 8.492830 -13.945800
-10.943800 8.482710 -13.916500
-10.940100 8.468250 -13.889200
-10.933000 8.450290 -13.864800
-10.922000 8.428760 -13.845500
-10.907100 8.404400 -13.833700
-10.889500 8.379070 -13.830100
-10.870600 8.354720 -13.834200
-10.851900 8.333210 -13.846000
-10.835100 8.317150 -13.866300
-10.823100 8.310120 -13.893700
-10.819100 8.314760 -13.923400
-10.823900 8.330220 -13.949400
-10.835000 8.352090 -13.969000
-10.848200 8.375480 -13.984700
-10.861200 8.398530 -14.000300
-10.874800 8.422310 -14.015600
-10.891000 8.447480 -14.024700

/group/lca/133
133
num_smooth_modes 5 num_subsample_pts 19 pathId 7 creation_method hand_drawn creation_type levelset width 3 pos {-10.942331 8.294497 -14.004465} translation_in_x -0.015 translation_in_y 0.0 nrm {-0.803564 -0.574586 -0.155356} xhat {0.000000 0.261006 -0.965337} posId 133 num_hand_picked_pts 16 color white
-10.951200 8.330110 -14.090100
-10.931900 8.301310 -14.083500
-10.916600 8.274970 -14.065400
-10.906300 8.253450 -14.039100
-10.901500 8.238130 -14.007400
-10.902600 8.230300 -13.972800
-10.910000 8.231300 -13.938100
-10.923500 8.241790 -13.907200
-10.941700 8.261030 -13.883800
-10.962600 8.286680 -13.870900
-10.983200 8.315410 -13.870300
-11.001100 8.343550 -13.881900
-11.014200 8.367850 -13.904000
-11.021500 8.386020 -13.933700
-11.022700 8.396900 -13.967500
-11.018100 8.399880 -14.002600
-11.007700 8.394370 -14.036000
-10.991900 8.380020 -14.064300
-10.972200 8.357670 -14.083400

/group/lca/139
139
num_smooth_modes 5 num_subsample_pts 16 pathId 7 creation_method hand_drawn creation_type levelset width 3 pos {-11.057517 8.214020 -14.024154} nrm {-0.817599 -0.561667 -0.126737} xhat {0.000000 0.220111 -0.975475} num_hand_picked_pts 12 posId 139 color white
-11.043500 8.204750 -14.073800
-11.029400 8.179790 -14.054200
-11.022300 8.162720 -14.023800
-11.022900 8.155590 -13.988800
-11.030800 8.159520 -13.954800
-11.045400 8.174350 -13.926300
-11.064500 8.197870 -13.907600
-11.084800 8.226200 -13.902300
-11.103500 8.255250 -13.910500
-11.118100 8.281040 -13.930000
-11.126300 8.299360 -13.958800
-11.125900 8.306670 -13.993400
-11.117300 8.301850 -14.027700
-11.102300 8.286300 -14.055300
-11.083300 8.262570 -14.073000
-11.062600 8.233940 -14.079700

/group/lca/148
148
num_smooth_modes 5 num_subsample_pts 17 pathId 7 creation_method hand_drawn creation_type levelset width 3 pos {-11.195512 8.118284 -14.046902} nrm {-0.796719 -0.580045 -0.169668} xhat {0.000000 0.280744 -0.959783} num_hand_picked_pts 12 posId 148 color white
-11.208700 8.162850 -14.137400
-11.187100 8.134400 -14.141400
-11.168500 8.105760 -14.130900
-11.155600 8.081290 -14.107800
-11.149900 8.064240 -14.076200
-11.151000 8.055480 -14.041100
-11.158100 8.054860 -14.005700
-11.171200 8.063320 -13.973100
-11.190000 8.081910 -13.948600
-11.211600 8.108540 -13.938200
-11.231600 8.137700 -13.944000
-11.246700 8.164120 -13.963100
-11.256400 8.185480 -13.990800
-11.260400 8.200620 -14.023700
-11.257700 8.207180 -14.059000
-11.247100 8.202620 -14.092800
-11.229800 8.186900 -14.120300

/group/lca/159
159
num_smooth_modes 5 num_subsample_pts 21 pathId 7 creation_method hand_drawn creation_type levelset width 3 pos {-11.267446 8.049283 -14.080743} nrm {-0.384874 -0.751247 -0.536190} xhat {0.000000 0.580940 -0.813946} num_hand_picked_pts 15 posId 159 color white
-11.335300 8.125960 -14.139500
-11.356500 8.117380 -14.112200
-11.369700 8.102500 -14.081900
-11.375300 8.083550 -14.051300
-11.373700 8.061910 -14.022100
-11.363900 8.038570 -13.996500
-11.345000 8.015270 -13.977400
-11.317900 7.994550 -13.967800
-11.285500 7.978670 -13.968900
-11.251700 7.968720 -13.979200
-11.220000 7.964900 -13.996600
-11.193100 7.967450 -14.019500
-11.173100 7.976860 -14.047000
-11.161900 7.992910 -14.077500
-11.160600 8.013900 -14.107800
-11.169100 8.037160 -14.134400
-11.186100 8.060410 -14.154700
-11.210500 8.082410 -14.168000
-11.240500 8.102130 -14.174100
-11.273800 8.117600 -14.171900
-11.306800 8.126150 -14.160200

/group/lca/170
170
num_smooth_modes 5 num_subsample_pts 23 pathId 7 creation_method hand_drawn creation_type levelset width 3 pos {-11.300538 7.949217 -14.147614} nrm {-0.276734 -0.826650 -0.489967} xhat {0.000000 0.509879 -0.860246} num_hand_picked_pts 17 posId 170 color white
-11.405100 7.905560 -14.014900
-11.382200 7.886490 -13.995700
-11.353200 7.869400 -13.983200
-11.318600 7.854730 -13.978000
-11.281100 7.844070 -13.981200
-11.245300 7.839430 -13.993600
-11.215600 7.841730 -14.014200
-11.193500 7.850120 -14.040900
-11.177600 7.862880 -14.071400
-11.166500 7.878710 -14.104400
-11.161100 7.897050 -14.138300
-11.164900 7.917110 -14.170100
-11.180700 7.937020 -14.194800
-11.207800 7.954180 -14.208400
-11.242300 7.966860 -14.210300
-11.279300 7.975270 -14.203500
-11.315800 7.980870 -14.192400
-11.350500 7.984370 -14.178700
-11.382300 7.984540 -14.161100
-11.408100 7.978960 -14.137100
-11.424200 7.966270 -14.106500
-11.428300 7.947710 -14.072900
-11.421100 7.926450 -14.041100

/group/lca/176
176
num_smooth_modes 5 num_subsample_pts 30 pathId 7 creation_method hand_drawn creation_type levelset width 3 pos {-11.337291 7.848414 -14.202592} nrm {-0.329741 -0.844037 -0.422934} xhat {0.000000 0.447990 -0.894039} num_hand_picked_pts 19 posId 176 color white
-11.455600 7.877300 -14.168000
-11.422200 7.860460 -14.160500
-11.383200 7.846280 -14.162500
-11.348400 7.834490 -14.166200
-11.324000 7.822530 -14.161300
-11.310400 7.807460 -14.141800
-11.303100 7.788150 -14.109000
-11.295700 7.766520 -14.071600
-11.283800 7.746890 -14.041700
-11.266900 7.733840 -14.028800
-11.247900 7.730000 -14.036000
-11.230200 7.734830 -14.059400
-11.215900 7.745290 -14.091400
-11.204300 7.757740 -14.125300
-11.193700 7.769880 -14.157800
-11.183400 7.781610 -14.189300
-11.175200 7.794310 -14.221000
-11.173200 7.809310 -14.252500
-11.181300 7.826480 -14.280500
-11.200900 7.844170 -14.300500
-11.230000 7.860130 -14.309600
-11.264200 7.873040 -14.308800
-11.299000 7.883200 -14.301800
-11.332500 7.892060 -14.293400
-11.365100 7.900850 -14.285600
-11.397900 7.909180 -14.276600
-11.430300 7.914890 -14.262800
-11.458100 7.915090 -14.241500
-11.474900 7.908030 -14.214300
-11.474600 7.894420 -14.187400

/group/lca/186
186
num_smooth_modes 5 num_subsample_pts 24 pathId 7 creation_method hand_drawn creation_type levelset width 3 pos {-11.425936 7.647383 -14.283970} nrm {-0.436178 -0.866462 -0.242883} xhat {0.000000 0.269912 -0.962885} num_hand_picked_pts 18 posId 186 color white
-11.549700 7.690150 -14.214400
-11.534600 7.690290 -14.241900
-11.504800 7.680370 -14.260000
-11.469500 7.665430 -14.270100
-11.437600 7.652340 -14.280600
-11.413200 7.645410 -14.299900
-11.393600 7.643770 -14.329200
-11.373000 7.642490 -14.361600
-11.347000 7.636380 -14.386400
-11.316600 7.623590 -14.395500
-11.287100 7.606410 -14.387100
-11.265900 7.589480 -14.364800
-11.258100 7.577000 -14.334300
-11.264800 7.571080 -14.301200
-11.283400 7.571770 -14.270100
-11.309800 7.577850 -14.244500
-11.339500 7.587500 -14.225600
-11.369700 7.598690 -14.211300
-11.399400 7.609820 -14.197700
-11.429500 7.620590 -14.181900
-11.461500 7.632290 -14.166200
-11.494700 7.646610 -14.157700
-11.525100 7.663520 -14.163400
-11.545700 7.679820 -14.184600

/group/lca/196
196
num_smooth_modes 5 num_subsample_pts 30 pathId 7 creation_method hand_drawn creation_type levelset width 3 pos {-11.527505 7.468840 -14.306343} nrm {-0.514007 -0.857781 -0.002769} xhat {0.000000 0.003228 -0.999995} num_hand_picked_pts 22 posId 196 color white
-11.640300 7.536290 -14.254900
-11.644500 7.538690 -14.226100
-11.632200 7.531240 -14.201900
-11.607500 7.516420 -14.192300
-11.577200 7.498260 -14.199300
-11.547400 7.480500 -14.214900
-11.521600 7.465050 -14.226100
-11.499400 7.451740 -14.222500
-11.478500 7.439120 -14.202500
-11.456400 7.425810 -14.174800
-11.432700 7.411510 -14.153100
-11.408700 7.397170 -14.148800
-11.387200 7.384320 -14.165100
-11.370200 7.374250 -14.196500
-11.358800 7.367530 -14.233700
-11.353100 7.364180 -14.269000
-11.352800 7.364160 -14.300700
-11.358500 7.367670 -14.331200
-11.370700 7.375070 -14.362600
-11.389200 7.386220 -14.392900
-11.412000 7.400000 -14.414800
-11.436100 7.414410 -14.419800
-11.457900 7.427430 -14.404100
-11.475800 7.438080 -14.372100
-11.491200 7.447180 -14.335100
-11.507800 7.457020 -14.305900
-11.529600 7.470020 -14.291000
-11.558100 7.487090 -14.287900
-11.590600 7.506560 -14.286600
-11.620500 7.524500 -14.276900

/group/lca/199
199
num_smooth_modes 5 num_subsample_pts 24 pathId 7 creation_method hand_drawn creation_type levelset width 3 pos {-11.555640 7.420961 -14.306103} xhat {0.000000 0.006323 0.999980} nrm {-0.494840 -0.868967 0.005495} posId 199 num_hand_picked_pts 14 color white
-11.425400 7.346040 -14.422200
-11.402800 7.333360 -14.399700
-11.388900 7.325650 -14.366300
-11.380700 7.321190 -14.328400
-11.374700 7.318050 -14.289700
-11.371400 7.316360 -14.251500
-11.374600 7.318430 -14.214800
-11.388500 7.326540 -14.182600
-11.413100 7.340730 -14.158600
-11.444400 7.358630 -14.145300
-11.477300 7.377390 -14.141700
-11.509600 7.395740 -14.145000
-11.541700 7.413990 -14.153200
-11.573600 7.432050 -14.167000
-11.601400 7.447730 -14.188900
-11.618500 7.457320 -14.219000
-11.620300 7.458120 -14.254100
-11.607700 7.450690 -14.288900
-11.586600 7.438480 -14.319700
-11.563500 7.425160 -14.346900
-11.540700 7.412030 -14.372900
-11.516100 7.397880 -14.398300
-11.487200 7.381300 -14.419200
-11.455300 7.363020 -14.428800

/group/lca/204
204
num_smooth_modes 5 num_subsample_pts 23 pathId 7 creation_method hand_drawn creation_type levelset width 3 pos {-11.595691 7.343531 -14.308039} xhat {0.000000 0.079671 -0.996821} nrm {-0.407331 -0.910377 -0.072762} posId 204 num_hand_picked_pts 14 color white
-11.448200 7.286580 -14.421400
-11.483300 7.302160 -14.419400
-11.517900 7.316750 -14.408200
-11.549400 7.329620 -14.393500
-11.579000 7.341620 -14.377500
-11.608600 7.353300 -14.358300
-11.635700 7.363380 -14.332500
-11.653900 7.368920 -14.299800
-11.657000 7.367490 -14.264600
-11.643900 7.359060 -14.232500
-11.619200 7.345990 -14.207500
-11.589100 7.331140 -14.189700
-11.557500 7.316050 -14.178000
-11.524500 7.300850 -14.172300
-11.490200 7.285670 -14.174600
-11.456900 7.271720 -14.186600
-11.428800 7.260880 -14.208200
-11.409000 7.254340 -14.237400
-11.397100 7.251780 -14.271700
-11.391200 7.252160 -14.309500
-11.391000 7.255160 -14.348200
-11.399100 7.261610 -14.383600
-11.418400 7.272310 -14.409500

/group/lca/208
208
num_smooth_modes 5 num_subsample_pts 25 pathId 7 creation_method hand_drawn creation_type levelset width 3 pos {-11.619028 7.281655 -14.317281} nrm {-0.285990 -0.934552 -0.211711} xhat {0.000000 0.220939 -0.975288} num_hand_picked_pts 14 posId 208 color white
-11.761100 7.321430 -14.300900
-11.757300 7.313090 -14.269300
-11.739000 7.301190 -14.241400
-11.712200 7.288120 -14.220000
-11.681700 7.275390 -14.204900
-11.650000 7.263470 -14.195200
-11.617000 7.252440 -14.191000
-11.582900 7.242560 -14.193500
-11.549200 7.234420 -14.203100
-11.517800 7.228510 -14.219400
-11.490400 7.225040 -14.241100
-11.467500 7.224040 -14.267600
-11.450000 7.225780 -14.299000
-11.440000 7.230700 -14.334100
-11.441200 7.238910 -14.368800
-11.455800 7.249560 -14.396100
-11.482700 7.260820 -14.409400
-11.516900 7.270780 -14.407300
-11.552100 7.278660 -14.394400
-11.584900 7.285360 -14.379700
-11.616100 7.292690 -14.369900
-11.648900 7.301790 -14.365800
-11.684600 7.311870 -14.362100
-11.720000 7.320290 -14.351400
-11.747800 7.324020 -14.330300

/group/lca/213
213
num_smooth_modes 5 num_subsample_pts 29 pathId 7 creation_method hand_drawn creation_type levelset width 3 pos {-11.639309 7.202462 -14.341678} translation_in_x 0.0 translation_in_y -0.01 nrm {-0.207330 -0.913398 -0.350312} xhat {0.000000 0.358093 -0.933686} scale_factor 0.913517 posId 213 num_hand_picked_pts 18 color white
-11.827100 7.238080 -14.323400
-11.835900 7.229380 -14.295500
-11.833500 7.217320 -14.265500
-11.822500 7.203710 -14.236500
-11.805900 7.190130 -14.211000
-11.785800 7.177510 -14.189900
-11.762700 7.166190 -14.174100
-11.736100 7.156320 -14.164100
-11.705600 7.148080 -14.160600
-11.672700 7.141830 -14.163800
-11.640000 7.137890 -14.172900
-11.610200 7.136390 -14.186600
-11.584700 7.137180 -14.203800
-11.563200 7.140050 -14.224000
-11.544600 7.144960 -14.247800
-11.528300 7.152010 -14.275800
-11.516000 7.161240 -14.307200
-11.510800 7.172250 -14.338900
-11.515800 7.183980 -14.366600
-11.532200 7.194980 -14.385600
-11.558100 7.203960 -14.393600
-11.589700 7.210460 -14.391900
-11.622500 7.215110 -14.384600
-11.654200 7.219270 -14.376700
-11.684800 7.224220 -14.371500
-11.715700 7.230320 -14.369100
-11.747700 7.236620 -14.366600
-11.779500 7.241210 -14.359700
-11.807400 7.242080 -14.345500

/group/lca/222
222
num_smooth_modes 5 num_subsample_pts 21 pathId 7 creation_method hand_drawn creation_type levelset width 3 pos {-11.681268 7.052172 -14.413173} nrm {-0.325595 -0.831309 -0.450459} xhat {0.000000 0.476420 -0.879218} num_hand_picked_pts 17 posId 222 color white
-11.777800 7.070850 -14.377900
-11.774900 7.054700 -14.350100
-11.760700 7.035120 -14.324300
-11.745800 7.015870 -14.299500
-11.734900 6.997340 -14.273200
-11.723100 6.978490 -14.246900
-11.703000 6.960510 -14.228300
-11.673800 6.947340 -14.225100
-11.642300 6.942370 -14.238700
-11.616400 6.945300 -14.262900
-11.597900 6.953000 -14.290400
-11.584400 6.963080 -14.318800
-11.575500 6.975850 -14.348700
-11.575000 6.992350 -14.379600
-11.586600 7.011470 -14.406500
-11.609000 7.029990 -14.424500
-11.637200 7.045480 -14.432700
-11.667600 7.058210 -14.434200
-11.700200 7.069270 -14.431000
-11.734100 7.077430 -14.421600
-11.763000 7.078900 -14.403400

/group/lca/228
228
num_smooth_modes 5 num_subsample_pts 18 pathId 7 creation_method hand_drawn creation_type levelset width 3 pos {-11.736921 6.944807 -14.473433} nrm {-0.486418 -0.756189 -0.437693} xhat {0.000000 0.500950 -0.865476} num_hand_picked_pts 12 posId 228 color white
-11.736800 6.929440 -14.447000
-11.711300 6.908510 -14.439200
-11.690900 6.886100 -14.423200
-11.680500 6.864900 -14.398100
-11.683500 6.849040 -14.367400
-11.697400 6.840340 -14.336900
-11.717700 6.837830 -14.310000
-11.743000 6.841010 -14.287400
-11.773000 6.851160 -14.271500
-11.802900 6.868380 -14.268000
-11.825200 6.889460 -14.279700
-11.837000 6.910590 -14.303100
-11.842700 6.930640 -14.331500
-11.845100 6.949510 -14.361300
-11.840700 6.964170 -14.391500
-11.824100 6.969430 -14.419100
-11.796600 6.963100 -14.438700
-11.765600 6.948270 -14.447500

/group/lca/252
252
num_smooth_modes 5 num_subsample_pts 20 pathId 7 creation_method hand_drawn creation_type levelset width 3 pos {-11.996259 6.613811 -14.738156} nrm {-0.291564 -0.491976 -0.820336} xhat {0.000000 0.857597 -0.514322} num_hand_picked_pts 14 posId 252 color white
-12.066000 6.686160 -14.756700
-12.043800 6.705420 -14.776200
-12.013700 6.715210 -14.792800
-11.979500 6.713660 -14.804000
-11.946200 6.700800 -14.808100
-11.918200 6.678880 -14.804900
-11.898100 6.651200 -14.795500
-11.886100 6.620660 -14.781400
-11.881700 6.589200 -14.764100
-11.885200 6.558740 -14.744600
-11.897800 6.532160 -14.724200
-11.919900 6.513040 -14.704800
-11.950200 6.504290 -14.688900
-11.984700 6.506850 -14.678100
-12.018400 6.519700 -14.673800
-12.046900 6.540780 -14.676300
-12.067700 6.567800 -14.685200
-12.079800 6.598360 -14.699200
-12.083700 6.629990 -14.716800
-12.079200 6.660120 -14.736400

/group/lca/261
261
num_smooth_modes 5 num_subsample_pts 23 pathId 7 creation_method hand_drawn creation_type levelset width 3 pos {-12.015136 6.561130 -14.856631} translation_in_x 0.0 translation_in_y 0.0 nrm {-0.033191 -0.334248 -0.941901} xhat {0.000000 0.942420 -0.334432} scale_factor 0.970299 posId 261 num_hand_picked_pts 13 color white
-12.015700 6.440050 -14.813600
-11.981800 6.446330 -14.817100
-11.951000 6.460390 -14.823100
-11.924900 6.480920 -14.831300
-11.904800 6.506880 -14.841300
-11.892500 6.537080 -14.852400
-11.889500 6.569480 -14.864000
-11.896600 6.601290 -14.875100
-11.913200 6.629670 -14.884500
-11.937600 6.652550 -14.891800
-11.967600 6.668760 -14.896500
-12.000900 6.677570 -14.898500
-12.035400 6.678190 -14.897500
-12.068500 6.669960 -14.893400
-12.097400 6.653000 -14.886300
-12.119600 6.628680 -14.876900
-12.133700 6.599290 -14.866000
-12.139400 6.567280 -14.854400
-12.136900 6.534770 -14.843000
-12.126500 6.503710 -14.832300
-12.107900 6.476350 -14.823300
-12.081800 6.455330 -14.816700
-12.050000 6.442890 -14.813400

/group/lca/267
267
num_smooth_modes 5 num_subsample_pts 15 pathId 7 creation_method hand_drawn creation_type levelset width 3 pos {-12.015241 6.526696 -14.958589} nrm {0.021160 -0.311018 -0.950168} xhat {0.000000 0.950381 -0.311088} num_hand_picked_pts 8 posId 267 color white
-11.876700 6.506620 -14.948900
-11.875200 6.475930 -14.938900
-11.893400 6.446630 -14.929700
-11.920400 6.425910 -14.923500
-11.952200 6.415460 -14.920800
-11.987300 6.416280 -14.921800
-12.020000 6.428070 -14.926400
-12.045200 6.449200 -14.933900
-12.060400 6.478680 -14.943900
-12.059600 6.511530 -14.954600
-12.038400 6.535370 -14.961900
-12.004600 6.542200 -14.963400
-11.970000 6.538880 -14.961600
-11.935700 6.535070 -14.959600
-11.901000 6.527230 -14.956200

/group/lca/272
272
num_smooth_modes 5 num_subsample_pts 15 pathId 7 creation_method hand_drawn creation_type levelset width 3 pos {-12.012287 6.497139 -15.049795} nrm {0.037904 -0.306858 -0.951000} xhat {0.000000 0.951684 -0.307079} num_hand_picked_pts 9 posId 272 color white
-11.989000 6.631290 -15.092200
-11.952800 6.630770 -15.090500
-11.919300 6.619160 -15.085500
-11.895500 6.596500 -15.077200
-11.886200 6.564530 -15.066500
-11.890600 6.529650 -15.055400
-11.906400 6.499800 -15.046400
-11.933300 6.480020 -15.041100
-11.968800 6.472710 -15.040200
-12.004100 6.479130 -15.043700
-12.031400 6.498530 -15.051000
-12.048000 6.527630 -15.061100
-12.053300 6.561700 -15.072300
-12.044500 6.594580 -15.082500
-12.021600 6.619270 -15.089600

