/group/lsubcl_new/17
17
num_smooth_modes 5 num_subsample_pts 112 creation_method hand_drawn creation_type levelset paste_pos {-10.806238 8.172866 -6.527237} width 3 paste_nrm {-0.111667 -0.358571 0.926800} paste_xhat {0.000000 0.932633 0.360827} paste_posId 17 translation_in_x 0.03 translation_in_y -0.07 paste_pathId 1 num_hand_picked_pts 18 color white
-11.107100 8.185650 -6.558540
-11.123300 8.218890 -6.547630
-11.136400 8.252770 -6.536100
-11.146100 8.287010 -6.524020
-11.152300 8.321360 -6.511490
-11.155000 8.355550 -6.498580
-11.154000 8.389290 -6.485400
-11.149300 8.422320 -6.472060
-11.141000 8.454350 -6.458660
-11.129000 8.485160 -6.445310
-11.113600 8.514500 -6.432100
-11.094900 8.542180 -6.419140
-11.073100 8.568000 -6.406520
-11.048400 8.591830 -6.394330
-11.021100 8.613540 -6.382630
-10.991400 8.633060 -6.371500
-10.959600 8.650340 -6.360990
-10.926000 8.665350 -6.351130
-10.890900 8.678110 -6.341960
-10.854600 8.688670 -6.333500
-10.817300 8.697100 -6.325750
-10.779300 8.703480 -6.318700
-10.740800 8.707920 -6.312340
-10.702000 8.710550 -6.306650
-10.663100 8.711510 -6.301600
-10.624300 8.710920 -6.297150
-10.585600 8.708940 -6.293260
-10.547200 8.705700 -6.289880
-10.509100 8.701330 -6.286980
-10.471300 8.695960 -6.284500
-10.433900 8.689700 -6.282410
-10.396800 8.682650 -6.280680
-10.360100 8.674880 -6.279260
-10.323700 8.666450 -6.278130
-10.287500 8.657410 -6.277280
-10.251700 8.647760 -6.276680
-10.216000 8.637530 -6.276350
-10.180500 8.626680 -6.276270
-10.145200 8.615170 -6.276470
-10.110100 8.602960 -6.276960
-10.075100 8.589980 -6.277770
-10.040300 8.576150 -6.278930
-10.005800 8.561390 -6.280480
-9.971630 8.545600 -6.282470
-9.937840 8.528690 -6.284940
-9.904560 8.510570 -6.287940
-9.871900 8.491160 -6.291520
-9.840010 8.470390 -6.295710
-9.809040 8.448190 -6.300570
-9.779150 8.424520 -6.306130
-9.750540 8.399350 -6.312410
-9.723370 8.372700 -6.319450
-9.697850 8.344580 -6.327260
-9.674170 8.315040 -6.335830
-9.652530 8.284180 -6.345160
-9.633120 8.252110 -6.355230
-9.616110 8.218950 -6.366010
-9.601680 8.184900 -6.377450
-9.590000 8.150140 -6.389490
-9.581190 8.114890 -6.402060
-9.575390 8.079410 -6.415090
-9.572690 8.043950 -6.428490
-9.573160 8.008780 -6.442150
-9.576860 7.974190 -6.455980
-9.583780 7.940460 -6.469860
-9.593940 7.907870 -6.483690
-9.607260 7.876700 -6.497360
-9.623690 7.847200 -6.510750
-9.643110 7.819610 -6.523770
-9.665390 7.794130 -6.536310
-9.690360 7.770960 -6.548280
-9.717830 7.750220 -6.559610
-9.747590 7.732040 -6.570230
-9.779400 7.716490 -6.580090
-9.813030 7.703570 -6.589130
-9.848220 7.693300 -6.597350
-9.884710 7.685610 -6.604720
-9.922240 7.680410 -6.611250
-9.960570 7.677590 -6.616960
-9.999440 7.676970 -6.621880
-10.038600 7.678400 -6.626060
-10.077900 7.681660 -6.629530
-10.117200 7.686560 -6.632360
-10.156200 7.692870 -6.634620
-10.194900 7.700370 -6.636380
-10.233200 7.708870 -6.637700
-10.270900 7.718170 -6.638650
-10.308100 7.728090 -6.639300
-10.344800 7.738480 -6.639700
-10.380900 7.749230 -6.639900
-10.416600 7.760240 -6.639940
-10.451900 7.771460 -6.639840
-10.486800 7.782860 -6.639640
-10.521400 7.794480 -6.639320
-10.555900 7.806330 -6.638880
-10.590200 7.818520 -6.638300
-10.624400 7.831130 -6.637540
-10.658600 7.844290 -6.636580
-10.692800 7.858140 -6.635340
-10.727000 7.872820 -6.633780
-10.761100 7.888490 -6.631830
-10.795100 7.905280 -6.629420
-10.828900 7.923340 -6.626500
-10.862200 7.942790 -6.622990
-10.894900 7.963720 -6.618840
-10.926900 7.986190 -6.614000
-10.957900 8.010260 -6.608420
-10.987600 8.035920 -6.602070
-11.015700 8.063140 -6.594930
-11.042000 8.091840 -6.586990
-11.066200 8.121930 -6.578260
-11.088000 8.153260 -6.568770

/group/lsubcl_new/21
21
num_smooth_modes 5 num_subsample_pts 112 pathId 1 creation_method hand_drawn creation_type levelset width 3 pos {-10.839252 8.074506 -6.262893} xhat {0.000000 0.943366 0.331754} nrm {-0.122622 -0.329251 0.936247} posId 21 num_hand_picked_pts 18 color white
-11.209200 8.061960 -6.315760
-11.225400 8.095590 -6.306050
-11.238400 8.129850 -6.295710
-11.248100 8.164490 -6.284800
-11.254400 8.199230 -6.273400
-11.257000 8.233810 -6.261590
-11.256000 8.267940 -6.249450
-11.251300 8.301350 -6.237090
-11.243000 8.333760 -6.224600
-11.231100 8.364920 -6.212090
-11.215700 8.394600 -6.199630
-11.197100 8.422590 -6.187340
-11.175300 8.448710 -6.175300
-11.150600 8.472820 -6.163600
-11.123300 8.494780 -6.152290
-11.093600 8.514530 -6.141470
-11.061900 8.532000 -6.131160
-11.028300 8.547190 -6.121430
-10.993300 8.560110 -6.112290
-10.957000 8.570790 -6.103780
-10.919800 8.579320 -6.095910
-10.881800 8.585770 -6.088670
-10.843400 8.590270 -6.082050
-10.804600 8.592940 -6.076040
-10.765800 8.593900 -6.070620
-10.727000 8.593310 -6.065750
-10.688400 8.591310 -6.061390
-10.650000 8.588030 -6.057520
-10.612000 8.583620 -6.054080
-10.574200 8.578190 -6.051050
-10.536800 8.571870 -6.048380
-10.499800 8.564730 -6.046040
-10.463200 8.556880 -6.044000
-10.426800 8.548350 -6.042230
-10.390700 8.539210 -6.040720
-10.354900 8.529460 -6.039460
-10.319200 8.519110 -6.038430
-10.283800 8.508130 -6.037650
-10.248500 8.496500 -6.037130
-10.213400 8.484150 -6.036870
-10.178500 8.471020 -6.036910
-10.143800 8.457040 -6.037290
-10.109400 8.442100 -6.038020
-10.075200 8.426140 -6.039170
-10.041500 8.409030 -6.040760
-10.008200 8.390710 -6.042850
-9.975600 8.371080 -6.045480
-9.943750 8.350070 -6.048700
-9.912820 8.327620 -6.052550
-9.882980 8.303680 -6.057060
-9.854390 8.278230 -6.062260
-9.827270 8.251270 -6.068190
-9.801780 8.222830 -6.074850
-9.778130 8.192950 -6.082260
-9.756520 8.161740 -6.090410
-9.737130 8.129290 -6.099280
-9.720140 8.095760 -6.108850
-9.705730 8.061320 -6.119070
-9.694060 8.026150 -6.129910
-9.685270 7.990510 -6.141290
-9.679480 7.954610 -6.153160
-9.676780 7.918740 -6.165420
-9.677250 7.883170 -6.177990
-9.680940 7.848180 -6.190780
-9.687860 7.814060 -6.203680
-9.698000 7.781100 -6.216600
-9.711310 7.749570 -6.229430
-9.727710 7.719730 -6.242080
-9.747110 7.691820 -6.254430
-9.769360 7.666050 -6.266410
-9.794300 7.642600 -6.277920
-9.821730 7.621630 -6.288890
-9.851450 7.603240 -6.299250
-9.883220 7.587500 -6.308950
-9.916810 7.574440 -6.317940
-9.951950 7.564040 -6.326200
-9.988400 7.556260 -6.333710
-10.025900 7.551000 -6.340470
-10.064200 7.548140 -6.346490
-10.103000 7.547510 -6.351790
-10.142100 7.548950 -6.356410
-10.181400 7.552250 -6.360390
-10.220600 7.557200 -6.363780
-10.259500 7.563580 -6.366650
-10.298200 7.571170 -6.369040
-10.336400 7.579760 -6.371020
-10.374100 7.589160 -6.372650
-10.411200 7.599190 -6.373990
-10.447900 7.609700 -6.375090
-10.484000 7.620570 -6.376000
-10.519600 7.631700 -6.376750
-10.554800 7.643050 -6.377370
-10.589700 7.654590 -6.377880
-10.624300 7.666330 -6.378280
-10.658700 7.678320 -6.378570
-10.692900 7.690640 -6.378720
-10.727100 7.703400 -6.378720
-10.761300 7.716710 -6.378510
-10.795500 7.730710 -6.378060
-10.829600 7.745560 -6.377310
-10.863700 7.761400 -6.376200
-10.897600 7.778390 -6.374670
-10.931300 7.796660 -6.372660
-10.964600 7.816320 -6.370100
-10.997300 7.837490 -6.366950
-11.029300 7.860220 -6.363130
-11.060200 7.884560 -6.358620
-11.089800 7.910520 -6.353380
-11.117900 7.938040 -6.347380
-11.144200 7.967080 -6.340610
-11.168300 7.997510 -6.333070
-11.190100 8.029200 -6.324780

/group/lsubcl_new/25
25
num_smooth_modes 5 num_subsample_pts 93 pathId 1 creation_method hand_drawn creation_type levelset width 3 pos {-10.869465 8.003305 -6.044950} xhat {0.000000 0.958261 0.285895} nrm {-0.140134 -0.283074 0.948805} posId 25 num_hand_picked_pts 21 color white
-10.050500 7.897340 -5.955600
-10.054400 7.861480 -5.966880
-10.062100 7.826340 -5.978500
-10.073600 7.792360 -5.990340
-10.088800 7.759910 -6.002270
-10.107600 7.729380 -6.014150
-10.129700 7.701120 -6.025850
-10.154900 7.675430 -6.037230
-10.182900 7.652570 -6.048180
-10.213200 7.632700 -6.058600
-10.245700 7.615940 -6.068390
-10.279900 7.602310 -6.077510
-10.315400 7.591770 -6.085900
-10.351900 7.584200 -6.093550
-10.389100 7.579400 -6.100480
-10.426800 7.577130 -6.106720
-10.464600 7.577110 -6.112310
-10.502500 7.579030 -6.117330
-10.540200 7.582550 -6.121850
-10.577700 7.587370 -6.125960
-10.615000 7.593190 -6.129730
-10.652100 7.599760 -6.133240
-10.689000 7.606870 -6.136570
-10.725700 7.614370 -6.139750
-10.762300 7.622190 -6.142820
-10.798800 7.630330 -6.145800
-10.835400 7.638830 -6.148660
-10.871900 7.647820 -6.151370
-10.908400 7.657470 -6.153890
-10.944900 7.668000 -6.156130
-10.981100 7.679640 -6.158000
-11.017000 7.692660 -6.159420
-11.052200 7.707280 -6.160260
-11.086700 7.723750 -6.160440
-11.120100 7.742240 -6.159860
-11.152100 7.762900 -6.158410
-11.182300 7.785810 -6.156040
-11.210500 7.811000 -6.152690
-11.236200 7.838390 -6.148320
-11.259200 7.867880 -6.142920
-11.279300 7.899270 -6.136510
-11.296000 7.932310 -6.129130
-11.309300 7.966710 -6.120830
-11.318900 8.002120 -6.111690
-11.324800 8.038180 -6.101800
-11.327000 8.074510 -6.091280
-11.325300 8.110710 -6.080230
-11.319900 8.146410 -6.068780
-11.310800 8.181260 -6.057040
-11.298300 8.214930 -6.045150
-11.282500 8.247130 -6.033200
-11.263500 8.277620 -6.021320
-11.241800 8.306180 -6.009580
-11.217400 8.332680 -5.998070
-11.190700 8.356980 -5.986880
-11.161900 8.379010 -5.976050
-11.131300 8.398740 -5.965640
-11.099100 8.416150 -5.955690
-11.065600 8.431270 -5.946230
-11.030900 8.444130 -5.937280
-10.995400 8.454770 -5.928850
-10.959100 8.463270 -5.920960
-10.922300 8.469690 -5.913610
-10.885100 8.474100 -5.906800
-10.847700 8.476570 -5.900530
-10.810100 8.477180 -5.894800
-10.772500 8.475990 -5.889610
-10.735000 8.473080 -5.884940
-10.697700 8.468510 -5.880790
-10.660600 8.462340 -5.877140
-10.623700 8.454630 -5.874000
-10.587200 8.445440 -5.871350
-10.551000 8.434800 -5.869180
-10.515300 8.422770 -5.867490
-10.480000 8.409370 -5.866280
-10.445200 8.394620 -5.865530
-10.410900 8.378530 -5.865270
-10.377200 8.361100 -5.865500
-10.344200 8.342320 -5.866230
-10.312100 8.322150 -5.867500
-10.280800 8.300580 -5.869310
-10.250500 8.277560 -5.871710
-10.221500 8.253060 -5.874740
-10.194000 8.227060 -5.878420
-10.168000 8.199550 -5.882800
-10.144000 8.170540 -5.887910
-10.122100 8.140060 -5.893770
-10.102600 8.108190 -5.900400
-10.085800 8.075040 -5.907810
-10.072000 8.040770 -5.915990
-10.061300 8.005590 -5.924910
-10.054100 7.969760 -5.934530
-10.050400 7.933560 -5.944790

/group/lsubcl_new/29
29
num_smooth_modes 5 num_subsample_pts 81 pathId 1 creation_method hand_drawn creation_type levelset width 3 pos {-10.896596 7.955265 -5.870855} xhat {0.000000 0.969254 0.246064} nrm {-0.157660 -0.242986 0.957132} posId 29 num_hand_picked_pts 20 color white
-10.778500 8.375810 -5.744640
-10.741200 8.368730 -5.740290
-10.704700 8.360060 -5.736480
-10.669000 8.349790 -5.733210
-10.634300 8.337890 -5.730500
-10.600400 8.324310 -5.728380
-10.567500 8.308980 -5.726840
-10.535400 8.291820 -5.725910
-10.504100 8.272780 -5.725600
-10.473600 8.251800 -5.725900
-10.443900 8.228850 -5.726840
-10.415100 8.203930 -5.728410
-10.387200 8.177090 -5.730640
-10.360500 8.148390 -5.733520
-10.335200 8.117970 -5.737070
-10.311500 8.086000 -5.741290
-10.290000 8.052680 -5.746210
-10.271000 8.018270 -5.751820
-10.255000 7.983090 -5.758120
-10.242500 7.947450 -5.765090
-10.233800 7.911730 -5.772730
-10.229400 7.876300 -5.780990
-10.229400 7.841560 -5.789830
-10.234300 7.807900 -5.799170
-10.243900 7.775700 -5.808920
-10.258200 7.745310 -5.819000
-10.277100 7.717080 -5.829280
-10.300300 7.691260 -5.839650
-10.327300 7.668110 -5.849980
-10.357600 7.647770 -5.860130
-10.390700 7.630370 -5.870010
-10.426000 7.615940 -5.879480
-10.462900 7.604450 -5.888480
-10.500800 7.595810 -5.896920
-10.539300 7.589890 -5.904760
-10.577900 7.586480 -5.911980
-10.616300 7.585360 -5.918590
-10.654300 7.586290 -5.924610
-10.691800 7.589030 -5.930090
-10.728600 7.593330 -5.935070
-10.765000 7.598990 -5.939630
-10.801000 7.605820 -5.943820
-10.836700 7.613700 -5.947700
-10.872200 7.622570 -5.951300
-10.907800 7.632410 -5.954660
-10.943300 7.643270 -5.957760
-10.978900 7.655250 -5.960580
-11.014500 7.668490 -5.963080
-11.049900 7.683180 -5.965180
-11.084800 7.699520 -5.966790
-11.119000 7.717680 -5.967810
-11.152100 7.737860 -5.968140
-11.183600 7.760190 -5.967660
-11.213200 7.784760 -5.966290
-11.240200 7.811590 -5.963940
-11.264500 7.840640 -5.960550
-11.285400 7.871770 -5.956100
-11.302800 7.904770 -5.950590
-11.316400 7.939340 -5.944050
-11.326000 7.975130 -5.936540
-11.331400 8.011700 -5.928150
-11.332700 8.048600 -5.919000
-11.330000 8.085340 -5.909220
-11.323200 8.121420 -5.898940
-11.312600 8.156360 -5.888320
-11.298300 8.189720 -5.877500
-11.280600 8.221080 -5.866620
-11.259700 8.250110 -5.855810
-11.235900 8.276530 -5.845180
-11.209300 8.300150 -5.834810
-11.180400 8.320850 -5.824790
-11.149200 8.338580 -5.815160
-11.116200 8.353360 -5.805970
-11.081600 8.365280 -5.797230
-11.045500 8.374450 -5.788970
-11.008400 8.381050 -5.781190
-10.970500 8.385220 -5.773880
-10.932100 8.387170 -5.767060
-10.893500 8.387070 -5.760720
-10.854800 8.385060 -5.754860
-10.816400 8.381270 -5.749500

/group/lsubcl_new/33
33
num_smooth_modes 5 num_subsample_pts 73 pathId 1 creation_method hand_drawn creation_type levelset width 3 pos {-10.921321 7.920062 -5.726392} xhat {0.000000 0.972402 0.233310} nrm {-0.169434 -0.229937 0.958343} posId 33 num_hand_picked_pts 21 color white
-10.497700 8.115230 -5.604670
-10.526100 8.141670 -5.603350
-10.555900 8.166430 -5.602680
-10.586800 8.189510 -5.602600
-10.618600 8.210920 -5.603090
-10.651200 8.230640 -5.604120
-10.684500 8.248650 -5.605690
-10.718600 8.264890 -5.607810
-10.753300 8.279310 -5.610490
-10.788700 8.291800 -5.613760
-10.824800 8.302280 -5.617620
-10.861500 8.310610 -5.622110
-10.898700 8.316690 -5.627230
-10.936300 8.320370 -5.633000
-10.974200 8.321510 -5.639420
-11.012100 8.320000 -5.646480
-11.049700 8.315690 -5.654170
-11.086900 8.308460 -5.662470
-11.123100 8.298220 -5.671330
-11.158100 8.284890 -5.680720
-11.191400 8.268410 -5.690570
-11.222700 8.248800 -5.700800
-11.251500 8.226100 -5.711340
-11.277500 8.200440 -5.722090
-11.300100 8.172000 -5.732920
-11.319100 8.141060 -5.743700
-11.334200 8.107970 -5.754300
-11.345000 8.073140 -5.764560
-11.351300 8.037070 -5.774330
-11.353000 8.000290 -5.783470
-11.350100 7.963360 -5.791820
-11.342700 7.926830 -5.799260
-11.330800 7.891250 -5.805700
-11.314700 7.857090 -5.811050
-11.294800 7.824760 -5.815280
-11.271300 7.794580 -5.818380
-11.244900 7.766750 -5.820380
-11.215900 7.741360 -5.821350
-11.184900 7.718380 -5.821370
-11.152200 7.697700 -5.820560
-11.118400 7.679130 -5.819040
-11.083700 7.662400 -5.816930
-11.048600 7.647260 -5.814350
-11.013100 7.633460 -5.811380
-10.977400 7.620780 -5.808120
-10.941600 7.609080 -5.804590
-10.905600 7.598320 -5.800800
-10.869300 7.588550 -5.796730
-10.832700 7.579950 -5.792330
-10.795800 7.572750 -5.787530
-10.758500 7.567310 -5.782240
-10.720900 7.564030 -5.776380
-10.683000 7.563300 -5.769860
-10.645200 7.565550 -5.762640
-10.607800 7.571130 -5.754680
-10.571100 7.580320 -5.745990
-10.535800 7.593300 -5.736630
-10.502200 7.610130 -5.726660
-10.471200 7.630730 -5.716230
-10.443200 7.654900 -5.705480
-10.418800 7.682330 -5.694590
-10.398500 7.712580 -5.683740
-10.382600 7.745170 -5.673120
-10.371600 7.779530 -5.662920
-10.365400 7.815100 -5.653290
-10.364100 7.851320 -5.644380
-10.367700 7.887660 -5.636280
-10.375800 7.923660 -5.629070
-10.388100 7.958910 -5.622790
-10.404200 7.993090 -5.617440
-10.423700 8.025950 -5.613000
-10.446000 8.057330 -5.609430
-10.470900 8.087110 -5.606670

/group/lsubcl_new/37
37
num_smooth_modes 5 num_subsample_pts 68 pathId 1 creation_method hand_drawn creation_type levelset width 3 pos {-10.944316 7.887364 -5.597334} xhat {0.000000 0.963590 0.267384} nrm {-0.168320 -0.263569 0.949842} posId 37 num_hand_picked_pts 23 color white
-11.085100 8.249680 -5.521750
-11.121600 8.242650 -5.530170
-11.157200 8.232380 -5.539330
-11.191500 8.218790 -5.549180
-11.224100 8.201850 -5.559650
-11.254500 8.181600 -5.570660
-11.282300 8.158140 -5.582090
-11.307000 8.131670 -5.593820
-11.328300 8.102430 -5.605690
-11.345600 8.070770 -5.617550
-11.358700 8.037100 -5.629220
-11.367400 8.001900 -5.640520
-11.371300 7.965690 -5.651270
-11.370500 7.929050 -5.661300
-11.365000 7.892540 -5.670450
-11.354900 7.856750 -5.678600
-11.340500 7.822190 -5.685620
-11.322000 7.789330 -5.691470
-11.299900 7.758540 -5.696090
-11.274600 7.730120 -5.699500
-11.246600 7.704210 -5.701730
-11.216400 7.680870 -5.702850
-11.184400 7.660050 -5.702950
-11.151000 7.641620 -5.702150
-11.116600 7.625370 -5.700560
-11.081400 7.611070 -5.698300
-11.045700 7.598500 -5.695450
-11.009500 7.587470 -5.692110
-10.973000 7.577850 -5.688300
-10.936100 7.569600 -5.684050
-10.898900 7.562800 -5.679350
-10.861500 7.557590 -5.674160
-10.823800 7.554260 -5.668410
-10.786000 7.553120 -5.662030
-10.748400 7.554560 -5.654970
-10.711200 7.558970 -5.647160
-10.674900 7.566700 -5.638570
-10.639800 7.578040 -5.629200
-10.606500 7.593180 -5.619090
-10.575500 7.612180 -5.608330
-10.547400 7.634960 -5.597030
-10.522700 7.661290 -5.585360
-10.502000 7.690810 -5.573490
-10.485500 7.723020 -5.561640
-10.473700 7.757340 -5.550010
-10.466600 7.793150 -5.538830
-10.464400 7.829770 -5.528280
-10.467000 7.866580 -5.518520
-10.474200 7.902970 -5.509700
-10.485800 7.938420 -5.501910
-10.501300 7.972530 -5.495190
-10.520400 8.004950 -5.489580
-10.542600 8.035480 -5.485050
-10.567600 8.064000 -5.481570
-10.594900 8.090460 -5.479070
-10.624200 8.114870 -5.477470
-10.655000 8.137290 -5.476720
-10.687200 8.157780 -5.476740
-10.720500 8.176390 -5.477470
-10.754700 8.193180 -5.478870
-10.789700 8.208140 -5.480930
-10.825400 8.221230 -5.483620
-10.861600 8.232360 -5.486950
-10.898400 8.241420 -5.490950
-10.935500 8.248260 -5.495640
-10.973000 8.252690 -5.501040
-11.010500 8.254530 -5.507180
-11.048000 8.253590 -5.514080

/group/lsubcl_new/41
41
num_smooth_modes 5 num_subsample_pts 66 pathId 1 creation_method hand_drawn creation_type levelset width 3 pos {-10.966259 7.846843 -5.469455} xhat {0.000000 0.939716 0.341957} nrm {-0.152015 -0.337982 0.928794} posId 41 num_hand_picked_pts 19 color white
-10.510100 7.811540 -5.407640
-10.510600 7.777000 -5.420290
-10.516000 7.743080 -5.433520
-10.526200 7.710220 -5.447140
-10.541000 7.678850 -5.460980
-10.560100 7.649370 -5.474840
-10.583200 7.622160 -5.488530
-10.609800 7.597530 -5.501830
-10.639300 7.575770 -5.514590
-10.671300 7.557090 -5.526620
-10.705200 7.541640 -5.537790
-10.740500 7.529510 -5.547980
-10.776700 7.520710 -5.557100
-10.813400 7.515180 -5.565120
-10.850300 7.512820 -5.572030
-10.887200 7.513440 -5.577840
-10.923900 7.516850 -5.582610
-10.960400 7.522820 -5.586400
-10.996500 7.531130 -5.589290
-11.032300 7.541580 -5.591350
-11.067800 7.554010 -5.592630
-11.102900 7.568310 -5.593170
-11.137500 7.584430 -5.592980
-11.171500 7.602350 -5.592020
-11.204700 7.622130 -5.590250
-11.236700 7.643830 -5.587590
-11.267000 7.667520 -5.583940
-11.295300 7.693240 -5.579200
-11.320900 7.721000 -5.573300
-11.343400 7.750710 -5.566170
-11.362200 7.782200 -5.557780
-11.376700 7.815190 -5.548150
-11.386600 7.849300 -5.537360
-11.391600 7.884060 -5.525520
-11.391400 7.918900 -5.512810
-11.386000 7.953250 -5.499430
-11.375500 7.986480 -5.485630
-11.360300 8.018000 -5.471660
-11.340500 8.047300 -5.457760
-11.316700 8.073940 -5.444170
-11.289400 8.097570 -5.431110
-11.259200 8.118000 -5.418730
-11.226700 8.135140 -5.407170
-11.192400 8.149010 -5.396510
-11.156800 8.159720 -5.386790
-11.120400 8.167470 -5.378010
-11.083500 8.172470 -5.370140
-11.046300 8.174950 -5.363160
-11.009100 8.175110 -5.357010
-10.972000 8.173110 -5.351670
-10.935100 8.169060 -5.347100
-10.898400 8.162990 -5.343310
-10.862100 8.154890 -5.340310
-10.826100 8.144670 -5.338130
-10.790500 8.132240 -5.336840
-10.755600 8.117480 -5.336490
-10.721500 8.100300 -5.337170
-10.688600 8.080630 -5.338940
-10.657100 8.058450 -5.341850
-10.627500 8.033820 -5.345970
-10.600200 8.006860 -5.351320
-10.575700 7.977760 -5.357900
-10.554500 7.946800 -5.365690
-10.536900 7.914300 -5.374640
-10.523500 7.880640 -5.384690
-10.514400 7.846240 -5.395730

/group/lsubcl_new/50
50
num_smooth_modes 5 num_subsample_pts 62 pathId 1 creation_method hand_drawn creation_type levelset width 3 pos {-11.012774 7.689198 -5.128844} xhat {0.000000 0.886286 0.463138} nrm {-0.094793 -0.461053 0.882295} posId 50 num_hand_picked_pts 19 color white
-10.656300 7.625180 -5.124000
-10.663500 7.592130 -5.142040
-10.673600 7.559720 -5.160060
-10.686800 7.528240 -5.177930
-10.703000 7.498050 -5.195450
-10.722400 7.469550 -5.212420
-10.744900 7.443190 -5.228610
-10.770500 7.419440 -5.243780
-10.799100 7.398760 -5.257660
-10.830300 7.381520 -5.270020
-10.863800 7.368030 -5.280670
-10.899300 7.358480 -5.289460
-10.936000 7.352910 -5.296330
-10.973500 7.351220 -5.301240
-11.011400 7.353220 -5.304270
-11.049100 7.358610 -5.305500
-11.086400 7.367050 -5.305100
-11.122900 7.378200 -5.303190
-11.158500 7.391770 -5.299920
-11.193000 7.407510 -5.295410
-11.226400 7.425270 -5.289720
-11.258500 7.444970 -5.282870
-11.289000 7.466590 -5.274840
-11.317600 7.490170 -5.265600
-11.344000 7.515720 -5.255080
-11.367600 7.543200 -5.243260
-11.387900 7.572520 -5.230120
-11.404300 7.603440 -5.215720
-11.416200 7.635640 -5.200170
-11.423100 7.668680 -5.183650
-11.424900 7.702030 -5.166410
-11.421300 7.735120 -5.148740
-11.412500 7.767380 -5.130930
-11.398700 7.798270 -5.113310
-11.380400 7.827360 -5.096150
-11.358200 7.854300 -5.079680
-11.332700 7.878900 -5.064090
-11.304600 7.901060 -5.049490
-11.274500 7.920800 -5.035940
-11.242800 7.938190 -5.023450
-11.209900 7.953330 -5.012000
-11.176000 7.966290 -5.001590
-11.141300 7.977100 -4.992210
-11.105800 7.985720 -4.983880
-11.069400 7.991990 -4.976700
-11.032300 7.995710 -4.970770
-10.994600 7.996600 -4.966260
-10.956600 7.994390 -4.963330
-10.918600 7.988810 -4.962160
-10.881100 7.979660 -4.962910
-10.844700 7.966870 -4.965690
-10.810100 7.950440 -4.970560
-10.778000 7.930540 -4.977500
-10.748800 7.907460 -4.986420
-10.723000 7.881570 -4.997190
-10.701200 7.853310 -5.009610
-10.683300 7.823160 -5.023440
-10.669500 7.791580 -5.038470
-10.659700 7.758990 -5.054440
-10.653700 7.725770 -5.071160
-10.651300 7.692230 -5.088420
-10.652200 7.658620 -5.106090

/group/lsubcl_new/56
56
num_smooth_modes 5 num_subsample_pts 63 pathId 1 creation_method hand_drawn creation_type levelset width 3 pos {-11.035130 7.546049 -4.860026} xhat {0.000000 0.882539 0.470239} nrm {-0.050235 -0.469645 0.881425} posId 56 num_hand_picked_pts 22 color white
-11.131000 7.854700 -4.701030
-11.166600 7.844450 -4.708520
-11.201100 7.831410 -4.717440
-11.234100 7.815770 -4.727650
-11.265500 7.797700 -4.739070
-11.295100 7.777330 -4.751610
-11.322600 7.754750 -4.765210
-11.347700 7.730080 -4.779790
-11.370000 7.703410 -4.795270
-11.389300 7.674890 -4.811560
-11.405100 7.644740 -4.828530
-11.417000 7.613210 -4.846010
-11.424900 7.580640 -4.863810
-11.428600 7.547410 -4.881730
-11.427800 7.513920 -4.899520
-11.422900 7.480620 -4.916990
-11.413700 7.447890 -4.933910
-11.400700 7.416100 -4.950100
-11.384200 7.385560 -4.965430
-11.364400 7.356500 -4.979790
-11.341800 7.329100 -4.993100
-11.316600 7.303490 -5.005310
-11.289200 7.279750 -5.016400
-11.259700 7.257980 -5.026320
-11.228500 7.238280 -5.035030
-11.195500 7.220810 -5.042460
-11.161000 7.205750 -5.048520
-11.125200 7.193360 -5.053080
-11.088300 7.183940 -5.056000
-11.050700 7.177770 -5.057140
-11.012800 7.175180 -5.056360
-10.974900 7.176410 -5.053550
-10.937800 7.181640 -5.048650
-10.901900 7.190930 -5.041650
-10.867800 7.204230 -5.032620
-10.836100 7.221370 -5.021680
-10.807100 7.242040 -5.009010
-10.781300 7.265840 -4.994860
-10.758700 7.292310 -4.979470
-10.739500 7.320950 -4.963110
-10.723600 7.351280 -4.946050
-10.710900 7.382840 -4.928510
-10.701200 7.415250 -4.910690
-10.694500 7.448210 -4.892740
-10.690400 7.481470 -4.874790
-10.689000 7.514870 -4.856910
-10.690300 7.548260 -4.839200
-10.694300 7.581500 -4.821710
-10.701100 7.614450 -4.804550
-10.711000 7.646890 -4.787830
-10.724200 7.678540 -4.771710
-10.740800 7.709080 -4.756380
-10.760800 7.738080 -4.742070
-10.784300 7.765100 -4.729010
-10.811000 7.789680 -4.717440
-10.840800 7.811370 -4.707580
-10.873300 7.829790 -4.699620
-10.907800 7.844620 -4.693680
-10.944000 7.855670 -4.689860
-10.981300 7.862850 -4.688150
-11.019100 7.866190 -4.688530
-11.056900 7.865810 -4.690890
-11.094300 7.861900 -4.695100

/group/lsubcl_new/66
66
num_smooth_modes 5 num_subsample_pts 66 pathId 1 creation_method hand_drawn creation_type levelset width 3 pos {-11.036833 7.302487 -4.369180} xhat {0.000000 0.915171 0.403066} nrm {0.049828 -0.402565 0.914034} posId 66 num_hand_picked_pts 22 color white
-10.626700 7.229780 -4.423560
-10.632900 7.195300 -4.438410
-10.643100 7.161560 -4.452710
-10.657200 7.128970 -4.466290
-10.675200 7.097960 -4.478980
-10.696700 7.068910 -4.490590
-10.721600 7.042190 -4.501010
-10.749500 7.018090 -4.510100
-10.780000 6.996850 -4.517790
-10.812800 6.978620 -4.524030
-10.847300 6.963500 -4.528810
-10.883200 6.951520 -4.532130
-10.920100 6.942660 -4.534020
-10.957700 6.936870 -4.534520
-10.995700 6.934090 -4.533670
-11.033700 6.934250 -4.531530
-11.071500 6.937290 -4.528130
-11.108900 6.943190 -4.523500
-11.145500 6.951910 -4.517660
-11.181000 6.963440 -4.510640
-11.215300 6.977780 -4.502460
-11.247900 6.994880 -4.493150
-11.278600 7.014710 -4.482750
-11.306900 7.037170 -4.471310
-11.332700 7.062120 -4.458920
-11.355500 7.089370 -4.445670
-11.375200 7.118690 -4.431680
-11.391500 7.149770 -4.417100
-11.404400 7.182310 -4.402070
-11.413600 7.215950 -4.386760
-11.419100 7.250350 -4.371310
-11.421000 7.285150 -4.355870
-11.419400 7.320020 -4.340600
-11.414300 7.354640 -4.325630
-11.405800 7.388740 -4.311080
-11.394100 7.422030 -4.297060
-11.379100 7.454260 -4.283670
-11.361200 7.485200 -4.271030
-11.340300 7.514580 -4.259230
-11.316600 7.542160 -4.248370
-11.290200 7.567660 -4.238580
-11.261300 7.590800 -4.229960
-11.230000 7.611320 -4.222630
-11.196800 7.628910 -4.216690
-11.161800 7.643320 -4.212250
-11.125500 7.654320 -4.209390
-11.088200 7.661720 -4.208160
-11.050300 7.665420 -4.208600
-11.012400 7.665370 -4.210690
-10.974700 7.661600 -4.214400
-10.937900 7.654210 -4.219670
-10.902100 7.643380 -4.226390
-10.867700 7.629330 -4.234450
-10.835000 7.612330 -4.243720
-10.804100 7.592650 -4.254070
-10.775300 7.570570 -4.265370
-10.748600 7.546360 -4.277490
-10.724100 7.520240 -4.290330
-10.701900 7.492420 -4.303790
-10.682200 7.463090 -4.317780
-10.665100 7.432390 -4.332230
-10.650600 7.400500 -4.347070
-10.639100 7.367560 -4.362200
-10.630800 7.333770 -4.377540
-10.625800 7.299360 -4.392970
-10.624300 7.264580 -4.408360

/group/lsubcl_new/76
76
num_smooth_modes 5 num_subsample_pts 66 pathId 1 creation_method hand_drawn creation_type levelset width 3 pos {-10.994247 7.106694 -3.858203} xhat {0.000000 0.949236 0.314566} nrm {0.085216 -0.313422 0.945783} posId 76 num_hand_picked_pts 21 color white
-11.025600 7.484180 -3.730280
-11.062900 7.478510 -3.728800
-11.099600 7.469460 -3.728500
-11.135300 7.457190 -3.729350
-11.169600 7.441880 -3.731320
-11.202400 7.423710 -3.734390
-11.233400 7.402850 -3.738510
-11.262400 7.379460 -3.743650
-11.289000 7.353710 -3.749790
-11.313100 7.325770 -3.756870
-11.334500 7.295850 -3.764860
-11.352900 7.264170 -3.773700
-11.368100 7.230980 -3.783330
-11.379900 7.196600 -3.793660
-11.388000 7.161360 -3.804610
-11.392400 7.125630 -3.816060
-11.392900 7.089810 -3.827880
-11.389500 7.054270 -3.839960
-11.382300 7.019410 -3.852170
-11.371400 6.985570 -3.864360
-11.356900 6.953050 -3.876440
-11.339200 6.922120 -3.888290
-11.318400 6.892980 -3.899820
-11.294900 6.865790 -3.910950
-11.268900 6.840660 -3.921620
-11.240800 6.817690 -3.931760
-11.210700 6.796970 -3.941340
-11.179000 6.778590 -3.950290
-11.145800 6.762670 -3.958560
-11.111200 6.749350 -3.966080
-11.075700 6.738810 -3.972780
-11.039200 6.731230 -3.978580
-11.002100 6.726840 -3.983370
-10.964700 6.725830 -3.987080
-10.927300 6.728390 -3.989600
-10.890200 6.734640 -3.990870
-10.854000 6.744650 -3.990820
-10.819000 6.758420 -3.989410
-10.785700 6.775830 -3.986640
-10.754600 6.796680 -3.982530
-10.726000 6.820710 -3.977140
-10.700300 6.847570 -3.970550
-10.677800 6.876870 -3.962870
-10.658700 6.908190 -3.954220
-10.643000 6.941110 -3.944730
-10.630700 6.975230 -3.934520
-10.621900 7.010190 -3.923730
-10.616400 7.045650 -3.912470
-10.614200 7.081340 -3.900850
-10.615000 7.117020 -3.888950
-10.618800 7.152470 -3.876860
-10.625500 7.187480 -3.864660
-10.635000 7.221870 -3.852410
-10.647300 7.255400 -3.840190
-10.662400 7.287840 -3.828080
-10.680200 7.318890 -3.816180
-10.700900 7.348270 -3.804580
-10.724300 7.375620 -3.793410
-10.750300 7.400620 -3.782780
-10.778900 7.422910 -3.772810
-10.809800 7.442200 -3.763640
-10.842800 7.458220 -3.755360
-10.877400 7.470740 -3.748090
-10.913500 7.479630 -3.741890
-10.950500 7.484830 -3.736840
-10.988000 7.486320 -3.732960

/group/lsubcl_new/86
86
num_smooth_modes 5 num_subsample_pts 66 pathId 1 creation_method hand_drawn creation_type levelset width 3 pos {-10.967176 6.958104 -3.347902} xhat {0.000000 0.969101 0.246664} nrm {-0.007934 -0.246656 0.969071} posId 86 num_hand_picked_pts 19 color white
-11.078500 7.324900 -3.255450
-11.112700 7.312450 -3.258900
-11.145800 7.296440 -3.263250
-11.177600 7.277110 -3.268430
-11.208000 7.254720 -3.274380
-11.236700 7.229610 -3.281000
-11.263300 7.202120 -3.288220
-11.287700 7.172580 -3.295940
-11.309400 7.141330 -3.304070
-11.328000 7.108680 -3.312530
-11.343300 7.074890 -3.321250
-11.354900 7.040220 -3.330180
-11.362700 7.004900 -3.339230
-11.366300 6.969150 -3.348360
-11.365900 6.933230 -3.357500
-11.361400 6.897370 -3.366590
-11.353000 6.861890 -3.375550
-11.340800 6.827110 -3.384300
-11.325100 6.793380 -3.392760
-11.306100 6.761100 -3.400820
-11.284100 6.730640 -3.408390
-11.259400 6.702380 -3.415380
-11.232200 6.676670 -3.421710
-11.202700 6.653780 -3.427290
-11.171200 6.633950 -3.432080
-11.138000 6.617320 -3.436040
-11.103200 6.603980 -3.439150
-11.067100 6.593930 -3.441410
-11.029900 6.587140 -3.442840
-10.992000 6.583550 -3.443440
-10.953700 6.583070 -3.443250
-10.915500 6.585610 -3.442290
-10.877500 6.591120 -3.440580
-10.840400 6.599570 -3.438120
-10.804400 6.610950 -3.434930
-10.770000 6.625270 -3.431000
-10.737500 6.642570 -3.426330
-10.707200 6.662840 -3.420930
-10.679200 6.686050 -3.414790
-10.653900 6.712130 -3.407940
-10.631300 6.740910 -3.400430
-10.611500 6.772160 -3.392320
-10.594700 6.805550 -3.383680
-10.580800 6.840670 -3.374630
-10.570100 6.877060 -3.365280
-10.562600 6.914230 -3.355760
-10.558400 6.951640 -3.346200
-10.557700 6.988810 -3.336740
-10.560600 7.025270 -3.327480
-10.567200 7.060630 -3.318530
-10.577700 7.094570 -3.309980
-10.592000 7.126840 -3.301880
-10.610100 7.157260 -3.294290
-10.631800 7.185720 -3.287220
-10.657000 7.212130 -3.280710
-10.685300 7.236440 -3.274750
-10.716300 7.258560 -3.269370
-10.749600 7.278400 -3.264600
-10.784600 7.295830 -3.260450
-10.821000 7.310680 -3.256960
-10.858100 7.322740 -3.254200
-10.895700 7.331790 -3.252200
-10.933200 7.337590 -3.251030
-10.970500 7.339940 -3.250740
-11.007300 7.338660 -3.251370
-11.043300 7.333660 -3.252940

/group/lsubcl_new/96
96
num_smooth_modes 5 num_subsample_pts 66 pathId 1 creation_method hand_drawn creation_type levelset width 3 pos {-11.012079 6.856032 -2.850254} xhat {0.000000 0.990616 0.136678} nrm {-0.170851 -0.134668 0.976051} posId 96 num_hand_picked_pts 24 color white
-11.147400 7.228380 -2.822570
-11.179200 7.209950 -2.830670
-11.208900 7.188500 -2.838840
-11.236600 7.164300 -2.847010
-11.261800 7.137580 -2.855120
-11.284500 7.108600 -2.863090
-11.304500 7.077650 -2.870860
-11.321600 7.044980 -2.878360
-11.335700 7.010850 -2.885540
-11.346700 6.975540 -2.892330
-11.354400 6.939330 -2.898680
-11.358800 6.902490 -2.904530
-11.359700 6.865330 -2.909820
-11.357100 6.828170 -2.914490
-11.350900 6.791350 -2.918490
-11.341200 6.755220 -2.921770
-11.327900 6.720150 -2.924290
-11.311200 6.686490 -2.926010
-11.291300 6.654620 -2.926920
-11.268200 6.624870 -2.926990
-11.242400 6.597550 -2.926230
-11.214000 6.572940 -2.924650
-11.183300 6.551280 -2.922270
-11.150700 6.532730 -2.919130
-11.116600 6.517420 -2.915270
-11.081300 6.505450 -2.910740
-11.045100 6.496850 -2.905590
-11.008300 6.491640 -2.899870
-10.971300 6.489790 -2.893650
-10.934400 6.491260 -2.886980
-10.897800 6.496020 -2.879920
-10.861800 6.504010 -2.872520
-10.826700 6.515180 -2.864830
-10.792800 6.529440 -2.856930
-10.760400 6.546740 -2.848870
-10.729800 6.566970 -2.840720
-10.701200 6.590010 -2.832540
-10.675000 6.615720 -2.824410
-10.651400 6.643900 -2.816400
-10.630800 6.674330 -2.808580
-10.613300 6.706730 -2.801050
-10.599200 6.740820 -2.793880
-10.588600 6.776240 -2.787130
-10.581600 6.812640 -2.780880
-10.578200 6.849660 -2.775190
-10.578600 6.886920 -2.770110
-10.582500 6.924040 -2.765680
-10.590000 6.960680 -2.761940
-10.601000 6.996510 -2.758910
-10.615200 7.031200 -2.756610
-10.632600 7.064480 -2.755060
-10.652900 7.096070 -2.754260
-10.675900 7.125720 -2.754210
-10.701600 7.153190 -2.754900
-10.729600 7.178260 -2.756350
-10.759700 7.200690 -2.758520
-10.791700 7.220280 -2.761420
-10.825300 7.236830 -2.765020
-10.860300 7.250140 -2.769300
-10.896200 7.260060 -2.774230
-10.932900 7.266450 -2.779760
-10.969800 7.269210 -2.785850
-11.006800 7.268280 -2.792450
-11.043400 7.263660 -2.799490
-11.079200 7.255400 -2.806910
-11.114000 7.243590 -2.814630

/group/lsubcl_new/98
98
num_smooth_modes 5 num_subsample_pts 66 pathId 1 creation_method hand_drawn creation_type levelset width 3 pos {-11.030926 6.844009 -2.751521} nrm {-0.202960 -0.100548 0.974011} xhat {0.000000 0.994714 0.102685} num_hand_picked_pts 21 posId 98 color white
-10.609800 6.764620 -2.671960
-10.622300 6.729660 -2.678180
-10.638200 6.696370 -2.684930
-10.657300 6.664920 -2.692150
-10.679300 6.635440 -2.699770
-10.703900 6.608020 -2.707750
-10.731000 6.582740 -2.716010
-10.760300 6.559650 -2.724480
-10.791400 6.538860 -2.733110
-10.824100 6.520490 -2.741810
-10.858000 6.504720 -2.750520
-10.893000 6.491730 -2.759150
-10.928800 6.481780 -2.767640
-10.965200 6.475100 -2.775910
-11.001900 6.471920 -2.783880
-11.038600 6.472460 -2.791480
-11.075200 6.476840 -2.798640
-11.111200 6.485160 -2.805300
-11.146500 6.497400 -2.811380
-11.180600 6.513440 -2.816830
-11.213100 6.533110 -2.821590
-11.243800 6.556140 -2.825590
-11.272100 6.582200 -2.828790
-11.297600 6.610920 -2.831160
-11.320100 6.641910 -2.832650
-11.339300 6.674790 -2.833240
-11.354800 6.709200 -2.832920
-11.366600 6.744780 -2.831700
-11.374500 6.781210 -2.829600
-11.378700 6.818220 -2.826650
-11.379100 6.855530 -2.822880
-11.375900 6.892880 -2.818360
-11.369300 6.930010 -2.813160
-11.359500 6.966640 -2.807330
-11.346700 7.002490 -2.800960
-11.331100 7.037230 -2.794120
-11.312800 7.070540 -2.786880
-11.292100 7.102080 -2.779310
-11.269000 7.131480 -2.771460
-11.243700 7.158450 -2.763400
-11.216200 7.182670 -2.755160
-11.186600 7.203890 -2.746820
-11.155200 7.221920 -2.738400
-11.121900 7.236620 -2.729950
-11.087100 7.247900 -2.721540
-11.051000 7.255730 -2.713210
-11.014000 7.260120 -2.705030
-10.976300 7.261100 -2.697080
-10.938400 7.258710 -2.689440
-10.900800 7.253020 -2.682180
-10.863800 7.244060 -2.675390
-10.827900 7.231880 -2.669170
-10.793500 7.216510 -2.663580
-10.760900 7.197990 -2.658720
-10.730600 7.176370 -2.654630
-10.702800 7.151760 -2.651380
-10.677800 7.124270 -2.649000
-10.655700 7.094120 -2.647520
-10.636800 7.061570 -2.646930
-10.621100 7.026960 -2.647240
-10.608900 6.990690 -2.648430
-10.600100 6.953220 -2.650470
-10.594800 6.915030 -2.653320
-10.593200 6.876610 -2.656940
-10.595100 6.838450 -2.661280
-10.600700 6.800990 -2.666310

/group/lsubcl_new/100
100
num_smooth_modes 5 num_subsample_pts 67 pathId 1 creation_method hand_drawn creation_type levelset width 3 pos {-11.053056 6.835585 -2.652773} xhat {0.000000 0.997901 0.064762} nrm {-0.234204 -0.062961 0.970147} posId 100 num_hand_picked_pts 17 color white
-10.600800 6.981060 -2.534160
-10.593200 6.943830 -2.534740
-10.589100 6.905640 -2.536230
-10.588500 6.866930 -2.538590
-10.591200 6.828130 -2.541770
-10.597300 6.789680 -2.545730
-10.606700 6.752040 -2.550430
-10.619200 6.715660 -2.555830
-10.635000 6.680940 -2.561880
-10.653700 6.648290 -2.568530
-10.675500 6.618060 -2.575740
-10.700000 6.590530 -2.583450
-10.727200 6.565960 -2.591610
-10.756800 6.544520 -2.600140
-10.788500 6.526320 -2.608980
-10.822000 6.511410 -2.618030
-10.857000 6.499790 -2.627240
-10.893200 6.491410 -2.636510
-10.930100 6.486200 -2.645770
-10.967500 6.484050 -2.654940
-11.005100 6.484850 -2.663970
-11.042600 6.488510 -2.672780
-11.079800 6.494960 -2.681330
-11.116300 6.504130 -2.689550
-11.152000 6.515990 -2.697410
-11.186700 6.530550 -2.704830
-11.220100 6.547790 -2.711770
-11.251900 6.567710 -2.718160
-11.281900 6.590310 -2.723920
-11.309600 6.615540 -2.728990
-11.334800 6.643310 -2.733280
-11.357100 6.673470 -2.736700
-11.376200 6.705810 -2.739200
-11.391600 6.740050 -2.740690
-11.403000 6.775840 -2.741140
-11.410400 6.812770 -2.740520
-11.413500 6.850400 -2.738820
-11.412300 6.888240 -2.736070
-11.406800 6.925820 -2.732310
-11.397300 6.962670 -2.727630
-11.384000 6.998340 -2.722090
-11.367100 7.032440 -2.715810
-11.347100 7.064630 -2.708900
-11.324300 7.094640 -2.701450
-11.299100 7.122260 -2.693580
-11.271800 7.147330 -2.685350
-11.242700 7.169760 -2.676870
-11.212000 7.189490 -2.668170
-11.179800 7.206490 -2.659310
-11.146500 7.220730 -2.650330
-11.111900 7.232200 -2.641250
-11.076400 7.240890 -2.632100
-11.040000 7.246760 -2.622930
-11.002900 7.249770 -2.613780
-10.965300 7.249860 -2.604700
-10.927500 7.246960 -2.595770
-10.889900 7.241030 -2.587080
-10.852900 7.231990 -2.578720
-10.816800 7.219830 -2.570800
-10.782100 7.204520 -2.563430
-10.749400 7.186090 -2.556720
-10.718900 7.164620 -2.550760
-10.691100 7.140210 -2.545630
-10.666400 7.113010 -2.541410
-10.644800 7.083220 -2.538140
-10.626600 7.051100 -2.535840
-10.611900 7.016940 -2.534510

/group/lsubcl_new/106
106
num_smooth_modes 5 num_subsample_pts 62 pathId 1 creation_method hand_drawn creation_type levelset width 3 pos {-11.139104 6.835339 -2.355235} nrm {-0.319126 0.066216 0.945396} xhat {0.000000 0.997556 -0.069870} num_hand_picked_pts 23 posId 106 color white
-10.938200 6.570880 -2.268890
-10.969900 6.551830 -2.278270
-11.002500 6.536370 -2.288170
-11.035700 6.524540 -2.298560
-11.069500 6.516270 -2.309400
-11.104000 6.511470 -2.320690
-11.138900 6.510040 -2.332390
-11.174300 6.511930 -2.344470
-11.209900 6.517130 -2.356830
-11.245100 6.525720 -2.369340
-11.279600 6.537820 -2.381820
-11.312500 6.553580 -2.394040
-11.343200 6.573110 -2.405760
-11.370800 6.596460 -2.416730
-11.394800 6.623540 -2.426720
-11.414600 6.654100 -2.435550
-11.430000 6.687740 -2.443080
-11.440700 6.723880 -2.449240
-11.447000 6.761830 -2.454010
-11.449100 6.800820 -2.457450
-11.447400 6.840090 -2.459650
-11.442500 6.878940 -2.460710
-11.434800 6.916800 -2.460760
-11.424600 6.953290 -2.459880
-11.412200 6.988180 -2.458140
-11.397700 7.021440 -2.455570
-11.381100 7.053180 -2.452170
-11.362100 7.083560 -2.447890
-11.340600 7.112750 -2.442700
-11.316500 7.140850 -2.436530
-11.289700 7.167810 -2.429370
-11.260300 7.193410 -2.421230
-11.228500 7.217200 -2.412170
-11.194900 7.238580 -2.402310
-11.160000 7.256820 -2.391810
-11.124500 7.271110 -2.380840
-11.089300 7.280710 -2.369620
-11.055000 7.284970 -2.358350
-11.022300 7.283450 -2.347200
-10.991600 7.275990 -2.336300
-10.963100 7.262700 -2.325760
-10.936900 7.243970 -2.315610
-10.912900 7.220420 -2.305850
-10.890800 7.192860 -2.296460
-10.870300 7.162190 -2.287400
-10.851200 7.129290 -2.278650
-10.833300 7.094970 -2.270210
-10.816700 7.059890 -2.262140
-10.801500 7.024530 -2.254530
-10.788100 6.989180 -2.247530
-10.777000 6.953970 -2.241320
-10.768800 6.918870 -2.236100
-10.764200 6.883850 -2.232070
-10.763500 6.848840 -2.229400
-10.767300 6.813840 -2.228220
-10.775700 6.778980 -2.228610
-10.788600 6.744490 -2.230560
-10.805900 6.710770 -2.234020
-10.827000 6.678260 -2.238870
-10.851400 6.647510 -2.244950
-10.878400 6.619060 -2.252100
-10.907600 6.593390 -2.260130

/group/lsubcl_new/109
109
num_smooth_modes 5 num_subsample_pts 61 pathId 1 creation_method hand_drawn creation_type levelset width 3 pos {-11.193210 6.851308 -2.205085} xhat {0.000000 0.989762 -0.142725} nrm {-0.356779 0.133332 0.924625} posId 109 num_hand_picked_pts 19 color white
-10.890200 7.034360 -2.114560
-10.878400 7.001110 -2.105230
-10.870000 6.966640 -2.096990
-10.864800 6.931100 -2.089870
-10.863000 6.894690 -2.083910
-10.864400 6.857660 -2.079140
-10.869200 6.820360 -2.075600
-10.877300 6.783210 -2.073350
-10.888500 6.746670 -2.072430
-10.903000 6.711270 -2.072900
-10.920500 6.677500 -2.074790
-10.940900 6.645830 -2.078110
-10.964200 6.616690 -2.082870
-10.989900 6.590400 -2.089010
-11.017900 6.567230 -2.096490
-11.048000 6.547340 -2.105210
-11.079700 6.530860 -2.115070
-11.112700 6.517830 -2.125950
-11.146800 6.508320 -2.137720
-11.181500 6.502370 -2.150250
-11.216500 6.500040 -2.163410
-11.251400 6.501390 -2.177070
-11.285800 6.506520 -2.191080
-11.319300 6.515480 -2.205310
-11.351500 6.528310 -2.219600
-11.382100 6.544980 -2.233790
-11.410600 6.565370 -2.247720
-11.436600 6.589270 -2.261200
-11.459700 6.616370 -2.274040
-11.479700 6.646250 -2.286050
-11.496200 6.678440 -2.297070
-11.509100 6.712420 -2.306930
-11.518200 6.747680 -2.315530
-11.523500 6.783720 -2.322770
-11.525000 6.820120 -2.328610
-11.522900 6.856560 -2.333050
-11.517300 6.892760 -2.336110
-11.508500 6.928550 -2.337870
-11.496600 6.963800 -2.338390
-11.482000 6.998400 -2.337740
-11.464900 7.032200 -2.336010
-11.445400 7.065010 -2.333220
-11.423800 7.096540 -2.329410
-11.400100 7.126430 -2.324580
-11.374400 7.154210 -2.318700
-11.347000 7.179330 -2.311740
-11.317900 7.201220 -2.303660
-11.287300 7.219340 -2.294450
-11.255300 7.233180 -2.284120
-11.222300 7.242350 -2.272720
-11.188600 7.246630 -2.260330
-11.154600 7.245930 -2.247100
-11.120700 7.240370 -2.233200
-11.087300 7.230200 -2.218860
-11.055000 7.215790 -2.204310
-11.024100 7.197600 -2.189780
-10.995200 7.176140 -2.175520
-10.968600 7.151870 -2.161750
-10.944500 7.125240 -2.148630
-10.923300 7.096610 -2.136320
-10.905200 7.066240 -2.124940

/group/lsubcl_new/112
112
num_smooth_modes 8 num_subsample_pts 69 pathId 1 creation_method hand_drawn creation_type levelset width 3 pos {-11.255307 6.877898 -2.054814} xhat {0.000000 0.978510 -0.206198} nrm {-0.398958 0.189077 0.897264} posId 112 num_hand_picked_pts 24 color white
-10.926700 7.024820 -1.939650
-10.921300 6.991570 -1.930270
-10.919400 6.957440 -1.922200
-10.920500 6.922770 -1.915410
-10.924600 6.887920 -1.909870
-10.931400 6.853250 -1.905590
-10.940800 6.819110 -1.902590
-10.952800 6.785840 -1.900910
-10.967300 6.753710 -1.900570
-10.984100 6.722900 -1.901550
-11.003100 6.693480 -1.903800
-11.024000 6.665480 -1.907220
-11.046800 6.638910 -1.911750
-11.071300 6.613900 -1.917350
-11.097300 6.590700 -1.924040
-11.124900 6.569770 -1.931880
-11.153900 6.551650 -1.940950
-11.184200 6.536970 -1.951330
-11.215500 6.526230 -1.963010
-11.247600 6.519750 -1.975900
-11.279900 6.517580 -1.989810
-11.312000 6.519480 -2.004480
-11.343500 6.525020 -2.019660
-11.374100 6.533690 -2.035100
-11.403700 6.545030 -2.050640
-11.432100 6.558750 -2.066180
-11.459400 6.574770 -2.081680
-11.485300 6.593180 -2.097070
-11.509400 6.614180 -2.112230
-11.531300 6.637930 -2.126970
-11.550300 6.664470 -2.140980
-11.565500 6.693620 -2.153890
-11.576300 6.724970 -2.165310
-11.582300 6.757990 -2.174960
-11.583600 6.792050 -2.182690
-11.580400 6.826570 -2.188550
-11.573600 6.861090 -2.192790
-11.564100 6.895340 -2.195790
-11.553100 6.929220 -2.198060
-11.541700 6.962780 -2.200060
-11.530700 6.996170 -2.202210
-11.520600 7.029590 -2.204730
-11.511300 7.063180 -2.207690
-11.502600 7.097050 -2.210940
-11.493600 7.131130 -2.214150
-11.483600 7.165190 -2.216870
-11.471600 7.198760 -2.218580
-11.456600 7.231110 -2.218750
-11.438100 7.261300 -2.216900
-11.415900 7.288210 -2.212700
-11.390100 7.310690 -2.205970
-11.361300 7.327720 -2.196750
-11.330400 7.338590 -2.185280
-11.298300 7.343000 -2.171960
-11.266300 7.341190 -2.157310
-11.235000 7.333850 -2.141860
-11.205100 7.322030 -2.126080
-11.176800 7.306930 -2.110320
-11.150000 7.289710 -2.094770
-11.124300 7.271270 -2.079470
-11.099300 7.252150 -2.064330
-11.074800 7.232480 -2.049250
-11.050500 7.212100 -2.034150
-11.026700 7.190630 -2.019050
-11.003800 7.167670 -2.004060
-10.982700 7.142880 -1.989430
-10.963800 7.116120 -1.975420
-10.948000 7.087390 -1.962320
-10.935500 7.056870 -1.950350

/group/lsubcl_new/115
115
num_smooth_modes 5 num_subsample_pts 63 pathId 1 creation_method hand_drawn creation_type levelset width 3 pos {-11.326385 6.913591 -1.906186} xhat {0.000000 0.965225 -0.261421} nrm {-0.446462 0.233920 0.863686} posId 115 num_hand_picked_pts 21 color white
-11.487800 6.553390 -1.892050
-11.457900 6.541060 -1.873250
-11.426200 6.533270 -1.854760
-11.393100 6.529950 -1.836770
-11.359000 6.530870 -1.819410
-11.324400 6.535680 -1.802810
-11.289600 6.543960 -1.787050
-11.255000 6.555280 -1.772240
-11.221100 6.569240 -1.758490
-11.188200 6.585520 -1.745920
-11.156800 6.603910 -1.734670
-11.127200 6.624310 -1.724890
-11.099700 6.646720 -1.716730
-11.074400 6.671200 -1.710300
-11.051600 6.697870 -1.705700
-11.031100 6.726780 -1.702960
-11.013100 6.757940 -1.702070
-10.997400 6.791200 -1.702970
-10.984000 6.826320 -1.705540
-10.972700 6.862870 -1.709640
-10.963800 6.900320 -1.715140
-10.957100 6.938010 -1.721890
-10.952800 6.975270 -1.729790
-10.951300 7.011420 -1.738800
-10.952800 7.045850 -1.748900
-10.957700 7.078040 -1.760140
-10.966300 7.107640 -1.772590
-10.978900 7.134410 -1.786350
-10.995600 7.158290 -1.801470
-11.016500 7.179300 -1.817970
-11.041400 7.197560 -1.835790
-11.070000 7.213190 -1.854780
-11.101600 7.226290 -1.874700
-11.135700 7.236930 -1.895200
-11.171400 7.245060 -1.915870
-11.208000 7.250560 -1.936230
-11.244500 7.253220 -1.955820
-11.280200 7.252790 -1.974170
-11.314600 7.249020 -1.990920
-11.347100 7.241650 -2.005760
-11.377600 7.230550 -2.018530
-11.406000 7.215660 -2.029160
-11.432300 7.197050 -2.037720
-11.456700 7.174950 -2.044340
-11.479400 7.149680 -2.049240
-11.500700 7.121640 -2.052640
-11.520700 7.091290 -2.054760
-11.539500 7.059120 -2.055750
-11.557000 7.025550 -2.055720
-11.573100 6.990970 -2.054680
-11.587500 6.955690 -2.052580
-11.599900 6.919950 -2.049290
-11.609800 6.883940 -2.044640
-11.616700 6.847830 -2.038460
-11.620400 6.811800 -2.030600
-11.620500 6.776070 -2.020950
-11.616700 6.740960 -2.009490
-11.609000 6.706850 -1.996260
-11.597300 6.674240 -1.981410
-11.581900 6.643680 -1.965170
-11.562900 6.615770 -1.947800
-11.540700 6.591090 -1.929610
-11.515500 6.570150 -1.910920

/group/lsubcl_new/117
117
num_smooth_modes 5 num_subsample_pts 58 pathId 1 creation_method hand_drawn creation_type levelset width 3 pos {-11.379253 6.941681 -1.808894} xhat {0.000000 0.955615 -0.294618} nrm {-0.481093 0.258283 0.837759} posId 117 num_hand_picked_pts 16 color white
-11.023300 6.930120 -1.600930
-11.029300 6.963940 -1.614780
-11.038600 6.996270 -1.630110
-11.050900 7.027140 -1.646670
-11.065600 7.056720 -1.664260
-11.082500 7.085160 -1.682740
-11.101400 7.112520 -1.702010
-11.122100 7.138720 -1.721970
-11.144600 7.163450 -1.742520
-11.168900 7.186190 -1.763490
-11.195000 7.206260 -1.784670
-11.222800 7.222880 -1.805770
-11.252200 7.235260 -1.826450
-11.282900 7.242740 -1.846360
-11.314500 7.244860 -1.865160
-11.346600 7.241420 -1.882530
-11.378700 7.232510 -1.898240
-11.410400 7.218510 -1.912150
-11.441400 7.199990 -1.924190
-11.471100 7.177680 -1.934410
-11.499500 7.152320 -1.942870
-11.526200 7.124610 -1.949670
-11.551100 7.095120 -1.954910
-11.574100 7.064260 -1.958600
-11.595000 7.032260 -1.960730
-11.613500 6.999250 -1.961170
-11.629300 6.965290 -1.959770
-11.642000 6.930440 -1.956320
-11.651200 6.894860 -1.950630
-11.656400 6.858840 -1.942540
-11.657400 6.822870 -1.931990
-11.653800 6.787540 -1.919020
-11.645500 6.753590 -1.903800
-11.632700 6.721760 -1.886620
-11.615500 6.692760 -1.867840
-11.594600 6.667150 -1.847910
-11.570300 6.645280 -1.827250
-11.543500 6.627270 -1.806280
-11.514600 6.613030 -1.785320
-11.484400 6.602260 -1.764610
-11.453100 6.594570 -1.744310
-11.421300 6.589560 -1.724470
-11.389000 6.586880 -1.705110
-11.356400 6.586380 -1.686240
-11.323500 6.588050 -1.667870
-11.290400 6.592130 -1.650120
-11.257200 6.598980 -1.633160
-11.224100 6.609060 -1.617270
-11.191600 6.622830 -1.602820
-11.160100 6.640630 -1.590210
-11.130300 6.662600 -1.579860
-11.102900 6.688630 -1.572150
-11.078600 6.718320 -1.567380
-11.058100 6.751040 -1.565710
-11.041900 6.785970 -1.567180
-11.030400 6.822170 -1.571700
-11.023500 6.858760 -1.579040
-11.021300 6.894940 -1.588910

/group/lsubcl_new/120
120
num_smooth_modes 5 num_subsample_pts 58 pathId 1 creation_method hand_drawn creation_type levelset width 3 pos {-11.467519 6.989117 -1.666969} xhat {0.000000 0.940324 -0.340281} nrm {-0.537300 0.286990 0.793061} posId 120 num_hand_picked_pts 20 color white
-11.134200 6.846940 -1.389720
-11.126700 6.883750 -1.397930
-11.123300 6.920390 -1.408880
-11.124100 6.956120 -1.422390
-11.129300 6.990230 -1.438200
-11.138500 7.022120 -1.456010
-11.151700 7.051320 -1.475480
-11.168300 7.077530 -1.496260
-11.188100 7.100610 -1.518030
-11.210600 7.120570 -1.540460
-11.235200 7.137570 -1.563310
-11.261600 7.151830 -1.586350
-11.289400 7.163590 -1.609430
-11.318300 7.173060 -1.632410
-11.348000 7.180380 -1.655190
-11.378400 7.185550 -1.677670
-11.409400 7.188470 -1.699720
-11.440800 7.188900 -1.721190
-11.472600 7.186510 -1.741860
-11.504500 7.180930 -1.761470
-11.536300 7.171800 -1.779680
-11.567500 7.158840 -1.796150
-11.597800 7.141870 -1.810500
-11.626500 7.120890 -1.822370
-11.653200 7.096060 -1.831440
-11.677200 7.067730 -1.837470
-11.698100 7.036400 -1.840280
-11.715400 7.002710 -1.839830
-11.728900 6.967350 -1.836150
-11.738300 6.931040 -1.829390
-11.743600 6.894500 -1.819770
-11.744900 6.858360 -1.807570
-11.742300 6.823190 -1.793090
-11.736100 6.789430 -1.776680
-11.726500 6.757460 -1.758630
-11.713900 6.727560 -1.739250
-11.698500 6.699930 -1.718800
-11.680500 6.674750 -1.697480
-11.660100 6.652150 -1.675500
-11.637600 6.632250 -1.653030
-11.613000 6.615180 -1.630220
-11.586700 6.601030 -1.607240
-11.558700 6.589920 -1.584260
-11.529300 6.581930 -1.561450
-11.498700 6.577150 -1.539020
-11.467300 6.575630 -1.517180
-11.435300 6.577430 -1.496170
-11.403100 6.582570 -1.476220
-11.371100 6.591070 -1.457570
-11.339500 6.602940 -1.440460
-11.308700 6.618170 -1.425130
-11.279100 6.636760 -1.411790
-11.251000 6.658630 -1.400680
-11.224800 6.683690 -1.391970
-11.200700 6.711760 -1.385860
-11.179300 6.742550 -1.382490
-11.160900 6.775690 -1.381980
-11.145700 6.810690 -1.384380

/group/lsubcl_new/121
121
num_smooth_modes 5 num_subsample_pts 58 pathId 1 creation_method hand_drawn creation_type levelset width 3 pos {-11.499479 7.006114 -1.620995} xhat {0.000000 0.935003 -0.354641} nrm {-0.557091 0.294512 0.776474} posId 121 num_hand_picked_pts 17 color white
-11.572600 7.192650 -1.744240
-11.603300 7.181280 -1.761950
-11.633300 7.165300 -1.777360
-11.661700 7.144520 -1.789890
-11.687900 7.119140 -1.799030
-11.710900 7.089710 -1.804390
-11.730000 7.057080 -1.805740
-11.744700 7.022300 -1.803070
-11.754500 6.986510 -1.796530
-11.759400 6.950770 -1.786450
-11.759400 6.915950 -1.773300
-11.755100 6.882670 -1.757590
-11.747000 6.851250 -1.739860
-11.735800 6.821720 -1.720610
-11.722100 6.793900 -1.700260
-11.706600 6.767500 -1.679100
-11.689600 6.742250 -1.657340
-11.671500 6.717960 -1.635100
-11.652200 6.694640 -1.612430
-11.631800 6.672530 -1.589370
-11.610000 6.652100 -1.566000
-11.586700 6.634000 -1.542430
-11.561800 6.618960 -1.518850
-11.535200 6.607720 -1.495510
-11.507000 6.600890 -1.472730
-11.477600 6.598910 -1.450840
-11.447200 6.601950 -1.430200
-11.416400 6.609940 -1.411120
-11.385700 6.622560 -1.393860
-11.355500 6.639360 -1.378600
-11.326400 6.659780 -1.365460
-11.298800 6.683230 -1.354520
-11.272900 6.709230 -1.345790
-11.248900 6.737370 -1.339310
-11.227200 6.767360 -1.335100
-11.207900 6.799000 -1.333220
-11.191100 6.832110 -1.333760
-11.177200 6.866490 -1.336840
-11.166500 6.901830 -1.342560
-11.159400 6.937690 -1.351010
-11.156000 6.973460 -1.362210
-11.156900 7.008410 -1.376090
-11.162100 7.041710 -1.392470
-11.171800 7.072570 -1.411080
-11.185700 7.100260 -1.431550
-11.203500 7.124270 -1.453460
-11.224800 7.144350 -1.476350
-11.248900 7.160540 -1.499800
-11.275200 7.173130 -1.523440
-11.303000 7.182660 -1.547030
-11.331800 7.189760 -1.570380
-11.361200 7.195080 -1.593420
-11.390700 7.199110 -1.616170
-11.420500 7.202140 -1.638650
-11.450400 7.204160 -1.660870
-11.480500 7.204870 -1.682770
-11.511000 7.203690 -1.704180
-11.541700 7.199880 -1.724810

/group/lsubcl_new/124
124
num_smooth_modes 5 num_subsample_pts 57 pathId 1 creation_method hand_drawn creation_type levelset width 3 pos {-11.603492 7.059859 -1.487999} xhat {0.000000 0.918274 -0.395946} nrm {-0.619139 0.310929 0.721103} posId 124 num_hand_picked_pts 19 color white
-11.714200 7.227770 -1.655460
-11.739800 7.201450 -1.666120
-11.763200 7.172500 -1.673740
-11.784000 7.141360 -1.678120
-11.801700 7.108480 -1.679140
-11.816100 7.074340 -1.676810
-11.827200 7.039370 -1.671220
-11.834800 7.004010 -1.662560
-11.839200 6.968650 -1.651080
-11.840500 6.933640 -1.637050
-11.838800 6.899330 -1.620780
-11.834200 6.866090 -1.602540
-11.827000 6.834280 -1.582600
-11.817000 6.804320 -1.561160
-11.804500 6.776630 -1.538430
-11.789300 6.751670 -1.514610
-11.771400 6.729900 -1.489900
-11.751000 6.711710 -1.464530
-11.728100 6.697480 -1.438780
-11.703100 6.687450 -1.412940
-11.676200 6.681770 -1.387390
-11.647800 6.680460 -1.362470
-11.618500 6.683430 -1.338550
-11.588600 6.690470 -1.315970
-11.558800 6.701330 -1.295020
-11.529300 6.715700 -1.275920
-11.500600 6.733270 -1.258840
-11.472900 6.753750 -1.243870
-11.446400 6.776890 -1.231070
-11.421200 6.802470 -1.220470
-11.397400 6.830310 -1.212100
-11.375300 6.860220 -1.206020
-11.355100 6.891990 -1.202320
-11.336900 6.925370 -1.201110
-11.321200 6.960030 -1.202560
-11.308300 6.995540 -1.206810
-11.298600 7.031420 -1.214000
-11.292600 7.067090 -1.224200
-11.290500 7.101960 -1.237420
-11.292500 7.135450 -1.253540
-11.298500 7.167000 -1.272360
-11.308600 7.196140 -1.293540
-11.322300 7.222510 -1.316690
-11.339300 7.245830 -1.341340
-11.359100 7.265980 -1.367040
-11.381200 7.282860 -1.393310
-11.405200 7.296500 -1.419760
-11.430600 7.306910 -1.446040
-11.457000 7.314110 -1.471890
-11.484400 7.318100 -1.497110
-11.512500 7.318850 -1.521540
-11.541100 7.316280 -1.545040
-11.570300 7.310300 -1.567460
-11.599700 7.300810 -1.588630
-11.629200 7.287760 -1.608310
-11.658400 7.271160 -1.626230
-11.686900 7.251100 -1.642060

/group/lsubcl_new/128
128
num_smooth_modes 5 num_subsample_pts 55 pathId 1 creation_method hand_drawn creation_type levelset width 3 pos {-11.762533 7.135817 -1.324635} xhat {0.000000 0.893463 -0.449136} nrm {-0.705929 0.318116 0.632825} posId 128 num_hand_picked_pts 17 color white
-11.831700 7.343770 -1.506360
-11.855500 7.317420 -1.519610
-11.877900 7.288730 -1.530220
-11.898700 7.257920 -1.537920
-11.917500 7.225290 -1.542430
-11.933800 7.191230 -1.543500
-11.947200 7.156200 -1.540930
-11.957600 7.120750 -1.534630
-11.964500 7.085420 -1.524620
-11.968000 7.050750 -1.511060
-11.968000 7.017220 -1.494230
-11.964700 6.985230 -1.474490
-11.958400 6.955130 -1.452260
-11.949200 6.927160 -1.428000
-11.937600 6.901530 -1.402130
-11.923700 6.878450 -1.375050
-11.907800 6.858130 -1.347090
-11.890000 6.840810 -1.318550
-11.870500 6.826810 -1.289690
-11.849200 6.816460 -1.260780
-11.826300 6.810120 -1.232090
-11.802000 6.808110 -1.203970
-11.776500 6.810670 -1.176800
-11.750100 6.817930 -1.151000
-11.723300 6.829860 -1.127050
-11.696500 6.846260 -1.105390
-11.670300 6.866770 -1.086450
-11.645100 6.890920 -1.070540
-11.621500 6.918140 -1.057910
-11.599800 6.947850 -1.048650
-11.580300 6.979500 -1.042750
-11.563000 7.012600 -1.040110
-11.548000 7.046730 -1.040540
-11.535300 7.081600 -1.043850
-11.524700 7.116960 -1.049850
-11.516300 7.152590 -1.058390
-11.510100 7.188260 -1.069380
-11.506200 7.223650 -1.082790
-11.504700 7.258370 -1.098610
-11.505900 7.291920 -1.116830
-11.510000 7.323710 -1.137420
-11.517300 7.353080 -1.160270
-11.527700 7.379360 -1.185160
-11.541400 7.401950 -1.211780
-11.558200 7.420330 -1.239730
-11.577800 7.434150 -1.268490
-11.599700 7.443250 -1.297560
-11.623600 7.447630 -1.326390
-11.648900 7.447440 -1.354500
-11.675100 7.442960 -1.381470
-11.701800 7.434520 -1.406990
-11.728500 7.422470 -1.430820
-11.755200 7.407140 -1.452800
-11.781400 7.388780 -1.472790
-11.806900 7.367600 -1.490690

/group/lsubcl_new/131
131
num_smooth_modes 5 num_subsample_pts 54 pathId 1 creation_method hand_drawn creation_type levelset width 3 pos {-11.898005 7.193905 -1.214767} xhat {0.000000 0.874079 -0.485784} nrm {-0.767367 0.311489 0.560467} posId 131 num_hand_picked_pts 22 color white
-11.894600 7.476550 -1.367210
-11.917800 7.458270 -1.388780
-11.940500 7.435810 -1.407350
-11.962400 7.409580 -1.422730
-11.983200 7.380090 -1.434830
-12.002600 7.347960 -1.443590
-12.020400 7.313850 -1.449010
-12.036300 7.278420 -1.451110
-12.050200 7.242270 -1.449960
-12.061700 7.205930 -1.445630
-12.071000 7.169840 -1.438210
-12.077800 7.134370 -1.427800
-12.082100 7.099790 -1.414480
-12.083900 7.066370 -1.398340
-12.083100 7.034380 -1.379490
-12.079700 7.004090 -1.358030
-12.073700 6.975840 -1.334120
-12.065100 6.950020 -1.307950
-12.053800 6.927070 -1.279790
-12.040000 6.907430 -1.249980
-12.023800 6.891540 -1.218940
-12.005400 6.879790 -1.187180
-11.985000 6.872480 -1.155270
-11.963100 6.869790 -1.123800
-11.940100 6.871790 -1.093380
-11.916400 6.878450 -1.064590
-11.892400 6.889600 -1.037940
-11.868500 6.905010 -1.013860
-11.845200 6.924380 -0.992652
-11.822600 6.947360 -0.974526
-11.801100 6.973590 -0.959577
-11.780700 7.002670 -0.947813
-11.761600 7.034200 -0.939186
-11.743900 7.067750 -0.933619
-11.727700 7.102850 -0.931035
-11.713300 7.139030 -0.931385
-11.700800 7.175740 -0.934653
-11.690400 7.212460 -0.940864
-11.682500 7.248640 -0.950070
-11.677200 7.283760 -0.962329
-11.674700 7.317340 -0.977679
-11.675400 7.348960 -0.996111
-11.679100 7.378280 -1.017540
-11.686000 7.405020 -1.041790
-11.695800 7.428980 -1.068580
-11.708400 7.449990 -1.097540
-11.723500 7.467910 -1.128180
-11.740800 7.482570 -1.159990
-11.759900 7.493780 -1.192370
-11.780500 7.501350 -1.224740
-11.802200 7.505020 -1.256490
-11.824700 7.504540 -1.287090
-11.847800 7.499720 -1.316030
-11.871200 7.490400 -1.342860

