/group/rima/19
19
num_smooth_modes 5 num_subsample_pts 58 creation_method hand_drawn creation_type levelset paste_pos {-6.318768 6.914281 -2.315339} width 3 paste_nrm {0.520185 0.121410 0.845380} paste_xhat {0.000000 0.989844 -0.142157} paste_posId 19 translation_in_x -0.025 translation_in_y -0.065 paste_pathId 11 scale_factor 0.960596 num_hand_picked_pts 24 color white
-6.132250 6.817100 -2.416150
-6.135800 6.781980 -2.408920
-6.141080 6.747260 -2.400690
-6.147960 6.713060 -2.391540
-6.156450 6.679520 -2.381510
-6.166740 6.646850 -2.370480
-6.179140 6.615370 -2.358330
-6.194010 6.585500 -2.344890
-6.211710 6.557850 -2.330030
-6.232430 6.533170 -2.313730
-6.256170 6.512280 -2.296120
-6.282660 6.496080 -2.277500
-6.311310 6.485390 -2.258330
-6.341270 6.480880 -2.239250
-6.371500 6.483010 -2.220950
-6.400870 6.491900 -2.204160
-6.428300 6.507350 -2.189500
-6.452890 6.528790 -2.177450
-6.474030 6.555370 -2.168260
-6.491470 6.586040 -2.161930
-6.505370 6.619620 -2.158200
-6.516220 6.654960 -2.156600
-6.524790 6.691060 -2.156510
-6.531970 6.727150 -2.157270
-6.538640 6.762740 -2.158280
-6.545530 6.797660 -2.159050
-6.553080 6.832000 -2.159350
-6.561350 6.866040 -2.159140
-6.570070 6.900150 -2.158670
-6.578600 6.934670 -2.158390
-6.586050 6.969820 -2.158850
-6.591400 7.005570 -2.160690
-6.593660 7.041650 -2.164480
-6.591980 7.077470 -2.170660
-6.585770 7.112260 -2.179480
-6.574770 7.145040 -2.190960
-6.559050 7.174780 -2.204900
-6.539040 7.200510 -2.220910
-6.515390 7.221390 -2.238460
-6.488920 7.236810 -2.256960
-6.460500 7.246410 -2.275830
-6.430980 7.250150 -2.294530
-6.401080 7.248210 -2.312650
-6.371390 7.240990 -2.329880
-6.342340 7.229020 -2.346040
-6.314240 7.212910 -2.361020
-6.287300 7.193260 -2.374770
-6.261730 7.170590 -2.387250
-6.237710 7.145390 -2.398410
-6.215480 7.118010 -2.408150
-6.195330 7.088780 -2.416360
-6.177540 7.057940 -2.422870
-6.162420 7.025730 -2.427550
-6.150190 6.992370 -2.430290
-6.140960 6.958110 -2.431040
-6.134750 6.923200 -2.429850
-6.131410 6.887900 -2.426840
-6.130680 6.852460 -2.422200

/group/rima/23
23
num_smooth_modes 5 num_subsample_pts 58 creation_method hand_drawn creation_type levelset paste_pos {-6.210327 6.941898 -2.158052} width 3 paste_nrm {0.608481 0.167992 0.775584} paste_xhat {0.000000 0.977336 -0.211692} paste_posId 23 translation_in_x -0.02 translation_in_y -0.03 paste_pathId 11 scale_factor 0.99 num_hand_picked_pts 24 color white
-6.058210 6.841010 -2.255550
-6.061610 6.805510 -2.245190
-6.066660 6.770530 -2.233640
-6.073250 6.736200 -2.221040
-6.081380 6.702640 -2.207400
-6.091230 6.670090 -2.192620
-6.103100 6.638890 -2.176540
-6.117350 6.609500 -2.159000
-6.134300 6.582560 -2.139870
-6.154140 6.558830 -2.119160
-6.176880 6.539180 -2.097070
-6.202240 6.524470 -2.073980
-6.229670 6.515520 -2.050520
-6.258370 6.512950 -2.027450
-6.287320 6.517150 -2.005650
-6.315450 6.528180 -1.985970
-6.341710 6.545740 -1.969170
-6.365260 6.569220 -1.955780
-6.385500 6.597690 -1.946070
-6.402200 6.630070 -1.939980
-6.415510 6.665180 -1.937140
-6.425900 6.701870 -1.936930
-6.434110 6.739180 -1.938580
-6.440990 6.776390 -1.941240
-6.447380 6.813060 -1.944170
-6.453970 6.849050 -1.946790
-6.461200 6.884500 -1.948800
-6.469120 6.919700 -1.950210
-6.477480 6.955000 -1.951300
-6.485640 6.990710 -1.952630
-6.492770 7.026970 -1.954890
-6.497900 7.063720 -1.958820
-6.500070 7.100570 -1.965110
-6.498460 7.136920 -1.974240
-6.492510 7.171900 -1.986490
-6.481970 7.204510 -2.001820
-6.466920 7.233720 -2.019950
-6.447760 7.258560 -2.040370
-6.425110 7.278210 -2.062390
-6.399760 7.292110 -2.085290
-6.372540 7.299980 -2.108350
-6.344270 7.301790 -2.130920
-6.315640 7.297800 -2.152520
-6.287210 7.288450 -2.172800
-6.259390 7.274320 -2.191560
-6.232480 7.256040 -2.208720
-6.206690 7.234220 -2.224220
-6.182200 7.209440 -2.238070
-6.159190 7.182170 -2.250210
-6.137910 7.152820 -2.260550
-6.118610 7.121720 -2.268960
-6.101580 7.089140 -2.275260
-6.087100 7.055340 -2.279300
-6.075380 7.020570 -2.280960
-6.066550 6.985090 -2.280210
-6.060600 6.949140 -2.277090
-6.057400 6.913000 -2.271770
-6.056700 6.876890 -2.264500

/group/rima/27
27
num_smooth_modes 5 num_subsample_pts 58 pathId 11 creation_method hand_drawn creation_type levelset width 3 pos {-6.083773 6.979625 -2.019632} nrm {0.719718 0.230675 0.654824} xhat {0.000000 0.943189 -0.332258} scale_factor 0.99 color white num_hand_picked_pts 24 posId 27
-5.971520 6.886290 -2.110140
-5.974490 6.852520 -2.094970
-5.978920 6.819500 -2.078470
-5.984670 6.787310 -2.060810
-5.991790 6.756110 -2.042000
-6.000410 6.726120 -2.021960
-6.010790 6.697720 -2.000540
-6.023260 6.671420 -1.977570
-6.038080 6.647870 -1.952980
-6.055440 6.627850 -1.926850
-6.075340 6.612170 -1.899460
-6.097530 6.601650 -1.871370
-6.121530 6.596980 -1.843340
-6.146630 6.598660 -1.816340
-6.171960 6.606900 -1.791410
-6.196560 6.621610 -1.769540
-6.219550 6.642360 -1.751600
-6.240140 6.668420 -1.738140
-6.257850 6.698830 -1.729390
-6.272460 6.732500 -1.725180
-6.284110 6.768300 -1.725000
-6.293200 6.805210 -1.728010
-6.300380 6.842410 -1.733220
-6.306400 6.879310 -1.739610
-6.311990 6.915620 -1.746250
-6.317760 6.951320 -1.752490
-6.324080 6.986570 -1.757960
-6.331010 7.021690 -1.762710
-6.338320 7.056960 -1.767100
-6.345460 7.092600 -1.771810
-6.351700 7.128630 -1.777640
-6.356190 7.164830 -1.785460
-6.358080 7.200720 -1.796020
-6.356680 7.235560 -1.809840
-6.351470 7.268450 -1.827150
-6.342250 7.298400 -1.847840
-6.329090 7.324420 -1.871470
-6.312320 7.345610 -1.897360
-6.292500 7.361300 -1.924670
-6.270330 7.371050 -1.952480
-6.246520 7.374700 -1.979930
-6.221780 7.372360 -2.006290
-6.196740 7.364370 -2.031010
-6.171860 7.351230 -2.053720
-6.147520 7.333570 -2.074250
-6.123980 7.312030 -2.092540
-6.101420 7.287250 -2.108600
-6.079990 7.259780 -2.122480
-6.059870 7.230140 -2.134160
-6.041240 7.198740 -2.143560
-6.024360 7.165930 -2.150560
-6.009460 7.132020 -2.154990
-5.996790 7.097310 -2.156690
-5.986540 7.062060 -2.155540
-5.978820 7.026540 -2.151520
-5.973610 6.990990 -2.144720
-5.970810 6.955650 -2.135350
-5.970200 6.920700 -2.123710

/group/rima/31
31
num_smooth_modes 5 num_subsample_pts 41 pathId 11 creation_method hand_drawn creation_type levelset width 3 pos {-5.939920 7.029018 -1.915741} nrm {0.840568 0.308300 0.445417} xhat {0.000000 0.822249 -0.569128} num_hand_picked_pts 16 posId 31 color white
-6.132740 7.239770 -1.697740
-6.128890 7.266680 -1.723620
-6.122060 7.289090 -1.752040
-6.112290 7.306270 -1.782350
-6.099700 7.317730 -1.814040
-6.084490 7.323270 -1.846580
-6.067010 7.322890 -1.879310
-6.047780 7.316850 -1.911420
-6.027440 7.305520 -1.941970
-6.006690 7.289400 -1.969960
-5.986180 7.269010 -1.994550
-5.966420 7.244890 -2.015150
-5.947710 7.217540 -2.031520
-5.930200 7.187430 -2.043730
-5.913930 7.155010 -2.052000
-5.898940 7.120740 -2.056560
-5.885420 7.085160 -2.057450
-5.873710 7.048900 -2.054450
-5.864340 7.012760 -2.047120
-5.857940 6.977720 -2.034950
-5.855100 6.944870 -2.017570
-5.856240 6.915400 -1.995020
-5.861500 6.890420 -1.967800
-5.870700 6.870930 -1.936950
-5.883350 6.857620 -1.903860
-5.898770 6.850820 -1.870050
-5.916230 6.850500 -1.836890
-5.935040 6.856260 -1.805360
-5.954700 6.867430 -1.776010
-5.974820 6.883220 -1.748960
-5.995190 6.902840 -1.724110
-6.015580 6.925590 -1.701370
-6.035740 6.950970 -1.680890
-6.055290 6.978620 -1.663140
-6.073730 7.008310 -1.648890
-6.090490 7.039860 -1.639100
-6.105010 7.072980 -1.634620
-6.116810 7.107230 -1.636050
-6.125580 7.141970 -1.643550
-6.131160 7.176330 -1.656820
-6.133520 7.209300 -1.675170

/group/rima/33
33
num_smooth_modes 5 num_subsample_pts 30 pathId 11 creation_method hand_drawn creation_type levelset width 3 pos {-5.861761 7.058576 -1.881639} nrm {0.889417 0.347439 0.297025} xhat {0.000000 0.649807 -0.760100} num_hand_picked_pts 14 posId 33 color white
-5.810610 6.937160 -1.892780
-5.822420 6.938270 -1.858730
-5.837650 6.950120 -1.826970
-5.854560 6.969810 -1.799380
-5.871860 6.994080 -1.775970
-5.888960 7.020470 -1.755610
-5.905810 7.047920 -1.737260
-5.922440 7.076620 -1.721060
-5.938580 7.107270 -1.708580
-5.953550 7.140150 -1.702200
-5.966430 7.174650 -1.703990
-5.976310 7.209160 -1.714780
-5.982520 7.241450 -1.733950
-5.984720 7.269160 -1.759780
-5.982780 7.290210 -1.790190
-5.976730 7.302980 -1.823260
-5.966740 7.306460 -1.857260
-5.953280 7.300410 -1.890470
-5.937250 7.285450 -1.920970
-5.919890 7.263120 -1.946850
-5.902480 7.235580 -1.966770
-5.885960 7.205020 -1.980470
-5.870670 7.173020 -1.988840
-5.856340 7.140190 -1.993330
-5.842570 7.106320 -1.994960
-5.829300 7.071110 -1.993500
-5.817270 7.035110 -1.987410
-5.807950 7.000320 -1.974620
-5.803060 6.970060 -1.953870
-5.803860 6.948060 -1.925730

/group/rima/34
34
num_smooth_modes 5 num_subsample_pts 27 pathId 11 creation_method hand_drawn creation_type levelset width 3 pos {-5.821175 7.074654 -1.869889} nrm {0.905944 0.365133 0.214344} xhat {0.000000 0.506248 -0.862388} num_hand_picked_pts 12 posId 34 color white
-5.840600 7.187200 -1.979510
-5.824880 7.156210 -1.993160
-5.809810 7.123490 -2.001090
-5.795790 7.089580 -2.002600
-5.783390 7.055320 -1.996650
-5.773500 7.022340 -1.982260
-5.767210 6.993200 -1.959220
-5.765470 6.971030 -1.928820
-5.768730 6.958640 -1.893940
-5.776700 6.957510 -1.858310
-5.788430 6.967220 -1.825280
-5.802610 6.985620 -1.796690
-5.818060 7.009800 -1.772580
-5.833980 7.037220 -1.751990
-5.849960 7.066480 -1.734310
-5.865690 7.097280 -1.720270
-5.880730 7.129760 -1.712030
-5.894290 7.163510 -1.712230
-5.905320 7.197000 -1.722640
-5.912810 7.227640 -1.743190
-5.916010 7.252430 -1.771920
-5.914630 7.268850 -1.805710
-5.908870 7.275470 -1.841310
-5.899320 7.272170 -1.876090
-5.886790 7.259970 -1.908250
-5.872230 7.240520 -1.936650
-5.856580 7.215710 -1.960560

/group/rima/38
38
num_smooth_modes 5 num_subsample_pts 28 pathId 11 creation_method hand_drawn creation_type levelset width 3 pos {-5.651214 7.148070 -1.858926} nrm {0.902742 0.420236 -0.091968} xhat {0.000000 0.213789 0.976880} scale_factor 0.970299 color white num_hand_picked_pts 15 posId 38
-5.630980 7.125720 -1.762500
-5.621850 7.100910 -1.786200
-5.614300 7.078840 -1.812890
-5.608760 7.060490 -1.842340
-5.606090 7.047710 -1.874610
-5.607270 7.042740 -1.908880
-5.612800 7.047150 -1.942990
-5.622420 7.061080 -1.973810
-5.635130 7.083000 -1.998390
-5.649590 7.110420 -2.015070
-5.664640 7.140790 -2.023970
-5.679560 7.172340 -2.026290
-5.694040 7.204090 -2.023260
-5.707810 7.235430 -2.015240
-5.720370 7.265380 -2.001650
-5.730900 7.292370 -1.981750
-5.738530 7.314490 -1.955560
-5.742590 7.330050 -1.924290
-5.742870 7.338130 -1.890110
-5.739550 7.338620 -1.855330
-5.733010 7.331900 -1.821840
-5.723630 7.318490 -1.791010
-5.711780 7.298920 -1.764150
-5.698010 7.273990 -1.742930
-5.683140 7.245020 -1.729280
-5.668190 7.213910 -1.724740
-5.654170 7.182710 -1.729670
-5.641720 7.153050 -1.742960

/group/rima/41
41
num_smooth_modes 5 num_subsample_pts 27 pathId 11 creation_method hand_drawn creation_type levelset width 3 pos {-5.519725 7.213142 -1.886857} nrm {0.848822 0.449114 -0.278921} xhat {0.000000 0.527581 0.849505} num_hand_picked_pts 10 posId 41 color white
-5.512630 7.266360 -1.779560
-5.531940 7.295460 -1.791480
-5.551420 7.320360 -1.810670
-5.570100 7.340100 -1.835740
-5.587210 7.353970 -1.865470
-5.601970 7.361290 -1.898610
-5.613550 7.361390 -1.933670
-5.621090 7.353830 -1.968790
-5.623990 7.338710 -2.001970
-5.622090 7.316820 -2.031440
-5.615700 7.289580 -2.055840
-5.605400 7.258750 -2.074160
-5.591860 7.226130 -2.085470
-5.575690 7.193460 -2.088850
-5.557520 7.162440 -2.083520
-5.538230 7.134770 -2.069360
-5.518940 7.112080 -2.047190
-5.500940 7.095720 -2.018780
-5.485390 7.086480 -1.986310
-5.473040 7.084560 -1.951830
-5.464260 7.089690 -1.916830
-5.459160 7.101410 -1.882460
-5.457900 7.119220 -1.849940
-5.460740 7.142570 -1.820990
-5.467940 7.170600 -1.797780
-5.479450 7.201890 -1.782420
-5.494700 7.234520 -1.776270

/group/rima/44
44
num_smooth_modes 5 num_subsample_pts 26 pathId 11 creation_method hand_drawn creation_type levelset width 3 pos {-5.389059 7.287282 -1.943965} nrm {0.770572 0.472160 -0.428117} xhat {0.000000 0.671710 0.740814} num_hand_picked_pts 10 posId 44 color white
-5.384760 7.351780 -1.865100
-5.407790 7.376800 -1.878950
-5.431110 7.395980 -1.899770
-5.453260 7.408060 -1.926310
-5.472880 7.412310 -1.956940
-5.488860 7.408680 -1.989720
-5.500490 7.397740 -2.022710
-5.507380 7.380390 -2.054250
-5.509370 7.357620 -2.082930
-5.506340 7.330440 -2.107470
-5.498210 7.300000 -2.126390
-5.485050 7.267880 -2.138130
-5.467370 7.236130 -2.141330
-5.446230 7.207040 -2.135360
-5.423160 7.182720 -2.120670
-5.399870 7.164640 -2.098690
-5.377880 7.153530 -2.071360
-5.358330 7.149520 -2.040600
-5.342050 7.152480 -2.008020
-5.329710 7.162260 -1.975020
-5.321970 7.178590 -1.943080
-5.319450 7.200910 -1.913930
-5.322570 7.228170 -1.889480
-5.331330 7.258790 -1.871480
-5.345270 7.290920 -1.861140
-5.363470 7.322550 -1.859010

/group/rima/48
48
num_smooth_modes 5 num_subsample_pts 26 creation_method hand_drawn creation_type levelset paste_pos {-5.222757 7.401000 -2.062679} width 3 paste_nrm {0.645424 0.498538 -0.578695} paste_xhat {0.000000 0.757628 0.652686} paste_posId 48 translation_in_x -0.05 translation_in_y 0.0 paste_pathId 11 scale_factor 0.99 num_hand_picked_pts 10 color white
-5.217980 7.436450 -2.026800
-5.245290 7.456420 -2.040070
-5.272960 7.469780 -2.059410
-5.299240 7.475610 -2.083700
-5.322520 7.473570 -2.111420
-5.341480 7.463990 -2.140830
-5.355280 7.447750 -2.170200
-5.363450 7.426000 -2.198060
-5.365810 7.399890 -2.223190
-5.362220 7.370580 -2.244430
-5.352570 7.339410 -2.260520
-5.336960 7.308090 -2.270090
-5.315980 7.278740 -2.271970
-5.290900 7.253570 -2.265680
-5.263530 7.234390 -2.251690
-5.235900 7.222260 -2.231320
-5.209810 7.217460 -2.206360
-5.186610 7.219730 -2.178530
-5.167300 7.228680 -2.149280
-5.152650 7.243860 -2.119860
-5.143470 7.264780 -2.091600
-5.140480 7.290570 -2.066050
-5.144180 7.319920 -2.044890
-5.154580 7.351090 -2.029630
-5.171110 7.382140 -2.021330
-5.192710 7.411180 -2.020410

/group/rima/52
52
num_smooth_modes 5 num_subsample_pts 26 creation_method hand_drawn creation_type levelset paste_pos {-5.073850 7.532660 -2.226500} width 3 paste_nrm {0.506077 0.522243 -0.686402} paste_xhat {0.000000 0.795839 0.605508} paste_posId 52 translation_in_x -0.075 translation_in_y 0.0 paste_pathId 11 scale_factor 0.904382 num_hand_picked_pts 10 color white
-5.071970 7.542050 -2.217970
-5.100150 7.556770 -2.227550
-5.128690 7.565080 -2.242260
-5.155800 7.566400 -2.261250
-5.179810 7.560650 -2.283320
-5.199370 7.548370 -2.307090
-5.213600 7.530550 -2.331140
-5.222030 7.508340 -2.354260
-5.224470 7.482900 -2.375410
-5.220770 7.455370 -2.393630
-5.210810 7.427020 -2.407850
-5.194700 7.399510 -2.416910
-5.173060 7.374760 -2.419780
-5.147190 7.354690 -2.415980
-5.118970 7.340740 -2.405790
-5.090460 7.333590 -2.390210
-5.063550 7.333230 -2.370640
-5.039620 7.339190 -2.348460
-5.019690 7.350920 -2.324850
-5.004590 7.367870 -2.300810
-4.995120 7.389430 -2.277420
-4.992030 7.414670 -2.255950
-4.995850 7.442240 -2.237790
-5.006580 7.470460 -2.224230
-5.023630 7.497560 -2.216180
-5.045910 7.521900 -2.214090

/group/rima/57
57
num_smooth_modes 5 num_subsample_pts 26 creation_method hand_drawn creation_type levelset paste_pos {-4.926046 7.724049 -2.488825} width 3 paste_nrm {0.318769 0.547784 -0.773511} paste_xhat {0.000000 0.816084 0.577933} paste_posId 57 translation_in_x -0.065 translation_in_y 0.0 paste_pathId 11 scale_factor 0.922744 num_hand_picked_pts 10 color white
-4.923150 7.744170 -2.473380
-4.954750 7.755240 -2.478570
-4.986750 7.759550 -2.488700
-5.017140 7.756760 -2.503200
-5.044060 7.747050 -2.521170
-5.066000 7.731200 -2.541440
-5.081960 7.710360 -2.562770
-5.091410 7.685830 -2.584040
-5.094140 7.658840 -2.604280
-5.089990 7.630600 -2.622570
-5.078830 7.602470 -2.637880
-5.060770 7.576160 -2.649070
-5.036500 7.553600 -2.655050
-5.007490 7.536580 -2.655150
-4.975840 7.526320 -2.649380
-4.943890 7.523230 -2.638390
-4.913700 7.526990 -2.623290
-4.886880 7.536900 -2.605210
-4.864540 7.552240 -2.585150
-4.847600 7.572300 -2.563960
-4.836980 7.596320 -2.542570
-4.833520 7.623200 -2.522110
-4.837800 7.651450 -2.503870
-4.849830 7.679320 -2.489090
-4.868950 7.705060 -2.478740
-4.893930 7.727100 -2.473430

/group/rima/61
61
num_smooth_modes 5 num_subsample_pts 26 creation_method hand_drawn paste_pos {-4.849562 7.899880 -2.740013} creation_type levelset width 3 paste_xhat {0.000000 0.821203 0.570636} paste_nrm {0.162715 0.563032 -0.810259} paste_posId 61 translation_in_x -0.015 translation_in_y 0.0 paste_pathId 11 scale_factor 0.895338 num_hand_picked_pts 10 color white
-4.847840 7.958270 -2.699090
-4.879760 7.966080 -2.700070
-4.912080 7.967260 -2.705740
-4.942780 7.961660 -2.715810
-4.969970 7.949630 -2.729620
-4.992130 7.932070 -2.746270
-5.008240 7.910210 -2.764700
-5.017790 7.885370 -2.783880
-5.020550 7.858760 -2.802930
-5.016350 7.831570 -2.820970
-5.005080 7.805170 -2.837050
-4.986840 7.781200 -2.850050
-4.962330 7.761460 -2.858840
-4.933030 7.747590 -2.862600
-4.901060 7.740570 -2.861050
-4.868780 7.740580 -2.854570
-4.838300 7.747110 -2.843910
-4.811200 7.759340 -2.829970
-4.788630 7.776420 -2.813570
-4.771530 7.797620 -2.795400
-4.760800 7.822070 -2.776250
-4.757310 7.848640 -2.757090
-4.761630 7.875820 -2.739070
-4.773780 7.901900 -2.723390
-4.793090 7.925210 -2.711070
-4.818330 7.944370 -2.702820

/group/rima/66
66
num_smooth_modes 5 num_subsample_pts 26 creation_method hand_drawn paste_pos {-4.821091 8.149773 -3.099319} creation_type levelset width 3 paste_xhat {0.000000 0.819510 0.573066} paste_nrm {-0.032264 0.572767 -0.819083} paste_posId 66 translation_in_x 0.065 translation_in_y 0.01 paste_pathId 11 scale_factor 0.801631 num_hand_picked_pts 10 color white
-4.813820 8.262560 -3.020740
-4.842760 8.266320 -3.016960
-4.872080 8.264120 -3.017350
-4.899920 8.256010 -3.021920
-4.924580 8.242520 -3.030380
-4.944680 8.224600 -3.042120
-4.959300 8.203440 -3.056340
-4.967960 8.180280 -3.072200
-4.970460 8.156230 -3.088920
-4.966650 8.132360 -3.105760
-4.956430 8.109910 -3.121860
-4.939880 8.090330 -3.136210
-4.917660 8.075170 -3.147680
-4.891080 8.065730 -3.155330
-4.862090 8.062680 -3.158610
-4.832810 8.065950 -3.157470
-4.805160 8.074860 -3.152330
-4.780590 8.088510 -3.143750
-4.760120 8.106050 -3.132290
-4.744610 8.126720 -3.118450
-4.734870 8.149650 -3.102800
-4.731710 8.173740 -3.086080
-4.735630 8.197590 -3.069250
-4.746650 8.219670 -3.053380
-4.764160 8.238550 -3.039480
-4.787050 8.253120 -3.028390

/group/rima/70
70
num_smooth_modes 5 num_subsample_pts 26 creation_method hand_drawn paste_pos {-4.861135 8.374254 -3.418074} creation_type levelset width 3 paste_xhat {0.000000 0.816166 0.577817} paste_nrm {-0.164861 0.569911 -0.804999} paste_posId 70 translation_in_x 0.125 translation_in_y -0.005 paste_pathId 11 scale_factor 0.710555 num_hand_picked_pts 10 color white
-4.873040 8.523290 -3.310120
-4.898350 8.524640 -3.303980
-4.924000 8.520700 -3.301520
-4.948350 8.511650 -3.302940
-4.969920 8.498060 -3.308150
-4.987500 8.480870 -3.316720
-5.000290 8.461190 -3.328030
-5.007860 8.440160 -3.341370
-5.010050 8.418750 -3.356070
-5.006720 8.397940 -3.371480
-4.997780 8.378820 -3.386860
-4.983310 8.362660 -3.401260
-4.963870 8.350790 -3.413640
-4.940620 8.344270 -3.423020
-4.915260 8.343560 -3.428720
-4.889650 8.348440 -3.430510
-4.865470 8.358190 -3.428560
-4.843970 8.371910 -3.423250
-4.826070 8.388800 -3.414960
-4.812500 8.408090 -3.404080
-4.803980 8.429000 -3.391020
-4.801210 8.450490 -3.376380
-4.804640 8.471270 -3.360960
-4.814280 8.490010 -3.345720
-4.829600 8.505480 -3.331630
-4.849620 8.516790 -3.319530

/group/rima/74
74
num_smooth_modes 5 num_subsample_pts 26 creation_method hand_drawn paste_pos {-4.951735 8.615696 -3.758655} creation_type levelset width 3 paste_xhat {0.000000 0.815908 0.578182} paste_nrm {-0.254375 0.559163 -0.789069} paste_posId 74 translation_in_x 0.175 translation_in_y -0.045 paste_pathId 11 scale_factor 0.800671 num_hand_picked_pts 10 color white
-4.997930 8.810460 -3.605740
-5.025910 8.810480 -3.596710
-5.054240 8.804520 -3.591800
-5.081150 8.792880 -3.591380
-5.104980 8.776300 -3.595440
-5.124410 8.755890 -3.603650
-5.138530 8.732970 -3.615330
-5.146900 8.708820 -3.629750
-5.149320 8.684580 -3.646140
-5.145640 8.661340 -3.663800
-5.135760 8.640330 -3.681870
-5.119770 8.622980 -3.699320
-5.098290 8.610770 -3.714900
-5.072600 8.604800 -3.727410
-5.044580 8.605490 -3.735950
-5.016290 8.612510 -3.740100
-4.989570 8.624920 -3.739920
-4.965820 8.641660 -3.735720
-4.946040 8.661740 -3.727870
-4.931040 8.684280 -3.716730
-4.921640 8.708330 -3.702710
-4.918580 8.732700 -3.686430
-4.922370 8.755910 -3.668760
-4.933020 8.776440 -3.650780
-4.949940 8.792970 -3.633610
-4.972060 8.804520 -3.618300

/group/rima/78
78
num_smooth_modes 5 num_subsample_pts 26 creation_method hand_drawn paste_pos {-5.081870 8.867161 -4.114779} creation_type levelset width 3 paste_xhat {0.000000 0.818319 0.574765} paste_nrm {-0.314597 0.545581 -0.776769} paste_posId 78 translation_in_x 0.155 translation_in_y -0.065 paste_pathId 11 scale_factor 0.841514 num_hand_picked_pts 10 color white
-5.144350 9.046220 -3.963710
-5.173210 9.045220 -3.952720
-5.202430 9.037910 -3.946020
-5.230190 9.024670 -3.944080
-5.254780 9.006330 -3.947000
-5.274820 8.984110 -3.954490
-5.289390 8.959440 -3.965920
-5.298020 8.933680 -3.980510
-5.300510 8.908040 -3.997510
-5.296720 8.883680 -4.016160
-5.286530 8.861890 -4.035600
-5.270030 8.844180 -4.054710
-5.247870 8.832080 -4.072190
-5.221380 8.826720 -4.086680
-5.192470 8.828470 -4.097160
-5.163290 8.836880 -4.103070
-5.135720 8.850930 -4.104370
-5.111220 8.869440 -4.101290
-5.090820 8.891320 -4.094190
-5.075350 8.915620 -4.083380
-5.065640 8.941320 -4.069260
-5.062490 8.967120 -4.052420
-5.066400 8.991450 -4.033750
-5.077380 9.012710 -4.014370
-5.094850 9.029510 -3.995490
-5.117660 9.040880 -3.978260

/group/rima/81
81
num_smooth_modes 5 num_subsample_pts 26 creation_method hand_drawn paste_pos {-5.198778 9.058162 -4.388294} creation_type levelset width 3 paste_xhat {0.000000 0.821781 0.569804} paste_nrm {-0.346070 0.534595 -0.771002} paste_posId 81 translation_in_x 0.145 translation_in_y -0.065 scale_factor 0.841514 paste_pathId 11 num_hand_picked_pts 10 color white
-5.260530 9.228730 -4.242310
-5.289060 9.227260 -4.230530
-5.317940 9.219440 -4.222980
-5.345380 9.205680 -4.220210
-5.369680 9.186850 -4.222350
-5.389480 9.164220 -4.229160
-5.403880 9.139200 -4.240040
-5.412420 9.113190 -4.254240
-5.414880 9.087410 -4.271020
-5.411140 9.063000 -4.289620
-5.401060 9.041280 -4.309200
-5.384760 9.023770 -4.328660
-5.362850 9.011980 -4.346660
-5.336670 9.007030 -4.361850
-5.308100 9.009270 -4.373130
-5.279250 9.018200 -4.379880
-5.252000 9.032760 -4.382010
-5.227790 9.051750 -4.379720
-5.207620 9.074060 -4.373310
-5.192330 9.098720 -4.363070
-5.182740 9.124680 -4.349370
-5.179620 9.150640 -4.332770
-5.183480 9.175010 -4.314140
-5.194340 9.196180 -4.294590
-5.211600 9.212770 -4.275340
-5.234160 9.223810 -4.257550

/group/rima/86
86
num_smooth_modes 5 num_subsample_pts 26 creation_method hand_drawn paste_pos {-5.416605 9.372396 -4.848529} creation_type levelset width 3 paste_xhat {0.000000 0.830834 0.556520} paste_nrm {-0.378947 0.515014 -0.768869} paste_posId 86 translation_in_x 0.055 translation_in_y -0.035 paste_pathId 11 scale_factor 0.867012 num_hand_picked_pts 10 color white
-5.448630 9.479020 -4.761330
-5.477620 9.477120 -4.748310
-5.506970 9.468610 -4.739540
-5.534860 9.453940 -4.735630
-5.559550 9.434020 -4.736800
-5.579680 9.410190 -4.742840
-5.594310 9.383950 -4.753210
-5.602990 9.356750 -4.767150
-5.605490 9.329860 -4.783930
-5.601680 9.304480 -4.802800
-5.591440 9.281990 -4.822920
-5.574870 9.263950 -4.843160
-5.552610 9.251950 -4.862170
-5.526000 9.247130 -4.878520
-5.496970 9.249810 -4.891030
-5.467650 9.259480 -4.899000
-5.439960 9.275000 -4.902260
-5.415350 9.295080 -4.900930
-5.394860 9.318570 -4.895300
-5.379320 9.344450 -4.885620
-5.369570 9.371620 -4.872230
-5.366400 9.398700 -4.855650
-5.370330 9.424040 -4.836740
-5.381360 9.445950 -4.816630
-5.398910 9.463020 -4.796550
-5.421830 9.474230 -4.777740

/group/rima/91
91
num_smooth_modes 5 num_subsample_pts 26 creation_method hand_drawn paste_pos {-5.644479 9.669752 -5.303599} creation_type levelset width 3 paste_xhat {0.000000 0.844632 0.535347} paste_nrm {-0.391231 0.492676 -0.777309} paste_posId 91 translation_in_x 0.025 translation_in_y -0.015 scale_factor 0.884439 paste_pathId 11 num_hand_picked_pts 10 color white
-5.657160 9.759520 -5.240330
-5.686560 9.757710 -5.226670
-5.716340 9.749040 -5.217180
-5.744630 9.733970 -5.212490
-5.769680 9.713450 -5.212890
-5.790100 9.688850 -5.218210
-5.804940 9.661720 -5.227930
-5.813740 9.633560 -5.241350
-5.816280 9.605680 -5.257740
-5.812420 9.579340 -5.276370
-5.802030 9.555960 -5.296420
-5.785220 9.537170 -5.316790
-5.762640 9.524600 -5.336120
-5.735650 9.519450 -5.352970
-5.706190 9.522080 -5.366130
-5.676450 9.531950 -5.374850
-5.648360 9.547890 -5.378880
-5.623400 9.568580 -5.378330
-5.602600 9.592830 -5.373430
-5.586840 9.619590 -5.364400
-5.576960 9.647710 -5.351550
-5.573740 9.675770 -5.335380
-5.577720 9.702070 -5.316710
-5.588920 9.724850 -5.296640
-5.606710 9.742650 -5.276400
-5.629960 9.754400 -5.257250

/group/rima/96
96
num_smooth_modes 5 num_subsample_pts 26 creation_method hand_drawn paste_pos {-5.860848 9.936673 -5.741232} creation_type levelset width 3 paste_xhat {0.000000 0.864574 0.502506} paste_nrm {-0.382218 0.464352 -0.798929} paste_posId 96 translation_in_x 0.015 translation_in_y -0.015 paste_pathId 11 scale_factor 0.884439 num_hand_picked_pts 10 color white
-5.873580 10.020200 -5.686590
-5.903100 10.019100 -5.673120
-5.933000 10.010900 -5.663550
-5.961410 9.996190 -5.658530
-5.986560 9.975790 -5.658350
-6.007060 9.951100 -5.662890
-6.021970 9.923700 -5.671690
-6.030810 9.895080 -5.684090
-6.033360 9.866610 -5.699420
-6.029480 9.839560 -5.717000
-6.019050 9.815370 -5.736050
-6.002170 9.795730 -5.755540
-5.979500 9.782320 -5.774180
-5.952390 9.776390 -5.790590
-5.922810 9.778370 -5.803590
-5.892950 9.787740 -5.812430
-5.864750 9.803380 -5.816840
-5.839680 9.823960 -5.816870
-5.818800 9.848270 -5.812730
-5.802980 9.875280 -5.804600
-5.793050 9.903830 -5.792760
-5.789820 9.932480 -5.777650
-5.793820 9.959490 -5.760040
-5.805060 9.983080 -5.740950
-5.822930 10.001700 -5.721560
-5.846270 10.014300 -5.703070

/group/rima/102
102
num_smooth_modes 5 num_subsample_pts 26 creation_method hand_drawn paste_pos {-6.075359 10.198008 -6.226303} creation_type levelset width 3 paste_xhat {0.000000 0.898565 0.438841} paste_nrm {-0.334665 0.413536 -0.846751} paste_posId 102 translation_in_x 0.035 translation_in_y 0.035 paste_pathId 11 scale_factor 0.824355 num_hand_picked_pts 10 color white
-6.044070 10.301900 -6.187910
-6.071970 10.302400 -6.176650
-6.100240 10.296100 -6.168540
-6.127110 10.283400 -6.164130
-6.150920 10.265100 -6.163670
-6.170330 10.242400 -6.167080
-6.184460 10.216800 -6.174010
-6.192850 10.189700 -6.183940
-6.195300 10.162300 -6.196310
-6.191650 10.136100 -6.210590
-6.181770 10.112200 -6.226130
-6.165770 10.092500 -6.242120
-6.144280 10.078300 -6.257510
-6.118620 10.071100 -6.271170
-6.090650 10.071400 -6.282090
-6.062440 10.078800 -6.289630
-6.035800 10.092300 -6.293540
-6.012100 10.110900 -6.293860
-5.992330 10.133200 -6.290750
-5.977320 10.158500 -6.284370
-5.967890 10.185400 -6.274920
-5.964830 10.212800 -6.262740
-5.968640 10.239100 -6.248440
-5.979290 10.262400 -6.232830
-5.996200 10.281300 -6.216890
-6.018270 10.294800 -6.201600

/group/rima/107
107
num_smooth_modes 5 num_subsample_pts 26 creation_method hand_drawn paste_pos {-6.206833 10.362151 -6.590667} creation_type levelset width 3 paste_xhat {0.000000 0.924566 0.381022} paste_nrm {-0.289817 0.364670 -0.884885} paste_posId 107 translation_in_x 0.025 translation_in_y 0.085 paste_pathId 11 scale_factor 0.79987 num_hand_picked_pts 10 color white
-6.128310 10.460600 -6.575830
-6.155810 10.462200 -6.566140
-6.183670 10.457100 -6.559120
-6.210150 10.445600 -6.555210
-6.233610 10.428300 -6.554650
-6.252740 10.406400 -6.557390
-6.266660 10.381400 -6.563130
-6.274940 10.354700 -6.571430
-6.277350 10.327500 -6.581840
-6.273750 10.301100 -6.593890
-6.264010 10.276900 -6.607050
-6.248250 10.256500 -6.620640
-6.227070 10.241500 -6.633750
-6.201780 10.233300 -6.645440
-6.174220 10.232300 -6.654840
-6.146420 10.238500 -6.661390
-6.120170 10.251000 -6.664880
-6.096810 10.268500 -6.665310
-6.077330 10.290000 -6.662830
-6.062530 10.314500 -6.657560
-6.053240 10.341100 -6.649660
-6.050230 10.368300 -6.639430
-6.053980 10.394600 -6.627350
-6.064480 10.418400 -6.614130
-6.081140 10.438000 -6.600580
-6.102890 10.452300 -6.587550

/group/rima/110
110
num_smooth_modes 5 num_subsample_pts 26 creation_method hand_drawn paste_pos {-6.270455 10.442142 -6.794038} creation_type levelset width 3 paste_xhat {0.000000 0.936595 0.350412} paste_nrm {-0.269384 0.337459 -0.901972} paste_posId 110 translation_in_x 0.005 translation_in_y 0.105 paste_pathId 11 scale_factor 0.815784 num_hand_picked_pts 10 color white
-6.171450 10.525800 -6.792300
-6.199670 10.528000 -6.783040
-6.228270 10.523300 -6.776280
-6.255440 10.511800 -6.772440
-6.279520 10.494400 -6.771770
-6.299150 10.472200 -6.774220
-6.313440 10.446600 -6.779520
-6.321930 10.419200 -6.787260
-6.324400 10.391100 -6.797010
-6.320710 10.363800 -6.808330
-6.310720 10.338600 -6.820740
-6.294540 10.317200 -6.833580
-6.272800 10.301300 -6.846010
-6.246850 10.292300 -6.857130
-6.218570 10.290900 -6.866120
-6.190040 10.296800 -6.872440
-6.163100 10.309100 -6.875870
-6.139130 10.326800 -6.876430
-6.119130 10.348600 -6.874220
-6.103950 10.373700 -6.869370
-6.094420 10.400900 -6.862030
-6.091320 10.429000 -6.852450
-6.095170 10.456300 -6.841090
-6.105950 10.481000 -6.828620
-6.123050 10.501600 -6.815810
-6.145370 10.516800 -6.803450

/group/rima/112
112
num_smooth_modes 5 num_subsample_pts 26 creation_method hand_drawn paste_pos {-6.308432 10.489462 -6.924070} creation_type levelset width 3 paste_xhat {0.000000 0.942923 0.333010} paste_nrm {-0.260068 0.321551 -0.910478} paste_posId 112 translation_in_x 0.005 translation_in_y 0.075 paste_pathId 11 scale_factor 0.791871 num_hand_picked_pts 10 color white
-6.239230 10.566800 -6.916510
-6.266700 10.569200 -6.907820
-6.294530 10.564800 -6.901420
-6.320970 10.553900 -6.897740
-6.344410 10.537100 -6.896980
-6.363520 10.515500 -6.899140
-6.377420 10.490700 -6.903940
-6.385680 10.463900 -6.911040
-6.388090 10.436500 -6.920010
-6.384500 10.409800 -6.930480
-6.374770 10.385100 -6.941980
-6.359030 10.364000 -6.953920
-6.337870 10.348300 -6.965510
-6.312610 10.339300 -6.975910
-6.285090 10.337600 -6.984350
-6.257320 10.343100 -6.990340
-6.231100 10.355000 -6.993660
-6.207770 10.372000 -6.994300
-6.188310 10.393200 -6.992370
-6.173530 10.417600 -6.987980
-6.164260 10.444100 -6.981260
-6.161240 10.471600 -6.972440
-6.164990 10.498200 -6.961940
-6.175480 10.522500 -6.950380
-6.192120 10.542800 -6.938460
-6.213840 10.557800 -6.926940

/group/rima/118
118
num_smooth_modes 5 num_subsample_pts 26 creation_method hand_drawn paste_pos {-6.411218 10.611556 -7.291781} creation_type levelset width 3 paste_xhat {0.000000 0.953195 0.302356} paste_nrm {-0.260641 0.291905 -0.920249} paste_posId 118 translation_in_x -0.005 translation_in_y 0.045 scale_factor 0.70899 paste_pathId 11 num_hand_picked_pts 10 color white
-6.374790 10.665300 -7.285040
-6.399380 10.667700 -7.277320
-6.424290 10.664000 -7.271450
-6.447970 10.654300 -7.267820
-6.468950 10.639200 -7.266650
-6.486050 10.619900 -7.267940
-6.498500 10.597500 -7.271520
-6.505890 10.573300 -7.277090
-6.508050 10.548600 -7.284330
-6.504830 10.524400 -7.292920
-6.496130 10.501900 -7.302510
-6.482030 10.482800 -7.312580
-6.463100 10.468400 -7.322510
-6.440480 10.460000 -7.331570
-6.415840 10.458300 -7.339100
-6.390980 10.463000 -7.344630
-6.367510 10.473500 -7.347950
-6.346630 10.488700 -7.349030
-6.329210 10.507800 -7.347930
-6.315980 10.529700 -7.344710
-6.307670 10.553700 -7.339470
-6.304980 10.578500 -7.332370
-6.308330 10.602600 -7.323750
-6.317720 10.624700 -7.314100
-6.332620 10.643200 -7.304010
-6.352070 10.657000 -7.294130

/group/rima/119
119
num_smooth_modes 5 num_subsample_pts 26 creation_method hand_drawn paste_pos {-6.427935 10.630078 -7.350308} creation_type levelset width 3 paste_xhat {0.000000 0.953573 0.301162} paste_nrm {-0.265599 0.290345 -0.919324} paste_posId 119 translation_in_x -0.015 translation_in_y 0.045 paste_pathId 11 scale_factor 0.70899 num_hand_picked_pts 10 color white
-6.391560 10.674400 -7.346830
-6.416110 10.676700 -7.338990
-6.440990 10.673000 -7.332990
-6.464630 10.663200 -7.329230
-6.485590 10.648200 -7.327940
-6.502670 10.628800 -7.329130
-6.515100 10.606400 -7.332610
-6.522480 10.582200 -7.338110
-6.524630 10.557400 -7.345310
-6.521420 10.533200 -7.353890
-6.512730 10.510800 -7.363490
-6.498650 10.491600 -7.373610
-6.479740 10.477200 -7.383620
-6.457160 10.468900 -7.392770
-6.432550 10.467200 -7.400420
-6.407730 10.472000 -7.406080
-6.384290 10.482500 -7.409530
-6.363440 10.497800 -7.410730
-6.346040 10.516800 -7.409740
-6.332830 10.538800 -7.406610
-6.324540 10.562800 -7.401440
-6.321840 10.587600 -7.394390
-6.325190 10.611800 -7.385780
-6.334570 10.633800 -7.376110
-6.349450 10.652300 -7.365980
-6.368870 10.666100 -7.356010

/group/rima/124
124
num_smooth_modes 5 num_subsample_pts 26 creation_method hand_drawn paste_pos {-6.516664 10.720970 -7.634018} creation_type levelset width 3 paste_xhat {0.000000 0.949076 0.315048} paste_nrm {-0.312345 0.299286 -0.901592} paste_posId 124 translation_in_x -0.015 translation_in_y 0.025 paste_pathId 11 scale_factor 0.77487 num_hand_picked_pts 10 color white
-6.496850 10.773300 -7.623510
-6.523290 10.775300 -7.613670
-6.550080 10.770700 -7.605930
-6.575540 10.759600 -7.600790
-6.598110 10.742800 -7.598570
-6.616500 10.721300 -7.599310
-6.629890 10.696700 -7.602850
-6.637840 10.670200 -7.608880
-6.640160 10.643300 -7.617030
-6.636700 10.617000 -7.626960
-6.627340 10.592800 -7.638240
-6.612180 10.572200 -7.650310
-6.591810 10.557000 -7.662430
-6.567490 10.548400 -7.673700
-6.540990 10.547000 -7.683320
-6.514260 10.552800 -7.690680
-6.489020 10.564700 -7.695460
-6.466560 10.581800 -7.697580
-6.447830 10.602900 -7.697070
-6.433600 10.627100 -7.693970
-6.424670 10.653300 -7.688350
-6.421770 10.680300 -7.680380
-6.425370 10.706600 -7.670420
-6.435470 10.730400 -7.659030
-6.451500 10.750100 -7.646910
-6.472410 10.764700 -7.634830

/group/rima/129
129
num_smooth_modes 5 num_subsample_pts 26 creation_method hand_drawn paste_pos {-6.624542 10.818343 -7.907276} creation_type levelset width 3 paste_xhat {0.000000 0.931942 0.362607} paste_nrm {-0.389704 0.333939 -0.858263} paste_posId 129 translation_in_x 0.015 translation_in_y 0.015 paste_pathId 11 scale_factor 0.790445 num_hand_picked_pts 10 color white
-6.613860 10.899400 -7.880570
-6.640010 10.900200 -7.868390
-6.666500 10.894300 -7.858670
-6.691680 10.882000 -7.852040
-6.713990 10.864000 -7.848890
-6.732190 10.841700 -7.849330
-6.745430 10.816300 -7.853170
-6.753290 10.789400 -7.860060
-6.755580 10.762300 -7.869580
-6.752160 10.736100 -7.881310
-6.742900 10.712300 -7.894780
-6.727910 10.692500 -7.909320
-6.707770 10.678200 -7.924020
-6.683720 10.670700 -7.937830
-6.657520 10.670700 -7.949750
-6.631080 10.677700 -7.959020
-6.606120 10.690900 -7.965230
-6.583910 10.709100 -7.968250
-6.565380 10.731100 -7.968090
-6.551310 10.756000 -7.964790
-6.542480 10.782700 -7.958400
-6.539610 10.809900 -7.949110
-6.543180 10.836000 -7.937330
-6.553160 10.859400 -7.923720
-6.569010 10.878400 -7.909110
-6.589690 10.892000 -7.894430

/group/rima/132
132
num_smooth_modes 5 num_subsample_pts 26 creation_method hand_drawn paste_pos {-6.704459 10.885177 -8.068723} creation_type levelset width 3 paste_xhat {0.000000 0.914272 0.405101} paste_nrm {-0.443788 0.363024 -0.819308} paste_posId 132 translation_in_x 0.025 translation_in_y 0.035 paste_pathId 11 scale_factor 0.782619 num_hand_picked_pts 10 color white
-6.676480 10.976800 -8.043270
-6.701670 10.976400 -8.029800
-6.727190 10.969500 -8.019040
-6.751450 10.956400 -8.011700
-6.772950 10.938000 -8.008220
-6.790470 10.915500 -8.008710
-6.803230 10.890300 -8.012960
-6.810800 10.863800 -8.020580
-6.813010 10.837400 -8.031110
-6.809720 10.812100 -8.044090
-6.800800 10.789400 -8.058990
-6.786360 10.770700 -8.075060
-6.766950 10.757800 -8.091330
-6.743780 10.751600 -8.106610
-6.718540 10.752700 -8.119790
-6.693070 10.760700 -8.130040
-6.669020 10.774600 -8.136910
-6.647620 10.793200 -8.140250
-6.629770 10.815500 -8.140070
-6.616210 10.840300 -8.136420
-6.607710 10.866600 -8.129350
-6.604940 10.893200 -8.119080
-6.608380 10.918400 -8.106050
-6.618000 10.940600 -8.091000
-6.633270 10.958400 -8.074840
-6.653190 10.970700 -8.058600

/group/rima/135
135
num_smooth_modes 5 num_subsample_pts 26 creation_method hand_drawn paste_pos {-6.799446 10.961537 -8.229845} creation_type levelset width 3 paste_xhat {0.000000 0.892147 0.451744} paste_nrm {-0.496311 0.392179 -0.774513} paste_posId 135 translation_in_x 0.045 translation_in_y 0.075 paste_pathId 11 scale_factor 0.806332 num_hand_picked_pts 10 color white
-6.736630 11.082700 -8.208760
-6.761780 11.080900 -8.193560
-6.787250 11.072500 -8.181490
-6.811470 11.057900 -8.173330
-6.832930 11.038200 -8.169570
-6.850420 11.014600 -8.170320
-6.863150 10.988500 -8.175350
-6.870710 10.961500 -8.184180
-6.872910 10.934800 -8.196310
-6.869620 10.909600 -8.211180
-6.860720 10.887200 -8.228200
-6.846310 10.869300 -8.246510
-6.826940 10.857400 -8.264980
-6.803810 10.852500 -8.282280
-6.778610 10.855000 -8.297150
-6.753190 10.864500 -8.308640
-6.729190 10.879800 -8.316260
-6.707830 10.899700 -8.319860
-6.690010 10.923000 -8.319460
-6.676480 10.948800 -8.315110
-6.667990 10.975700 -8.306900
-6.665240 11.002600 -8.295070
-6.668660 11.027700 -8.280130
-6.678270 11.049500 -8.262940
-6.693510 11.066600 -8.244550
-6.713390 11.077800 -8.226110

/group/rima/140
140
num_smooth_modes 5 num_subsample_pts 26 creation_method hand_drawn paste_pos {-6.992536 11.109409 -8.499198} creation_type levelset width 3 paste_xhat {0.000000 0.862290 0.506415} paste_nrm {-0.564089 0.418154 -0.712005} paste_posId 140 translation_in_x 0.08 translation_in_y 0.075 paste_pathId 11 scale_factor 0.782619 num_hand_picked_pts 10 color white
-6.933720 11.258300 -8.458330
-6.956930 11.254700 -8.442080
-6.980450 11.244900 -8.429230
-7.002810 11.229400 -8.420620
-7.022620 11.209200 -8.416760
-7.038760 11.185700 -8.417780
-7.050520 11.160300 -8.423390
-7.057500 11.134300 -8.433090
-7.059530 11.109100 -8.446300
-7.056490 11.085700 -8.462450
-7.048280 11.065400 -8.480870
-7.034970 11.049700 -8.500630
-7.017090 11.040000 -8.520510
-6.995740 11.037200 -8.539070
-6.972480 11.041500 -8.554970
-6.949010 11.052300 -8.567190
-6.926850 11.068600 -8.575220
-6.907140 11.088900 -8.578900
-6.890690 11.112200 -8.578260
-6.878200 11.137300 -8.573380
-6.870360 11.163300 -8.564350
-6.867810 11.188700 -8.551440
-6.870980 11.212000 -8.535240
-6.879840 11.231700 -8.516640
-6.893910 11.246500 -8.496800
-6.912270 11.255600 -8.476950

/group/rima/146
146
num_smooth_modes 5 num_subsample_pts 26 creation_method hand_drawn paste_pos {-7.275696 11.309986 -8.824590} creation_type levelset width 3 paste_xhat {0.000000 0.843076 0.537795} paste_nrm {-0.623203 0.420588 -0.659336} paste_posId 146 translation_in_x 0.09 translation_in_y 0.075 paste_pathId 11 scale_factor 0.782619 num_hand_picked_pts 10 color white
-7.219990 11.468000 -8.776440
-7.241980 11.462900 -8.758930
-7.264250 11.451700 -8.745030
-7.285420 11.435000 -8.735650
-7.304190 11.413900 -8.731350
-7.319480 11.389900 -8.732250
-7.330610 11.364200 -8.738080
-7.337220 11.338400 -8.748310
-7.339150 11.313600 -8.762320
-7.336270 11.290900 -8.779500
-7.328490 11.271600 -8.799150
-7.315880 11.257200 -8.820280
-7.298950 11.248900 -8.841580
-7.278730 11.247600 -8.861530
-7.256700 11.253400 -8.878650
-7.234470 11.265600 -8.891890
-7.213480 11.282900 -8.900650
-7.194810 11.304100 -8.904770
-7.179230 11.328000 -8.904270
-7.167400 11.353500 -8.899220
-7.159980 11.379400 -8.889710
-7.157570 11.404400 -8.876030
-7.160560 11.427000 -8.858790
-7.168960 11.445600 -8.838940
-7.182280 11.459200 -8.817720
-7.199670 11.466700 -8.796450

/group/rima/152
152
num_smooth_modes 5 num_subsample_pts 26 creation_method hand_drawn paste_pos {-7.606929 11.521174 -9.153376} creation_type levelset width 3 paste_xhat {0.000000 0.842819 0.538197} paste_nrm {-0.668359 0.400332 -0.626922} paste_posId 152 translation_in_x 0.06 translation_in_y 0.065 paste_pathId 11 scale_factor 0.790445 num_hand_picked_pts 10 color white
-7.561110 11.653100 -9.117970
-7.582230 11.647200 -9.099200
-7.603630 11.635200 -9.084080
-7.623970 11.617700 -9.073570
-7.641990 11.595900 -9.068310
-7.656680 11.571100 -9.068480
-7.667370 11.544800 -9.073840
-7.673730 11.518500 -9.083850
-7.675580 11.493400 -9.097920
-7.672810 11.470600 -9.115430
-7.665340 11.451400 -9.135660
-7.653230 11.437200 -9.157630
-7.636960 11.429400 -9.179980
-7.617540 11.428700 -9.201120
-7.596370 11.435300 -9.219500
-7.575020 11.448300 -9.233950
-7.554860 11.466500 -9.243820
-7.536920 11.488500 -9.248890
-7.521950 11.513100 -9.249140
-7.510590 11.539100 -9.244610
-7.503460 11.565500 -9.235360
-7.501140 11.590900 -9.221650
-7.504020 11.613600 -9.204080
-7.512080 11.632200 -9.183610
-7.524890 11.645400 -9.161510
-7.541590 11.652500 -9.139170

/group/rima/160
160
num_smooth_modes 5 num_subsample_pts 26 creation_method hand_drawn paste_pos {-8.108604 11.792504 -9.598922} creation_type levelset width 3 paste_xhat {0.000000 0.870667 0.491874} paste_nrm {-0.715838 0.343459 -0.607958} paste_posId 160 translation_in_x 0.06 translation_in_y 0.085 paste_pathId 11 scale_factor 0.774716 num_hand_picked_pts 10 color white
-8.052150 11.932400 -9.586380
-8.071580 11.927000 -9.566550
-8.091270 11.915300 -9.549940
-8.109980 11.898100 -9.537620
-8.126560 11.876500 -9.530340
-8.140080 11.851700 -9.528400
-8.149920 11.825500 -9.531670
-8.155760 11.799000 -9.539730
-8.157460 11.773600 -9.552070
-8.154920 11.750500 -9.568140
-8.148040 11.730800 -9.587330
-8.136900 11.716100 -9.608740
-8.121940 11.707800 -9.631090
-8.104060 11.706600 -9.652800
-8.084590 11.712700 -9.672290
-8.064940 11.725300 -9.688280
-8.046390 11.743200 -9.700010
-8.029890 11.765100 -9.707110
-8.016120 11.789600 -9.709470
-8.005670 11.815700 -9.707030
-7.999100 11.842200 -9.699770
-7.996970 11.867800 -9.687820
-7.999620 11.890900 -9.671660
-8.007040 11.909900 -9.652180
-8.018820 11.923600 -9.630560
-8.034190 11.931200 -9.608160

/group/rima/166
166
num_smooth_modes 5 num_subsample_pts 26 creation_method hand_drawn paste_pos {-8.518823 11.968242 -9.939868} creation_type levelset width 3 paste_xhat {0.000000 0.909410 0.415902} paste_nrm {-0.744013 0.277891 -0.607636} paste_posId 166 translation_in_x 0.04 translation_in_y 0.025 paste_pathId 11 scale_factor 0.774716 num_hand_picked_pts 10 color white
-8.504890 12.072900 -9.909080
-8.523480 12.068800 -9.888150
-8.542320 12.058300 -9.869890
-8.560230 12.041900 -9.855470
-8.576100 12.020700 -9.845750
-8.589030 11.996000 -9.841210
-8.598440 11.969400 -9.841870
-8.604040 11.942200 -9.847430
-8.605670 11.915800 -9.857500
-8.603230 11.891400 -9.871640
-8.596650 11.870400 -9.889340
-8.585990 11.854100 -9.909830
-8.571670 11.844100 -9.931930
-8.554570 11.841400 -9.954120
-8.535930 11.846100 -9.974770
-8.517140 11.857700 -9.992500
-8.499390 11.874800 -10.006400
-8.483590 11.896200 -10.015900
-8.470420 11.920700 -10.020900
-8.460410 11.947100 -10.021100
-8.454130 11.974300 -10.016300
-8.452090 12.000800 -10.006700
-8.454630 12.025100 -9.992450
-8.461730 12.045600 -9.974380
-8.473000 12.060900 -9.953580
-8.487700 12.070200 -9.931350

/group/rima/170
170
num_smooth_modes 5 num_subsample_pts 17 creation_method hand_drawn paste_pos {-8.803787 12.064297 -10.170945} creation_type levelset width 3 paste_xhat {0.000000 0.936604 0.350390} paste_nrm {-0.758047 0.228524 -0.610853} paste_posId 170 translation_in_x -0.05 translation_in_y -0.02 paste_pathId 11 scale_factor 1.05888 num_hand_picked_pts 11 color white
-8.814140 12.135200 -10.131600
-8.839040 12.124500 -10.104700
-8.861670 12.101500 -10.085200
-8.878620 12.069600 -10.076100
-8.888120 12.033100 -10.078000
-8.889640 11.996600 -10.089700
-8.882950 11.965200 -10.109800
-8.868260 11.943500 -10.136100
-8.847030 11.934400 -10.165900
-8.822350 11.938700 -10.194900
-8.798110 11.955500 -10.218700
-8.777870 11.983000 -10.233500
-8.764260 12.017800 -10.237400
-8.758790 12.054900 -10.230300
-8.761830 12.089100 -10.213700
-8.772930 12.115900 -10.189900
-8.791020 12.132100 -10.161400

/group/rima/174
174
num_smooth_modes 5 num_subsample_pts 26 creation_method hand_drawn paste_pos {-9.095376 12.143554 -10.404989} creation_type levelset width 3 paste_xhat {0.000000 0.956853 0.290573} paste_nrm {-0.767118 0.186405 -0.613827} paste_posId 174 translation_in_x 0.02 translation_in_y -0.035 paste_pathId 11 scale_factor 0.707716 num_hand_picked_pts 10 color white
-9.122530 12.208900 -10.351200
-9.138840 12.207600 -10.331200
-9.155360 12.200100 -10.312800
-9.171070 12.186900 -10.297200
-9.184980 12.168700 -10.285400
-9.196330 12.146800 -10.277800
-9.204580 12.122500 -10.274900
-9.209490 12.097200 -10.276500
-9.210920 12.072100 -10.282300
-9.208790 12.048300 -10.292200
-9.203010 12.027100 -10.305800
-9.193660 12.010000 -10.322700
-9.181100 11.998400 -10.341900
-9.166100 11.993300 -10.362200
-9.149760 11.995300 -10.382100
-9.133270 12.003700 -10.400100
-9.117700 12.017700 -10.415300
-9.103850 12.036100 -10.427000
-9.092300 12.057800 -10.434900
-9.083520 12.081700 -10.438600
-9.078010 12.107000 -10.437800
-9.076230 12.132200 -10.432400
-9.078450 12.155900 -10.422400
-9.084680 12.176600 -10.408300
-9.094560 12.192900 -10.391000
-9.107460 12.203900 -10.371600

/group/rima/177
177
num_smooth_modes 5 num_subsample_pts 17 creation_method hand_drawn paste_pos {-9.317200 12.193473 -10.582322} creation_type levelset width 3 paste_xhat {0.000000 0.968049 0.250762} paste_nrm {-0.771197 0.159634 -0.616256} paste_posId 177 translation_in_x -0.02 translation_in_y -0.06 paste_pathId 11 scale_factor 1.0484 num_hand_picked_pts 11 color white
-9.352870 12.288300 -10.513100
-9.376940 12.280400 -10.485000
-9.398800 12.259700 -10.463100
-9.415180 12.229200 -10.450500
-9.424370 12.193000 -10.448300
-9.425830 12.155800 -10.456100
-9.419370 12.122800 -10.472800
-9.405170 12.098800 -10.496800
-9.384660 12.086900 -10.525500
-9.360810 12.088200 -10.555000
-9.337380 12.102500 -10.580600
-9.317820 12.128200 -10.598500
-9.304670 12.162100 -10.606100
-9.299380 12.199400 -10.603100
-9.302320 12.234700 -10.590300
-9.313050 12.263500 -10.569400
-9.330530 12.282300 -10.542600

/group/rima/180
180
num_smooth_modes 5 num_subsample_pts 26 creation_method hand_drawn paste_pos {-9.540762 12.236401 -10.761084} creation_type levelset width 3 paste_xhat {0.000000 0.976411 0.215922} paste_nrm {-0.773288 0.136906 -0.619098} paste_posId 180 translation_in_x 0.02 translation_in_y -0.025 paste_pathId 11 scale_factor 0.759299 num_hand_picked_pts 10 color white
-9.559710 12.315100 -10.720000
-9.577000 12.315300 -10.698400
-9.594520 12.308900 -10.677900
-9.611180 12.295900 -10.660000
-9.625930 12.277400 -10.645600
-9.637960 12.254600 -10.635700
-9.646720 12.228800 -10.630400
-9.651920 12.201600 -10.629900
-9.653440 12.174300 -10.634100
-9.651170 12.148000 -10.642700
-9.645050 12.124200 -10.655600
-9.635140 12.104500 -10.672400
-9.621820 12.090500 -10.692100
-9.605910 12.083500 -10.713500
-9.588580 12.084000 -10.735100
-9.571100 12.091600 -10.755200
-9.554590 12.105300 -10.772800
-9.539900 12.124100 -10.787000
-9.527650 12.146600 -10.797300
-9.518340 12.171900 -10.803300
-9.512500 12.199000 -10.804700
-9.510600 12.226500 -10.801000
-9.512960 12.252700 -10.792200
-9.519570 12.276000 -10.778800
-9.530050 12.294800 -10.761600
-9.543720 12.308100 -10.741500

/group/rima/182
182
num_smooth_modes 5 num_subsample_pts 20 pathId 11 creation_method hand_drawn creation_type levelset width 3 pos {-9.690346 12.261658 -10.881001} nrm {-0.773698 0.123954 -0.621311} xhat {0.000000 0.980674 0.195649} scale_factor 1.0406 color white num_hand_picked_pts 13 posId 182
-9.733080 12.309700 -10.818200
-9.708630 12.316100 -10.847400
-9.685370 12.313100 -10.876900
-9.665760 12.299200 -10.904100
-9.651540 12.274400 -10.926800
-9.643530 12.241200 -10.943400
-9.642040 12.204000 -10.952700
-9.647320 12.167100 -10.953400
-9.659490 12.133700 -10.944900
-9.677870 12.107000 -10.927400
-9.700490 12.090000 -10.902600
-9.724510 12.084500 -10.873800
-9.747170 12.090500 -10.844400
-9.766550 12.106400 -10.817100
-9.781370 12.130700 -10.793800
-9.790510 12.162300 -10.776100
-9.792820 12.199100 -10.765900
-9.787530 12.236600 -10.765000
-9.774830 12.269600 -10.774200
-9.756000 12.294300 -10.792700

/group/rima/185
185
num_smooth_modes 5 num_subsample_pts 18 pathId 11 creation_method hand_drawn creation_type levelset width 3 pos {-9.914907 12.295280 -11.061914} translation_in_x -0.005 translation_in_y 0.0 nrm {-0.772972 0.107763 -0.625221} xhat {0.000000 0.985469 0.169855} scale_factor 1.12662 posId 185 num_hand_picked_pts 17 color white
-10.009600 12.175500 -10.965500
-10.005600 12.136100 -10.977200
-9.993580 12.102700 -10.997800
-9.974160 12.079100 -11.025900
-9.949650 12.069500 -11.057900
-9.923700 12.076500 -11.088800
-9.900120 12.098700 -11.114100
-9.881650 12.131800 -11.131200
-9.869720 12.170700 -11.139300
-9.865180 12.211700 -11.137800
-9.868730 12.251400 -11.126600
-9.880700 12.285300 -11.105900
-9.900230 12.308000 -11.077900
-9.924950 12.316200 -11.045900
-9.951260 12.309000 -11.014600
-9.975290 12.288000 -10.988500
-9.993990 12.256000 -10.970900
-10.005700 12.216900 -10.963200

/group/rima/195
195
num_smooth_modes 5 num_subsample_pts 18 creation_method hand_drawn creation_type levelset paste_pos {-10.654771 12.383108 -11.672715} width 3 paste_nrm {-0.760067 0.081231 -0.644748} paste_xhat {0.000000 0.992157 0.125001} paste_posId 195 translation_in_x -0.005 translation_in_y -0.01 paste_pathId 11 scale_factor 1.13732 num_hand_picked_pts 17 color white
-10.759000 12.267000 -11.564500
-10.754900 12.226700 -11.574400
-10.742400 12.192000 -11.593500
-10.722300 12.166900 -11.620300
-10.697000 12.155700 -11.651600
-10.670100 12.161300 -11.682500
-10.645800 12.182500 -11.708600
-10.626700 12.215000 -11.727000
-10.614300 12.253800 -11.736700
-10.609600 12.295200 -11.737000
-10.613300 12.335800 -11.727600
-10.625700 12.370900 -11.708500
-10.645900 12.395200 -11.681700
-10.671400 12.404900 -11.650300
-10.698600 12.399200 -11.619000
-10.723500 12.379300 -11.592200
-10.742800 12.347900 -11.573400
-10.754900 12.308800 -11.564100

/group/rima/196
196
num_smooth_modes 5 num_subsample_pts 26 creation_method hand_drawn paste_pos {-10.727213 12.390842 -11.734354} creation_type levelset width 3 paste_xhat {0.000000 0.992282 0.124002} paste_nrm {-0.757902 0.080895 -0.647334} paste_posId 196 translation_in_x -0.03 translation_in_y -0.025 paste_pathId 11 scale_factor 0.766278 num_hand_picked_pts 10 color white
-10.746500 12.424500 -11.707600
-10.764400 12.426900 -11.686300
-10.782600 12.422300 -11.665500
-10.799900 12.411100 -11.646700
-10.815300 12.393900 -11.630900
-10.827700 12.371900 -11.619000
-10.836800 12.346500 -11.611500
-10.842200 12.319200 -11.608600
-10.843800 12.291400 -11.610300
-10.841500 12.264200 -11.616400
-10.835100 12.239000 -11.627000
-10.824800 12.217600 -11.641700
-10.811000 12.201700 -11.659900
-10.794500 12.192600 -11.680400
-10.776500 12.191000 -11.701700
-10.758300 12.196700 -11.722200
-10.741200 12.208800 -11.740800
-10.725900 12.226200 -11.756400
-10.713200 12.247800 -11.768600
-10.703500 12.272700 -11.776800
-10.697500 12.299800 -11.780600
-10.695500 12.327700 -11.779400
-10.698000 12.354900 -11.773100
-10.704800 12.379500 -11.762000
-10.715700 12.400100 -11.746700
-10.729900 12.415400 -11.728100

/group/rima/199
199
num_smooth_modes 5 num_subsample_pts 26 creation_method hand_drawn paste_pos {-10.941969 12.413994 -11.919772} creation_type levelset width 3 paste_xhat {0.000000 0.992186 0.124766} paste_nrm {-0.750381 0.082471 -0.655841} paste_posId 199 translation_in_x 0.02 translation_in_y 0.005 scale_factor 0.766278 paste_pathId 11 num_hand_picked_pts 10 color white
-10.941700 12.500100 -11.909300
-10.959900 12.502400 -11.888200
-10.978300 12.497900 -11.867700
-10.995800 12.486700 -11.849000
-11.011300 12.469500 -11.833400
-11.024000 12.447500 -11.821700
-11.033200 12.422200 -11.814300
-11.038700 12.394900 -11.811500
-11.040300 12.367000 -11.813200
-11.037900 12.339800 -11.819300
-11.031500 12.314700 -11.829900
-11.021000 12.293300 -11.844500
-11.007000 12.277300 -11.862500
-10.990300 12.268200 -11.882800
-10.972000 12.266600 -11.903900
-10.953700 12.272300 -11.924200
-10.936300 12.284400 -11.942600
-10.920800 12.301800 -11.958100
-10.907900 12.323400 -11.970100
-10.898100 12.348300 -11.978200
-10.892000 12.375300 -11.981800
-10.890000 12.403200 -11.980600
-10.892500 12.430400 -11.974300
-10.899400 12.455100 -11.963300
-10.910500 12.475700 -11.948100
-10.924900 12.491000 -11.929700

/group/rima/202
202
num_smooth_modes 5 num_subsample_pts 26 creation_method hand_drawn paste_pos {-11.152238 12.437805 -12.105831} creation_type levelset width 3 paste_xhat {0.000000 0.991628 0.129128} paste_nrm {-0.741777 0.086599 -0.665032} paste_posId 202 translation_in_x 0.11 translation_in_y 0.005 paste_pathId 11 scale_factor 0.721436 num_hand_picked_pts 10 color white
-11.153400 12.606300 -12.082600
-11.170700 12.608500 -12.063000
-11.188400 12.604200 -12.043900
-11.205100 12.593600 -12.026600
-11.219900 12.577300 -12.012200
-11.232000 12.556600 -12.001400
-11.240800 12.532700 -11.994700
-11.246000 12.507100 -11.992200
-11.247600 12.480800 -11.993900
-11.245300 12.455200 -11.999800
-11.239100 12.431600 -12.009700
-11.229200 12.411500 -12.023400
-11.215800 12.396500 -12.040300
-11.199800 12.388000 -12.059300
-11.182400 12.386600 -12.078900
-11.164800 12.391900 -12.097800
-11.148200 12.403400 -12.114800
-11.133500 12.419800 -12.129100
-11.121100 12.440200 -12.140200
-11.111800 12.463700 -12.147600
-11.105900 12.489100 -12.150800
-11.104000 12.515400 -12.149500
-11.106400 12.541000 -12.143500
-11.113000 12.564200 -12.133100
-11.123600 12.583500 -12.118900
-11.137300 12.597800 -12.101700

/group/rima/205
205
num_smooth_modes 5 num_subsample_pts 18 pathId 11 creation_method hand_drawn creation_type levelset width 3 pos {-11.357523 12.462303 -12.292034} nrm {-0.733654 0.089316 -0.673628} xhat {0.000000 0.991324 0.131439} scale_factor 1.0303 color white num_hand_picked_pts 15 posId 205
-11.381200 12.463400 -12.266100
-11.406600 12.461000 -12.238800
-11.429800 12.473100 -12.211900
-11.446600 12.497700 -12.190300
-11.455700 12.530700 -12.176000
-11.457700 12.567500 -12.169000
-11.453100 12.604700 -12.169000
-11.441000 12.638700 -12.177700
-11.421500 12.664800 -12.195500
-11.397300 12.678600 -12.220000
-11.372200 12.678400 -12.247300
-11.349400 12.665600 -12.273900
-11.331100 12.642300 -12.297000
-11.319600 12.611200 -12.313500
-11.317300 12.575200 -12.320900
-11.324100 12.538500 -12.318300
-11.338300 12.505300 -12.307300
-11.357700 12.479100 -12.289600

/group/rima/208
208
num_smooth_modes 5 num_subsample_pts 18 creation_method hand_drawn creation_type levelset paste_pos {-11.557525 12.486948 -12.477668} width 3 paste_nrm {-0.726109 0.090331 -0.681621} paste_xhat {0.000000 0.991333 0.131375} paste_posId 208 translation_in_x 0.165 translation_in_y 0.0 paste_pathId 11 scale_factor 1.09316 num_hand_picked_pts 17 color white
-11.656500 12.540900 -12.365100
-11.652100 12.503100 -12.374700
-11.639600 12.470300 -12.392400
-11.619600 12.446900 -12.416800
-11.594400 12.436800 -12.445100
-11.567500 12.442200 -12.472900
-11.543100 12.462100 -12.496300
-11.524100 12.492500 -12.512500
-11.512000 12.529100 -12.520600
-11.507400 12.568200 -12.520300
-11.511200 12.606300 -12.511200
-11.523700 12.639100 -12.493600
-11.543900 12.661800 -12.469000
-11.569400 12.671000 -12.440600
-11.596400 12.665500 -12.412600
-11.621100 12.646500 -12.388800
-11.640400 12.616800 -12.372100
-11.652500 12.580100 -12.364100

/group/rima/215
215
num_smooth_modes 5 num_subsample_pts 26 creation_method hand_drawn paste_pos {-12.001994 12.541942 -12.904576} creation_type levelset width 3 paste_xhat {0.000000 0.992572 0.121660} paste_nrm {-0.710739 0.085582 -0.698231} paste_posId 215 translation_in_x 0.15 translation_in_y 0.025 paste_pathId 11 scale_factor 0.693009 num_hand_picked_pts 10 color white
-11.990100 12.747800 -12.891500
-12.007600 12.750200 -12.873400
-12.025300 12.746200 -12.855800
-12.042200 12.736200 -12.839900
-12.057100 12.720800 -12.826500
-12.069300 12.701100 -12.816600
-12.078200 12.678200 -12.810300
-12.083400 12.653600 -12.808000
-12.085000 12.628400 -12.809500
-12.082700 12.603800 -12.814900
-12.076500 12.581000 -12.824000
-12.066400 12.561500 -12.836600
-12.052900 12.546900 -12.852100
-12.036800 12.538500 -12.869500
-12.019300 12.536900 -12.887600
-12.001600 12.541800 -12.905000
-11.984900 12.552600 -12.920700
-11.970000 12.568200 -12.933900
-11.957600 12.587700 -12.944200
-11.948200 12.610100 -12.951000
-11.942300 12.634500 -12.954000
-11.940300 12.659700 -12.952900
-11.942700 12.684300 -12.947500
-11.949400 12.706700 -12.937900
-11.960000 12.725500 -12.924800
-11.973900 12.739400 -12.909000

/group/rima/217
217
num_smooth_modes 5 num_subsample_pts 26 creation_method hand_drawn paste_pos {-12.122881 12.556277 -13.023990} creation_type levelset width 3 paste_xhat {0.000000 0.993222 0.116230} paste_nrm {-0.706916 0.082209 -0.702504} paste_posId 217 translation_in_x 0.1 translation_in_y 0.017 paste_pathId 11 scale_factor 0.584168 num_hand_picked_pts 10 color white
-12.120200 12.695600 -13.010400
-12.135000 12.697600 -12.995200
-12.150100 12.694400 -12.980500
-12.164400 12.686100 -12.967100
-12.177000 12.673200 -12.955800
-12.187400 12.656600 -12.947400
-12.194900 12.637400 -12.942100
-12.199300 12.616600 -12.940000
-12.200600 12.595400 -12.941200
-12.198700 12.574600 -12.945600
-12.193400 12.555300 -12.953100
-12.184900 12.538800 -12.963600
-12.173500 12.526500 -12.976500
-12.159800 12.519300 -12.991100
-12.145000 12.517800 -13.006300
-12.130000 12.521900 -13.020900
-12.115800 12.530900 -13.034100
-12.103200 12.544000 -13.045200
-12.092700 12.560300 -13.053900
-12.084700 12.579200 -13.059700
-12.079700 12.599700 -13.062400
-12.078100 12.621000 -13.061500
-12.080100 12.641800 -13.057100
-12.085700 12.660700 -13.049100
-12.094700 12.676600 -13.038200
-12.106500 12.688400 -13.025000

/group/rima/220
220
num_smooth_modes 5 num_subsample_pts 26 creation_method hand_drawn paste_pos {-12.298795 12.576023 -13.200182} creation_type levelset width 3 paste_xhat {0.000000 0.994409 0.105600} paste_nrm {-0.701647 0.075243 -0.708541} paste_posId 220 translation_in_x 0.105 translation_in_y -0.015 paste_pathId 11 scale_factor 0.652455 num_hand_picked_pts 10 color white
-12.316600 12.728300 -13.166400
-12.333300 12.730800 -13.149600
-12.350200 12.727400 -13.133200
-12.366300 12.718200 -13.118300
-12.380500 12.704000 -13.105700
-12.392100 12.685500 -13.096100
-12.400600 12.664100 -13.090000
-12.405600 12.641000 -13.087500
-12.407100 12.617300 -13.088600
-12.404900 12.594000 -13.093200
-12.399000 12.572400 -13.101400
-12.389400 12.553800 -13.112800
-12.376600 12.539900 -13.127000
-12.361200 12.531700 -13.143100
-12.344500 12.529800 -13.159900
-12.327600 12.534200 -13.176100
-12.311600 12.544100 -13.190900
-12.297400 12.558600 -13.203400
-12.285600 12.576700 -13.213200
-12.276600 12.597700 -13.219800
-12.271000 12.620600 -13.223000
-12.269200 12.644400 -13.222300
-12.271400 12.667600 -13.217500
-12.277800 12.688800 -13.209000
-12.287900 12.706700 -13.197100
-12.301100 12.720100 -13.182600

/group/rima/223
223
num_smooth_modes 5 num_subsample_pts 26 creation_method hand_drawn paste_pos {-12.467948 12.593172 -13.372221} creation_type levelset width 3 paste_xhat {0.000000 0.995790 0.091660} paste_nrm {-0.696924 0.065733 -0.714126} paste_posId 223 translation_in_x 0.085 translation_in_y 0.005 paste_pathId 11 scale_factor 0.66557 num_hand_picked_pts 10 color white
-12.471100 12.729200 -13.356700
-12.488200 12.732000 -13.339700
-12.505600 12.728800 -13.323000
-12.522100 12.719700 -13.307700
-12.536700 12.705300 -13.294800
-12.548600 12.686700 -13.284900
-12.557300 12.664900 -13.278400
-12.562500 12.641400 -13.275500
-12.564000 12.617100 -13.276300
-12.561700 12.593300 -13.280700
-12.555700 12.571200 -13.288600
-12.545800 12.552100 -13.300000
-12.532600 12.537600 -13.314200
-12.516900 12.529000 -13.330400
-12.499700 12.526900 -13.347400
-12.482300 12.531100 -13.363900
-12.466000 12.541000 -13.378900
-12.451400 12.555600 -13.391800
-12.439300 12.573900 -13.402000
-12.430000 12.595200 -13.409000
-12.424300 12.618500 -13.412500
-12.422400 12.642800 -13.412100
-12.424700 12.666600 -13.407700
-12.431300 12.688400 -13.399300
-12.441600 12.706700 -13.387400
-12.455200 12.720600 -13.372900

/group/rima/234
234
num_smooth_modes 5 num_subsample_pts 26 creation_method hand_drawn paste_pos {-13.025548 12.624972 -13.955921} creation_type levelset width 3 paste_xhat {0.000000 0.999996 0.002829} paste_nrm {-0.683723 0.002065 -0.729738} paste_posId 234 translation_in_x 0.065 translation_in_y -0.015 paste_pathId 11 scale_factor 0.590069 num_hand_picked_pts 10 color white
-13.045900 12.730700 -13.936500
-13.061400 12.734500 -13.922000
-13.077100 12.733000 -13.907400
-13.092000 12.726200 -13.893400
-13.105200 12.714500 -13.881100
-13.115900 12.698800 -13.871000
-13.123700 12.680100 -13.863800
-13.128400 12.659600 -13.859500
-13.129800 12.638100 -13.858200
-13.127700 12.616700 -13.860200
-13.122300 12.596500 -13.865400
-13.113400 12.578800 -13.873800
-13.101500 12.564900 -13.885000
-13.087200 12.556000 -13.898300
-13.071700 12.552800 -13.912800
-13.056100 12.555200 -13.927500
-13.041300 12.562800 -13.941300
-13.028200 12.574600 -13.953600
-13.017200 12.590000 -13.963800
-13.008900 12.608200 -13.971500
-13.003700 12.628600 -13.976400
-13.002000 12.650000 -13.977900
-13.004100 12.671400 -13.975900
-13.010000 12.691300 -13.970300
-13.019400 12.708500 -13.961500
-13.031600 12.721900 -13.950000

/group/rima/250
250
num_smooth_modes 5 num_subsample_pts 26 creation_method hand_drawn paste_pos {-13.645768 12.586181 -14.633923} creation_type levelset width 3 paste_xhat {0.000000 0.995552 -0.094212} paste_nrm {-0.661924 -0.070618 -0.746237} paste_posId 250 translation_in_x 0.105 translation_in_y -0.055 scale_factor 0.652455 paste_pathId 11 num_hand_picked_pts 10 color white
-13.694500 12.744500 -14.605700
-13.712000 12.750200 -14.590700
-13.729800 12.750100 -14.574900
-13.746700 12.744000 -14.559300
-13.761700 12.732400 -14.544900
-13.774000 12.716200 -14.532500
-13.782800 12.696400 -14.522800
-13.788100 12.674200 -14.516000
-13.789700 12.650700 -14.512400
-13.787400 12.627000 -14.512200
-13.781200 12.604200 -14.515500
-13.771100 12.583800 -14.522500
-13.757600 12.567400 -14.533000
-13.741400 12.556200 -14.546300
-13.723800 12.551200 -14.561400
-13.706000 12.552300 -14.577300
-13.689300 12.559200 -14.592800
-13.674300 12.570900 -14.607100
-13.661900 12.586800 -14.619700
-13.652400 12.606100 -14.629900
-13.646500 12.628000 -14.637200
-13.644600 12.651400 -14.641200
-13.647000 12.675100 -14.641300
-13.653700 12.697600 -14.637400
-13.664300 12.717400 -14.629900
-13.678200 12.733400 -14.619100

/group/rima/253
253
num_smooth_modes 5 num_subsample_pts 19 pathId 11 creation_method hand_drawn creation_type levelset width 3 pos {-13.736486 12.576640 -14.736834} translation_in_x 0.0 translation_in_y -0.005 nrm {-0.657167 -0.066600 -0.750797} xhat {0.000000 0.996089 -0.088358} scale_factor 1.10431 posId 253 num_hand_picked_pts 11 color white
-13.756300 12.717200 -14.732000
-13.777500 12.736500 -14.715100
-13.801900 12.746900 -14.694700
-13.827000 12.746500 -14.672700
-13.849700 12.734700 -14.651700
-13.867400 12.712700 -14.634300
-13.878200 12.683500 -14.622300
-13.881400 12.650800 -14.616600
-13.876600 12.617900 -14.617900
-13.863900 12.588400 -14.626400
-13.844700 12.565500 -14.641100
-13.821400 12.551600 -14.660300
-13.796300 12.547900 -14.681900
-13.772000 12.554300 -14.703800
-13.750700 12.570500 -14.723800
-13.735300 12.595300 -14.739500
-13.728100 12.626300 -14.748500
-13.730000 12.659600 -14.749900
-13.739900 12.690900 -14.744000

/group/rima/257
257
num_smooth_modes 5 num_subsample_pts 16 pathId 11 creation_method hand_drawn creation_type levelset width 3 pos {-13.844873 12.566940 -14.861840} translation_in_x -0.005 translation_in_y 0.0 nrm {-0.650299 -0.046227 -0.758270} xhat {0.000000 0.998147 -0.060851} scale_factor 1.07214 posId 257 num_hand_picked_pts 16 color white
-13.865300 12.758300 -14.856000
-13.895700 12.759000 -14.830000
-13.924400 12.746400 -14.804600
-13.947100 12.722100 -14.783600
-13.959800 12.687500 -14.770600
-13.960600 12.647400 -14.767500
-13.950000 12.609100 -14.774300
-13.929800 12.579100 -14.789800
-13.902300 12.561500 -14.812300
-13.871800 12.559100 -14.838200
-13.843800 12.572500 -14.863100
-13.822400 12.599100 -14.883100
-13.809600 12.634500 -14.896200
-13.807300 12.674200 -14.900600
-13.816800 12.712500 -14.894800
-13.837400 12.742400 -14.878900

/group/rima/261
261
num_smooth_modes 5 num_subsample_pts 26 creation_method hand_drawn paste_pos {-13.938892 12.562956 -14.972720} creation_type levelset width 3 paste_xhat {0.000000 0.999998 -0.001953} paste_nrm {-0.641667 -0.001498 -0.766982} paste_posId 261 translation_in_x 0.11 translation_in_y 0.015 paste_pathId 11 scale_factor 0.72727 num_hand_picked_pts 10 color white
-13.932300 12.733900 -14.978600
-13.952300 12.738700 -14.961800
-13.972600 12.736900 -14.944800
-13.991900 12.728600 -14.928700
-14.009000 12.714200 -14.914300
-14.023000 12.694900 -14.902600
-14.033100 12.672000 -14.894100
-14.039100 12.646600 -14.889000
-14.040900 12.620200 -14.887500
-14.038300 12.593800 -14.889600
-14.031200 12.568900 -14.895500
-14.019700 12.547000 -14.905100
-14.004300 12.529800 -14.918000
-13.985800 12.518800 -14.933400
-13.965700 12.514800 -14.950200
-13.945500 12.517700 -14.967100
-13.926400 12.526900 -14.983100
-13.909300 12.541400 -14.997400
-13.895100 12.560300 -15.009300
-13.884400 12.582800 -15.018400
-13.877600 12.607800 -15.024100
-13.875400 12.634200 -15.026000
-13.878100 12.660500 -15.023700
-13.885800 12.685100 -15.017400
-13.897900 12.706300 -15.007300
-13.913800 12.722900 -14.994000

/group/rima/263
263
num_smooth_modes 5 num_subsample_pts 26 creation_method hand_drawn paste_pos {-13.980512 12.563878 -15.022804} creation_type levelset width 3 paste_xhat {0.000000 0.999047 0.043657} paste_nrm {-0.635736 0.033699 -0.771171} paste_posId 263 translation_in_x 0.125 translation_in_y 0.025 paste_pathId 11 scale_factor 0.664373 num_hand_picked_pts 10 color white
-13.968500 12.740900 -15.025000
-13.986900 12.744500 -15.009700
-14.005500 12.742200 -14.994400
-14.023300 12.733900 -14.980100
-14.039000 12.720300 -14.967700
-14.051800 12.702200 -14.958000
-14.061100 12.680800 -14.951200
-14.066700 12.657500 -14.947700
-14.068300 12.633300 -14.947400
-14.065900 12.609400 -14.950400
-14.059400 12.586900 -14.956800
-14.048800 12.567300 -14.966400
-14.034600 12.552100 -14.978700
-14.017700 12.542700 -14.993100
-13.999200 12.539700 -15.008400
-13.980600 12.543000 -15.023600
-13.963000 12.552100 -15.037700
-13.947400 12.566000 -15.050000
-13.934300 12.583700 -15.060000
-13.924400 12.604600 -15.067300
-13.918200 12.627700 -15.071400
-13.916200 12.651800 -15.072000
-13.918700 12.675800 -15.068900
-13.925700 12.697900 -15.062100
-13.936900 12.716900 -15.052100
-13.951400 12.731500 -15.039500

/group/rima/267
267
num_smooth_modes 5 num_subsample_pts 26 creation_method hand_drawn paste_pos {-14.052969 12.573089 -15.112145} creation_type levelset width 3 paste_xhat {0.000000 0.983953 0.178427} paste_nrm {-0.616057 0.140547 -0.775061} paste_posId 267 translation_in_x 0.116 translation_in_y 0.058 paste_pathId 11 scale_factor 0.546142 num_hand_picked_pts 10 color white
-14.019100 12.725800 -15.111400
-14.034600 12.727100 -15.098900
-14.050200 12.723600 -15.087000
-14.065100 12.715300 -15.076700
-14.078300 12.702900 -15.068500
-14.089000 12.687100 -15.062800
-14.096900 12.669000 -15.059900
-14.101500 12.649600 -15.059700
-14.102900 12.629900 -15.062200
-14.100800 12.610700 -15.067300
-14.095400 12.593100 -15.074800
-14.086500 12.578100 -15.084600
-14.074600 12.567100 -15.096000
-14.060400 12.561000 -15.108400
-14.044900 12.560200 -15.120900
-14.029300 12.564500 -15.132500
-14.014500 12.573400 -15.142600
-14.001400 12.586000 -15.150800
-13.990500 12.601500 -15.156700
-13.982100 12.619300 -15.160100
-13.976900 12.638500 -15.160700
-13.975200 12.658300 -15.158500
-13.977300 12.677400 -15.153300
-13.983200 12.694800 -15.145500
-13.992600 12.709100 -15.135500
-14.004800 12.719600 -15.123800

