/group/int_iliac_right/22
22
num_smooth_modes 5 num_subsample_pts 24 creation_method hand_drawn creation_type threshold paste_pos {169.297123 133.541175 168.665518} shifted_origin {-137.802 -160.502 -485.875} paste_nrm {0.592378 -0.404262 -0.696893} paste_xhat {0.000000 0.864997 -0.501777} paste_posId 22 bulk_scale_factor 0.1 paste_pathId 1500 num_hand_picked_pts 9
3.148600 -2.758600 -31.685499
3.153800 -2.804500 -31.654400
3.147000 -2.848700 -31.634501
3.126100 -2.887400 -31.629900
3.091800 -2.919400 -31.640400
3.049000 -2.944400 -31.662300
3.004300 -2.962300 -31.690001
2.962100 -2.973000 -31.719700
2.922900 -2.977200 -31.750500
2.884900 -2.975100 -31.784000
2.848000 -2.965800 -31.820801
2.816000 -2.946500 -31.859200
2.795600 -2.915200 -31.894699
2.792300 -2.873400 -31.921801
2.806700 -2.826900 -31.936501
2.834900 -2.783800 -31.937500
2.871100 -2.749700 -31.926500
2.911400 -2.725100 -31.906500
2.954200 -2.706400 -31.881001
2.998100 -2.690600 -31.852800
3.041100 -2.678700 -31.823200
3.079700 -2.676200 -31.791800
3.111000 -2.688600 -31.757999
3.134000 -2.717500 -31.721701

/group/int_iliac_right/34
34
num_smooth_modes 5 num_subsample_pts 24 pathId 1500 creation_method hand_drawn creation_type threshold shifted_origin {-137.802 -160.502 -485.875} pos {171.650872 131.689798 165.896102} bulk_scale_factor 0.1 nrm {0.551412 -0.524242 -0.648933} xhat {0.000000 0.777880 -0.628413} num_hand_picked_pts 9 posId 34
3.384000 -2.937500 -31.953199
3.389300 -2.978300 -31.915701
3.382300 -3.018700 -31.889000
3.360600 -3.055600 -31.877600
3.325200 -3.087700 -31.881800
3.280900 -3.114400 -31.897900
3.234500 -3.134900 -31.920700
3.190800 -3.148700 -31.946800
3.150200 -3.156300 -31.975100
3.110900 -3.158200 -32.007000
3.072700 -3.153400 -32.043301
3.039500 -3.139200 -32.082901
3.018400 -3.113100 -32.122002
3.015000 -3.075800 -32.154999
3.029900 -3.032600 -32.177299
3.059100 -2.991000 -32.186001
3.096600 -2.956800 -32.181801
3.138400 -2.930700 -32.167400
3.182600 -2.909700 -32.146702
3.228100 -2.891100 -32.123100
3.272600 -2.876300 -32.097301
3.312600 -2.870200 -32.068199
3.345000 -2.878300 -32.034100
3.368900 -2.902000 -31.994699

/group/int_iliac_right/41
41
num_smooth_modes 5 num_subsample_pts 26 pathId 1500 creation_method hand_drawn creation_type threshold shifted_origin {-137.802 -160.502 -485.875} pos {172.701072 130.515612 164.656366} bulk_scale_factor 0.1 nrm {0.485654 -0.654284 -0.579701} xhat {0.000000 0.663158 -0.748479} num_hand_picked_pts 12 posId 41
3.587200 -2.916500 -32.133099
3.599000 -2.945600 -32.090302
3.602100 -2.978900 -32.050201
3.595100 -3.015800 -32.014400
3.576400 -3.055100 -31.985701
3.545800 -3.093900 -31.967501
3.505300 -3.128300 -31.962601
3.459100 -3.154800 -31.971399
3.412300 -3.171200 -31.992100
3.368900 -3.177700 -32.021198
3.330300 -3.175700 -32.055698
3.296400 -3.167000 -32.094002
3.266500 -3.152400 -32.135502
3.241700 -3.131700 -32.179501
3.225000 -3.105000 -32.223801
3.220100 -3.072500 -32.264500
3.229500 -3.036100 -32.297798
3.253200 -2.998000 -32.320900
3.288600 -2.960700 -32.333401
3.331400 -2.926500 -32.335999
3.377600 -2.897900 -32.329601
3.423800 -2.877000 -32.314602
3.467500 -2.865700 -32.290699
3.507000 -2.864900 -32.258400
3.540700 -2.874400 -32.219601
3.567600 -2.892200 -32.176899

/group/int_iliac_right/50
50
num_smooth_modes 5 num_subsample_pts 27 pathId 1500 creation_method hand_drawn creation_type threshold shifted_origin {-137.802 -160.502 -485.875} pos {173.603451 128.973541 163.527470} bulk_scale_factor 0.1 nrm {0.355029 -0.798443 -0.486253} xhat {0.000000 0.520138 -0.854082} num_hand_picked_pts 12 posId 50
3.662200 -3.071700 -32.308102
3.642900 -3.054400 -32.350601
3.614500 -3.042700 -32.390598
3.576100 -3.037800 -32.426701
3.529900 -3.040500 -32.455898
3.480400 -3.051300 -32.474400
3.432800 -3.069400 -32.479401
3.390900 -3.093600 -32.470299
3.356000 -3.122200 -32.448700
3.327800 -3.153600 -32.417801
3.306200 -3.185800 -32.380600
3.292200 -3.217200 -32.339401
3.287900 -3.245600 -32.295799
3.295200 -3.269400 -32.251301
3.314400 -3.287500 -32.207699
3.344000 -3.299000 -32.167099
3.381700 -3.304200 -32.131199
3.425000 -3.303000 -32.101501
3.472300 -3.295500 -32.079201
3.521600 -3.281900 -32.065498
3.570000 -3.262300 -32.062500
3.613200 -3.237300 -32.071800
3.647200 -3.208600 -32.094299
3.669300 -3.178000 -32.128399
3.679600 -3.147600 -32.170700
3.680400 -3.119100 -32.216900
3.674300 -3.093600 -32.263401

/group/int_iliac_right/65
65
num_smooth_modes 5 num_subsample_pts 29 pathId 1500 creation_method hand_drawn creation_type threshold shifted_origin {-137.802 -160.502 -485.875} pos {174.364773 126.358767 162.100734} bulk_scale_factor 0.1 nrm {0.156963 -0.859143 -0.487069} xhat {0.000000 0.493182 -0.869926} num_hand_picked_pts 11 posId 65
3.809500 -3.402700 -32.348598
3.808000 -3.375800 -32.396500
3.799500 -3.350900 -32.443199
3.784300 -3.328800 -32.487000
3.760900 -3.310300 -32.527199
3.728100 -3.295900 -32.563202
3.686300 -3.286300 -32.593498
3.637700 -3.282600 -32.615700
3.586400 -3.285600 -32.626999
3.536200 -3.295300 -32.626099
3.489800 -3.311000 -32.613201
3.448500 -3.331500 -32.590401
3.412500 -3.355200 -32.560299
3.382600 -3.380800 -32.524799
3.360300 -3.407300 -32.485298
3.348000 -3.433900 -32.442200
3.347700 -3.459800 -32.396702
3.360100 -3.483400 -32.351002
3.384200 -3.503400 -32.308102
3.417600 -3.518200 -32.271000
3.458300 -3.527400 -32.241901
3.504600 -3.530800 -32.220901
3.555300 -3.529200 -32.207401
3.609000 -3.523000 -32.200901
3.662800 -3.512700 -32.201801
3.712700 -3.498100 -32.211399
3.754300 -3.479100 -32.231499
3.784500 -3.456100 -32.262501
3.802400 -3.430100 -32.302601

/group/int_iliac_right/84
84
num_smooth_modes 5 num_subsample_pts 29 pathId 1500 creation_method hand_drawn creation_type threshold shifted_origin {-137.802 -160.502 -485.875} pos {174.899888 123.041398 159.491720} bulk_scale_factor 0.1 nrm {0.123661 -0.694513 -0.708773} xhat {0.000000 0.714255 -0.699885} num_hand_picked_pts 11 posId 84
3.944800 -3.657600 -32.683998
3.941100 -3.697200 -32.645901
3.929600 -3.737200 -32.608700
3.912200 -3.775200 -32.574501
3.889500 -3.809600 -32.544701
3.860100 -3.840200 -32.519901
3.822600 -3.866800 -32.500301
3.776700 -3.888700 -32.486900
3.724400 -3.904300 -32.480701
3.670200 -3.911300 -32.483398
3.619200 -3.907900 -32.495602
3.576000 -3.893600 -32.517101
3.543100 -3.869800 -32.546101
3.520900 -3.838900 -32.580299
3.508000 -3.803500 -32.617199
3.502900 -3.765800 -32.654999
3.504600 -3.727200 -32.692600
3.513500 -3.688600 -32.728901
3.530100 -3.651100 -32.762699
3.555500 -3.616500 -32.792198
3.589800 -3.587100 -32.814999
3.632400 -3.564600 -32.829601
3.681800 -3.550100 -32.835201
3.735400 -3.543600 -32.832199
3.790000 -3.544600 -32.821701
3.841400 -3.552800 -32.804699
3.885300 -3.568300 -32.781898
3.918100 -3.591200 -32.753700
3.937900 -3.621400 -32.720600

/group/int_iliac_right/95
95
num_smooth_modes 5 num_subsample_pts 30 pathId 1500 creation_method hand_drawn creation_type threshold shifted_origin {-137.802 -160.502 -485.875} pos {175.311440 121.101605 157.307621} bulk_scale_factor 0.1 nrm {0.159539 -0.625904 -0.763408} xhat {0.000000 0.773313 -0.634025} num_hand_picked_pts 11 posId 95
3.911800 -3.916300 -32.842602
3.907400 -3.959000 -32.808498
3.895100 -4.001300 -32.776299
3.874500 -4.041500 -32.747700
3.845300 -4.077300 -32.724400
3.807800 -4.106900 -32.708099
3.763100 -4.128500 -32.699699
3.712800 -4.141100 -32.699799
3.659600 -4.144600 -32.708099
3.606400 -4.139200 -32.723598
3.557100 -4.125700 -32.744999
3.515200 -4.104900 -32.770802
3.483700 -4.077700 -32.799702
3.464000 -4.044700 -32.830898
3.455500 -4.006800 -32.863800
3.456500 -3.965300 -32.897598
3.464600 -3.921800 -32.931499
3.478300 -3.878500 -32.964199
3.497600 -3.837600 -32.993698
3.523700 -3.801500 -33.017799
3.558200 -3.772000 -33.034801
3.601800 -3.750500 -33.043301
3.652800 -3.737900 -33.042999
3.707600 -3.734300 -33.034401
3.761600 -3.739700 -33.018799
3.809900 -3.753500 -32.997299
3.849300 -3.775000 -32.971500
3.878600 -3.803200 -32.942200
3.898100 -3.837000 -32.910500
3.908800 -3.875200 -32.876900

/group/int_iliac_right/104
104
num_smooth_modes 5 num_subsample_pts 26 pathId 1500 creation_method hand_drawn creation_type threshold shifted_origin {-137.802 -160.502 -485.875} pos {175.799909 119.476869 155.234344} bulk_scale_factor 0.1 nrm {0.207310 -0.589503 -0.780711} xhat {0.000000 0.798048 -0.602594} num_hand_picked_pts 10 posId 104
3.903800 -4.030400 -33.090900
3.911700 -4.073200 -33.056499
3.909800 -4.116500 -33.024300
3.897000 -4.157800 -32.996498
3.873200 -4.195400 -32.974400
3.839100 -4.227700 -32.959099
3.796100 -4.252700 -32.951599
3.746600 -4.268600 -32.952801
3.693300 -4.274900 -32.962200
3.640400 -4.272400 -32.978100
3.592400 -4.262200 -32.998600
3.553400 -4.244400 -33.022301
3.525900 -4.218200 -33.049400
3.510000 -4.182900 -33.080299
3.504000 -4.140100 -33.114300
3.506400 -4.093900 -33.148499
3.517000 -4.050300 -33.178501
3.537600 -4.014400 -33.200199
3.570000 -3.987800 -33.211700
3.614400 -3.969000 -33.214100
3.667800 -3.955300 -33.210300
3.724400 -3.945400 -33.202702
3.778000 -3.941200 -33.191601
3.824000 -3.946200 -33.175701
3.860200 -3.963200 -33.153198
3.886600 -3.992200 -33.124298

/group/int_iliac_right/114
114
num_smooth_modes 5 num_subsample_pts 26 pathId 1500 creation_method hand_drawn creation_type threshold shifted_origin {-137.802 -160.502 -485.875} pos {176.572037 117.615882 152.701180} bulk_scale_factor 0.1 nrm {0.267949 -0.560641 -0.783508} xhat {0.000000 0.813246 -0.581920} num_hand_picked_pts 9 posId 114
4.052300 -4.280100 -33.263500
4.043200 -4.325700 -33.234001
4.022200 -4.367300 -33.211399
3.989600 -4.399700 -33.199299
3.947600 -4.420900 -33.198502
3.899100 -4.432600 -33.206799
3.846800 -4.438600 -33.220402
3.793500 -4.441300 -33.236698
3.742100 -4.439900 -33.255299
3.697100 -4.430600 -33.277302
3.663200 -4.409800 -33.303799
3.643900 -4.377000 -33.333900
3.640100 -4.335300 -33.365002
3.649200 -4.290100 -33.394199
3.667400 -4.245800 -33.419701
3.691800 -4.204700 -33.440701
3.722100 -4.167500 -33.457001
3.759500 -4.135300 -33.467300
3.804400 -4.110800 -33.469501
3.855100 -4.097300 -33.461800
3.906700 -4.097000 -33.444302
3.953900 -4.109300 -33.419399
3.992400 -4.131600 -33.390301
4.020900 -4.160800 -33.359600
4.040200 -4.195600 -33.328098
4.050800 -4.235700 -33.295799

/group/int_iliac_right/129
129
num_smooth_modes 5 num_subsample_pts 25 pathId 1500 creation_method hand_drawn creation_type threshold shifted_origin {-137.802 -160.502 -485.875} pos {178.145487 114.845011 148.652588} bulk_scale_factor 0.1 nrm {0.340221 -0.512823 -0.788202} xhat {0.000000 0.838204 -0.545356} num_hand_picked_pts 9 posId 129
4.170100 -4.516300 -33.695801
4.179100 -4.559300 -33.663898
4.179200 -4.604400 -33.634602
4.169300 -4.649100 -33.609699
4.148100 -4.691300 -33.591400
4.115200 -4.727700 -33.581902
4.072400 -4.753700 -33.583500
4.024100 -4.765600 -33.596600
3.976000 -4.762400 -33.619400
3.932500 -4.747200 -33.648102
3.895500 -4.724800 -33.678699
3.864500 -4.698400 -33.709202
3.838500 -4.668100 -33.740101
3.818100 -4.632100 -33.772400
3.806000 -4.589700 -33.805199
3.805900 -4.543800 -33.835098
3.820600 -4.500200 -33.857101
3.850300 -4.464900 -33.867298
3.892100 -4.440800 -33.864899
3.941500 -4.427100 -33.852501
3.993500 -4.421300 -33.833801
4.043500 -4.422300 -33.811600
4.088000 -4.431000 -33.786701
4.124600 -4.449500 -33.758900
4.152000 -4.478500 -33.728199

/group/int_iliac_right/139
139
num_smooth_modes 5 num_subsample_pts 26 pathId 1500 creation_method hand_drawn creation_type threshold shifted_origin {-137.802 -160.502 -485.875} pos {179.386847 113.151944 145.940445} bulk_scale_factor 0.1 nrm {0.384236 -0.471951 -0.793489} xhat {0.000000 0.859466 -0.511193} num_hand_picked_pts 10 posId 139
4.204900 -4.620000 -34.039398
4.168600 -4.596100 -34.071201
4.130000 -4.576100 -34.101799
4.086800 -4.563400 -34.130199
4.039500 -4.561800 -34.154099
3.991800 -4.574400 -34.169701
3.949700 -4.601800 -34.173698
3.918000 -4.641700 -34.165401
3.898800 -4.689200 -34.146400
3.891700 -4.738200 -34.120800
3.895600 -4.783600 -34.091900
3.909900 -4.822600 -34.061699
3.934400 -4.855000 -34.030602
3.968000 -4.882000 -33.998299
4.008100 -4.904500 -33.965500
4.051200 -4.921600 -33.934399
4.094900 -4.930300 -33.908100
4.138800 -4.927200 -33.888699
4.183200 -4.909800 -33.877499
4.227300 -4.878800 -33.874599
4.266700 -4.837900 -33.879799
4.294700 -4.792800 -33.893101
4.305400 -4.748800 -33.914101
4.297000 -4.709500 -33.941601
4.273100 -4.675700 -33.973202
4.240400 -4.646400 -34.006500

/group/int_iliac_right/152
152
num_smooth_modes 5 num_subsample_pts 29 pathId 1500 creation_method hand_drawn creation_type threshold shifted_origin {-137.802 -160.502 -485.875} pos {181.115809 111.298392 142.591380} bulk_scale_factor 0.1 nrm {0.436449 -0.412108 -0.799799} xhat {0.000000 0.888934 -0.458036} num_hand_picked_pts 10 posId 152
4.412800 -4.770100 -34.361401
4.391100 -4.734100 -34.391800
4.363200 -4.703900 -34.422600
4.329600 -4.678600 -34.453899
4.291200 -4.658100 -34.485401
4.248900 -4.643600 -34.515999
4.203800 -4.638100 -34.543400
4.157500 -4.644700 -34.565300
4.112300 -4.665200 -34.579399
4.071600 -4.698400 -34.584499
4.039100 -4.740700 -34.580399
4.018100 -4.787200 -34.567902
4.009900 -4.833800 -34.548401
4.014000 -4.878200 -34.523300
4.027600 -4.920000 -34.494301
4.047400 -4.959600 -34.463100
4.071200 -4.996800 -34.430901
4.098400 -5.030100 -34.398998
4.130200 -5.056600 -34.368000
4.168000 -5.073600 -34.338501
4.212300 -5.079500 -34.311401
4.261200 -5.073700 -34.287701
4.310800 -5.057000 -34.269199
4.356100 -5.030600 -34.258099
4.392700 -4.995800 -34.256100
4.418000 -4.954000 -34.263802
4.431500 -4.907300 -34.280499
4.434100 -4.858900 -34.304001
4.427400 -4.812200 -34.331699

/group/int_iliac_right/165
165
num_subsample_pts 32 pathId 1500 replaced_with_circle 1 creation_method hand_drawn creation_type threshold shifted_origin {-137.802 -160.502 -485.875} pos {182.808903 109.812453 139.585883} bulk_scale_factor 0.1 nrm {0.460510 -0.385232 -0.799704} xhat {0.000000 0.900918 -0.433989} num_hand_picked_pts 11 posId 165
4.454600 -4.847200 -34.762299
4.496400 -4.841500 -34.741001
4.536800 -4.843400 -34.716702
4.574800 -4.852900 -34.690300
4.609100 -4.869500 -34.662498
4.638800 -4.892900 -34.634201
4.662800 -4.922400 -34.606201
4.680500 -4.956900 -34.579300
4.691300 -4.995500 -34.554501
4.695000 -5.037100 -34.532398
4.691300 -5.080300 -34.513699
4.680500 -5.123800 -34.499001
4.662800 -5.166300 -34.488701
4.638800 -5.206600 -34.483101
4.609100 -5.243300 -34.482498
4.574800 -5.275400 -34.486801
4.536800 -5.302000 -34.495899
4.496400 -5.322100 -34.509499
4.454600 -5.335200 -34.527199
4.412900 -5.340900 -34.548500
4.372400 -5.339000 -34.572701
4.334400 -5.329600 -34.599098
4.300100 -5.312900 -34.626900
4.270500 -5.289500 -34.655201
4.246400 -5.260100 -34.683300
4.228700 -5.225500 -34.710098
4.217900 -5.186900 -34.735001
4.214200 -5.145300 -34.757099
4.217900 -5.102100 -34.775799
4.228700 -5.058600 -34.790501
4.246400 -5.016100 -34.800800
4.270500 -4.975800 -34.806301
4.300100 -4.939100 -34.806999
4.334400 -4.907000 -34.802700
4.372400 -4.880500 -34.793598
4.412900 -4.860300 -34.779999

/group/int_iliac_right/182
182
num_subsample_pts 29 pathId 1500 replaced_with_circle 1 creation_method hand_drawn creation_type threshold shifted_origin {-137.802 -160.502 -485.875} pos {184.633693 108.207255 136.379427} bulk_scale_factor 0.1 nrm {0.430583 -0.437269 -0.789553} xhat {0.000000 0.874802 -0.484481} num_hand_picked_pts 11 posId 182
4.589500 -5.049600 -35.100300
4.627900 -5.044000 -35.082401
4.665200 -5.045000 -35.061501
4.700200 -5.052800 -35.038101
4.731800 -5.066900 -35.013000
4.759100 -5.087100 -34.987000
4.781300 -5.112600 -34.960800
4.797600 -5.142700 -34.935200
4.807600 -5.176600 -34.910999
4.811000 -5.213100 -34.889000
4.807600 -5.251100 -34.869701
4.797600 -5.289600 -34.853901
4.781300 -5.327300 -34.841900
4.759100 -5.363000 -34.834202
4.731800 -5.395800 -34.830898
4.700200 -5.424600 -34.832199
4.665200 -5.448500 -34.838100
4.627900 -5.466800 -34.848301
4.589500 -5.478900 -34.862499
4.551000 -5.484600 -34.880402
4.513700 -5.483500 -34.901299
4.478700 -5.475800 -34.924599
4.447100 -5.461600 -34.949699
4.419800 -5.441500 -34.975800
4.397700 -5.415900 -35.001999
4.381400 -5.385800 -35.027599
4.371400 -5.352000 -35.051800
4.368000 -5.315500 -35.073799
4.371400 -5.277400 -35.093102
4.381400 -5.238900 -35.108898
4.397700 -5.201300 -35.120899
4.419800 -5.165500 -35.128601
4.447100 -5.132700 -35.131901
4.478700 -5.103900 -35.130600
4.513700 -5.080000 -35.124699
4.551000 -5.061700 -35.114498

