/group/renal_left/55
55
num_subsample_pts 48 replaced_with_circle 1 creation_method hand_drawn creation_type threshold paste_pos {124.474947 122.783777 309.643393} shifted_origin {-137.802 -160.502 -485.875} paste_nrm {-0.761099 -0.159853 -0.628629} paste_xhat {0.000000 0.969157 -0.246445} bulk_scale_factor 0.1 paste_posId 55 scale_factor 0.95 paste_pathId 4000 num_hand_picked_pts 18
-1.277400 -3.401900 -17.784201
-1.234200 -3.420000 -17.831900
-1.192300 -3.448900 -17.875299
-1.153000 -3.487700 -17.913000
-1.117400 -3.535100 -17.944000
-1.086800 -3.589800 -17.967199
-1.061900 -3.650100 -17.982000
-1.043600 -3.714100 -17.987900
-1.032400 -3.779900 -17.984699
-1.028600 -3.845600 -17.972601
-1.032400 -3.909000 -17.951900
-1.043600 -3.968400 -17.923201
-1.061900 -4.021800 -17.887501
-1.086800 -4.067700 -17.845699
-1.117400 -4.104700 -17.799101
-1.153000 -4.131600 -17.749300
-1.192300 -4.147600 -17.697599
-1.234200 -4.152200 -17.645700
-1.277400 -4.145400 -17.595200
-1.320600 -4.127200 -17.547501
-1.362500 -4.098400 -17.504101
-1.401800 -4.059600 -17.466400
-1.437300 -4.012200 -17.435400
-1.468000 -3.957500 -17.412201
-1.492800 -3.897200 -17.397400
-1.511200 -3.833200 -17.391500
-1.522400 -3.767300 -17.394600
-1.526200 -3.701700 -17.406799
-1.522400 -3.638200 -17.427500
-1.511200 -3.578900 -17.456100
-1.492800 -3.525500 -17.491899
-1.468000 -3.479600 -17.533701
-1.437300 -3.442600 -17.580200
-1.401800 -3.415700 -17.630100
-1.362500 -3.399700 -17.681700
-1.320600 -3.395000 -17.733601

/group/renal_left/87
87
num_subsample_pts 48 pathId 4000 replaced_with_circle 1 creation_method hand_drawn creation_type threshold shifted_origin {-137.802 -160.502 -485.875} pos {120.500096 122.110219 306.624818} bulk_scale_factor 0.1 nrm {-0.811294 -0.092635 -0.577253} xhat {0.000000 0.987367 -0.158449} scale_factor 0.95 posId 87 num_hand_picked_pts 18
-1.680300 -3.457000 -18.056400
-1.641400 -3.471300 -18.108900
-1.603600 -3.496700 -18.157900
-1.568200 -3.532400 -18.201900
-1.536200 -3.577300 -18.239700
-1.508500 -3.630000 -18.270100
-1.486100 -3.689000 -18.292200
-1.469600 -3.752500 -18.305201
-1.459500 -3.818500 -18.308800
-1.456100 -3.885000 -18.302900
-1.459500 -3.950000 -18.287701
-1.469600 -4.011600 -18.263599
-1.486100 -4.067800 -18.231400
-1.508500 -4.116900 -18.191999
-1.536200 -4.157500 -18.146601
-1.568200 -4.188300 -18.096701
-1.603600 -4.208400 -18.043600
-1.641400 -4.217200 -17.989201
-1.680300 -4.214400 -17.934900
-1.719300 -4.200100 -17.882500
-1.757000 -4.174700 -17.833500
-1.792400 -4.139000 -17.789400
-1.824500 -4.094100 -17.751600
-1.852100 -4.041400 -17.721201
-1.874500 -3.982400 -17.699200
-1.891100 -3.918900 -17.686100
-1.901200 -3.852900 -17.682501
-1.904600 -3.786400 -17.688400
-1.901200 -3.721400 -17.703600
-1.891100 -3.659800 -17.727699
-1.874500 -3.603600 -17.760000
-1.852100 -3.554500 -17.799400
-1.824500 -3.513900 -17.844700
-1.792400 -3.483000 -17.894699
-1.757000 -3.462900 -17.947701
-1.719300 -3.454100 -18.002199

/group/renal_left/106
106
num_smooth_modes 5 num_subsample_pts 34 pathId 4000 replaced_with_circle 1 creation_method hand_drawn shifted_origin {-137.802 -160.502 -485.875} creation_type threshold pos {117.887592 121.957208 304.868643} bulk_scale_factor 0.1 nrm {-0.847267 0.002697 -0.531160} xhat {0.000000 0.999987 0.005077} scale_factor 0.95 posId 106 num_hand_picked_pts 14
-1.960400 -3.614000 -18.149000
-1.935400 -3.617900 -18.188801
-1.911200 -3.629900 -18.227501
-1.888500 -3.649700 -18.263901
-1.867900 -3.676600 -18.296700
-1.850200 -3.709800 -18.325199
-1.835800 -3.748300 -18.348301
-1.825200 -3.791000 -18.365499
-1.818700 -3.836600 -18.375999
-1.816500 -3.883600 -18.379801
-1.818700 -3.930600 -18.376499
-1.825200 -3.976300 -18.366400
-1.835800 -4.019100 -18.349701
-1.850200 -4.057900 -18.327000
-1.867900 -4.091400 -18.298901
-1.888500 -4.118700 -18.266199
-1.911200 -4.138800 -18.230101
-1.935400 -4.151200 -18.191500
-1.960400 -4.155500 -18.151699
-1.985400 -4.151600 -18.111799
-2.009600 -4.139600 -18.073200
-2.032300 -4.119800 -18.036800
-2.052800 -4.092900 -18.003901
-2.070600 -4.059700 -17.975500
-2.085000 -4.021200 -17.952299
-2.095500 -3.978500 -17.935200
-2.102000 -3.932900 -17.924601
-2.104200 -3.885900 -17.920900
-2.102000 -3.838900 -17.924101
-2.095500 -3.793200 -17.934299
-2.085000 -3.750400 -17.950899
-2.070600 -3.711600 -17.973700
-2.052800 -3.678100 -18.001801
-2.032300 -3.650800 -18.034401
-2.009600 -3.630700 -18.070601
-1.985400 -3.618300 -18.109100

/group/renal_left/123
123
num_subsample_pts 32 pathId 4000 replaced_with_circle 1 creation_method hand_drawn creation_type threshold shifted_origin {-137.802 -160.502 -485.875} pos {115.475167 122.010568 303.485925} bulk_scale_factor 0.1 nrm {-0.889502 0.008876 -0.456845} xhat {0.000000 0.999811 0.019426} scale_factor 0.95 posId 123 num_hand_picked_pts 10
-2.225400 -3.626100 -18.248800
-2.205400 -3.629200 -18.287800
-2.185900 -3.639800 -18.325899
-2.167700 -3.657800 -18.361799
-2.151200 -3.682400 -18.394300
-2.137000 -3.713000 -18.422600
-2.125400 -3.748600 -18.445801
-2.116900 -3.788200 -18.463100
-2.111700 -3.830500 -18.474100
-2.109900 -3.874400 -18.478399
-2.111700 -3.918300 -18.475800
-2.116900 -3.961000 -18.466499
-2.125400 -4.001200 -18.450701
-2.137000 -4.037800 -18.429001
-2.151200 -4.069400 -18.401899
-2.167700 -4.095300 -18.370300
-2.185900 -4.114600 -18.335100
-2.205400 -4.126700 -18.297501
-2.225400 -4.131300 -18.258600
-2.245500 -4.128300 -18.219500
-2.264900 -4.117600 -18.181400
-2.283100 -4.099700 -18.145599
-2.299600 -4.075000 -18.113001
-2.313800 -4.044400 -18.084700
-2.325400 -4.008800 -18.061501
-2.333900 -3.969200 -18.044201
-2.339100 -3.926900 -18.033199
-2.340900 -3.883100 -18.028900
-2.339100 -3.839100 -18.031500
-2.333900 -3.796400 -18.040800
-2.325400 -3.756200 -18.056601
-2.313800 -3.719700 -18.078400
-2.299600 -3.688000 -18.105499
-2.283100 -3.662100 -18.137100
-2.264900 -3.642800 -18.172199
-2.245500 -3.630700 -18.209801

/group/renal_left/136
136
num_smooth_modes 5 num_subsample_pts 31 pathId 4000 replaced_with_circle 1 creation_method hand_drawn creation_type threshold shifted_origin {-137.802 -160.502 -485.875} pos {113.542698 121.958039 302.590055} bulk_scale_factor 0.1 nrm {-0.922470 -0.058670 -0.381585} xhat {0.000000 0.988386 -0.151967} posId 136 num_hand_picked_pts 10
-2.405000 -3.621600 -18.414801
-2.387600 -3.631800 -18.455299
-2.370700 -3.649500 -18.493401
-2.354900 -3.674200 -18.527901
-2.340600 -3.705100 -18.557800
-2.328200 -3.741200 -18.582100
-2.318200 -3.781500 -18.600201
-2.310800 -3.824700 -18.611401
-2.306300 -3.869600 -18.615400
-2.304800 -3.914700 -18.612200
-2.306300 -3.958800 -18.601700
-2.310800 -4.000400 -18.584400
-2.318200 -4.038200 -18.560699
-2.328200 -4.071200 -18.531401
-2.340600 -4.098400 -18.497299
-2.354900 -4.118900 -18.459600
-2.370700 -4.132000 -18.419201
-2.387600 -4.137500 -18.377600
-2.405000 -4.135100 -18.335899
-2.422400 -4.124800 -18.295300
-2.439300 -4.107100 -18.257299
-2.455200 -4.082500 -18.222700
-2.469500 -4.051600 -18.192900
-2.481800 -4.015500 -18.168600
-2.491900 -3.975200 -18.150499
-2.499300 -3.931900 -18.139299
-2.503800 -3.887100 -18.135300
-2.505300 -3.841900 -18.138500
-2.503800 -3.797900 -18.149000
-2.499300 -3.756300 -18.166300
-2.491900 -3.718400 -18.190001
-2.481800 -3.685400 -18.219299
-2.469500 -3.658300 -18.253401
-2.455200 -3.637800 -18.291100
-2.439300 -3.624600 -18.331400
-2.422400 -3.619200 -18.373100

/group/renal_left/155
155
num_subsample_pts 30 pathId 4000 replaced_with_circle 1 creation_method hand_drawn creation_type threshold shifted_origin {-137.802 -160.502 -485.875} pos {110.643437 121.639529 301.605261} bulk_scale_factor 0.1 nrm {-0.957649 -0.139101 -0.252110} xhat {0.000000 0.875570 -0.483092} num_hand_picked_pts 9 posId 155
-2.699400 -3.696100 -18.594200
-2.686900 -3.719600 -18.628901
-2.674700 -3.749100 -18.658899
-2.663300 -3.783600 -18.683201
-2.653000 -3.822100 -18.701099
-2.644100 -3.863500 -18.712099
-2.636900 -3.906500 -18.715799
-2.631600 -3.949700 -18.712200
-2.628300 -3.991900 -18.701200
-2.627200 -4.031800 -18.683399
-2.628300 -4.068200 -18.659201
-2.631600 -4.099900 -18.629299
-2.636900 -4.126100 -18.594601
-2.644100 -4.145900 -18.556299
-2.653000 -4.158600 -18.515400
-2.663300 -4.164000 -18.473301
-2.674700 -4.161900 -18.431101
-2.686900 -4.152200 -18.390200
-2.699400 -4.135400 -18.351900
-2.712000 -4.111900 -18.317200
-2.724100 -4.082500 -18.287201
-2.735600 -4.048000 -18.262899
-2.745900 -4.009400 -18.245001
-2.754800 -3.968000 -18.233999
-2.762000 -3.925100 -18.230301
-2.767300 -3.881800 -18.233999
-2.770600 -3.839600 -18.244900
-2.771700 -3.799700 -18.262699
-2.770600 -3.763300 -18.287001
-2.767300 -3.731600 -18.316799
-2.762000 -3.705400 -18.351500
-2.754800 -3.685700 -18.389799
-2.745900 -3.672900 -18.430700
-2.735600 -3.667500 -18.472799
-2.724100 -3.669700 -18.514999
-2.712000 -3.679300 -18.555901

/group/renal_left/172
172
num_subsample_pts 31 pathId 4000 replaced_with_circle 1 creation_method hand_drawn creation_type threshold shifted_origin {-137.802 -160.502 -485.875} pos {108.172225 121.282651 301.138274} bulk_scale_factor 0.1 nrm {-0.985685 -0.133781 -0.102602} xhat {0.000000 0.608566 -0.793503} scale_factor 0.95 posId 172 num_hand_picked_pts 10
-2.955900 -3.836600 -18.652901
-2.948700 -3.872400 -18.675600
-2.941700 -3.911600 -18.691700
-2.935100 -3.953200 -18.700701
-2.929200 -3.995700 -18.702200
-2.924000 -4.038000 -18.696301
-2.919900 -4.078700 -18.683201
-2.916800 -4.116700 -18.663099
-2.914900 -4.150600 -18.636900
-2.914300 -4.179600 -18.605101
-2.914900 -4.202800 -18.568899
-2.916800 -4.219400 -18.529200
-2.919900 -4.228900 -18.487400
-2.924000 -4.231000 -18.444700
-2.929200 -4.225700 -18.402300
-2.935100 -4.213200 -18.361601
-2.941700 -4.193800 -18.323799
-2.948700 -4.168100 -18.290100
-2.955900 -4.136800 -18.261400
-2.963100 -4.101000 -18.238701
-2.970100 -4.061800 -18.222601
-2.976700 -4.020200 -18.213600
-2.982600 -3.977700 -18.212099
-2.987800 -3.935400 -18.218000
-2.991900 -3.894700 -18.231100
-2.995000 -3.856700 -18.251101
-2.996900 -3.822700 -18.277399
-2.997500 -3.793700 -18.309200
-2.996900 -3.770600 -18.345400
-2.995000 -3.754000 -18.385000
-2.991900 -3.744500 -18.426901
-2.987800 -3.742400 -18.469601
-2.982600 -3.747700 -18.511999
-2.976700 -3.760200 -18.552700
-2.970100 -3.779600 -18.590500
-2.963100 -3.805300 -18.624201

/group/renal_left/190
190
center_x 0.0 radius 2.3 center_y -0.546875 center_x_in_pixels 0 pathId 4000 center_y_in_pixels -1 creation_method make_circle shifted_origin {-137.802 -160.502 -485.875} creation_type threshold pos {105.669555 120.855676 301.106759} bulk_scale_factor 0.1 xhat {0.000000 0.291354 0.956615} nrm {-0.971904 -0.225165 0.068578} posId 190
-3.200400 -3.948500 -18.241301
-3.209800 -3.912400 -18.256001
-3.218900 -3.879400 -18.276899
-3.227400 -3.850500 -18.303400
-3.235200 -3.826700 -18.334700
-3.241800 -3.808600 -18.369801
-3.247300 -3.796800 -18.407700
-3.251200 -3.791600 -18.447300
-3.253700 -3.793200 -18.487301
-3.254500 -3.801600 -18.526501
-3.253700 -3.816500 -18.563700
-3.251200 -3.837500 -18.597799
-3.247300 -3.863800 -18.627800
-3.241800 -3.894700 -18.652700
-3.235200 -3.929400 -18.671700
-3.227400 -3.966600 -18.684401
-3.218900 -4.005300 -18.690399
-3.209800 -4.044300 -18.689301
-3.200400 -4.082500 -18.681400
-3.191000 -4.118600 -18.666700
-3.181900 -4.151600 -18.645800
-3.173300 -4.180400 -18.619301
-3.165600 -4.204300 -18.587999
-3.158900 -4.222400 -18.552900
-3.153500 -4.234200 -18.514900
-3.149500 -4.239300 -18.475401
-3.147100 -4.237700 -18.435400
-3.146200 -4.229300 -18.396200
-3.147100 -4.214400 -18.358999
-3.149500 -4.193500 -18.324900
-3.153500 -4.167200 -18.294901
-3.158900 -4.136200 -18.270000
-3.165600 -4.101600 -18.250900
-3.173300 -4.064400 -18.238199
-3.181900 -4.025600 -18.232300
-3.191000 -3.986600 -18.233299

/group/renal_left/206
206
center_x 0.273438 radius 2.1 center_y -0.820312 center_x_in_pixels .5 pathId 4000 center_y_in_pixels -1.5 creation_method make_circle shifted_origin {-137.802 -160.502 -485.875} creation_type threshold pos {103.198838 120.112961 301.423509} bulk_scale_factor 0.1 xhat {0.000000 0.434585 0.900631} nrm {-0.926269 -0.339415 0.163779} posId 206
-3.429400 -4.004200 -18.198400
-3.443100 -3.975200 -18.215900
-3.456500 -3.949800 -18.238701
-3.469000 -3.928800 -18.266001
-3.480300 -3.912900 -18.297001
-3.490000 -3.902600 -18.330700
-3.497900 -3.898100 -18.366100
-3.503800 -3.899600 -18.402201
-3.507300 -3.907100 -18.437901
-3.508500 -3.920300 -18.472000
-3.507300 -3.938800 -18.503599
-3.503800 -3.962000 -18.531601
-3.497900 -3.989400 -18.555300
-3.490000 -4.019900 -18.573799
-3.480300 -4.052800 -18.586700
-3.469000 -4.086900 -18.593599
-3.456500 -4.121300 -18.594101
-3.443100 -4.154900 -18.588400
-3.429400 -4.186700 -18.576599
-3.415700 -4.215800 -18.559099
-3.402300 -4.241100 -18.536301
-3.389800 -4.262100 -18.509001
-3.378500 -4.278000 -18.478001
-3.368800 -4.288300 -18.444300
-3.360900 -4.292800 -18.408899
-3.355000 -4.291300 -18.372801
-3.351500 -4.283800 -18.337099
-3.350300 -4.270600 -18.302999
-3.351500 -4.252100 -18.271400
-3.355000 -4.228900 -18.243401
-3.360900 -4.201500 -18.219700
-3.368800 -4.171000 -18.201200
-3.378500 -4.138200 -18.188299
-3.389800 -4.104000 -18.181400
-3.402300 -4.069600 -18.180901
-3.415700 -4.036000 -18.186600

/group/renal_left/217
217
center_x 0.273438 radius 2.0 center_y -0.820312 center_x_in_pixels .5 pathId 4000 center_y_in_pixels -1.5 creation_method make_circle shifted_origin {-137.802 -160.502 -485.875} creation_type threshold pos {101.318911 119.342146 301.814222} bulk_scale_factor 0.1 xhat {0.000000 0.476090 0.879396} nrm {-0.889283 -0.402198 0.217743} posId 217
-3.610800 -4.071900 -18.171400
-3.626700 -4.046200 -18.188801
-3.642100 -4.024100 -18.211000
-3.656500 -4.006500 -18.237301
-3.669600 -3.993600 -18.267000
-3.680900 -3.986100 -18.299101
-3.690000 -3.984100 -18.332701
-3.696700 -3.987600 -18.366699
-3.700900 -3.996600 -18.400101
-3.702300 -4.010700 -18.431999
-3.700900 -4.029600 -18.461201
-3.696700 -4.052700 -18.487000
-3.690000 -4.079300 -18.508600
-3.680900 -4.108500 -18.525200
-3.669600 -4.139500 -18.536501
-3.656500 -4.171400 -18.542000
-3.642100 -4.203100 -18.541500
-3.626700 -4.233700 -18.535200
-3.610800 -4.262300 -18.523199
-3.594900 -4.288100 -18.505800
-3.579500 -4.310100 -18.483601
-3.565100 -4.327800 -18.457300
-3.552000 -4.340600 -18.427601
-3.540700 -4.348100 -18.395500
-3.531600 -4.350200 -18.361900
-3.524800 -4.346700 -18.327900
-3.520700 -4.337700 -18.294500
-3.519300 -4.323500 -18.262600
-3.520700 -4.304600 -18.233400
-3.524800 -4.281500 -18.207600
-3.531600 -4.255000 -18.186001
-3.540700 -4.225700 -18.169399
-3.552000 -4.194700 -18.158100
-3.565100 -4.162900 -18.152599
-3.579500 -4.131100 -18.153099
-3.594900 -4.100500 -18.159401

/group/renal_left/229
229
center_x 0.546875 radius 1.8 center_y -0.546875 center_x_in_pixels 1 pathId 4000 center_y_in_pixels -1 creation_method make_circle shifted_origin {-137.802 -160.502 -485.875} creation_type threshold pos {99.247878 118.308126 302.444331} bulk_scale_factor 0.1 xhat {0.000000 0.567155 0.823611} nrm {-0.830958 -0.458204 0.315528} posId 229
-3.824990 -4.123700 -18.124001
-3.842380 -4.103900 -18.141001
-3.859240 -4.087700 -18.162001
-3.875060 -4.075800 -18.186300
-3.889360 -4.068400 -18.213200
-3.901700 -4.065800 -18.241899
-3.911710 -4.068100 -18.271601
-3.919090 -4.075100 -18.301300
-3.923610 -4.086800 -18.330099
-3.925130 -4.102600 -18.357100
-3.923610 -4.122200 -18.381500
-3.919090 -4.145000 -18.402700
-3.911710 -4.170200 -18.419800
-3.901700 -4.197100 -18.432501
-3.889360 -4.224800 -18.440300
-3.875060 -4.252600 -18.443100
-3.859240 -4.279600 -18.440599
-3.842380 -4.304900 -18.433001
-3.824990 -4.327900 -18.420500
-3.807600 -4.347700 -18.403500
-3.790740 -4.363900 -18.382500
-3.774900 -4.375800 -18.358200
-3.760600 -4.383200 -18.331301
-3.748300 -4.385800 -18.302601
-3.738300 -4.383500 -18.272900
-3.730900 -4.376500 -18.243200
-3.726400 -4.364800 -18.214500
-3.724800 -4.349000 -18.187401
-3.726400 -4.329400 -18.163000
-3.730900 -4.306600 -18.141800
-3.738300 -4.281400 -18.124701
-3.748300 -4.254500 -18.112000
-3.760600 -4.226800 -18.104200
-3.774900 -4.199000 -18.101400
-3.790740 -4.172000 -18.103901
-3.807600 -4.146700 -18.111500

/group/renal_left/239
239
center_x 0.546875 radius 1.8 center_y -0.546875 center_x_in_pixels 1 pathId 4000 center_y_in_pixels -1 creation_method make_circle shifted_origin {-137.802 -160.502 -485.875} creation_type threshold pos {97.641856 117.378431 303.148622} bulk_scale_factor 0.1 xhat {0.000000 0.634956 0.772548} nrm {-0.796753 -0.466854 0.383707} posId 239
-3.982970 -4.197000 -18.063700
-4.001860 -4.179500 -18.081600
-4.020170 -4.166000 -18.103201
-4.037350 -4.156900 -18.127800
-4.052890 -4.152500 -18.154699
-4.066290 -4.153000 -18.183100
-4.077170 -4.158200 -18.212099
-4.085180 -4.168100 -18.240700
-4.090090 -4.182300 -18.268299
-4.091740 -4.200500 -18.293800
-4.090090 -4.222000 -18.316500
-4.085180 -4.246300 -18.335899
-4.077170 -4.272500 -18.351101
-4.066290 -4.299900 -18.361900
-4.052890 -4.327600 -18.367800
-4.037350 -4.354900 -18.368700
-4.020170 -4.380800 -18.364500
-4.001860 -4.404600 -18.355499
-3.982970 -4.425600 -18.341801
-3.964080 -4.443100 -18.323900
-3.945760 -4.456600 -18.302200
-3.928580 -4.465700 -18.277599
-3.913050 -4.470100 -18.250700
-3.899640 -4.469600 -18.222300
-3.888760 -4.464400 -18.193399
-3.880750 -4.454500 -18.164700
-3.875840 -4.440300 -18.137199
-3.874190 -4.422100 -18.111700
-3.875840 -4.400600 -18.088900
-3.880750 -4.376300 -18.069599
-3.888760 -4.350100 -18.054300
-3.899640 -4.322700 -18.043600
-3.913050 -4.295000 -18.037701
-3.928580 -4.267700 -18.036800
-3.945760 -4.241800 -18.040899
-3.964080 -4.218000 -18.049999

/group/renal_left/247
247
center_x 0.273438 radius 1.8 center_y -0.546875 center_x_in_pixels .5 pathId 4000 center_y_in_pixels -1 creation_method make_circle shifted_origin {-137.802 -160.502 -485.875} creation_type threshold pos {96.424354 116.698392 303.740062} bulk_scale_factor 0.1 xhat {0.000000 0.679072 0.734071} nrm {-0.819030 -0.421174 0.389618} posId 247
-4.106390 -4.272400 -18.030899
-4.124320 -4.255500 -18.050301
-4.141710 -4.242800 -18.073099
-4.158030 -4.234700 -18.098600
-4.172770 -4.231500 -18.126101
-4.185500 -4.233200 -18.154800
-4.195830 -4.239800 -18.183599
-4.203430 -4.251200 -18.211901
-4.208090 -4.266900 -18.238701
-4.209660 -4.286500 -18.263100
-4.208090 -4.309300 -18.284500
-4.203430 -4.334800 -18.302299
-4.195830 -4.362100 -18.315800
-4.185500 -4.390300 -18.324600
-4.172770 -4.418700 -18.328600
-4.158030 -4.446400 -18.327499
-4.141710 -4.472500 -18.321400
-4.124320 -4.496300 -18.310499
-4.106390 -4.516900 -18.295099
-4.088450 -4.533800 -18.275700
-4.071070 -4.546500 -18.252899
-4.054750 -4.554600 -18.227400
-4.040000 -4.557900 -18.199900
-4.027270 -4.556100 -18.171200
-4.016950 -4.549500 -18.142401
-4.009340 -4.538200 -18.114100
-4.004680 -4.522500 -18.087400
-4.003110 -4.502900 -18.062901
-4.004680 -4.480000 -18.041500
-4.009340 -4.454600 -18.023701
-4.016950 -4.427300 -18.010201
-4.027270 -4.399000 -18.001400
-4.040000 -4.370600 -17.997400
-4.054750 -4.342900 -17.998501
-4.071070 -4.316800 -18.004601
-4.088450 -4.293100 -18.015499

/group/renal_left/258
258
center_x 0.273438 radius 1.8 center_y -0.546875 center_x_in_pixels .5 pathId 4000 center_y_in_pixels -1 creation_method make_circle shifted_origin {-137.802 -160.502 -485.875} creation_type threshold pos {94.786999 116.031671 304.423811} bulk_scale_factor 0.1 xhat {0.000000 0.773898 0.633310} nrm {-0.917218 -0.252302 0.308310} posId 258
-4.279710 -4.318300 -17.975000
-4.292170 -4.302300 -17.998899
-4.304240 -4.291000 -18.025600
-4.315570 -4.284700 -18.054100
-4.325810 -4.283700 -18.083799
-4.334650 -4.288000 -18.113600
-4.341820 -4.297400 -18.142599
-4.347100 -4.311700 -18.170099
-4.350330 -4.330500 -18.195000
-4.351420 -4.353100 -18.216801
-4.350330 -4.378900 -18.234600
-4.347100 -4.407000 -18.247999
-4.341820 -4.436700 -18.256599
-4.334650 -4.467100 -18.260099
-4.325810 -4.497100 -18.258400
-4.315570 -4.526000 -18.251600
-4.304240 -4.552800 -18.239799
-4.292170 -4.576700 -18.223400
-4.279710 -4.596900 -18.202999
-4.267260 -4.613000 -18.179100
-4.255190 -4.624300 -18.152399
-4.243860 -4.630600 -18.123800
-4.233620 -4.631600 -18.094200
-4.224780 -4.627300 -18.064400
-4.217610 -4.617800 -18.035299
-4.212330 -4.603500 -18.007900
-4.209090 -4.584800 -17.982901
-4.208000 -4.562200 -17.961201
-4.209090 -4.536400 -17.943399
-4.212330 -4.508200 -17.929899
-4.217610 -4.478500 -17.921301
-4.224780 -4.448200 -17.917801
-4.233620 -4.418100 -17.919500
-4.243860 -4.389300 -17.926399
-4.255190 -4.362500 -17.938200
-4.267260 -4.338600 -17.954500

