/group/LPCA_branch/0
0
center_x 0.0 radius 1.4 center_y 0.0 center_x_in_pixels 0 pathId 102 center_y_in_pixels 0 creation_method make_circle shifted_origin {102.251 -83.4206 75.7526} paste_pos {-124.695999 90.366898 -57.693699} creation_type levelset paste_xhat {0.000000 0.779785 0.626048} paste_nrm {0.357451 -0.584686 0.728266} pos {-122.963578 87.476922 -54.063612} paste_posId 0 bulk_scale_factor 0.1 translation_in_x 1.2 translation_in_y 0.75 xhat {0.000000 0.788069 0.615587} nrm {0.332053 -0.580659 0.743354} paste_pathId 102 posId 11
-2.314500 0.880600 1.989560
-2.337300 0.873490 1.995020
-2.359300 0.863290 1.997630
-2.379900 0.850300 1.997350
-2.398600 0.834920 1.994140
-2.414700 0.817590 1.988150
-2.427800 0.798880 1.979540
-2.437400 0.779320 1.968560
-2.443300 0.759520 1.955570
-2.445300 0.740090 1.940950
-2.443300 0.721610 1.925130
-2.437400 0.704650 1.908600
-2.427800 0.689710 1.891890
-2.414700 0.677250 1.875470
-2.398600 0.667660 1.859850
-2.379900 0.661200 1.845540
-2.359300 0.658120 1.832910
-2.337300 0.658460 1.822390
-2.314500 0.662260 1.814260
-2.291800 0.669350 1.808830
-2.269800 0.679550 1.806220
-2.249200 0.692550 1.806500
-2.230500 0.707920 1.809700
-2.214400 0.725240 1.815690
-2.201300 0.743960 1.824310
-2.191600 0.763530 1.835260
-2.185800 0.783320 1.848270
-2.183800 0.802750 1.862900
-2.185800 0.821230 1.878720
-2.191600 0.838210 1.895210
-2.201300 0.853130 1.911960
-2.214400 0.865590 1.928370
-2.230500 0.875180 1.943990
-2.249200 0.881630 1.958310
-2.269800 0.884720 1.970940
-2.291800 0.884370 1.981460

/group/LPCA_branch/6
6
center_x 0.0 radius 1.4 center_y 0.0 center_x_in_pixels 0 pathId 102 center_y_in_pixels 0 creation_method make_circle shifted_origin {102.251 -83.4206 75.7526} paste_pos {-123.914067 89.078824 -56.084413} creation_type levelset paste_xhat {0.000000 0.781562 0.623828} paste_nrm {0.352149 -0.583868 0.731498} pos {-122.963578 87.476922 -54.063612} paste_posId 6 bulk_scale_factor 0.1 translation_in_x 0.2 translation_in_y -0.05 xhat {0.000000 0.788069 0.615587} nrm {0.332053 -0.580659 0.743354} paste_pathId 102 posId 11
-2.161600 0.691980 2.065240
-2.184400 0.684960 2.070630
-2.206400 0.674850 2.073160
-2.227200 0.661930 2.072830
-2.245800 0.646610 2.069580
-2.262000 0.629320 2.063570
-2.275100 0.610630 2.054960
-2.284700 0.591080 2.043990
-2.290700 0.571260 2.031030
-2.292700 0.551800 2.016450
-2.290700 0.533260 2.000700
-2.284700 0.516230 1.984250
-2.275100 0.501210 1.967620
-2.262000 0.488660 1.951290
-2.245800 0.478970 1.935770
-2.227200 0.472410 1.921560
-2.206400 0.469210 1.909030
-2.184400 0.469450 1.898610
-2.161600 0.473140 1.890570
-2.138900 0.480140 1.885220
-2.116800 0.490250 1.882680
-2.096100 0.503180 1.883020
-2.077400 0.518490 1.886260
-2.061300 0.535780 1.892270
-2.048200 0.554470 1.900880
-2.038500 0.574040 1.911830
-2.032600 0.593840 1.924810
-2.030600 0.613300 1.939390
-2.032600 0.631840 1.955140
-2.038500 0.648880 1.971570
-2.048200 0.663890 1.988220
-2.061300 0.676440 2.004550
-2.077400 0.686130 2.020070
-2.096100 0.692690 2.034280
-2.116800 0.695890 2.046820
-2.138900 0.695650 2.057230

/group/LPCA_branch/11
11
center_x 0.0 radius 1.4 center_y 0.0 center_x_in_pixels 0 pathId 102 center_y_in_pixels 0 creation_method make_circle shifted_origin {102.251 -83.4206 75.7526} creation_type levelset pos {-122.963578 87.476922 -54.063612} bulk_scale_factor 0.1 translation_in_x 0.2 translation_in_y -0.05 xhat {0.000000 0.788069 0.615587} nrm {0.332053 -0.580659 0.743354} posId 11
-2.066500 0.532750 2.266080
-2.089500 0.526100 2.271140
-2.111700 0.516300 2.273420
-2.132600 0.503660 2.272860
-2.151400 0.488540 2.269470
-2.167700 0.471410 2.263360
-2.180900 0.452800 2.254720
-2.190600 0.433260 2.243800
-2.196600 0.413390 2.230950
-2.198600 0.393800 2.216540
-2.196600 0.375070 2.201020
-2.190600 0.357790 2.184850
-2.180900 0.342470 2.168540
-2.167700 0.329570 2.152570
-2.151400 0.319500 2.137430
-2.132600 0.312560 2.123580
-2.111700 0.308950 2.111450
-2.089500 0.308790 2.101390
-2.066500 0.312090 2.093720
-2.043600 0.318730 2.088670
-2.021400 0.328530 2.086390
-2.000500 0.341180 2.086950
-1.981700 0.356290 2.090330
-1.965400 0.373420 2.096440
-1.952200 0.392030 2.105080
-1.942400 0.411570 2.116000
-1.936500 0.431440 2.128860
-1.934500 0.451030 2.143270
-1.936500 0.469760 2.158790
-1.942400 0.487040 2.174950
-1.952200 0.502360 2.191270
-1.965400 0.515260 2.207230
-1.981700 0.525330 2.222370
-2.000500 0.532270 2.236220
-2.021400 0.535880 2.248360
-2.043600 0.536040 2.258410

/group/LPCA_branch/26
26
center_x 0.0 radius 1.4 center_y 0.0 center_x_in_pixels 0 pathId 102 center_y_in_pixels 0 creation_method make_circle shifted_origin {102.251 -83.4206 75.7526} creation_type levelset pos {-122.145891 85.605769 -51.645891} bulk_scale_factor 0.1 translation_in_x 0.15 translation_in_y 0.3 xhat {0.000000 0.772889 0.634541} nrm {0.240832 -0.615865 0.750141} posId 26
-2.018600 0.333730 2.514610
-2.042200 0.328370 2.517780
-2.065100 0.319890 2.518160
-2.086500 0.308540 2.515740
-2.105900 0.294660 2.510580
-2.122700 0.278690 2.502840
-2.136300 0.261100 2.492760
-2.146300 0.242430 2.480640
-2.152400 0.223250 2.466860
-2.154500 0.204130 2.451830
-2.152400 0.185670 2.436010
-2.146300 0.168410 2.419880
-2.136300 0.152890 2.403920
-2.122700 0.139580 2.388630
-2.105900 0.128880 2.374470
-2.086500 0.121120 2.361870
-2.065100 0.116530 2.351210
-2.042200 0.115250 2.342810
-2.018600 0.117320 2.336940
-1.995000 0.122680 2.333760
-1.972100 0.131160 2.333380
-1.950700 0.142510 2.335810
-1.931300 0.156390 2.340970
-1.914500 0.172360 2.348710
-1.900900 0.189950 2.358790
-1.890900 0.208620 2.370900
-1.884800 0.227810 2.384680
-1.882700 0.246920 2.399710
-1.884800 0.265380 2.415540
-1.890900 0.282640 2.431670
-1.900900 0.298160 2.447620
-1.914500 0.311470 2.462910
-1.931300 0.322170 2.477070
-1.950700 0.329930 2.489680
-1.972100 0.334520 2.500340
-1.995000 0.335800 2.508730

/group/LPCA_branch/46
46
center_x 0.0 radius 1.2 center_y 0.0 center_x_in_pixels 0 pathId 102 center_y_in_pixels 0 creation_method make_circle shifted_origin {102.251 -83.4206 75.7526} creation_type levelset pos {-120.977519 82.616230 -48.225876} bulk_scale_factor 0.1 translation_in_x 0.05 translation_in_y -0.05 xhat {0.000000 0.711096 0.703095} nrm {0.309702 -0.668526 0.676134} posId 46
-1.867900 0.009540 2.839460
-1.887700 0.003700 2.842770
-1.906900 -0.004540 2.843410
-1.924900 -0.014960 2.841370
-1.941200 -0.027220 2.836710
-1.955300 -0.040960 2.829560
-1.966700 -0.055760 2.820160
-1.975100 -0.071160 2.808780
-1.980300 -0.086710 2.795760
-1.982000 -0.101920 2.781510
-1.980300 -0.116340 2.766460
-1.975100 -0.129530 2.751060
-1.966700 -0.141090 2.735790
-1.955300 -0.150660 2.721100
-1.941200 -0.157960 2.707440
-1.924900 -0.162760 2.695230
-1.906900 -0.164920 2.684840
-1.887700 -0.164370 2.676590
-1.867900 -0.161120 2.670720
-1.848100 -0.155290 2.667410
-1.828900 -0.147040 2.666770
-1.810800 -0.136630 2.668810
-1.794600 -0.124370 2.673470
-1.780500 -0.110630 2.680610
-1.769100 -0.095830 2.690010
-1.760700 -0.080420 2.701400
-1.755500 -0.064880 2.714410
-1.753800 -0.049660 2.728660
-1.755500 -0.035240 2.743710
-1.760700 -0.022050 2.759110
-1.769100 -0.010500 2.774390
-1.780500 -0.000930 2.789070
-1.794600 0.006370 2.802730
-1.810800 0.011170 2.814940
-1.828900 0.013330 2.825330
-1.848100 0.012780 2.833590

/group/LPCA_branch/61
61
center_x 0.0 radius 1.2 center_y 0.0 center_x_in_pixels 0 pathId 102 center_y_in_pixels 0 creation_method make_circle shifted_origin {102.251 -83.4206 75.7526} creation_type levelset pos {-119.113966 79.713591 -46.745140} bulk_scale_factor 0.1 translation_in_x 0.15 translation_in_y -0.1 xhat {0.000000 0.088401 0.996085} nrm {0.557717 -0.826782 0.073376} posId 61
-1.678000 -0.353210 3.034720
-1.695300 -0.364950 3.033940
-1.712100 -0.376650 3.029540
-1.727800 -0.387960 3.021670
-1.742000 -0.398540 3.010560
-1.754300 -0.408070 2.996560
-1.764300 -0.416250 2.980080
-1.771600 -0.422830 2.961640
-1.776100 -0.427630 2.941780
-1.777600 -0.430480 2.921110
-1.776100 -0.431310 2.900260
-1.771600 -0.430090 2.879870
-1.764300 -0.426860 2.860550
-1.754300 -0.421710 2.842890
-1.742000 -0.414800 2.827430
-1.727800 -0.406340 2.814640
-1.712100 -0.396590 2.804900
-1.695300 -0.385840 2.798510
-1.678000 -0.374430 2.795660
-1.660700 -0.362690 2.796450
-1.643900 -0.350990 2.800850
-1.628200 -0.339670 2.808720
-1.614000 -0.329100 2.819830
-1.601700 -0.319570 2.833830
-1.591700 -0.311390 2.850310
-1.584400 -0.304800 2.868750
-1.579900 -0.300010 2.888610
-1.578400 -0.297160 2.909280
-1.579900 -0.296330 2.930120
-1.584400 -0.297550 2.950520
-1.591700 -0.300780 2.969840
-1.601700 -0.305930 2.987490
-1.614000 -0.312840 3.002960
-1.628200 -0.321300 3.015750
-1.643900 -0.331050 3.025490
-1.660700 -0.341800 3.031880

/group/LPCA_branch/70
70
center_x 0.0 radius 1.2 center_y 0.0 center_x_in_pixels 0 pathId 102 center_y_in_pixels 0 creation_method make_circle shifted_origin {102.251 -83.4206 75.7526} creation_type levelset pos {-118.299756 77.895531 -46.722358} bulk_scale_factor 0.1 translation_in_x -0.05 translation_in_y -0.1 xhat {0.000000 0.072264 -0.997386} nrm {0.180122 -0.981073 -0.071082} posId 70
-1.614700 -0.545990 2.788190
-1.594200 -0.542380 2.790280
-1.574300 -0.539140 2.795950
-1.555700 -0.536380 2.805010
-1.538800 -0.534160 2.817200
-1.524300 -0.532580 2.832140
-1.512500 -0.531660 2.849390
-1.503800 -0.531440 2.868410
-1.498500 -0.531930 2.888640
-1.496700 -0.533110 2.909440
-1.498500 -0.534940 2.930200
-1.503800 -0.537370 2.950280
-1.512500 -0.540330 2.969080
-1.524300 -0.543720 2.986010
-1.538800 -0.547450 3.000570
-1.555700 -0.551400 3.012310
-1.574300 -0.555440 3.020880
-1.594200 -0.559460 3.026020
-1.614700 -0.563340 3.027570
-1.635200 -0.566950 3.025480
-1.655100 -0.570190 3.019810
-1.673700 -0.572950 3.010750
-1.690600 -0.575160 2.998560
-1.705100 -0.576750 2.983620
-1.716900 -0.577670 2.966370
-1.725600 -0.577890 2.947350
-1.731000 -0.577400 2.927130
-1.732700 -0.576220 2.906320
-1.731000 -0.574390 2.885560
-1.725600 -0.571960 2.865480
-1.716900 -0.569000 2.846680
-1.705100 -0.565610 2.829750
-1.690600 -0.561880 2.815190
-1.673700 -0.557930 2.803450
-1.655100 -0.553890 2.794880
-1.635200 -0.549870 2.789740

/group/LPCA_branch/79
79
center_x 0.0 radius 1.2 center_y 0.0 center_x_in_pixels 0 pathId 102 center_y_in_pixels 0 creation_method make_circle shifted_origin {102.251 -83.4206 75.7526} creation_type levelset pos {-118.406202 75.439807 -47.077744} bulk_scale_factor 0.1 translation_in_x 0.2 translation_in_y 0.0 xhat {0.000000 0.183723 -0.982978} nrm {-0.185024 -0.966006 -0.180551} posId 79
-1.615500 -0.772360 2.729870
-1.595000 -0.776480 2.730950
-1.575200 -0.781150 2.735590
-1.556600 -0.786220 2.743630
-1.539700 -0.791540 2.754840
-1.525200 -0.796950 2.768880
-1.513400 -0.802280 2.785320
-1.504700 -0.807370 2.803650
-1.499400 -0.812070 2.823330
-1.497600 -0.816230 2.843750
-1.499400 -0.819730 2.864290
-1.504700 -0.822450 2.884340
-1.513400 -0.824330 2.903270
-1.525200 -0.825300 2.920520
-1.539700 -0.825320 2.935560
-1.556600 -0.824410 2.947940
-1.575200 -0.822590 2.957270
-1.595000 -0.819910 2.963280
-1.615500 -0.816450 2.965780
-1.636000 -0.812330 2.964700
-1.655900 -0.807660 2.960060
-1.674500 -0.802590 2.952020
-1.691300 -0.797260 2.940810
-1.705900 -0.791860 2.926770
-1.717600 -0.786530 2.910340
-1.726300 -0.781440 2.892000
-1.731700 -0.776740 2.872330
-1.733400 -0.772580 2.851910
-1.731700 -0.769080 2.831360
-1.726300 -0.766360 2.811320
-1.717600 -0.764480 2.792380
-1.705900 -0.763510 2.775130
-1.691300 -0.763490 2.760090
-1.674500 -0.764400 2.747710
-1.655900 -0.766220 2.738380
-1.636000 -0.768900 2.732370

/group/LPCA_branch/94
94
center_x 0.0 radius 1.2 center_y 0.0 center_x_in_pixels 0 pathId 102 center_y_in_pixels 0 creation_method make_circle shifted_origin {102.251 -83.4206 75.7526} creation_type levelset pos {-119.464537 71.909200 -47.834392} bulk_scale_factor 0.1 translation_in_x 0.15 translation_in_y 0.15 xhat {0.000000 0.252974 -0.967473} nrm {-0.277835 -0.929382 -0.243014} posId 94
-1.706900 -1.121020 2.660160
-1.686900 -1.127080 2.660460
-1.667500 -1.133880 2.664270
-1.649300 -1.141220 2.671490
-1.632800 -1.148860 2.681900
-1.618600 -1.156570 2.695170
-1.607100 -1.164130 2.710900
-1.598600 -1.171310 2.728620
-1.593400 -1.177870 2.747790
-1.591700 -1.183630 2.767820
-1.593400 -1.188410 2.788110
-1.598600 -1.192070 2.808040
-1.607100 -1.194490 2.827000
-1.618600 -1.195600 2.844420
-1.632800 -1.195370 2.859770
-1.649300 -1.193790 2.872580
-1.667500 -1.190940 2.882460
-1.686900 -1.186870 2.889120
-1.706900 -1.181730 2.892350
-1.727000 -1.175670 2.892050
-1.746400 -1.168870 2.888230
-1.764600 -1.161540 2.881010
-1.781000 -1.153900 2.870610
-1.795300 -1.146180 2.857340
-1.806800 -1.138620 2.841610
-1.815300 -1.131450 2.823890
-1.820500 -1.124880 2.804720
-1.822200 -1.119120 2.784690
-1.820500 -1.114340 2.764400
-1.815300 -1.110680 2.744470
-1.806800 -1.108260 2.725510
-1.795300 -1.107150 2.708090
-1.781000 -1.107390 2.692740
-1.764600 -1.108960 2.679930
-1.746400 -1.111820 2.670040
-1.727000 -1.115880 2.663390

/group/LPCA_branch/110
110
center_x 0.0 radius 1.1 center_y 0.0 center_x_in_pixels 0 pathId 102 center_y_in_pixels 0 creation_method make_circle shifted_origin {102.251 -83.4206 75.7526} creation_type levelset pos {-120.770563 68.077249 -47.915439} bulk_scale_factor 0.1 translation_in_x 0.05 translation_in_y -0.15 xhat {0.000000 0.293924 0.955829} nrm {-0.338213 -0.899501 0.276603} posId 110
-1.837800 -1.505380 2.895130
-1.855800 -1.499700 2.891630
-1.873200 -1.495170 2.885050
-1.889600 -1.491930 2.875570
-1.904400 -1.490090 2.863500
-1.917100 -1.489690 2.849190
-1.927500 -1.490750 2.833090
-1.935100 -1.493240 2.815670
-1.939800 -1.497080 2.797480
-1.941400 -1.502150 2.779050
-1.939800 -1.508310 2.760960
-1.935100 -1.515360 2.743750
-1.927500 -1.523080 2.727950
-1.917100 -1.531260 2.714030
-1.904400 -1.539620 2.702410
-1.889600 -1.547930 2.693460
-1.873200 -1.555930 2.687450
-1.855800 -1.563380 2.684540
-1.837800 -1.570050 2.684850
-1.819900 -1.575730 2.688340
-1.802400 -1.580260 2.694930
-1.786100 -1.583490 2.704400
-1.771300 -1.585340 2.716470
-1.758500 -1.585740 2.730780
-1.748200 -1.584680 2.746890
-1.740600 -1.582190 2.764300
-1.735900 -1.578350 2.782500
-1.734300 -1.573270 2.800920
-1.735900 -1.567120 2.819010
-1.740600 -1.560070 2.836220
-1.748200 -1.552340 2.852030
-1.758500 -1.544170 2.865950
-1.771300 -1.535800 2.877560
-1.786100 -1.527490 2.886510
-1.802400 -1.519500 2.892530
-1.819900 -1.512050 2.895430

/group/LPCA_branch/123
123
center_x 0.0 radius 1.1 center_y 0.0 center_x_in_pixels 0 pathId 102 center_y_in_pixels 0 creation_method make_circle shifted_origin {102.251 -83.4206 75.7526} creation_type levelset pos {-121.024035 65.392778 -46.527522} bulk_scale_factor 0.1 translation_in_x -0.2 translation_in_y -0.1 xhat {0.000000 0.560336 0.828265} nrm {0.271298 -0.797202 0.539321} posId 123
-1.867700 -1.750110 2.995530
-1.886100 -1.755330 2.997050
-1.903900 -1.762280 2.995760
-1.920600 -1.770720 2.991690
-1.935700 -1.780410 2.984960
-1.948800 -1.791060 2.975800
-1.959400 -1.802330 2.964460
-1.967200 -1.813890 2.951300
-1.971900 -1.825380 2.936710
-1.973600 -1.836460 2.921140
-1.971900 -1.846790 2.905070
-1.967200 -1.856050 2.888970
-1.959400 -1.863970 2.873350
-1.948800 -1.870300 2.858670
-1.935700 -1.874850 2.845380
-1.920600 -1.877480 2.833880
-1.903900 -1.878120 2.824530
-1.886100 -1.876730 2.817600
-1.867700 -1.873380 2.813310
-1.849300 -1.868150 2.811790
-1.831500 -1.861210 2.813090
-1.814700 -1.852760 2.817160
-1.799600 -1.843070 2.823880
-1.786600 -1.832430 2.833050
-1.776000 -1.821150 2.844390
-1.768200 -1.809600 2.857550
-1.763400 -1.798100 2.872130
-1.761800 -1.787020 2.887700
-1.763400 -1.776700 2.903780
-1.768200 -1.767430 2.919870
-1.776000 -1.759520 2.935500
-1.786600 -1.753190 2.950180
-1.799600 -1.748640 2.963470
-1.814700 -1.746000 2.974960
-1.831500 -1.745370 2.984320
-1.849300 -1.746750 2.991240

/group/LPCA_branch/133
133
center_x 0.0 radius 1.1 center_y 0.0 center_x_in_pixels 0 pathId 102 center_y_in_pixels 0 creation_method make_circle shifted_origin {102.251 -83.4206 75.7526} creation_type levelset pos {-120.001734 63.825437 -45.393393} bulk_scale_factor 0.1 translation_in_x 0.25 translation_in_y 0.05 xhat {0.000000 0.658914 0.752218} nrm {0.570128 -0.617990 0.541335} posId 133
-1.779200 -1.872710 3.139350
-1.794900 -1.882000 3.145270
-1.810100 -1.893210 3.148490
-1.824400 -1.906000 3.148920
-1.837300 -1.919990 3.146550
-1.848400 -1.934740 3.141450
-1.857400 -1.949800 3.133760
-1.864100 -1.964730 3.123740
-1.868200 -1.979060 3.111670
-1.869600 -1.992360 3.097930
-1.868200 -2.004230 3.082930
-1.864100 -2.014310 3.067140
-1.857400 -2.022280 3.051020
-1.848400 -2.027920 3.035070
-1.837300 -2.031030 3.019780
-1.824400 -2.031550 3.005610
-1.810100 -2.029430 2.992980
-1.794900 -2.024760 2.982290
-1.779200 -2.017670 2.973860
-1.763500 -2.008380 2.967940
-1.748300 -1.997160 2.964720
-1.734000 -1.984370 2.964280
-1.721100 -1.970390 2.966660
-1.710000 -1.955640 2.971760
-1.700900 -1.940570 2.979450
-1.694300 -1.925650 2.989470
-1.690200 -1.911320 3.001540
-1.688800 -1.898010 3.015280
-1.690200 -1.886140 3.030280
-1.694300 -1.876070 3.046070
-1.700900 -1.868090 3.062190
-1.710000 -1.862460 3.078140
-1.721100 -1.859340 3.093430
-1.734000 -1.858830 3.107600
-1.748300 -1.860940 3.120220
-1.763500 -1.865620 3.130920

/group/LPCA_branch/142
142
center_x 0.0 radius 1.1 center_y 0.0 center_x_in_pixels 0 pathId 102 center_y_in_pixels 0 creation_method make_circle shifted_origin {102.251 -83.4206 75.7526} creation_type levelset pos {-118.297204 62.311904 -43.872155} bulk_scale_factor 0.1 translation_in_x 0.05 translation_in_y -0.25 xhat {0.000000 0.696227 0.717822} nrm {0.716204 -0.500961 0.485890} posId 142
-1.587200 -2.017950 3.258130
-1.600500 -2.028930 3.266450
-1.613400 -2.041910 3.272130
-1.625600 -2.056490 3.274970
-1.636500 -2.072220 3.274910
-1.646000 -2.088630 3.271940
-1.653700 -2.105220 3.266150
-1.659300 -2.121480 3.257720
-1.662800 -2.136930 3.246900
-1.663900 -2.151090 3.234020
-1.662800 -2.163530 3.219470
-1.659300 -2.173870 3.203700
-1.653700 -2.181800 3.187190
-1.646000 -2.187080 3.170430
-1.636500 -2.189550 3.153940
-1.625600 -2.189140 3.138210
-1.613400 -2.185840 3.123730
-1.600500 -2.179780 3.110930
-1.587200 -2.171120 3.100210
-1.573800 -2.160140 3.091880
-1.560900 -2.147160 3.086210
-1.548800 -2.132580 3.083360
-1.537800 -2.116850 3.083420
-1.528400 -2.100440 3.086400
-1.520700 -2.083850 3.092190
-1.515000 -2.067590 3.100620
-1.511600 -2.052140 3.111440
-1.510400 -2.037980 3.124320
-1.511600 -2.025540 3.138860
-1.515000 -2.015200 3.154630
-1.520700 -2.007270 3.171150
-1.528400 -2.001990 3.187900
-1.537800 -1.999520 3.204400
-1.548800 -1.999940 3.220120
-1.560900 -2.003230 3.234610
-1.573800 -2.009290 3.247400

/group/LPCA_branch/151
151
center_x 0.0 radius 1.1 center_y 0.0 center_x_in_pixels 0 pathId 102 center_y_in_pixels 0 creation_method make_circle shifted_origin {102.251 -83.4206 75.7526} creation_type levelset pos {-115.494641 60.519773 -42.660856} bulk_scale_factor 0.1 translation_in_x 0.0 nrm {0.699934 -0.655355 0.283903} xhat {0.000000 0.397508 0.917599} translation_in_y 0.35 posId 151
-1.349400 -2.268850 3.419850
-1.363000 -2.281760 3.423620
-1.376200 -2.295620 3.424220
-1.388700 -2.310040 3.421640
-1.399900 -2.324490 3.415910
-1.409600 -2.338600 3.407250
-1.417400 -2.351880 3.395880
-1.423200 -2.364000 3.382200
-1.426700 -2.374530 3.366570
-1.427900 -2.383190 3.349510
-1.426700 -2.389710 3.331520
-1.423200 -2.393910 3.313150
-1.417400 -2.395600 3.294940
-1.409600 -2.394810 3.277490
-1.399900 -2.391480 3.261270
-1.388700 -2.385770 3.246810
-1.376200 -2.377800 3.234520
-1.363000 -2.367890 3.224820
-1.349400 -2.356300 3.217980
-1.335700 -2.343340 3.214190
-1.322500 -2.329480 3.213600
-1.310100 -2.315110 3.216200
-1.298900 -2.300660 3.221920
-1.289200 -2.286550 3.230590
-1.281300 -2.273230 3.241930
-1.275500 -2.261110 3.255620
-1.272000 -2.250580 3.271250
-1.270800 -2.241910 3.288300
-1.272000 -2.235390 3.306300
-1.275500 -2.231190 3.324670
-1.281300 -2.229500 3.342870
-1.289200 -2.230340 3.360350
-1.298900 -2.233670 3.376560
-1.310100 -2.239370 3.391030
-1.322500 -2.247310 3.403300
-1.335700 -2.257220 3.412990

/group/LPCA_branch/155
155
center_x 0.0 radius 1.1 center_y 0.0 center_x_in_pixels 0 pathId 102 center_y_in_pixels 0 creation_method make_circle shifted_origin {102.251 -83.4206 75.7526} creation_type levelset pos {-114.800344 59.307748 -42.198281} bulk_scale_factor 0.1 translation_in_x 0.0 translation_in_y 0.15 xhat {0.000000 0.330432 0.943830} nrm {0.116165 -0.937440 0.328195} posId 155
-1.269800 -2.376580 3.459830
-1.288800 -2.379230 3.458980
-1.307200 -2.382900 3.455010
-1.324500 -2.387480 3.448030
-1.340100 -2.392840 3.438250
-1.353500 -2.398800 3.425980
-1.364500 -2.405200 3.411570
-1.372500 -2.411830 3.395480
-1.377400 -2.418500 3.378190
-1.379100 -2.424990 3.360230
-1.377400 -2.431120 3.342140
-1.372500 -2.436690 3.324470
-1.364500 -2.441550 3.307750
-1.353500 -2.445530 3.292510
-1.340100 -2.448530 3.279190
-1.324500 -2.450440 3.268210
-1.307200 -2.451210 3.259890
-1.288800 -2.450820 3.254500
-1.269800 -2.449280 3.252190
-1.250900 -2.446630 3.253030
-1.232500 -2.442960 3.257000
-1.215200 -2.438380 3.263980
-1.199600 -2.433020 3.273760
-1.186100 -2.427050 3.286040
-1.175200 -2.420660 3.300440
-1.167200 -2.414030 3.316530
-1.162200 -2.407360 3.333820
-1.160600 -2.400870 3.351790
-1.162200 -2.394740 3.369880
-1.167200 -2.389170 3.387550
-1.175200 -2.384310 3.404260
-1.186100 -2.380330 3.419510
-1.199600 -2.377330 3.432820
-1.215200 -2.375420 3.443810
-1.232500 -2.374650 3.452120
-1.250900 -2.375040 3.457520

/group/LPCA_branch/158
158
center_x 0.0 radius 1.1 center_y 0.0 center_x_in_pixels 0 pathId 102 center_y_in_pixels 0 creation_method make_circle shifted_origin {102.251 -83.4206 75.7526} creation_type levelset pos {-114.963117 58.106179 -41.781553} bulk_scale_factor 0.1 translation_in_x 0.35 nrm {-0.310399 -0.896269 0.316788} xhat {0.000000 0.333248 0.942839} translation_in_y -0.7 posId 158
-1.204700 -2.503600 3.541050
-1.222800 -2.498580 3.537510
-1.240400 -2.494810 3.530920
-1.256900 -2.492430 3.521480
-1.271900 -2.491480 3.509470
-1.284800 -2.492030 3.495290
-1.295200 -2.494060 3.479350
-1.302900 -2.497480 3.462130
-1.307600 -2.502210 3.444150
-1.309200 -2.508080 3.425970
-1.307600 -2.514940 3.408130
-1.302900 -2.522550 3.391190
-1.295200 -2.530720 3.375640
-1.284800 -2.539160 3.361960
-1.271900 -2.547640 3.350580
-1.256900 -2.555930 3.341840
-1.240400 -2.563710 3.336000
-1.222800 -2.570780 3.333240
-1.204700 -2.576910 3.333630
-1.186500 -2.581950 3.337190
-1.168900 -2.585720 3.343780
-1.152400 -2.588100 3.353210
-1.137400 -2.589050 3.365210
-1.124600 -2.588480 3.379390
-1.114100 -2.586470 3.395350
-1.106400 -2.583050 3.412570
-1.101700 -2.578330 3.430540
-1.100100 -2.572450 3.448720
-1.101700 -2.565600 3.466550
-1.106400 -2.557980 3.483500
-1.114100 -2.549810 3.499060
-1.124600 -2.541350 3.512720
-1.137400 -2.532890 3.524110
-1.152400 -2.524610 3.532850
-1.168900 -2.516830 3.538690
-1.186500 -2.509750 3.541460

/group/LPCA_branch/163
163
center_x 0.0 radius .9 center_y 0.0 center_x_in_pixels 0 pathId 102 center_y_in_pixels 0 creation_method make_circle shifted_origin {102.251 -83.4206 75.7526} creation_type levelset pos {-116.151931 56.103513 -40.964278} bulk_scale_factor 0.1 translation_in_x -0.1 translation_in_y -0.2 xhat {0.000000 0.462409 0.886667} nrm {-0.616935 -0.697819 0.363923} posId 163
-1.374400 -2.705660 3.555470
-1.386700 -2.697740 3.549800
-1.398600 -2.691330 3.541880
-1.409800 -2.686620 3.531940
-1.419900 -2.683750 3.520300
-1.428600 -2.682810 3.507300
-1.435700 -2.683830 3.493340
-1.440900 -2.686780 3.478840
-1.444100 -2.691560 3.464240
-1.445200 -2.698040 3.450000
-1.444100 -2.706020 3.436530
-1.440900 -2.715240 3.424250
-1.435700 -2.725450 3.413540
-1.428600 -2.736310 3.404710
-1.419900 -2.747510 3.398040
-1.409800 -2.758700 3.393720
-1.398600 -2.769540 3.391900
-1.386700 -2.779710 3.392620
-1.374400 -2.788890 3.395870
-1.362100 -2.796810 3.401540
-1.350100 -2.803220 3.409460
-1.338900 -2.807930 3.419400
-1.328800 -2.810800 3.431040
-1.320100 -2.811740 3.444040
-1.313000 -2.810720 3.458010
-1.307800 -2.807770 3.472500
-1.304600 -2.802980 3.487100
-1.303500 -2.796500 3.501350
-1.304600 -2.788530 3.514810
-1.307800 -2.779300 3.527090
-1.313000 -2.769100 3.537810
-1.320100 -2.758240 3.546630
-1.328800 -2.747040 3.553300
-1.338900 -2.735850 3.557620
-1.350100 -2.725000 3.559440
-1.362100 -2.714840 3.558720

/group/LPCA_branch/167
167
center_x 0.0 radius .9 center_y 0.0 center_x_in_pixels 0 pathId 102 center_y_in_pixels 0 creation_method make_circle shifted_origin {102.251 -83.4206 75.7526} creation_type levelset pos {-117.314698 55.184702 -40.249983} bulk_scale_factor 0.1 translation_in_x 0.2 translation_in_y 0.1 xhat {0.000000 0.856553 0.516058} nrm {-0.787828 -0.317838 0.527547} posId 167
-1.512500 -2.725300 3.600280
-1.522200 -2.720120 3.589030
-1.531500 -2.717440 3.576710
-1.540200 -2.717340 3.563690
-1.548200 -2.719820 3.550380
-1.555000 -2.724810 3.537160
-1.560500 -2.732160 3.524460
-1.564600 -2.741640 3.512650
-1.567100 -2.752970 3.502090
-1.568000 -2.765800 3.493100
-1.567100 -2.779740 3.485960
-1.564600 -2.794380 3.480880
-1.560500 -2.809250 3.478020
-1.555000 -2.823920 3.477460
-1.548200 -2.837930 3.479220
-1.540200 -2.850860 3.483240
-1.531500 -2.862320 3.489420
-1.522200 -2.871960 3.497550
-1.512500 -2.879480 3.507390
-1.502900 -2.884670 3.518640
-1.493600 -2.887350 3.530960
-1.484800 -2.887450 3.543980
-1.476900 -2.884970 3.557290
-1.470100 -2.879980 3.570500
-1.464500 -2.872630 3.583210
-1.460400 -2.863140 3.595020
-1.457900 -2.851810 3.605580
-1.457100 -2.838980 3.614570
-1.457900 -2.825040 3.621710
-1.460400 -2.810410 3.626790
-1.464500 -2.795540 3.629650
-1.470100 -2.780870 3.630210
-1.476900 -2.766860 3.628450
-1.484800 -2.753930 3.624420
-1.493600 -2.742470 3.618250
-1.502900 -2.732830 3.610120

/group/LPCA_branch/176
176
center_x 0.0 radius .9 center_y 0.0 center_x_in_pixels 0 pathId 102 center_y_in_pixels 0 creation_method make_circle shifted_origin {102.251 -83.4206 75.7526} creation_type levelset pos {-119.387240 55.531975 -38.625399} bulk_scale_factor 0.1 xhat {0.000000 0.880627 -0.473811} nrm {-0.708110 0.334559 0.621813} posId 176
-1.713600 -2.709610 3.670080
-1.724700 -2.716050 3.660980
-1.735400 -2.724710 3.653450
-1.745400 -2.735320 3.647730
-1.754500 -2.747560 3.643980
-1.762300 -2.761050 3.642320
-1.768700 -2.775380 3.642800
-1.773300 -2.790130 3.645400
-1.776200 -2.804840 3.650050
-1.777200 -2.819060 3.656600
-1.776200 -2.832360 3.664860
-1.773300 -2.844340 3.674570
-1.768700 -2.854640 3.685440
-1.762300 -2.862940 3.697140
-1.754500 -2.868990 3.709310
-1.745400 -2.872600 3.721590
-1.735400 -2.873670 3.733600
-1.724700 -2.872160 3.744970
-1.713600 -2.868120 3.755360
-1.702600 -2.861670 3.764460
-1.691900 -2.853010 3.771990
-1.681800 -2.842400 3.777710
-1.672800 -2.830170 3.781460
-1.664900 -2.816680 3.783120
-1.658600 -2.802340 3.782640
-1.653900 -2.787600 3.780040
-1.651000 -2.772890 3.775390
-1.650100 -2.758670 3.768840
-1.651000 -2.745360 3.760580
-1.653900 -2.733380 3.750870
-1.658600 -2.723080 3.740000
-1.664900 -2.714790 3.728300
-1.672800 -2.708740 3.716130
-1.681800 -2.705130 3.703850
-1.691900 -2.704060 3.691840
-1.702600 -2.705570 3.680470

/group/LPCA_branch/187
187
center_x 0.0 radius .9 center_y 0.0 center_x_in_pixels 0 pathId 102 center_y_in_pixels 0 creation_method make_circle shifted_origin {102.251 -83.4206 75.7526} creation_type levelset pos {-121.347390 56.988811 -36.800390} bulk_scale_factor 0.1 translation_in_x 0.15 translation_in_y 0.05 xhat {0.000000 0.549897 -0.835232} nrm {-0.484551 0.730630 0.481030} posId 187
-1.914000 -2.587460 3.806190
-1.927700 -2.594540 3.803170
-1.940900 -2.602910 3.802520
-1.953400 -2.612310 3.804270
-1.964600 -2.622450 3.808360
-1.974300 -2.633040 3.814670
-1.982200 -2.643750 3.823010
-1.988000 -2.654250 3.833120
-1.991500 -2.664230 3.844690
-1.992700 -2.673380 3.857380
-1.991500 -2.681420 3.870800
-1.988000 -2.688110 3.884540
-1.982200 -2.693240 3.898180
-1.974300 -2.696670 3.911310
-1.964600 -2.698280 3.923530
-1.953400 -2.698030 3.934470
-1.940900 -2.695920 3.943800
-1.927700 -2.692020 3.951230
-1.914000 -2.686440 3.956530
-1.900300 -2.679370 3.959550
-1.887100 -2.671000 3.960200
-1.874600 -2.661600 3.958450
-1.863400 -2.651450 3.954360
-1.853700 -2.640860 3.948050
-1.845800 -2.630160 3.939710
-1.840000 -2.619650 3.929600
-1.836500 -2.609680 3.918030
-1.835300 -2.600530 3.905340
-1.836500 -2.592490 3.891920
-1.840000 -2.585800 3.878190
-1.845800 -2.580660 3.864540
-1.853700 -2.577240 3.851410
-1.863400 -2.575630 3.839190
-1.874600 -2.575880 3.828250
-1.887100 -2.577990 3.818920
-1.900300 -2.581890 3.811500

/group/LPCA_branch/197
197
center_x 0.0 radius .9 center_y 0.0 center_x_in_pixels 0 pathId 102 center_y_in_pixels 0 creation_method make_circle shifted_origin {102.251 -83.4206 75.7526} creation_type levelset pos {-122.540068 59.772366 -35.191741} bulk_scale_factor 0.1 translation_in_x -0.05 translation_in_y -0.2 xhat {0.000000 0.598543 -0.801091} nrm {-0.184540 0.787332 0.588263} posId 197
-2.009300 -2.310990 3.990200
-2.024600 -2.314120 3.989570
-2.039500 -2.318790 3.991150
-2.053500 -2.324860 3.994890
-2.066100 -2.332150 4.000680
-2.077000 -2.340430 4.008340
-2.085900 -2.349450 4.017640
-2.092400 -2.358940 4.028300
-2.096400 -2.368610 4.039990
-2.097700 -2.378160 4.052360
-2.096400 -2.387320 4.065030
-2.092400 -2.395790 4.077620
-2.085900 -2.403320 4.089740
-2.077000 -2.409680 4.101030
-2.066100 -2.414680 4.111140
-2.053500 -2.418160 4.119770
-2.039500 -2.420030 4.126650
-2.024600 -2.420220 4.131580
-2.009300 -2.418730 4.134400
-1.993900 -2.415600 4.135030
-1.979000 -2.410930 4.133450
-1.965000 -2.404860 4.129710
-1.952400 -2.397570 4.123920
-1.941500 -2.389290 4.116260
-1.932600 -2.380270 4.106960
-1.926100 -2.370780 4.096300
-1.922100 -2.361110 4.084610
-1.920800 -2.351550 4.072240
-1.922100 -2.342400 4.059570
-1.926100 -2.333930 4.046980
-1.932600 -2.326400 4.034860
-1.941500 -2.320040 4.023570
-1.952400 -2.315040 4.013460
-1.965000 -2.311550 4.004830
-1.979000 -2.309690 3.997950
-1.993900 -2.309500 3.993020

/group/LPCA_branch/207
207
center_x 0.0 radius .9 center_y 0.0 center_x_in_pixels 0 pathId 102 center_y_in_pixels 0 creation_method make_circle shifted_origin {102.251 -83.4206 75.7526} creation_type levelset pos {-122.666577 60.968533 -33.536903} bulk_scale_factor 0.1 translation_in_x -0.05 translation_in_y 0.05 xhat {0.000000 0.955267 -0.295746} nrm {-0.093538 0.294450 0.951078} posId 207
-2.046500 -2.164150 4.195980
-2.062100 -2.165890 4.194990
-2.077200 -2.170180 4.194840
-2.091300 -2.176910 4.195530
-2.104100 -2.185860 4.197040
-2.115200 -2.196770 4.199330
-2.124100 -2.209290 4.202330
-2.130700 -2.223060 4.205940
-2.134800 -2.237640 4.210060
-2.136100 -2.252610 4.214560
-2.134800 -2.267500 4.219300
-2.130700 -2.281870 4.224150
-2.124100 -2.295260 4.228950
-2.115200 -2.307290 4.233550
-2.104100 -2.317580 4.237820
-2.091300 -2.325820 4.241630
-2.077200 -2.331760 4.244860
-2.062100 -2.335220 4.247420
-2.046500 -2.336100 4.249220
-2.031000 -2.334360 4.250210
-2.015900 -2.330060 4.250360
-2.001700 -2.323330 4.249670
-1.988900 -2.314380 4.248160
-1.977900 -2.303480 4.245870
-1.968900 -2.290950 4.242870
-1.962300 -2.277190 4.239260
-1.958300 -2.262600 4.235140
-1.956900 -2.247630 4.230640
-1.958300 -2.232740 4.225900
-1.962300 -2.218380 4.221060
-1.968900 -2.204980 4.216260
-1.977900 -2.192950 4.211650
-1.988900 -2.182660 4.207380
-2.001700 -2.174420 4.203570
-2.015900 -2.168480 4.200340
-2.031000 -2.165020 4.197790

/group/LPCA_branch/214
214
center_x 0.0 radius .9 center_y 0.0 center_x_in_pixels 0 pathId 102 center_y_in_pixels 0 creation_method make_circle shifted_origin {102.251 -83.4206 75.7526} creation_type levelset pos {-123.015604 61.076588 -32.393523} bulk_scale_factor 0.1 translation_in_x -0.25 translation_in_y 0.15 xhat {0.000000 0.983915 0.178635} nrm {-0.465295 -0.158120 0.870918} posId 214
-2.089700 -2.169200 4.340650
-2.103600 -2.169250 4.333250
-2.117000 -2.171980 4.325590
-2.129600 -2.177320 4.317900
-2.140900 -2.185110 4.310410
-2.150800 -2.195100 4.303350
-2.158700 -2.207000 4.296930
-2.164600 -2.220440 4.291360
-2.168200 -2.235010 4.286790
-2.169400 -2.250270 4.283370
-2.168200 -2.265760 4.281210
-2.164600 -2.281010 4.280360
-2.158700 -2.295550 4.280850
-2.150800 -2.308940 4.282680
-2.140900 -2.320780 4.285770
-2.129600 -2.330700 4.290050
-2.117000 -2.338410 4.295370
-2.103600 -2.343660 4.301590
-2.089700 -2.346300 4.308500
-2.075900 -2.346260 4.315900
-2.062500 -2.343520 4.323560
-2.049900 -2.338180 4.331250
-2.038500 -2.330400 4.338740
-2.028700 -2.320400 4.345800
-2.020700 -2.308510 4.352220
-2.014900 -2.295070 4.357790
-2.011300 -2.280500 4.362360
-2.010100 -2.265230 4.365780
-2.011300 -2.249740 4.367940
-2.014900 -2.234500 4.368790
-2.020700 -2.219950 4.368300
-2.028700 -2.206560 4.366470
-2.038500 -2.194730 4.363380
-2.049900 -2.184800 4.359100
-2.062500 -2.177100 4.353770
-2.075900 -2.171840 4.347560

/group/LPCA_branch/224
224
center_x 0.0 radius .9 center_y 0.0 center_x_in_pixels 0 pathId 102 center_y_in_pixels 0 creation_method make_circle shifted_origin {102.251 -83.4206 75.7526} creation_type levelset pos {-124.407475 59.958947 -30.747317} bulk_scale_factor 0.1 translation_in_x -0.05 translation_in_y -0.05 xhat {0.000000 0.617950 0.786217} nrm {-0.573425 -0.644115 0.506261} posId 224
-2.211600 -2.295890 4.569130
-2.224400 -2.289690 4.562520
-2.236800 -2.285370 4.553950
-2.248400 -2.283060 4.543700
-2.258900 -2.282820 4.532070
-2.268000 -2.284680 4.519420
-2.275400 -2.288560 4.506130
-2.280800 -2.294360 4.492600
-2.284200 -2.301890 4.479250
-2.285300 -2.310930 4.466480
-2.284200 -2.321210 4.454670
-2.280800 -2.332400 4.444200
-2.275400 -2.344180 4.435370
-2.268000 -2.356180 4.428460
-2.258900 -2.368030 4.423660
-2.248400 -2.379390 4.421140
-2.236800 -2.389890 4.420970
-2.224400 -2.399230 4.423150
-2.211600 -2.407120 4.427610
-2.198700 -2.413330 4.434220
-2.186300 -2.417650 4.442780
-2.174700 -2.419960 4.453040
-2.164200 -2.420190 4.464660
-2.155100 -2.418340 4.477320
-2.147700 -2.414460 4.490610
-2.142300 -2.408660 4.504140
-2.138900 -2.401130 4.517490
-2.137800 -2.392080 4.530260
-2.138900 -2.381810 4.542060
-2.142300 -2.370620 4.552540
-2.147700 -2.358840 4.561370
-2.155100 -2.346840 4.568280
-2.164200 -2.334990 4.573070
-2.174700 -2.323630 4.575590
-2.186300 -2.313130 4.575770
-2.198700 -2.303780 4.573590

/group/LPCA_branch/235
235
center_x 0.0 radius .9 center_y 0.0 center_x_in_pixels 0 pathId 102 center_y_in_pixels 0 creation_method make_circle shifted_origin {102.251 -83.4206 75.7526} creation_type levelset pos {-125.758500 57.450068 -29.951267} bulk_scale_factor 0.1 translation_in_x 0.05 translation_in_y 0.1 xhat {0.000000 0.058479 -0.998289} nrm {-0.255022 -0.965281 -0.056545} posId 235
-2.341100 -2.594040 4.485150
-2.326000 -2.598100 4.486280
-2.311300 -2.602200 4.490110
-2.297600 -2.606200 4.496510
-2.285100 -2.610000 4.505300
-2.274400 -2.613480 4.516210
-2.265700 -2.616520 4.528910
-2.259300 -2.619040 4.543000
-2.255400 -2.620960 4.558070
-2.254100 -2.622220 4.573650
-2.255400 -2.622790 4.589270
-2.259300 -2.622640 4.604460
-2.265700 -2.621780 4.618750
-2.274400 -2.620240 4.631720
-2.285100 -2.618070 4.642960
-2.297600 -2.615320 4.652130
-2.311300 -2.612090 4.658960
-2.326000 -2.608470 4.663240
-2.341100 -2.604570 4.664840
-2.356200 -2.600510 4.663710
-2.370800 -2.596420 4.659880
-2.384600 -2.592410 4.653470
-2.397000 -2.588610 4.644680
-2.407700 -2.585140 4.633770
-2.416400 -2.582100 4.621080
-2.422900 -2.579580 4.606980
-2.426800 -2.577660 4.591920
-2.428100 -2.576390 4.576330
-2.426800 -2.575830 4.560710
-2.422900 -2.575980 4.545530
-2.416400 -2.576830 4.531230
-2.407700 -2.578370 4.518270
-2.397000 -2.580550 4.507030
-2.384600 -2.583290 4.497850
-2.370800 -2.586520 4.491020
-2.356200 -2.590140 4.486740

/group/LPCA_branch/244
244
center_x 0.0 radius .8 center_y 0.0 center_x_in_pixels 0 pathId 102 center_y_in_pixels 0 creation_method make_circle shifted_origin {102.251 -83.4206 75.7526} creation_type levelset pos {-126.034083 54.738268 -30.689276} bulk_scale_factor 0.1 translation_in_x -0.1 translation_in_y 0.05 xhat {0.000000 0.316511 -0.948589} nrm {0.016360 -0.948462 -0.316469} posId 244
-2.373300 -2.846000 4.439960
-2.359400 -2.846170 4.441180
-2.346000 -2.847100 4.444680
-2.333300 -2.848770 4.450330
-2.321900 -2.851130 4.457980
-2.312000 -2.854090 4.467380
-2.304000 -2.857590 4.478260
-2.298100 -2.861490 4.490280
-2.294500 -2.865700 4.503070
-2.293300 -2.870080 4.516260
-2.294500 -2.874490 4.529430
-2.298100 -2.878810 4.542190
-2.304000 -2.882910 4.554150
-2.312000 -2.886650 4.564940
-2.321900 -2.889920 4.574240
-2.333300 -2.892630 4.581770
-2.346000 -2.894690 4.587300
-2.359400 -2.896040 4.590650
-2.373300 -2.896640 4.591730
-2.387200 -2.896470 4.590510
-2.400700 -2.895540 4.587010
-2.413300 -2.893870 4.581360
-2.424700 -2.891520 4.573710
-2.434600 -2.888550 4.564310
-2.442600 -2.885060 4.553430
-2.448500 -2.881150 4.541410
-2.452100 -2.876940 4.528610
-2.453300 -2.872560 4.515430
-2.452100 -2.868150 4.502260
-2.448500 -2.863830 4.489500
-2.442600 -2.859740 4.477540
-2.434600 -2.856000 4.466750
-2.424700 -2.852720 4.457450
-2.413300 -2.850010 4.449920
-2.400700 -2.847950 4.444390
-2.387200 -2.846600 4.441040

/group/LPCA_branch/253
253
center_x 0.0 radius .8 center_y 0.0 center_x_in_pixels 0 pathId 102 center_y_in_pixels 0 creation_method make_circle shifted_origin {102.251 -83.4206 75.7526} creation_type levelset pos {-125.761446 51.329701 -31.226969} bulk_scale_factor 0.1 xhat {0.000000 0.019854 0.999803} nrm {0.122529 -0.992269 0.019704} posId 253
-2.351000 -3.207500 4.532550
-2.364800 -3.209230 4.531370
-2.378200 -3.210950 4.527790
-2.390700 -3.212610 4.521930
-2.402100 -3.214170 4.513960
-2.411900 -3.215580 4.504130
-2.419800 -3.216780 4.492720
-2.425700 -3.217760 4.480100
-2.429200 -3.218470 4.466640
-2.430400 -3.218890 4.452760
-2.429200 -3.219020 4.438870
-2.425700 -3.218840 4.425390
-2.419800 -3.218370 4.412740
-2.411900 -3.217620 4.401300
-2.402100 -3.216610 4.391420
-2.390700 -3.215370 4.383390
-2.378200 -3.213930 4.377470
-2.364800 -3.212360 4.373830
-2.351000 -3.210680 4.372580
-2.337300 -3.208950 4.373760
-2.323900 -3.207230 4.377340
-2.311300 -3.205570 4.383200
-2.300000 -3.204010 4.391170
-2.290200 -3.202600 4.401000
-2.282300 -3.201400 4.412400
-2.276400 -3.200420 4.425020
-2.272900 -3.199710 4.438480
-2.271600 -3.199290 4.452370
-2.272900 -3.199160 4.466260
-2.276400 -3.199340 4.479740
-2.282300 -3.199810 4.492390
-2.290200 -3.200560 4.503830
-2.300000 -3.201570 4.513710
-2.311300 -3.202810 4.521730
-2.323900 -3.204250 4.527660
-2.337300 -3.205820 4.531300

/group/LPCA_branch/263
263
center_x 0.0 radius .8 center_y 0.0 center_x_in_pixels 0 pathId 102 center_y_in_pixels 0 creation_method make_circle shifted_origin {102.251 -83.4206 75.7526} creation_type levelset pos {-125.246432 48.333047 -30.682219} bulk_scale_factor 0.1 translation_in_x -0.2 translation_in_y -0.2 xhat {0.000000 0.445710 0.895178} nrm {0.241250 -0.868737 0.432545} posId 263
-2.280100 -3.477690 4.558600
-2.293600 -3.481240 4.559000
-2.306700 -3.485750 4.557220
-2.319000 -3.491110 4.553300
-2.330000 -3.497140 4.547370
-2.339600 -3.503670 4.539610
-2.347400 -3.510480 4.530240
-2.353100 -3.517390 4.519560
-2.356600 -3.524170 4.507890
-2.357800 -3.530630 4.495590
-2.356600 -3.536560 4.483020
-2.353100 -3.541780 4.470570
-2.347400 -3.546140 4.458630
-2.339600 -3.549500 4.447540
-2.330000 -3.551770 4.437650
-2.319000 -3.552870 4.429270
-2.306700 -3.552770 4.422630
-2.293600 -3.551470 4.417950
-2.280100 -3.549010 4.415370
-2.266700 -3.545470 4.414960
-2.253600 -3.540950 4.416750
-2.241300 -3.535590 4.420660
-2.230200 -3.529560 4.426590
-2.220700 -3.523040 4.434360
-2.212900 -3.516220 4.443730
-2.207200 -3.509310 4.454410
-2.203700 -3.502530 4.466080
-2.202500 -3.496070 4.478380
-2.203700 -3.490140 4.490950
-2.207200 -3.484920 4.503390
-2.212900 -3.480560 4.515340
-2.220700 -3.477200 4.526430
-2.230200 -3.474930 4.536310
-2.241300 -3.473830 4.544700
-2.253600 -3.473930 4.551340
-2.266700 -3.475230 4.556020

/group/LPCA_branch/276
276
center_x 0.0 radius .8 center_y 0.0 center_x_in_pixels 0 pathId 102 center_y_in_pixels 0 creation_method make_circle shifted_origin {102.251 -83.4206 75.7526} creation_type levelset pos {-124.226137 45.909058 -28.453589} bulk_scale_factor 0.1 translation_in_x -0.05 translation_in_y -0.1 xhat {0.000000 0.744532 0.667587} nrm {0.301825 -0.636453 0.709809} posId 276
-2.188000 -3.693300 4.777720
-2.201200 -3.697000 4.780030
-2.214100 -3.702400 4.780650
-2.226100 -3.709340 4.779560
-2.237000 -3.717600 4.776780
-2.246400 -3.726920 4.772420
-2.254000 -3.737040 4.766590
-2.259600 -3.747640 4.759480
-2.263100 -3.758390 4.751290
-2.264200 -3.768980 4.742290
-2.263100 -3.779080 4.732750
-2.259600 -3.788380 4.722940
-2.254000 -3.796600 4.713180
-2.246400 -3.803500 4.703760
-2.237000 -3.808850 4.694960
-2.226100 -3.812500 4.687050
-2.214100 -3.814350 4.680280
-2.201200 -3.814320 4.674840
-2.188000 -3.812420 4.670910
-2.174700 -3.808720 4.668600
-2.161900 -3.803320 4.667980
-2.149800 -3.796380 4.669080
-2.139000 -3.788130 4.671850
-2.129600 -3.778800 4.676220
-2.121900 -3.768680 4.682040
-2.116300 -3.758090 4.689160
-2.112900 -3.747330 4.697340
-2.111700 -3.736740 4.706340
-2.112900 -3.726640 4.715890
-2.116300 -3.717340 4.725690
-2.121900 -3.709120 4.735450
-2.129600 -3.702230 4.744870
-2.139000 -3.696870 4.753670
-2.149800 -3.693220 4.761580
-2.161900 -3.691380 4.768350
-2.174700 -3.691410 4.773790

/group/LPCA_branch/287
287
center_x 0.0 radius .8 center_y 0.0 center_x_in_pixels 0 pathId 102 center_y_in_pixels 0 creation_method make_circle shifted_origin {102.251 -83.4206 75.7526} creation_type levelset pos {-123.383179 43.956304 -26.306948} bulk_scale_factor 0.1 translation_in_x -0.05 translation_in_y -0.15 xhat {0.000000 0.712778 0.701390} nrm {0.257835 -0.677675 0.688678} posId 287
-2.098700 -3.890260 4.994410
-2.112100 -3.893640 4.996110
-2.125200 -3.898650 4.996060
-2.137400 -3.905130 4.994250
-2.148400 -3.912900 4.990740
-2.157900 -3.921710 4.985630
-2.165700 -3.931300 4.979090
-2.171400 -3.941370 4.971310
-2.174800 -3.951630 4.962520
-2.176000 -3.961750 4.953000
-2.174800 -3.971430 4.943040
-2.171400 -3.980380 4.932930
-2.165700 -3.988320 4.922980
-2.157900 -3.995020 4.913500
-2.148400 -4.000260 4.904770
-2.137400 -4.003900 4.897060
-2.125200 -4.005810 4.890600
-2.112100 -4.005950 4.885600
-2.098700 -4.004300 4.882190
-2.085300 -4.000920 4.880490
-2.072300 -3.995920 4.880550
-2.060100 -3.989430 4.882360
-2.049000 -3.981660 4.885870
-2.039500 -3.972850 4.890970
-2.031800 -3.963260 4.897510
-2.026100 -3.953190 4.905290
-2.022600 -3.942930 4.914080
-2.021400 -3.932810 4.923600
-2.022600 -3.923130 4.933570
-2.026100 -3.914180 4.943680
-2.031800 -3.906240 4.953620
-2.039500 -3.899540 4.963110
-2.049000 -3.894300 4.971830
-2.060100 -3.890660 4.979540
-2.072300 -3.888750 4.986000
-2.085300 -3.888610 4.991010

