/group/LPICA/7
7
center_x 0.0 radius .85 center_y 0.0 center_x_in_pixels 0 pathId 600 center_y_in_pixels 0 creation_method make_circle shifted_origin {102.251 -83.4206 75.7526} creation_type levelset pos {-118.577853 78.547805 -95.042575} bulk_scale_factor 0.1 xhat {0.000000 0.443627 0.896212} nrm {0.008850 -0.896176 0.443610} posId 7
-1.632700 -0.449570 -1.852820
-1.647400 -0.450260 -1.853920
-1.661800 -0.452080 -1.857300
-1.675200 -0.454960 -1.862860
-1.687300 -0.458830 -1.870430
-1.697800 -0.463560 -1.879780
-1.706300 -0.469010 -1.890620
-1.712600 -0.475020 -1.902630
-1.716400 -0.481400 -1.915440
-1.717700 -0.487950 -1.928660
-1.716400 -0.494490 -1.941900
-1.712600 -0.500810 -1.954740
-1.706300 -0.506720 -1.966800
-1.697800 -0.512030 -1.977710
-1.687300 -0.516600 -1.987140
-1.675200 -0.520270 -1.994800
-1.661800 -0.522940 -2.000470
-1.647400 -0.524530 -2.003960
-1.632700 -0.524990 -2.005180
-1.617900 -0.524300 -2.004080
-1.603600 -0.522480 -2.000700
-1.590200 -0.519600 -1.995140
-1.578100 -0.515730 -1.987570
-1.567600 -0.511000 -1.978220
-1.559100 -0.505550 -1.967380
-1.552800 -0.499540 -1.955370
-1.549000 -0.493160 -1.942550
-1.547700 -0.486600 -1.929330
-1.549000 -0.480070 -1.916100
-1.552800 -0.473750 -1.903260
-1.559100 -0.467840 -1.891200
-1.567600 -0.462520 -1.880290
-1.578100 -0.457960 -1.870860
-1.590200 -0.454290 -1.863190
-1.603600 -0.451620 -1.857530
-1.617900 -0.450030 -1.854030

/group/LPICA/10
10
center_x 0.0 radius .85 center_y 0.0 center_x_in_pixels 0 pathId 600 center_y_in_pixels 0 creation_method make_circle shifted_origin {102.251 -83.4206 75.7526} creation_type levelset pos {-118.566538 78.003980 -94.783397} bulk_scale_factor 0.1 xhat {0.000000 0.415478 0.909603} nrm {0.029610 -0.909204 0.415296} posId 10
-1.631600 -0.506350 -1.825760
-1.646300 -0.507280 -1.826760
-1.660600 -0.509260 -1.830070
-1.674000 -0.512220 -1.835600
-1.686200 -0.516080 -1.843180
-1.696600 -0.520720 -1.852580
-1.705100 -0.525990 -1.863520
-1.711400 -0.531730 -1.875650
-1.715200 -0.537780 -1.888620
-1.716500 -0.543950 -1.902030
-1.715200 -0.550050 -1.915480
-1.711400 -0.555890 -1.928540
-1.705100 -0.561300 -1.940830
-1.696600 -0.566120 -1.951980
-1.686200 -0.570190 -1.961630
-1.674000 -0.573390 -1.969510
-1.660600 -0.575630 -1.975380
-1.646300 -0.576840 -1.979040
-1.631600 -0.576980 -1.980400
-1.616800 -0.576040 -1.979400
-1.602500 -0.574060 -1.976090
-1.589100 -0.571100 -1.970560
-1.576900 -0.567240 -1.962980
-1.566500 -0.562610 -1.953580
-1.558000 -0.557340 -1.942640
-1.551700 -0.551590 -1.930510
-1.547900 -0.545540 -1.917530
-1.546600 -0.539370 -1.904130
-1.547900 -0.533270 -1.890680
-1.551700 -0.527430 -1.877620
-1.558000 -0.522020 -1.865330
-1.566500 -0.517210 -1.854180
-1.576900 -0.513140 -1.844520
-1.589100 -0.509930 -1.836640
-1.602500 -0.507690 -1.830780
-1.616800 -0.506490 -1.827120

/group/LPICA/18
18
center_x 0.0 radius .85 center_y 0.0 center_x_in_pixels 0 pathId 600 center_y_in_pixels 0 creation_method make_circle shifted_origin {102.251 -83.4206 75.7526} creation_type levelset pos {-118.424135 76.186659 -94.093512} bulk_scale_factor 0.1 translation_in_x 0.05 nrm {0.131939 -0.954836 0.266232} translation_in_y 0.15 xhat {0.000000 0.268580 0.963257} posId 18
-1.632200 -0.701130 -1.746870
-1.646800 -0.703350 -1.747590
-1.661000 -0.706200 -1.750770
-1.674300 -0.709590 -1.756330
-1.686300 -0.713410 -1.764090
-1.696700 -0.717560 -1.773810
-1.705200 -0.721900 -1.785200
-1.711400 -0.726300 -1.797910
-1.715200 -0.730630 -1.811560
-1.716400 -0.734760 -1.825730
-1.715200 -0.738560 -1.840000
-1.711400 -0.741920 -1.853920
-1.705200 -0.744730 -1.867070
-1.696700 -0.746910 -1.879070
-1.686300 -0.748390 -1.889530
-1.674300 -0.749130 -1.898140
-1.661000 -0.749100 -1.904650
-1.646800 -0.748320 -1.908850
-1.632200 -0.746790 -1.910620
-1.617600 -0.744560 -1.909900
-1.603400 -0.741720 -1.906710
-1.590100 -0.738330 -1.901160
-1.578000 -0.734500 -1.893400
-1.567600 -0.730360 -1.883680
-1.559200 -0.726020 -1.872290
-1.553000 -0.721610 -1.859580
-1.549200 -0.717280 -1.845930
-1.547900 -0.713150 -1.831760
-1.549200 -0.709360 -1.817490
-1.553000 -0.706000 -1.803570
-1.559200 -0.703190 -1.790410
-1.567600 -0.701010 -1.778420
-1.578000 -0.699530 -1.767960
-1.590100 -0.698790 -1.759340
-1.603400 -0.698810 -1.752830
-1.617600 -0.699600 -1.748630

/group/LPICA/29
29
center_x 0.0 radius .85 center_y 0.0 center_x_in_pixels 0 pathId 600 center_y_in_pixels 0 creation_method make_circle shifted_origin {102.251 -83.4206 75.7526} creation_type levelset pos {-117.797480 73.989003 -94.020605} bulk_scale_factor 0.1 translation_in_x 0.0 nrm {0.421598 -0.869652 -0.256829} translation_in_y 0.2 xhat {0.000000 0.283231 -0.959052} posId 29
-1.536500 -0.911000 -1.905930
-1.523100 -0.905400 -1.902930
-1.510200 -0.900700 -1.897540
-1.498000 -0.897040 -1.889940
-1.487000 -0.894540 -1.880340
-1.477500 -0.893270 -1.869040
-1.469800 -0.893270 -1.856380
-1.464100 -0.894540 -1.842760
-1.460600 -0.897050 -1.828570
-1.459400 -0.900700 -1.814260
-1.460600 -0.905410 -1.800260
-1.464100 -0.911010 -1.786990
-1.469800 -0.917350 -1.774860
-1.477500 -0.924220 -1.764240
-1.487000 -0.931420 -1.755440
-1.498000 -0.938740 -1.748740
-1.510200 -0.945940 -1.744340
-1.523100 -0.952810 -1.742370
-1.536500 -0.959150 -1.742890
-1.549900 -0.964750 -1.745890
-1.562900 -0.969450 -1.751280
-1.575100 -0.973110 -1.758890
-1.586100 -0.975610 -1.768490
-1.595600 -0.976880 -1.779790
-1.603300 -0.976870 -1.792440
-1.608900 -0.975600 -1.806070
-1.612400 -0.973100 -1.820250
-1.613600 -0.969440 -1.834560
-1.612400 -0.964740 -1.848560
-1.608900 -0.959130 -1.861830
-1.603300 -0.952800 -1.873960
-1.595600 -0.945930 -1.884590
-1.586100 -0.938720 -1.893380
-1.575100 -0.931410 -1.900080
-1.562900 -0.924200 -1.904490
-1.549900 -0.917330 -1.906460

/group/LPICA/40
40
center_x 0.0 radius .85 center_y 0.0 center_x_in_pixels 0 pathId 600 center_y_in_pixels 0 creation_method make_circle shifted_origin {102.251 -83.4206 75.7526} creation_type levelset pos {-116.839106 72.616077 -94.882962} bulk_scale_factor 0.1 translation_in_x 0.1 nrm {0.562635 -0.558071 -0.609916} translation_in_y 0.2 xhat {0.000000 0.737767 -0.675055} posId 40
-1.442300 -1.002770 -1.968860
-1.430100 -0.998110 -1.961870
-1.418200 -0.995510 -1.953340
-1.407100 -0.995030 -1.943540
-1.397100 -0.996690 -1.932760
-1.388400 -1.000440 -1.921340
-1.381400 -1.006160 -1.909620
-1.376200 -1.013690 -1.897950
-1.373100 -1.022790 -1.886700
-1.372000 -1.033190 -1.876200
-1.373100 -1.044570 -1.866770
-1.376200 -1.056590 -1.858700
-1.381400 -1.068880 -1.852240
-1.388400 -1.081060 -1.847570
-1.397100 -1.092770 -1.844850
-1.407100 -1.103650 -1.844150
-1.418200 -1.113370 -1.845500
-1.430100 -1.121630 -1.848850
-1.442300 -1.128190 -1.854100
-1.454500 -1.132840 -1.861100
-1.466300 -1.135450 -1.869630
-1.477400 -1.135930 -1.879430
-1.487400 -1.134270 -1.890210
-1.496100 -1.130520 -1.901630
-1.503100 -1.124790 -1.913350
-1.508300 -1.117260 -1.925010
-1.511500 -1.108160 -1.936270
-1.512500 -1.097760 -1.946770
-1.511500 -1.086380 -1.956200
-1.508300 -1.074370 -1.964260
-1.503100 -1.062080 -1.970730
-1.496100 -1.049900 -1.975400
-1.487400 -1.038190 -1.978120
-1.477400 -1.027310 -1.978820
-1.466300 -1.017590 -1.977470
-1.454500 -1.009330 -1.974120

/group/LPICA/53
53
center_x 0.0 radius .85 center_y 0.0 center_x_in_pixels 0 pathId 600 center_y_in_pixels 0 creation_method make_circle shifted_origin {102.251 -83.4206 75.7526} creation_type levelset pos {-115.742555 71.893862 -96.235564} bulk_scale_factor 0.1 xhat {0.000000 0.974470 -0.224518} nrm {0.556151 -0.186593 -0.809864} posId 53
-1.349200 -1.069840 -2.067380
-1.336900 -1.069260 -2.059090
-1.325000 -1.071210 -2.050470
-1.313800 -1.075630 -2.041790
-1.303700 -1.082400 -2.033300
-1.295000 -1.091300 -2.025270
-1.288000 -1.102070 -2.017940
-1.282800 -1.114370 -2.011540
-1.279600 -1.127840 -2.006240
-1.278500 -1.142060 -2.002230
-1.279600 -1.156600 -1.999620
-1.282800 -1.171030 -1.998480
-1.288000 -1.184900 -1.998860
-1.295000 -1.197790 -2.000740
-1.303700 -1.209300 -2.004070
-1.313800 -1.219100 -2.008740
-1.325000 -1.226880 -2.014610
-1.336900 -1.232400 -2.021500
-1.349200 -1.235500 -2.029210
-1.361400 -1.236090 -2.037500
-1.373300 -1.234140 -2.046120
-1.384500 -1.229710 -2.054800
-1.394600 -1.222950 -2.063290
-1.403300 -1.214050 -2.071320
-1.410300 -1.203280 -2.078650
-1.415500 -1.190980 -2.085060
-1.418700 -1.177510 -2.090350
-1.419800 -1.163290 -2.094360
-1.418700 -1.148740 -2.096980
-1.415500 -1.134320 -2.098110
-1.410300 -1.120450 -2.097730
-1.403300 -1.107560 -2.095850
-1.394600 -1.096040 -2.092530
-1.384500 -1.086250 -2.087860
-1.373300 -1.078470 -2.081980
-1.361400 -1.072950 -2.075090

/group/LPICA/63
63
center_x 0.0 radius .85 center_y 0.0 center_x_in_pixels 0 pathId 600 center_y_in_pixels 0 creation_method make_circle shifted_origin {102.251 -83.4206 75.7526} creation_type levelset pos {-115.089136 71.805979 -97.379626} bulk_scale_factor 0.1 xhat {0.000000 0.999052 0.043540} nrm {0.410273 0.039707 -0.911098} posId 63
-1.283800 -1.076540 -2.159000
-1.270400 -1.078100 -2.153010
-1.257300 -1.082180 -2.147310
-1.245100 -1.088680 -2.142080
-1.234000 -1.097390 -2.137470
-1.224400 -1.108040 -2.133630
-1.216700 -1.120320 -2.130680
-1.211000 -1.133840 -2.128700
-1.207500 -1.148210 -2.127750
-1.206300 -1.162980 -2.127860
-1.207500 -1.177700 -2.129030
-1.211000 -1.191930 -2.131230
-1.216700 -1.205240 -2.134380
-1.224400 -1.217210 -2.138390
-1.234000 -1.227490 -2.143140
-1.245100 -1.235760 -2.148490
-1.257300 -1.241780 -2.154260
-1.270400 -1.245360 -2.160300
-1.283800 -1.246380 -2.166400
-1.297300 -1.244830 -2.172400
-1.310300 -1.240740 -2.178100
-1.322600 -1.234250 -2.183330
-1.333600 -1.225540 -2.187930
-1.343200 -1.214880 -2.191770
-1.350900 -1.202610 -2.194730
-1.356700 -1.189080 -2.196710
-1.360200 -1.174710 -2.197660
-1.361300 -1.159940 -2.197540
-1.360200 -1.145220 -2.196370
-1.356700 -1.130990 -2.194180
-1.350900 -1.117690 -2.191020
-1.343200 -1.105710 -2.187010
-1.333600 -1.095430 -2.182260
-1.322600 -1.087160 -2.176920
-1.310300 -1.081140 -2.171140
-1.297300 -1.077570 -2.165110

/group/LPICA/86
86
center_x 0.0 radius .8 center_y 0.0 center_x_in_pixels 0 pathId 600 center_y_in_pixels 0 creation_method make_circle shifted_origin {102.251 -83.4206 75.7526} creation_type levelset pos {-114.690074 72.265677 -100.230624} bulk_scale_factor 0.1 xhat {0.000000 0.979748 0.200235} nrm {-0.202663 0.196080 -0.959417} posId 86
-1.243900 -1.037110 -2.431740
-1.230300 -1.037740 -2.434740
-1.217100 -1.040730 -2.438140
-1.204700 -1.045990 -2.441840
-1.193600 -1.053360 -2.445740
-1.183900 -1.062620 -2.449640
-1.176100 -1.073490 -2.453540
-1.170300 -1.085630 -2.457240
-1.166800 -1.098680 -2.460640
-1.165600 -1.112250 -2.463640
-1.166800 -1.125910 -2.466240
-1.170300 -1.139250 -2.468240
-1.176100 -1.151870 -2.469540
-1.183900 -1.163390 -2.470240
-1.193600 -1.173450 -2.470240
-1.204700 -1.181750 -2.469640
-1.217100 -1.188030 -2.468240
-1.230300 -1.192120 -2.466340
-1.243900 -1.193870 -2.463840
-1.257500 -1.193240 -2.460840
-1.270700 -1.190260 -2.457440
-1.283100 -1.184990 -2.453740
-1.294300 -1.177620 -2.449840
-1.303900 -1.168360 -2.445940
-1.311800 -1.157490 -2.442040
-1.317500 -1.145350 -2.438340
-1.321100 -1.132300 -2.434940
-1.322200 -1.118740 -2.431940
-1.321100 -1.105080 -2.429340
-1.317500 -1.091740 -2.427440
-1.311800 -1.079110 -2.426040
-1.303900 -1.067600 -2.425340
-1.294300 -1.057540 -2.425340
-1.283100 -1.049240 -2.425940
-1.270700 -1.042950 -2.427340
-1.257500 -1.038870 -2.429240

/group/LPICA/109
109
center_x 0.0 radius .75 center_y 0.0 center_x_in_pixels 0 pathId 600 center_y_in_pixels 0 creation_method make_circle shifted_origin {102.251 -83.4206 75.7526} creation_type levelset pos {-116.183968 73.075690 -102.726130} bulk_scale_factor 0.1 translation_in_x 0.05 nrm {-0.684267 0.348003 -0.640838} translation_in_y 0.2 xhat {0.000000 0.878785 0.477218} posId 109
-1.378700 -0.957660 -2.671240
-1.369200 -0.954410 -2.679540
-1.360000 -0.953260 -2.688740
-1.351400 -0.954240 -2.698540
-1.343600 -0.957330 -2.708540
-1.336800 -0.962440 -2.718540
-1.331300 -0.969400 -2.728140
-1.327300 -0.978010 -2.737140
-1.324900 -0.988000 -2.745240
-1.324000 -0.999080 -2.752140
-1.324900 -1.010890 -2.757640
-1.327300 -1.023090 -2.761640
-1.331300 -1.035310 -2.763940
-1.336800 -1.047170 -2.764540
-1.343600 -1.058310 -2.763440
-1.351400 -1.068400 -2.760540
-1.360000 -1.077120 -2.756040
-1.369200 -1.084220 -2.750040
-1.378700 -1.089480 -2.742740
-1.388200 -1.092730 -2.734440
-1.397400 -1.093880 -2.725240
-1.406100 -1.092890 -2.715440
-1.413900 -1.089800 -2.705440
-1.420600 -1.084690 -2.695440
-1.426100 -1.077730 -2.685840
-1.430100 -1.069120 -2.676840
-1.432600 -1.059130 -2.668840
-1.433400 -1.048060 -2.661940
-1.432600 -1.036240 -2.656340
-1.430100 -1.024040 -2.652340
-1.426100 -1.011820 -2.650040
-1.420600 -0.999960 -2.649440
-1.413900 -0.988820 -2.650540
-1.406100 -0.978730 -2.653440
-1.397400 -0.970010 -2.657940
-1.388200 -0.962910 -2.663940

/group/LPICA/122
122
center_x 0.0 radius .75 center_y 0.0 center_x_in_pixels 0 pathId 600 center_y_in_pixels 0 creation_method make_circle shifted_origin {102.251 -83.4206 75.7526} creation_type levelset pos {-117.575042 73.643150 -103.866367} bulk_scale_factor 0.1 translation_in_x 0.1 nrm {-0.773647 0.200725 -0.600982} translation_in_y 0.0 xhat {0.000000 0.948495 0.316792} posId 122
-1.532400 -0.897120 -2.784440
-1.524200 -0.895010 -2.794340
-1.516200 -0.895130 -2.804740
-1.508600 -0.897460 -2.815140
-1.501900 -0.901950 -2.825340
-1.496000 -0.908450 -2.835140
-1.491200 -0.916770 -2.844040
-1.487700 -0.926660 -2.851840
-1.485600 -0.937810 -2.858240
-1.484900 -0.949880 -2.863240
-1.485600 -0.962510 -2.866540
-1.487700 -0.975320 -2.868040
-1.491200 -0.987910 -2.867740
-1.496000 -0.999910 -2.865640
-1.501900 -1.010940 -2.861740
-1.508600 -1.020680 -2.856340
-1.516200 -1.028820 -2.849340
-1.524200 -1.035120 -2.841140
-1.532400 -1.039400 -2.831940
-1.540700 -1.041510 -2.822040
-1.548700 -1.041390 -2.811740
-1.556200 -1.039060 -2.801240
-1.563000 -1.034570 -2.791040
-1.568800 -1.028070 -2.781340
-1.573600 -1.019750 -2.772440
-1.577100 -1.009860 -2.764640
-1.579200 -0.998710 -2.758140
-1.579900 -0.986640 -2.753140
-1.579200 -0.974010 -2.749840
-1.577100 -0.961200 -2.748340
-1.573600 -0.948610 -2.748640
-1.568800 -0.936610 -2.750740
-1.563000 -0.925580 -2.754640
-1.556200 -0.915840 -2.760140
-1.548700 -0.907700 -2.767040
-1.540700 -0.901400 -2.775240

/group/LPICA/145
145
center_x 0.0 radius .75 center_y 0.0 center_x_in_pixels 0 pathId 600 center_y_in_pixels 0 creation_method make_circle shifted_origin {102.251 -83.4206 75.7526} creation_type levelset pos {-119.875883 73.467685 -105.931493} bulk_scale_factor 0.1 xhat {0.000000 0.929165 -0.369666} nrm {-0.613683 -0.291871 -0.733624} posId 145
-1.762500 -0.925600 -3.045640
-1.752200 -0.929620 -3.052640
-1.742200 -0.935630 -3.058540
-1.732900 -0.943450 -3.063240
-1.724400 -0.952840 -3.066640
-1.717100 -0.963530 -3.068440
-1.711200 -0.975180 -3.068740
-1.706800 -0.987450 -3.067540
-1.704200 -0.999950 -3.064840
-1.703300 -1.012310 -3.060640
-1.704200 -1.024150 -3.055240
-1.706800 -1.035110 -3.048640
-1.711200 -1.044870 -3.041040
-1.717100 -1.053120 -3.032840
-1.724400 -1.059610 -3.024140
-1.732900 -1.064150 -3.015240
-1.742200 -1.066600 -3.006440
-1.752200 -1.066870 -2.998040
-1.762500 -1.064980 -2.990140
-1.772800 -1.060970 -2.983140
-1.782700 -1.054960 -2.977240
-1.792100 -1.047140 -2.972540
-1.800600 -1.037740 -2.969140
-1.807900 -1.027050 -2.967340
-1.813800 -1.015400 -2.967040
-1.818100 -1.003140 -2.968240
-1.820800 -0.990640 -2.970940
-1.821700 -0.978280 -2.975140
-1.820800 -0.966430 -2.980540
-1.818100 -0.955470 -2.987140
-1.813800 -0.945710 -2.994740
-1.807900 -0.937460 -3.002940
-1.800600 -0.930970 -3.011640
-1.792100 -0.926430 -3.020540
-1.782700 -0.923990 -3.029340
-1.772800 -0.923710 -3.037740

/group/LPICA/159
159
center_x 0.0 radius .75 center_y 0.0 center_x_in_pixels 0 pathId 600 center_y_in_pixels 0 creation_method make_circle shifted_origin {102.251 -83.4206 75.7526} creation_type levelset pos {-120.513153 72.906067 -107.041066} bulk_scale_factor 0.1 xhat {0.000000 0.865649 -0.500651} nrm {-0.256783 -0.483864 -0.836623} posId 159
-1.826200 -0.986530 -3.166440
-1.813600 -0.989190 -3.168740
-1.801400 -0.993740 -3.169840
-1.790000 -1.000050 -3.169740
-1.779600 -1.007920 -3.168340
-1.770700 -1.017110 -3.165740
-1.763400 -1.027340 -3.162040
-1.758100 -1.038310 -3.157340
-1.754800 -1.049670 -3.151740
-1.753700 -1.061100 -3.145540
-1.754800 -1.072220 -3.138740
-1.758100 -1.082720 -3.131640
-1.763400 -1.092270 -3.124540
-1.770700 -1.100570 -3.117440
-1.779600 -1.107390 -3.110840
-1.790000 -1.112500 -3.104640
-1.801400 -1.115760 -3.099240
-1.813600 -1.117070 -3.094740
-1.826200 -1.116380 -3.091340
-1.838800 -1.113720 -3.088940
-1.851000 -1.109160 -3.087840
-1.862500 -1.102860 -3.088040
-1.872800 -1.094990 -3.089340
-1.881700 -1.085800 -3.091940
-1.889000 -1.075570 -3.095640
-1.894300 -1.064600 -3.100340
-1.897600 -1.053230 -3.105940
-1.898700 -1.041810 -3.112140
-1.897600 -1.030680 -3.118940
-1.894300 -1.020190 -3.126040
-1.889000 -1.010640 -3.133140
-1.881700 -1.002340 -3.140240
-1.872800 -0.995520 -3.146940
-1.862500 -0.990410 -3.153040
-1.851000 -0.987150 -3.158440
-1.838800 -0.985840 -3.162940

/group/LPICA/177
177
center_x 0.0 radius .75 center_y 0.0 center_x_in_pixels 0 pathId 600 center_y_in_pixels 0 creation_method make_circle shifted_origin {102.251 -83.4206 75.7526} creation_type levelset pos {-120.638515 72.032831 -108.573720} bulk_scale_factor 0.1 xhat {0.000000 0.863290 -0.504708} nrm {0.062833 -0.503711 -0.861584} posId 177
-1.838800 -1.074030 -3.319940
-1.825800 -1.074600 -3.318640
-1.813200 -1.077120 -3.316340
-1.801300 -1.081520 -3.312840
-1.790600 -1.087650 -3.308540
-1.781400 -1.095340 -3.303340
-1.773900 -1.104340 -3.297540
-1.768400 -1.114400 -3.291240
-1.765000 -1.125190 -3.284640
-1.763900 -1.136400 -3.278040
-1.765000 -1.147680 -3.271540
-1.768400 -1.158690 -3.265340
-1.773900 -1.169090 -3.259640
-1.781400 -1.178570 -3.254640
-1.790600 -1.186850 -3.250540
-1.801300 -1.193660 -3.247340
-1.813200 -1.198810 -3.245140
-1.825800 -1.202130 -3.244140
-1.838800 -1.203520 -3.244240
-1.851700 -1.202950 -3.245540
-1.864400 -1.200430 -3.247940
-1.876200 -1.196040 -3.251340
-1.886900 -1.189900 -3.255740
-1.896100 -1.182220 -3.260940
-1.903600 -1.173210 -3.266740
-1.909100 -1.163160 -3.272940
-1.912500 -1.152360 -3.279540
-1.913600 -1.141160 -3.286140
-1.912500 -1.129880 -3.292740
-1.909100 -1.118870 -3.298840
-1.903600 -1.108460 -3.304540
-1.896100 -1.098980 -3.309540
-1.886900 -1.090710 -3.313740
-1.876200 -1.083890 -3.316940
-1.864400 -1.078750 -3.319040
-1.851700 -1.075430 -3.320140

/group/LPICA/208
208
center_x 0.0 radius .75 center_y 0.0 center_x_in_pixels 0 pathId 600 center_y_in_pixels 0 creation_method make_circle shifted_origin {102.251 -83.4206 75.7526} creation_type levelset pos {-120.245430 70.725712 -109.956338} bulk_scale_factor 0.1 xhat {0.000000 0.534346 -0.845266} nrm {0.268105 -0.814320 -0.514784} posId 208
-1.799400 -1.229410 -3.483740
-1.786900 -1.227070 -3.480940
-1.774700 -1.226020 -3.476240
-1.763300 -1.226280 -3.469940
-1.753000 -1.227860 -3.462040
-1.744100 -1.230710 -3.452940
-1.736900 -1.234730 -3.442740
-1.731500 -1.239810 -3.431940
-1.728300 -1.245790 -3.420840
-1.727200 -1.252490 -3.409640
-1.728300 -1.259710 -3.398740
-1.731500 -1.267220 -3.388640
-1.736900 -1.274810 -3.379340
-1.744100 -1.282230 -3.371440
-1.753000 -1.289260 -3.364940
-1.763300 -1.295700 -3.360140
-1.774700 -1.301340 -3.357140
-1.786900 -1.306000 -3.356040
-1.799400 -1.309560 -3.356940
-1.812000 -1.311910 -3.359840
-1.824200 -1.312960 -3.364440
-1.835600 -1.312690 -3.370840
-1.845900 -1.311110 -3.378740
-1.854800 -1.308270 -3.387840
-1.862000 -1.304250 -3.397940
-1.867300 -1.299170 -3.408740
-1.870600 -1.293190 -3.419940
-1.871700 -1.286490 -3.431140
-1.870600 -1.279270 -3.441940
-1.867300 -1.271750 -3.452140
-1.862000 -1.264170 -3.461340
-1.854800 -1.256750 -3.469340
-1.845900 -1.249710 -3.475840
-1.835600 -1.243280 -3.480640
-1.824200 -1.237640 -3.483640
-1.812000 -1.232970 -3.484640

/group/LPICA/239
239
center_x 0.0 radius .75 center_y 0.0 center_x_in_pixels 0 pathId 600 center_y_in_pixels 0 creation_method make_circle shifted_origin {102.251 -83.4206 75.7526} creation_type levelset pos {-118.909309 69.229868 -110.861963} bulk_scale_factor 0.1 translation_in_x -0.05 nrm {0.877273 -0.438433 -0.195365} translation_in_y 0.35 xhat {0.000000 0.407019 -0.913420} posId 239
-1.649000 -1.362540 -3.562340
-1.642800 -1.352560 -3.556640
-1.636700 -1.343820 -3.549040
-1.631000 -1.336580 -3.539840
-1.625900 -1.331050 -3.529140
-1.621500 -1.327400 -3.517440
-1.617900 -1.325750 -3.504940
-1.615200 -1.326150 -3.492140
-1.613600 -1.328570 -3.479440
-1.613000 -1.332960 -3.467140
-1.613600 -1.339180 -3.455640
-1.615200 -1.347030 -3.445240
-1.617900 -1.356280 -3.436440
-1.621500 -1.366650 -3.429340
-1.625900 -1.377820 -3.424140
-1.631000 -1.389450 -3.421140
-1.636700 -1.401190 -3.420340
-1.642800 -1.412690 -3.421740
-1.649000 -1.423590 -3.425340
-1.655300 -1.433560 -3.431040
-1.661300 -1.442300 -3.438640
-1.667000 -1.449550 -3.447940
-1.672200 -1.455080 -3.458640
-1.676600 -1.458720 -3.470340
-1.680200 -1.460370 -3.482840
-1.682900 -1.459980 -3.495640
-1.684500 -1.457550 -3.508340
-1.685000 -1.453160 -3.520640
-1.684500 -1.446950 -3.532140
-1.682900 -1.439100 -3.542440
-1.680200 -1.429850 -3.551340
-1.676600 -1.419480 -3.558440
-1.672200 -1.408310 -3.563540
-1.667000 -1.396670 -3.566640
-1.661300 -1.384930 -3.567440
-1.655300 -1.373440 -3.565940

/group/LPICA/254
254
center_x 0.0 radius .75 center_y 0.0 center_x_in_pixels 0 pathId 600 center_y_in_pixels 0 creation_method make_circle shifted_origin {102.251 -83.4206 75.7526} creation_type levelset pos {-116.973894 68.917557 -110.834676} bulk_scale_factor 0.1 translation_in_x 0.05 nrm {0.978569 0.073519 0.192350} translation_in_y 0.3 xhat {0.000000 0.934095 -0.357026} posId 254
-1.478500 -1.365100 -3.509340
-1.481100 -1.361610 -3.497040
-1.483700 -1.360360 -3.484240
-1.486200 -1.361380 -3.471440
-1.488400 -1.364640 -3.459040
-1.490300 -1.370050 -3.447240
-1.491800 -1.377430 -3.436540
-1.493000 -1.386570 -3.427340
-1.493700 -1.397180 -3.419740
-1.493900 -1.408950 -3.414040
-1.493700 -1.421510 -3.410440
-1.493000 -1.434490 -3.409040
-1.491800 -1.447490 -3.409840
-1.490300 -1.460110 -3.412840
-1.488400 -1.471980 -3.418040
-1.486200 -1.482720 -3.425140
-1.483700 -1.492020 -3.433940
-1.481100 -1.499600 -3.444340
-1.478500 -1.505210 -3.455840
-1.475800 -1.508700 -3.468140
-1.473200 -1.509950 -3.480840
-1.470700 -1.508930 -3.493640
-1.468500 -1.505660 -3.506140
-1.466600 -1.500260 -3.517840
-1.465100 -1.492870 -3.528540
-1.464000 -1.483740 -3.537840
-1.463300 -1.473120 -3.545440
-1.463000 -1.461360 -3.551140
-1.463300 -1.448790 -3.554740
-1.464000 -1.435810 -3.556140
-1.465100 -1.422820 -3.555340
-1.466600 -1.410190 -3.552340
-1.468500 -1.398330 -3.547140
-1.470700 -1.387580 -3.540040
-1.473200 -1.378280 -3.531140
-1.475800 -1.370710 -3.520840

/group/LPICA/272
272
center_x 0.0 radius .75 center_y 0.0 center_x_in_pixels 0 pathId 600 center_y_in_pixels 0 creation_method make_circle shifted_origin {102.251 -83.4206 75.7526} creation_type levelset pos {-114.024613 69.390687 -109.640091} bulk_scale_factor 0.1 translation_in_x -0.2 nrm {0.831618 0.137770 0.537988} translation_in_y 0.0 xhat {0.000000 0.968740 -0.248078} posId 272
-1.177400 -1.349710 -3.402440
-1.184600 -1.348130 -3.391640
-1.191600 -1.348800 -3.380640
-1.198200 -1.351710 -3.369740
-1.204100 -1.356760 -3.359240
-1.209300 -1.363810 -3.349440
-1.213400 -1.372640 -3.340740
-1.216500 -1.382980 -3.333340
-1.218400 -1.394510 -3.327540
-1.219000 -1.406890 -3.323340
-1.218400 -1.419740 -3.321040
-1.216500 -1.432680 -3.320640
-1.213400 -1.445290 -3.322140
-1.209300 -1.457220 -3.325540
-1.204100 -1.468080 -3.330740
-1.198200 -1.477550 -3.337440
-1.191600 -1.485350 -3.345640
-1.184600 -1.491230 -3.354940
-1.177400 -1.495020 -3.365140
-1.170100 -1.496600 -3.375940
-1.163100 -1.495930 -3.386940
-1.156500 -1.493020 -3.397840
-1.150600 -1.487970 -3.408340
-1.145500 -1.480920 -3.418140
-1.141300 -1.472090 -3.426840
-1.138200 -1.461760 -3.434240
-1.136300 -1.450220 -3.440040
-1.135700 -1.437840 -3.444240
-1.136300 -1.424990 -3.446540
-1.138200 -1.412060 -3.446940
-1.141300 -1.399440 -3.445440
-1.145500 -1.387520 -3.442040
-1.150600 -1.376650 -3.436840
-1.156500 -1.367180 -3.430140
-1.163100 -1.359380 -3.421940
-1.170100 -1.353500 -3.412640

/group/LPICA/299
299
center_x 0.0 radius .75 center_y 0.0 center_x_in_pixels 0 pathId 600 center_y_in_pixels 0 creation_method make_circle shifted_origin {102.251 -83.4206 75.7526} creation_type levelset pos {-110.710343 70.091305 -106.784066} bulk_scale_factor 0.1 translation_in_x 0.0 nrm {0.674960 0.235003 0.699431} translation_in_y -0.05 xhat {0.000000 0.947924 -0.318495} posId 299
-0.842200 -1.262910 -3.130240
-0.851900 -1.261190 -3.121540
-0.861200 -1.261680 -3.112340
-0.869900 -1.264370 -3.103040
-0.877800 -1.269180 -3.093840
-0.884600 -1.275960 -3.084940
-0.890200 -1.284490 -3.076740
-0.894200 -1.294540 -3.069440
-0.896700 -1.305780 -3.063240
-0.897600 -1.317880 -3.058340
-0.896700 -1.330470 -3.054940
-0.894200 -1.343170 -3.053040
-0.890200 -1.355590 -3.052840
-0.884600 -1.367350 -3.054240
-0.877800 -1.378100 -3.057240
-0.869900 -1.387510 -3.061640
-0.861200 -1.395300 -3.067440
-0.851900 -1.401220 -3.074440
-0.842200 -1.405100 -3.082440
-0.832600 -1.406820 -3.091140
-0.823300 -1.406330 -3.100340
-0.814600 -1.403640 -3.109640
-0.806700 -1.398830 -3.118940
-0.799900 -1.392050 -3.127740
-0.794300 -1.383510 -3.135940
-0.790200 -1.373470 -3.143240
-0.787700 -1.362230 -3.149440
-0.786900 -1.350130 -3.154340
-0.787700 -1.337540 -3.157740
-0.790200 -1.324840 -3.159640
-0.794300 -1.312420 -3.159840
-0.799900 -1.300660 -3.158440
-0.806700 -1.289910 -3.155440
-0.814600 -1.280500 -3.151040
-0.823300 -1.272710 -3.145240
-0.832600 -1.266790 -3.138240

/group/LPICA/321
321
center_x 0.0 radius .75 center_y 0.0 center_x_in_pixels 0 pathId 600 center_y_in_pixels 0 creation_method make_circle shifted_origin {102.251 -83.4206 75.7526} creation_type levelset pos {-109.273879 70.505217 -104.599909} bulk_scale_factor 0.1 translation_in_x 0.1 nrm {0.366437 0.049509 0.929125} translation_in_y -0.15 xhat {0.000000 0.998583 -0.053210} posId 321
-0.688300 -1.206950 -2.894740
-0.700400 -1.207840 -2.889940
-0.712200 -1.210970 -2.885140
-0.723200 -1.216250 -2.880440
-0.733200 -1.223530 -2.876140
-0.741800 -1.232580 -2.872340
-0.748800 -1.243130 -2.868940
-0.753900 -1.254860 -2.866340
-0.757100 -1.267400 -2.864440
-0.758100 -1.280380 -2.863340
-0.757100 -1.293410 -2.863040
-0.753900 -1.306090 -2.863640
-0.748800 -1.318030 -2.864940
-0.741800 -1.328870 -2.867140
-0.733200 -1.338280 -2.870040
-0.723200 -1.345970 -2.873540
-0.712200 -1.351720 -2.877640
-0.700400 -1.355350 -2.882040
-0.688300 -1.356740 -2.886740
-0.676200 -1.355850 -2.891540
-0.664500 -1.352720 -2.896340
-0.653400 -1.347440 -2.901040
-0.643500 -1.340160 -2.905340
-0.634900 -1.331110 -2.909240
-0.627900 -1.320560 -2.912540
-0.622800 -1.308830 -2.915140
-0.619600 -1.296290 -2.917040
-0.618500 -1.283310 -2.918240
-0.619600 -1.270280 -2.918440
-0.622800 -1.257600 -2.917940
-0.627900 -1.245660 -2.916540
-0.634900 -1.234820 -2.914340
-0.643500 -1.225410 -2.911440
-0.653400 -1.217720 -2.907940
-0.664500 -1.211970 -2.903840
-0.676200 -1.208340 -2.899440

/group/LPICA/356
356
center_x 0.0 radius .75 center_y 0.0 center_x_in_pixels 0 pathId 600 center_y_in_pixels 0 creation_method make_circle shifted_origin {102.251 -83.4206 75.7526} creation_type levelset pos {-108.797293 70.944676 -100.360151} bulk_scale_factor 0.1 xhat {0.000000 0.989541 -0.144255} nrm {-0.172783 0.142085 0.974658} posId 356
-0.654600 -1.173380 -2.471540
-0.667500 -1.174830 -2.473640
-0.679900 -1.178490 -2.475340
-0.691600 -1.184250 -2.476540
-0.702100 -1.191940 -2.477240
-0.711200 -1.201320 -2.477540
-0.718600 -1.212100 -2.477240
-0.724000 -1.223970 -2.476540
-0.727400 -1.236550 -2.475240
-0.728500 -1.249460 -2.473540
-0.727400 -1.262320 -2.471540
-0.724000 -1.274730 -2.469140
-0.718600 -1.286320 -2.466440
-0.711200 -1.296730 -2.463640
-0.702100 -1.305650 -2.460740
-0.691600 -1.312800 -2.457840
-0.679900 -1.317970 -2.454940
-0.667500 -1.321010 -2.452340
-0.654600 -1.321810 -2.449940
-0.641800 -1.320360 -2.447840
-0.629400 -1.316690 -2.446240
-0.617700 -1.310930 -2.444940
-0.607100 -1.303240 -2.444240
-0.598000 -1.293870 -2.443940
-0.590700 -1.283080 -2.444240
-0.585200 -1.271220 -2.445040
-0.581900 -1.258640 -2.446240
-0.580800 -1.245720 -2.447940
-0.581900 -1.232860 -2.450040
-0.585200 -1.220450 -2.452440
-0.590700 -1.208870 -2.455040
-0.598000 -1.198460 -2.457840
-0.607100 -1.189540 -2.460840
-0.617700 -1.182390 -2.463740
-0.629400 -1.177210 -2.466540
-0.641800 -1.174180 -2.469140

/group/LPICA/375
375
center_x 0.0 radius .75 center_y 0.0 center_x_in_pixels 0 pathId 600 center_y_in_pixels 0 creation_method make_circle shifted_origin {102.251 -83.4206 75.7526} creation_type levelset pos {-109.466473 71.341088 -98.062461} bulk_scale_factor 0.1 translation_in_x 0.15 nrm {-0.363969 0.206936 0.908132} translation_in_y -0.05 xhat {0.000000 0.975007 -0.222174} posId 375
-0.716900 -1.119800 -2.249210
-0.729000 -1.121960 -2.253580
-0.740800 -1.126280 -2.257310
-0.751800 -1.132630 -2.260280
-0.761800 -1.140800 -2.262420
-0.770400 -1.150560 -2.263640
-0.777400 -1.161610 -2.263930
-0.782500 -1.173610 -2.263250
-0.785700 -1.186200 -2.261650
-0.786700 -1.198990 -2.259160
-0.785700 -1.211590 -2.255860
-0.782500 -1.223630 -2.251860
-0.777400 -1.234740 -2.247260
-0.770400 -1.244570 -2.242220
-0.761800 -1.252840 -2.236890
-0.751800 -1.259280 -2.231420
-0.740800 -1.263710 -2.225990
-0.729000 -1.265990 -2.220760
-0.716900 -1.266050 -2.215880
-0.704800 -1.263880 -2.211510
-0.693000 -1.259560 -2.207780
-0.682000 -1.253220 -2.204810
-0.672000 -1.245040 -2.202670
-0.663400 -1.235280 -2.201450
-0.656400 -1.224230 -2.201160
-0.651200 -1.212230 -2.201830
-0.648100 -1.199650 -2.203440
-0.647000 -1.186860 -2.205930
-0.648100 -1.174250 -2.209230
-0.651200 -1.162210 -2.213230
-0.656400 -1.151110 -2.217830
-0.663400 -1.141270 -2.222870
-0.672000 -1.133010 -2.228200
-0.682000 -1.126560 -2.233670
-0.693000 -1.122130 -2.239100
-0.704800 -1.119850 -2.244330

/group/LPICA/399
399
center_x 0.0 radius .75 center_y 0.0 center_x_in_pixels 0 pathId 600 center_y_in_pixels 0 creation_method make_circle shifted_origin {102.251 -83.4206 75.7526} creation_type levelset pos {-110.617177 72.151163 -95.718383} bulk_scale_factor 0.1 translation_in_x 0.25 nrm {-0.430891 0.359125 0.827866} translation_in_y 0.0 xhat {0.000000 0.917401 -0.397965} posId 399
-0.836600 -1.035200 -2.036370
-0.848400 -1.038480 -2.041070
-0.859800 -1.043750 -2.044710
-0.870500 -1.050850 -2.047200
-0.880100 -1.059570 -2.048450
-0.888500 -1.069630 -2.048420
-0.895200 -1.080740 -2.047130
-0.900200 -1.092560 -2.044600
-0.903300 -1.104730 -2.040910
-0.904300 -1.116870 -2.036170
-0.903300 -1.128620 -2.030540
-0.900200 -1.139630 -2.024180
-0.895200 -1.149550 -2.017280
-0.888500 -1.158090 -2.010050
-0.880100 -1.164980 -2.002720
-0.870500 -1.170030 -1.995500
-0.859800 -1.173060 -1.988620
-0.848400 -1.174000 -1.982280
-0.836600 -1.172810 -1.976680
-0.824900 -1.169530 -1.971980
-0.813500 -1.164270 -1.968340
-0.802800 -1.157170 -1.965850
-0.793100 -1.148450 -1.964610
-0.784800 -1.138380 -1.964630
-0.778000 -1.127270 -1.965930
-0.773000 -1.115460 -1.968460
-0.770000 -1.103290 -1.972150
-0.768900 -1.091150 -1.976880
-0.770000 -1.079400 -1.982510
-0.773000 -1.068390 -1.988880
-0.778000 -1.058470 -1.995780
-0.784800 -1.049930 -2.003000
-0.793100 -1.043030 -2.010330
-0.802800 -1.037990 -2.017550
-0.813500 -1.034950 -2.024430
-0.824900 -1.034020 -2.030770

/group/LPICA/428
428
center_x 0.0 radius .75 center_y 0.0 center_x_in_pixels 0 pathId 600 center_y_in_pixels 0 creation_method make_circle shifted_origin {102.251 -83.4206 75.7526} creation_type levelset pos {-112.116025 73.523565 -92.514351} bulk_scale_factor 0.1 translation_in_x 0.1 nrm {-0.400113 0.318935 0.859180} translation_in_y 0.0 xhat {0.000000 0.937493 -0.348005} posId 428
-0.986500 -0.910020 -1.705760
-0.998400 -0.912900 -1.710240
-1.010000 -0.917830 -1.713800
-1.020900 -0.924660 -1.716320
-1.030700 -0.933180 -1.717730
-1.039200 -0.943130 -1.717980
-1.046000 -0.954220 -1.717070
-1.051100 -0.966090 -1.715020
-1.054200 -0.978400 -1.711890
-1.055200 -0.990770 -1.707790
-1.054200 -1.002820 -1.702830
-1.051100 -1.014190 -1.697160
-1.046000 -1.024530 -1.690970
-1.039200 -1.033520 -1.684430
-1.030700 -1.040900 -1.677740
-1.020900 -1.046440 -1.671120
-1.010000 -1.049970 -1.664750
-0.998400 -1.051390 -1.658840
-0.986500 -1.050640 -1.653550
-0.974600 -1.047760 -1.649070
-0.963000 -1.042830 -1.645510
-0.952100 -1.036000 -1.642980
-0.942300 -1.027480 -1.641580
-0.933800 -1.017520 -1.641330
-0.927000 -1.006440 -1.642240
-0.921900 -0.994560 -1.644290
-0.918800 -0.982250 -1.647420
-0.917800 -0.969890 -1.651520
-0.918800 -0.957830 -1.656480
-0.921900 -0.946470 -1.662150
-0.927000 -0.936130 -1.668340
-0.933800 -0.927130 -1.674880
-0.942300 -0.919750 -1.681570
-0.952100 -0.914210 -1.688190
-0.963000 -0.910680 -1.694560
-0.974600 -0.909270 -1.700470

/group/LPICA/456
456
center_x 0.0 radius .75 center_y 0.0 center_x_in_pixels 0 pathId 600 center_y_in_pixels 0 creation_method make_circle shifted_origin {102.251 -83.4206 75.7526} creation_type levelset pos {-114.009332 74.412245 -89.419070} bulk_scale_factor 0.1 translation_in_x 0.0 nrm {-0.552366 0.184559 0.812914} translation_in_y -0.1 xhat {0.000000 0.975183 -0.221399} posId 456
-1.167500 -0.826470 -1.377860
-1.178400 -0.829180 -1.384630
-1.188900 -0.834020 -1.390680
-1.198800 -0.840860 -1.395840
-1.207700 -0.849480 -1.399950
-1.215400 -0.859630 -1.402880
-1.221600 -0.870990 -1.404550
-1.226200 -0.883220 -1.404900
-1.229100 -0.895940 -1.403930
-1.230000 -0.908790 -1.401660
-1.229100 -0.921350 -1.398160
-1.226200 -0.933250 -1.393540
-1.221600 -0.944130 -1.387950
-1.215400 -0.953650 -1.381530
-1.207700 -0.961540 -1.374510
-1.198800 -0.967540 -1.367080
-1.188900 -0.971480 -1.359470
-1.178400 -0.973230 -1.351920
-1.167500 -0.972750 -1.344660
-1.156600 -0.970050 -1.337890
-1.146100 -0.965200 -1.331840
-1.136200 -0.958370 -1.326680
-1.127300 -0.949740 -1.322570
-1.119600 -0.939600 -1.319640
-1.113400 -0.928240 -1.317970
-1.108700 -0.916010 -1.317620
-1.105900 -0.903280 -1.318590
-1.105000 -0.890440 -1.320860
-1.105900 -0.877880 -1.324360
-1.108700 -0.865980 -1.328980
-1.113400 -0.855100 -1.334580
-1.119600 -0.845570 -1.340990
-1.127300 -0.837690 -1.348010
-1.136200 -0.831690 -1.355440
-1.146100 -0.827750 -1.363050
-1.156600 -0.825990 -1.370600

/group/LPICA/473
473
center_x 0.0 radius .75 center_y 0.0 center_x_in_pixels 0 pathId 600 center_y_in_pixels 0 creation_method make_circle shifted_origin {102.251 -83.4206 75.7526} creation_type levelset pos {-115.129073 74.708998 -88.214640} bulk_scale_factor 0.1 xhat {0.000000 0.938376 -0.345615} nrm {-0.871571 0.169444 0.460056} posId 473
-1.287800 -0.800780 -1.272130
-1.294200 -0.805770 -1.282380
-1.300400 -0.812750 -1.291540
-1.306200 -0.821510 -1.299320
-1.311400 -0.831770 -1.305490
-1.316000 -0.843230 -1.309860
-1.319700 -0.855540 -1.312290
-1.322400 -0.868320 -1.312710
-1.324000 -0.881190 -1.311110
-1.324600 -0.893750 -1.307540
-1.324000 -0.905630 -1.302110
-1.322400 -0.916460 -1.294980
-1.319700 -0.925910 -1.286360
-1.316000 -0.933710 -1.276530
-1.311400 -0.939590 -1.265780
-1.306200 -0.943410 -1.254430
-1.300400 -0.945020 -1.242830
-1.294200 -0.944390 -1.231330
-1.287800 -0.941540 -1.220280
-1.281400 -0.936550 -1.210030
-1.275200 -0.929570 -1.200870
-1.269400 -0.920810 -1.193090
-1.264200 -0.910550 -1.186920
-1.259600 -0.899090 -1.182550
-1.256000 -0.886780 -1.180120
-1.253300 -0.874000 -1.179700
-1.251600 -0.861130 -1.181300
-1.251000 -0.848570 -1.184860
-1.251600 -0.836690 -1.190300
-1.253300 -0.825860 -1.197430
-1.256000 -0.816410 -1.206040
-1.259600 -0.808620 -1.215880
-1.264200 -0.802730 -1.226630
-1.269400 -0.798920 -1.237980
-1.275200 -0.797300 -1.249580
-1.281400 -0.797930 -1.261080

/group/LPICA/495
495
center_x 0.0 radius .75 center_y 0.0 center_x_in_pixels 0 pathId 600 center_y_in_pixels 0 creation_method make_circle shifted_origin {102.251 -83.4206 75.7526} creation_type levelset pos {-117.424132 75.072802 -87.954514} bulk_scale_factor 0.1 translation_in_x -0.05 nrm {-0.985445 0.149851 -0.080274} translation_in_y -0.1 xhat {0.000000 0.472204 0.881489} posId 495
-1.519000 -0.810410 -1.153830
-1.516800 -0.799640 -1.160900
-1.514700 -0.790270 -1.169760
-1.512600 -0.782580 -1.180140
-1.510800 -0.776820 -1.191730
-1.509200 -0.773160 -1.204180
-1.508000 -0.771700 -1.217110
-1.507000 -0.772490 -1.230130
-1.506500 -0.775520 -1.242830
-1.506300 -0.780680 -1.254850
-1.506500 -0.787820 -1.265800
-1.507000 -0.796720 -1.275350
-1.508000 -0.807110 -1.283230
-1.509200 -0.818690 -1.289180
-1.510800 -0.831080 -1.293020
-1.512600 -0.843920 -1.294650
-1.514700 -0.856820 -1.294010
-1.516800 -0.869390 -1.291110
-1.519000 -0.881240 -1.286060
-1.521200 -0.892020 -1.278990
-1.523400 -0.901390 -1.270130
-1.525400 -0.909070 -1.259750
-1.527200 -0.914830 -1.248160
-1.528800 -0.918500 -1.235710
-1.530100 -0.919960 -1.222780
-1.531000 -0.919160 -1.209760
-1.531600 -0.916140 -1.197060
-1.531800 -0.910980 -1.185050
-1.531600 -0.903840 -1.174100
-1.531000 -0.894940 -1.164540
-1.530100 -0.884540 -1.156670
-1.528800 -0.872970 -1.150710
-1.527200 -0.860570 -1.146870
-1.525400 -0.847730 -1.145240
-1.523400 -0.834830 -1.145880
-1.521200 -0.822260 -1.148780

/group/LPICA/521
521
center_x 0.0 radius .75 center_y 0.0 center_x_in_pixels 0 pathId 600 center_y_in_pixels 0 creation_method make_circle shifted_origin {102.251 -83.4206 75.7526} creation_type levelset pos {-118.981520 75.552995 -88.534228} bulk_scale_factor 0.1 xhat {0.000000 0.792067 0.610434} nrm {-0.758004 0.398155 -0.516625} posId 521
-1.673100 -0.727360 -1.232380
-1.664600 -0.722230 -1.240900
-1.656300 -0.719070 -1.250540
-1.648600 -0.717960 -1.261030
-1.641600 -0.718950 -1.272040
-1.635600 -0.721990 -1.283230
-1.630700 -0.727000 -1.294270
-1.627100 -0.733830 -1.304820
-1.624900 -0.742270 -1.314560
-1.624100 -0.752060 -1.323190
-1.624900 -0.762900 -1.330460
-1.627100 -0.774470 -1.336140
-1.630700 -0.786410 -1.340050
-1.635600 -0.798360 -1.342090
-1.641600 -0.809960 -1.342180
-1.648600 -0.820850 -1.340330
-1.656300 -0.830710 -1.336590
-1.664600 -0.839240 -1.331070
-1.673100 -0.846170 -1.323950
-1.681500 -0.851290 -1.315430
-1.689800 -0.854450 -1.305780
-1.697500 -0.855560 -1.295300
-1.704500 -0.854570 -1.284290
-1.710500 -0.851530 -1.273100
-1.715400 -0.846520 -1.262060
-1.719000 -0.839690 -1.251510
-1.721200 -0.831250 -1.241770
-1.722000 -0.821460 -1.233130
-1.721200 -0.810620 -1.225870
-1.719000 -0.799050 -1.220190
-1.715400 -0.787110 -1.216280
-1.710500 -0.775160 -1.214240
-1.704500 -0.763560 -1.214150
-1.697500 -0.752670 -1.216000
-1.689800 -0.742810 -1.219740
-1.681500 -0.734280 -1.225260

/group/LPICA/551
551
center_x 0.0 radius .75 center_y 0.0 center_x_in_pixels 0 pathId 600 center_y_in_pixels 0 creation_method make_circle shifted_origin {102.251 -83.4206 75.7526} creation_type levelset pos {-121.005743 77.282173 -90.450995} bulk_scale_factor 0.1 xhat {0.000000 0.674128 0.738615} nrm {-0.444542 0.661620 -0.603855} posId 551
-1.875500 -0.563280 -1.414440
-1.863800 -0.559770 -1.419190
-1.852500 -0.557910 -1.425470
-1.841900 -0.557740 -1.433100
-1.832300 -0.559280 -1.441850
-1.824000 -0.562480 -1.451450
-1.817300 -0.567240 -1.461610
-1.812300 -0.573410 -1.472010
-1.809300 -0.580810 -1.482350
-1.808300 -0.589220 -1.492320
-1.809300 -0.598370 -1.501590
-1.812300 -0.607990 -1.509910
-1.817300 -0.617800 -1.517000
-1.824000 -0.627480 -1.522660
-1.832300 -0.636740 -1.526720
-1.841900 -0.645320 -1.529050
-1.852500 -0.652930 -1.529580
-1.863800 -0.659360 -1.528300
-1.875500 -0.664400 -1.525240
-1.887100 -0.667910 -1.520490
-1.898500 -0.669780 -1.514210
-1.909100 -0.669940 -1.506580
-1.918700 -0.668400 -1.497830
-1.926900 -0.665210 -1.488230
-1.933700 -0.660450 -1.478070
-1.938600 -0.654280 -1.467670
-1.941600 -0.646870 -1.457320
-1.942700 -0.638470 -1.447360
-1.941600 -0.629320 -1.438090
-1.938600 -0.619690 -1.429770
-1.933700 -0.609890 -1.422680
-1.926900 -0.600210 -1.417010
-1.918700 -0.590940 -1.412960
-1.909100 -0.582370 -1.410630
-1.898500 -0.574750 -1.410100
-1.887100 -0.568330 -1.411380

/group/LPICA/561
561
center_x 0.0 radius .75 center_y 0.0 center_x_in_pixels 0 pathId 600 center_y_in_pixels 0 creation_method make_circle shifted_origin {102.251 -83.4206 75.7526} creation_type levelset pos {-121.425136 77.945468 -90.991221} bulk_scale_factor 0.1 xhat {0.000000 0.573960 0.818883} nrm {-0.453277 0.729927 -0.511611} posId 561
-1.917400 -0.504470 -1.462450
-1.905800 -0.500290 -1.466770
-1.894500 -0.497540 -1.472820
-1.884000 -0.496310 -1.480430
-1.874400 -0.496640 -1.489360
-1.866200 -0.498520 -1.499330
-1.859500 -0.501880 -1.510050
-1.854600 -0.506630 -1.521190
-1.851600 -0.512620 -1.532410
-1.850600 -0.519670 -1.543370
-1.851600 -0.527570 -1.553740
-1.854600 -0.536080 -1.563200
-1.859500 -0.544930 -1.571470
-1.866200 -0.553860 -1.578290
-1.874400 -0.562590 -1.583450
-1.884000 -0.570870 -1.586810
-1.894500 -0.578440 -1.588250
-1.905800 -0.585070 -1.587730
-1.917400 -0.590560 -1.585280
-1.929000 -0.594740 -1.580960
-1.940300 -0.597490 -1.574900
-1.950800 -0.598710 -1.567290
-1.960400 -0.598380 -1.558370
-1.968600 -0.596510 -1.548390
-1.975300 -0.593150 -1.537670
-1.980200 -0.588400 -1.526530
-1.983300 -0.582400 -1.515310
-1.984300 -0.575350 -1.504350
-1.983300 -0.567450 -1.493980
-1.980200 -0.558950 -1.484520
-1.975300 -0.550100 -1.476260
-1.968600 -0.541170 -1.469440
-1.960400 -0.532430 -1.464270
-1.950800 -0.524150 -1.460920
-1.940300 -0.516580 -1.459480
-1.929000 -0.509950 -1.459990

