/group/LVA/465
465
num_smooth_modes 4 num_subsample_pts 28 pathId 100 creation_method hand_drawn creation_type levelset shifted_origin {102.251 -83.4206 75.7526} pos {-133.297357 85.663982 -124.120329} bulk_scale_factor 0.1 xhat {0.000000 0.999850 -0.017331} nrm {0.045231 0.017313 0.998827} posId 465 num_hand_picked_pts 11
-2.923200 0.276270 -4.845940
-2.941300 0.313060 -4.845740
-2.966000 0.345730 -4.845140
-2.996100 0.373380 -4.844240
-3.030300 0.395220 -4.843140
-3.067700 0.410340 -4.841640
-3.107000 0.417660 -4.840040
-3.146900 0.416080 -4.838140
-3.185300 0.404870 -4.836240
-3.219900 0.384070 -4.834340
-3.248300 0.354720 -4.832540
-3.268500 0.318820 -4.830940
-3.279200 0.279060 -4.829840
-3.280000 0.238280 -4.829040
-3.271200 0.199010 -4.828740
-3.254000 0.163090 -4.828940
-3.229600 0.131700 -4.829540
-3.199400 0.105460 -4.830440
-3.164400 0.084900 -4.831640
-3.125900 0.070660 -4.833140
-3.085200 0.063660 -4.834840
-3.044100 0.064920 -4.836740
-3.004800 0.075250 -4.838740
-2.969900 0.094770 -4.840640
-2.941700 0.122710 -4.842440
-2.922200 0.157330 -4.843840
-2.912700 0.196210 -4.844940
-2.913200 0.236680 -4.845640

/group/LVA/489
489
num_smooth_modes 4 num_subsample_pts 28 pathId 100 creation_method hand_drawn creation_type levelset shifted_origin {102.251 -83.4206 75.7526} pos {-133.496563 85.954751 -121.625676} bulk_scale_factor 0.1 xhat {0.000000 0.996830 -0.079562} nrm {-0.309009 0.075668 0.948044} posId 489 num_hand_picked_pts 12
-2.961200 0.182790 -4.528440
-2.960400 0.224700 -4.531540
-2.967800 0.266040 -4.537240
-2.982800 0.304630 -4.545140
-3.004500 0.338660 -4.554940
-3.032300 0.366680 -4.566240
-3.065300 0.387560 -4.578740
-3.102200 0.400420 -4.591740
-3.141500 0.404560 -4.604840
-3.181000 0.399540 -4.617340
-3.218400 0.385270 -4.628440
-3.251400 0.362200 -4.637340
-3.278000 0.331420 -4.643540
-3.296800 0.294640 -4.646740
-3.307100 0.254050 -4.646840
-3.308800 0.212080 -4.644040
-3.302200 0.171130 -4.638640
-3.287700 0.133280 -4.630940
-3.266100 0.100200 -4.621240
-3.238000 0.073150 -4.609940
-3.204400 0.053070 -4.597340
-3.166600 0.040680 -4.584040
-3.126500 0.036590 -4.570640
-3.086200 0.041230 -4.557840
-3.048300 0.054770 -4.546640
-3.015200 0.076880 -4.537540
-2.988900 0.106690 -4.531340
-2.970700 0.142670 -4.528340

/group/LVA/516
516
num_smooth_modes 4 num_subsample_pts 33 pathId 100 creation_method hand_drawn creation_type levelset shifted_origin {102.251 -83.4206 75.7526} pos {-136.385658 84.348153 -117.347797} bulk_scale_factor 0.1 xhat {0.000000 0.723975 0.689826} nrm {-0.609726 -0.546765 0.573832} posId 516 num_hand_picked_pts 13
-3.268500 0.089780 -4.008340
-3.281400 0.124160 -3.989340
-3.299400 0.158610 -3.975640
-3.322000 0.191870 -3.967840
-3.348400 0.222770 -3.966540
-3.377800 0.250170 -3.971640
-3.409100 0.273090 -3.983040
-3.441200 0.290660 -4.000440
-3.472700 0.302190 -4.022940
-3.502500 0.307230 -4.049740
-3.529400 0.305580 -4.079940
-3.552400 0.297330 -4.112240
-3.570900 0.282830 -4.145740
-3.584200 0.262690 -4.179040
-3.592100 0.237770 -4.211140
-3.594300 0.209040 -4.240840
-3.590800 0.177600 -4.267140
-3.581600 0.144580 -4.288840
-3.567000 0.111100 -4.305140
-3.547200 0.078260 -4.315440
-3.522700 0.047110 -4.319140
-3.494400 0.018660 -4.316140
-3.463300 -0.006150 -4.306640
-3.430500 -0.026460 -4.291240
-3.397500 -0.041480 -4.270440
-3.365600 -0.050590 -4.245240
-3.336200 -0.053340 -4.216640
-3.310500 -0.049530 -4.185740
-3.289400 -0.039210 -4.153440
-3.273600 -0.022700 -4.120940
-3.263600 -0.000620 -4.089240
-3.259400 0.026190 -4.059240
-3.261100 0.056710 -4.031940

/group/LVA/527
527
num_smooth_modes 4 num_subsample_pts 34 pathId 100 creation_method hand_drawn creation_type levelset shifted_origin {102.251 -83.4206 75.7526} pos {-138.141509 82.358069 -116.333474} bulk_scale_factor 0.1 xhat {0.000000 0.130160 0.991493} nrm {-0.573041 -0.812555 0.106670} posId 527 num_hand_picked_pts 12
-3.481200 -0.167850 -3.947640
-3.497700 -0.151910 -3.915240
-3.520300 -0.132470 -3.888640
-3.548400 -0.110110 -3.868940
-3.580600 -0.085820 -3.856840
-3.615200 -0.060900 -3.853040
-3.650200 -0.036780 -3.857340
-3.683700 -0.014770 -3.869540
-3.714000 0.004070 -3.888940
-3.740100 0.019110 -3.914740
-3.761600 0.030150 -3.945940
-3.778400 0.037300 -3.981540
-3.790700 0.040900 -4.020540
-3.798900 0.041290 -4.061740
-3.803100 0.038670 -4.103940
-3.803000 0.033050 -4.146140
-3.798000 0.024250 -4.186640
-3.787700 0.012060 -4.224240
-3.771600 -0.003630 -4.257240
-3.749700 -0.022660 -4.284340
-3.722400 -0.044510 -4.304340
-3.691000 -0.068240 -4.316340
-3.657100 -0.092640 -4.319940
-3.622500 -0.116360 -4.315040
-3.589300 -0.138120 -4.302040
-3.558900 -0.156910 -4.281840
-3.532400 -0.172100 -4.255240
-3.510300 -0.183470 -4.223440
-3.492800 -0.191090 -4.187440
-3.479700 -0.195240 -4.148440
-3.470700 -0.196170 -4.107440
-3.466000 -0.194020 -4.065640
-3.465800 -0.188730 -4.024140
-3.470600 -0.180080 -3.984340

/group/LVA/547
547
num_smooth_modes 4 num_subsample_pts 32 pathId 100 creation_method hand_drawn creation_type levelset shifted_origin {102.251 -83.4206 75.7526} pos {-140.220620 77.438220 -117.360529} bulk_scale_factor 0.1 xhat {0.000000 0.272982 -0.962019} nrm {-0.130435 -0.953800 -0.270650} posId 547 num_hand_picked_pts 12
-3.972900 -0.546650 -4.257840
-3.961400 -0.537470 -4.295640
-3.942900 -0.530040 -4.330740
-3.917600 -0.524680 -4.361840
-3.886100 -0.521610 -4.387840
-3.849600 -0.521010 -4.407540
-3.809700 -0.522940 -4.420040
-3.768400 -0.527330 -4.424440
-3.727800 -0.533990 -4.420540
-3.689900 -0.542650 -4.408340
-3.656300 -0.552900 -4.388340
-3.628300 -0.564320 -4.361640
-3.606400 -0.576450 -4.329440
-3.591100 -0.588840 -4.293140
-3.582400 -0.601040 -4.254340
-3.580400 -0.612640 -4.214440
-3.585200 -0.623240 -4.174740
-3.596900 -0.632470 -4.136540
-3.615500 -0.639970 -4.101140
-3.640700 -0.645430 -4.069740
-3.672000 -0.648590 -4.043540
-3.708200 -0.649280 -4.023640
-3.747800 -0.647420 -4.011140
-3.788800 -0.643060 -4.006840
-3.829100 -0.636380 -4.010940
-3.866800 -0.627680 -4.023340
-3.900300 -0.617350 -4.043640
-3.928400 -0.605830 -4.070640
-3.950500 -0.593600 -4.103140
-3.966100 -0.581130 -4.139540
-3.975100 -0.568860 -4.178440
-3.977400 -0.557240 -4.218340

/group/LVA/559
559
num_smooth_modes 4 num_subsample_pts 31 pathId 100 creation_method hand_drawn creation_type levelset shifted_origin {102.251 -83.4206 75.7526} pos {-140.026195 74.700887 -117.927707} bulk_scale_factor 0.1 xhat {0.000000 0.099823 -0.995005} nrm {0.311384 -0.945538 -0.094860} posId 559 num_hand_picked_pts 13
-3.913500 -0.909970 -4.285240
-3.901900 -0.902210 -4.324340
-3.883300 -0.892530 -4.359840
-3.858500 -0.881300 -4.390340
-3.828300 -0.868890 -4.414840
-3.793800 -0.855730 -4.432740
-3.756100 -0.842250 -4.443540
-3.716800 -0.828970 -4.446940
-3.677500 -0.816440 -4.442540
-3.639800 -0.805250 -4.430340
-3.605500 -0.795950 -4.410440
-3.576200 -0.789020 -4.383340
-3.553100 -0.784780 -4.350040
-3.537300 -0.783400 -4.312040
-3.529300 -0.784850 -4.271040
-3.529100 -0.788970 -4.229240
-3.536500 -0.795500 -4.188740
-3.551200 -0.804110 -4.151240
-3.572600 -0.814450 -4.118240
-3.600000 -0.826180 -4.091040
-3.632300 -0.838920 -4.070240
-3.668600 -0.852270 -4.056340
-3.707500 -0.865740 -4.049640
-3.747400 -0.878810 -4.050540
-3.786600 -0.890870 -4.058940
-3.823300 -0.901340 -4.074940
-3.855700 -0.909660 -4.098340
-3.882200 -0.915410 -4.128240
-3.901800 -0.918310 -4.163640
-3.913700 -0.918290 -4.202840
-3.917600 -0.915430 -4.244040

/group/LVA/570
570
num_smooth_modes 4 num_subsample_pts 30 pathId 100 creation_method hand_drawn creation_type levelset shifted_origin {102.251 -83.4206 75.7526} pos {-138.895085 72.832761 -117.976146} bulk_scale_factor 0.1 xhat {0.000000 0.032420 0.999474} nrm {0.707160 -0.706682 0.022923} posId 570 num_hand_picked_pts 12
-3.500900 -0.893070 -4.158540
-3.516500 -0.907600 -4.123940
-3.536600 -0.926730 -4.094640
-3.560500 -0.949860 -4.071140
-3.587400 -0.976290 -4.054140
-3.616500 -1.005090 -4.043840
-3.646600 -1.035070 -4.040940
-3.676100 -1.064790 -4.045940
-3.703600 -1.092660 -4.059340
-3.727300 -1.117160 -4.080940
-3.746200 -1.136950 -4.110340
-3.759100 -1.151090 -4.146040
-3.765800 -1.159060 -4.186040
-3.766200 -1.160810 -4.228140
-3.760600 -1.156600 -4.269840
-3.749600 -1.146880 -4.309040
-3.733800 -1.132200 -4.344340
-3.713800 -1.113110 -4.374340
-3.690100 -1.090190 -4.398440
-3.663500 -1.064120 -4.416040
-3.634800 -1.035750 -4.426540
-3.605200 -1.006210 -4.429440
-3.576000 -0.976860 -4.424140
-3.548800 -0.949210 -4.410240
-3.525100 -0.924770 -4.387940
-3.506200 -0.904860 -4.357840
-3.493000 -0.890430 -4.321640
-3.485900 -0.882060 -4.281140
-3.485100 -0.879860 -4.238940
-3.490200 -0.883660 -4.197440

/group/LVA/589
589
num_smooth_modes 4 num_subsample_pts 29 pathId 100 creation_method hand_drawn creation_type levelset shifted_origin {102.251 -83.4206 75.7526} pos {-135.822727 71.417390 -117.933556} bulk_scale_factor 0.1 xhat {0.000000 0.172225 -0.985058} nrm {0.988596 -0.148342 -0.025936} posId 589 num_hand_picked_pts 12
-3.381800 -1.341250 -4.349940
-3.378500 -1.314200 -4.380040
-3.374100 -1.280750 -4.402940
-3.368700 -1.242410 -4.417840
-3.362700 -1.201300 -4.424040
-3.356400 -1.159920 -4.421240
-3.350300 -1.120800 -4.409640
-3.344500 -1.086140 -4.389740
-3.339500 -1.057520 -4.362240
-3.335400 -1.035850 -4.328340
-3.332200 -1.021460 -4.289640
-3.330100 -1.014400 -4.247940
-3.329000 -1.014630 -4.205340
-3.329000 -1.022240 -4.164040
-3.330300 -1.037360 -4.126140
-3.332800 -1.059980 -4.093440
-3.336600 -1.089720 -4.067540
-3.341500 -1.125520 -4.049340
-3.347300 -1.165630 -4.039640
-3.353600 -1.207660 -4.038640
-3.360000 -1.248980 -4.046240
-3.366100 -1.287030 -4.062140
-3.371600 -1.319730 -4.085640
-3.376300 -1.345680 -4.115840
-3.380000 -1.364140 -4.151540
-3.382700 -1.374880 -4.191140
-3.384200 -1.377920 -4.232840
-3.384600 -1.373310 -4.274540
-3.383800 -1.361060 -4.314240

/group/LVA/610
610
num_smooth_modes 4 num_subsample_pts 30 pathId 100 creation_method hand_drawn creation_type levelset shifted_origin {102.251 -83.4206 75.7526} pos {-132.684753 71.120122 -118.245505} bulk_scale_factor 0.1 xhat {0.000000 0.835364 -0.549698} nrm {0.980376 -0.108365 -0.164680} posId 610 num_hand_picked_pts 13
-3.087600 -1.296090 -4.468840
-3.083500 -1.256130 -4.470740
-3.077900 -1.217320 -4.463440
-3.071300 -1.180960 -4.447540
-3.063700 -1.147950 -4.424440
-3.055600 -1.119010 -4.395340
-3.047300 -1.094910 -4.361740
-3.039100 -1.076620 -4.324840
-3.031300 -1.065300 -4.285840
-3.024300 -1.062130 -4.245940
-3.018300 -1.067980 -4.206740
-3.013800 -1.083130 -4.169740
-3.010900 -1.107080 -4.136840
-3.009800 -1.138470 -4.109840
-3.010700 -1.175330 -4.090440
-3.013300 -1.215350 -4.079740
-3.017500 -1.256270 -4.078040
-3.023100 -1.296150 -4.085340
-3.029800 -1.333510 -4.100640
-3.037300 -1.367280 -4.122940
-3.045300 -1.396600 -4.151040
-3.053400 -1.420640 -4.183740
-3.061500 -1.438430 -4.219940
-3.069100 -1.448910 -4.258540
-3.076000 -1.451040 -4.298340
-3.081900 -1.444130 -4.337940
-3.086500 -1.428070 -4.375540
-3.089400 -1.403550 -4.409340
-3.090600 -1.372000 -4.437240
-3.090000 -1.335430 -4.457440

/group/LVA/635
635
num_smooth_modes 4 num_subsample_pts 30 pathId 100 creation_method hand_drawn creation_type levelset shifted_origin {102.251 -83.4206 75.7526} pos {-129.353172 70.667537 -118.266239} bulk_scale_factor 0.1 xhat {0.000000 0.854567 0.519341} nrm {0.975594 -0.114038 0.187648} posId 635 num_hand_picked_pts 13
-2.659200 -1.133820 -4.430740
-2.663600 -1.113530 -4.395640
-2.669200 -1.100060 -4.357940
-2.675900 -1.092660 -4.318840
-2.683300 -1.090650 -4.279040
-2.691400 -1.093790 -4.238940
-2.700100 -1.102400 -4.198940
-2.709200 -1.117170 -4.160540
-2.718400 -1.138670 -4.125740
-2.727200 -1.166910 -4.097240
-2.734900 -1.200920 -4.077840
-2.740900 -1.238770 -4.069440
-2.744800 -1.277780 -4.073040
-2.746300 -1.315120 -4.088040
-2.745400 -1.348310 -4.112740
-2.742500 -1.375740 -4.144440
-2.738000 -1.396780 -4.180540
-2.732400 -1.411550 -4.219040
-2.725800 -1.420590 -4.258340
-2.718700 -1.424310 -4.298040
-2.710900 -1.422630 -4.337640
-2.702500 -1.414980 -4.376640
-2.693600 -1.400530 -4.413940
-2.684500 -1.378620 -4.447640
-2.675800 -1.349330 -4.475240
-2.668000 -1.313810 -4.494140
-2.661800 -1.274260 -4.502440
-2.657700 -1.233630 -4.499240
-2.655900 -1.195050 -4.484940
-2.656500 -1.161210 -4.461340

/group/LVA/657
657
num_smooth_modes 4 num_subsample_pts 31 pathId 100 creation_method hand_drawn creation_type levelset shifted_origin {102.251 -83.4206 75.7526} pos {-125.579845 70.624239 -116.898613} bulk_scale_factor 0.1 xhat {0.000000 0.973210 -0.229919} nrm {0.882728 0.108035 0.457295} posId 657 num_hand_picked_pts 12
-2.227500 -1.212390 -4.333940
-2.238300 -1.175290 -4.321840
-2.252100 -1.142070 -4.302940
-2.268400 -1.114050 -4.278240
-2.286300 -1.092360 -4.248840
-2.305000 -1.077920 -4.216040
-2.323800 -1.071400 -4.181340
-2.341900 -1.073150 -4.145940
-2.358600 -1.083170 -4.111240
-2.373500 -1.101070 -4.078440
-2.385900 -1.126060 -4.048640
-2.395400 -1.157000 -4.022940
-2.401600 -1.192460 -4.002540
-2.404300 -1.230840 -3.988340
-2.403100 -1.270490 -3.981140
-2.398100 -1.309780 -3.981640
-2.389300 -1.347200 -3.989840
-2.377000 -1.381380 -4.005440
-2.361700 -1.411130 -4.027840
-2.344300 -1.435370 -4.055840
-2.325400 -1.453200 -4.088040
-2.306000 -1.463880 -4.122940
-2.287000 -1.466860 -4.158940
-2.269100 -1.461880 -4.194740
-2.253000 -1.448960 -4.228840
-2.239300 -1.428540 -4.260140
-2.228400 -1.401380 -4.287540
-2.220800 -1.368640 -4.309840
-2.216800 -1.331730 -4.326340
-2.216500 -1.292250 -4.336240
-2.220100 -1.251920 -4.338840

/group/LVA/676
676
num_smooth_modes 4 num_subsample_pts 32 pathId 100 creation_method hand_drawn creation_type levelset shifted_origin {102.251 -83.4206 75.7526} pos {-122.680468 71.572755 -115.024252} bulk_scale_factor 0.1 xhat {0.000000 0.764450 -0.644682} nrm {0.681805 0.471607 0.559222} posId 676 num_hand_picked_pts 11
-1.890600 -1.199860 -4.100240
-1.905500 -1.164120 -4.112140
-1.925500 -1.129040 -4.117340
-1.949800 -1.095940 -4.115640
-1.977400 -1.066090 -4.107140
-2.007100 -1.040730 -4.092340
-2.037500 -1.020930 -4.071940
-2.067300 -1.007580 -4.046940
-2.095200 -1.001290 -4.018240
-2.120100 -1.002360 -3.986940
-2.141200 -1.010760 -3.954140
-2.157900 -1.026080 -3.920840
-2.169900 -1.047660 -3.888040
-2.176900 -1.074530 -3.856840
-2.178600 -1.105560 -3.828640
-2.175000 -1.139490 -3.804340
-2.166000 -1.175020 -3.785340
-2.151800 -1.210810 -3.772440
-2.132700 -1.245550 -3.766540
-2.109300 -1.277970 -3.767740
-2.082400 -1.306900 -3.776040
-2.053200 -1.331260 -3.791140
-2.023000 -1.350110 -3.812140
-1.993000 -1.362720 -3.837940
-1.964700 -1.368570 -3.867540
-1.939100 -1.367450 -3.899740
-1.917100 -1.359400 -3.933340
-1.899500 -1.344750 -3.967140
-1.886800 -1.324090 -4.000140
-1.879300 -1.298230 -4.031040
-1.877400 -1.268140 -4.058740
-1.881100 -1.234950 -4.082140

/group/LVA/699
699
num_smooth_modes 4 num_subsample_pts 31 pathId 100 creation_method hand_drawn creation_type levelset shifted_origin {102.251 -83.4206 75.7526} pos {-120.928400 74.154046 -112.709384} bulk_scale_factor 0.1 xhat {0.000000 0.660137 -0.751146} nrm {0.233089 0.730456 0.641953} posId 699 num_hand_picked_pts 13
-1.689600 -0.892310 -3.799440
-1.704700 -0.863600 -3.826640
-1.727300 -0.835910 -3.849940
-1.756800 -0.810770 -3.867840
-1.791900 -0.789880 -3.878840
-1.830500 -0.774750 -3.882040
-1.870100 -0.766470 -3.877140
-1.908300 -0.765460 -3.864340
-1.943200 -0.771480 -3.844840
-1.973400 -0.783690 -3.820040
-1.998400 -0.800930 -3.791340
-2.018100 -0.821960 -3.760240
-2.032800 -0.845700 -3.727840
-2.042500 -0.871360 -3.695140
-2.046700 -0.898350 -3.662940
-2.044800 -0.926150 -3.631940
-2.035800 -0.954130 -3.603440
-2.019000 -0.981380 -3.578440
-1.994300 -1.006680 -3.558640
-1.962300 -1.028590 -3.545340
-1.924800 -1.045690 -3.539540
-1.884100 -1.056810 -3.541640
-1.842900 -1.061300 -3.551440
-1.803900 -1.059100 -3.568140
-1.768900 -1.050710 -3.590440
-1.739400 -1.037020 -3.616740
-1.715800 -1.019090 -3.645640
-1.698200 -0.997850 -3.676240
-1.686600 -0.974060 -3.707540
-1.681100 -0.948230 -3.738940
-1.681900 -0.920800 -3.769840

/group/LVA/719
719
num_smooth_modes 4 num_subsample_pts 30 pathId 100 creation_method hand_drawn creation_type levelset shifted_origin {102.251 -83.4206 75.7526} pos {-120.305222 76.792095 -110.104588} bulk_scale_factor 0.1 xhat {0.000000 0.732826 -0.680417} nrm {0.163678 0.671240 0.722943} posId 719 num_hand_picked_pts 12
-1.624400 -0.595750 -3.538440
-1.645700 -0.567240 -3.560140
-1.674500 -0.542000 -3.577040
-1.709500 -0.521740 -3.587940
-1.748600 -0.507900 -3.591940
-1.789400 -0.501450 -3.588740
-1.829200 -0.502650 -3.578540
-1.865900 -0.511080 -3.562440
-1.898000 -0.525810 -3.541440
-1.924600 -0.545660 -3.517040
-1.945500 -0.569450 -3.490240
-1.960400 -0.596170 -3.462040
-1.969300 -0.625010 -3.433240
-1.971600 -0.655280 -3.404640
-1.966900 -0.686160 -3.377040
-1.954400 -0.716580 -3.351540
-1.934000 -0.745150 -3.329640
-1.906100 -0.770200 -3.312740
-1.871900 -0.790080 -3.302040
-1.833300 -0.803390 -3.298440
-1.792900 -0.809260 -3.302140
-1.752900 -0.807530 -3.312740
-1.715800 -0.798710 -3.329340
-1.682900 -0.783790 -3.350640
-1.655400 -0.764000 -3.375240
-1.633600 -0.740510 -3.402040
-1.617900 -0.714260 -3.429940
-1.608700 -0.685980 -3.458240
-1.606200 -0.656290 -3.486340
-1.611300 -0.625880 -3.513440

/group/LVA/750
750
num_smooth_modes 4 num_subsample_pts 28 pathId 100 creation_method hand_drawn creation_type levelset shifted_origin {102.251 -83.4206 75.7526} pos {-119.041831 79.135531 -105.015511} bulk_scale_factor 0.1 xhat {0.000000 0.999994 -0.003422} nrm {0.109753 0.003402 0.993953} posId 750 num_hand_picked_pts 11
-1.506200 -0.334330 -2.945740
-1.528500 -0.299550 -2.943340
-1.558000 -0.270510 -2.940240
-1.593100 -0.248610 -2.936440
-1.632000 -0.234920 -2.932140
-1.672600 -0.230130 -2.927740
-1.712900 -0.234540 -2.923240
-1.751100 -0.248010 -2.918940
-1.785300 -0.269980 -2.915140
-1.814000 -0.299390 -2.911840
-1.835800 -0.334760 -2.909340
-1.849500 -0.374200 -2.907640
-1.854600 -0.415580 -2.906940
-1.850500 -0.456700 -2.907240
-1.837400 -0.495380 -2.908540
-1.815700 -0.529690 -2.910840
-1.786700 -0.558010 -2.913940
-1.751700 -0.579060 -2.917740
-1.712500 -0.591960 -2.922040
-1.671400 -0.596170 -2.926540
-1.630200 -0.591510 -2.931140
-1.591200 -0.578140 -2.935440
-1.556300 -0.556640 -2.939440
-1.527200 -0.527950 -2.942740
-1.505300 -0.493430 -2.945240
-1.491800 -0.454780 -2.946840
-1.487300 -0.413980 -2.947540
-1.492200 -0.373120 -2.947140

/group/LVA/766
766
num_smooth_modes 4 num_subsample_pts 26 pathId 100 creation_method hand_drawn creation_type levelset shifted_origin {102.251 -83.4206 75.7526} pos {-118.839317 78.810151 -99.345455} bulk_scale_factor 0.1 xhat {0.000000 0.998909 0.046706} nrm {-0.025555 -0.046691 0.998582} posId 766 num_hand_picked_pts 14
-1.472500 -0.355130 -2.349570
-1.500600 -0.325180 -2.348880
-1.535600 -0.302910 -2.348740
-1.575300 -0.289230 -2.349110
-1.617100 -0.284730 -2.349970
-1.658300 -0.289770 -2.351260
-1.696500 -0.304400 -2.352920
-1.729500 -0.328190 -2.354880
-1.755900 -0.360010 -2.357050
-1.774400 -0.397960 -2.359300
-1.784200 -0.439500 -2.361490
-1.784600 -0.481690 -2.363470
-1.775100 -0.521690 -2.365100
-1.756000 -0.557080 -2.366260
-1.728000 -0.586060 -2.366900
-1.692700 -0.607470 -2.367000
-1.652300 -0.620590 -2.366580
-1.609600 -0.624970 -2.365690
-1.567500 -0.620270 -2.364390
-1.528700 -0.606370 -2.362750
-1.495400 -0.583520 -2.360830
-1.469200 -0.552650 -2.358720
-1.451200 -0.515420 -2.356510
-1.442300 -0.474230 -2.354360
-1.442800 -0.431920 -2.352400
-1.453000 -0.391370 -2.350760

/group/LVA/775
775
num_smooth_modes 4 num_subsample_pts 26 pathId 100 creation_method hand_drawn creation_type levelset shifted_origin {102.251 -83.4206 75.7526} pos {-119.066412 78.891627 -96.035637} bulk_scale_factor 0.1 xhat {0.000000 0.991480 -0.130255} nrm {-0.121304 0.129293 0.984159} posId 775 num_hand_picked_pts 11
-1.545900 -0.352480 -2.024780
-1.574200 -0.324000 -2.032000
-1.608800 -0.303110 -2.039010
-1.647600 -0.291560 -2.045320
-1.688000 -0.290540 -2.050430
-1.727000 -0.300340 -2.053950
-1.761800 -0.320250 -2.055620
-1.790400 -0.348660 -2.055410
-1.811400 -0.383390 -2.053440
-1.824200 -0.422090 -2.049940
-1.828800 -0.462550 -2.045180
-1.825000 -0.502810 -2.039430
-1.812900 -0.541030 -2.032920
-1.792700 -0.575380 -2.025910
-1.764900 -0.603930 -2.018730
-1.730700 -0.624700 -2.011790
-1.692100 -0.635970 -2.005560
-1.651900 -0.636610 -2.000510
-1.612800 -0.626420 -1.997030
-1.577700 -0.606190 -1.995360
-1.548700 -0.577630 -1.995540
-1.527200 -0.542930 -1.997450
-1.514000 -0.504430 -2.000880
-1.509200 -0.464310 -2.005570
-1.513000 -0.424450 -2.011270
-1.525300 -0.386590 -2.017760

/group/LVA/785
785
num_smooth_modes 4 num_subsample_pts 25 pathId 100 creation_method hand_drawn creation_type levelset shifted_origin {102.251 -83.4206 75.7526} pos {-119.629631 79.709637 -93.119496} bulk_scale_factor 0.1 xhat {0.000000 0.901162 -0.433483} nrm {-0.248549 0.419880 0.872883} posId 785 num_hand_picked_pts 12
-1.602800 -0.299380 -1.732720
-1.627000 -0.275510 -1.751100
-1.658600 -0.259200 -1.767940
-1.695700 -0.250940 -1.782470
-1.735800 -0.250790 -1.793960
-1.776100 -0.258550 -1.801710
-1.813600 -0.273860 -1.805040
-1.845700 -0.296200 -1.803430
-1.870300 -0.324730 -1.796690
-1.885800 -0.358080 -1.785080
-1.891800 -0.394270 -1.769370
-1.888300 -0.430850 -1.750780
-1.875800 -0.465130 -1.730740
-1.855300 -0.494580 -1.710720
-1.827800 -0.517140 -1.692050
-1.794800 -0.531400 -1.675800
-1.758200 -0.536640 -1.662840
-1.719900 -0.532690 -1.653850
-1.682400 -0.519860 -1.649340
-1.648100 -0.498880 -1.649650
-1.619200 -0.470930 -1.654870
-1.597600 -0.437680 -1.664720
-1.584600 -0.401320 -1.678520
-1.581100 -0.364420 -1.695260
-1.587200 -0.329630 -1.713740

/group/LVA/800
800
num_smooth_modes 4 num_subsample_pts 25 pathId 100 creation_method hand_drawn creation_type levelset shifted_origin {102.251 -83.4206 75.7526} pos {-120.860434 81.994568 -90.443532} bulk_scale_factor 0.1 xhat {0.000000 0.549294 -0.835629} nrm {-0.392899 0.768429 0.505120} posId 800 num_hand_picked_pts 11
-1.728600 -0.060440 -1.491140
-1.748500 -0.048990 -1.524050
-1.774900 -0.043170 -1.553450
-1.806700 -0.043520 -1.577630
-1.842200 -0.050230 -1.595020
-1.879100 -0.063020 -1.604310
-1.914900 -0.081100 -1.604650
-1.946800 -0.103190 -1.595820
-1.972300 -0.127730 -1.578360
-1.989900 -0.153040 -1.553510
-1.998700 -0.177530 -1.523100
-1.998800 -0.199800 -1.489280
-1.990500 -0.218630 -1.454250
-1.974700 -0.232960 -1.420130
-1.952000 -0.241900 -1.388870
-1.923200 -0.244720 -1.362200
-1.889700 -0.241040 -1.341710
-1.853200 -0.230920 -1.328720
-1.816300 -0.214970 -1.324230
-1.781600 -0.194340 -1.328690
-1.752100 -0.170560 -1.341900
-1.729900 -0.145340 -1.362970
-1.716300 -0.120360 -1.390400
-1.711800 -0.097090 -1.422300
-1.716100 -0.076770 -1.456570

/group/LVA/817
817
num_smooth_modes 4 num_subsample_pts 26 pathId 100 creation_method hand_drawn creation_type levelset shifted_origin {102.251 -83.4206 75.7526} pos {-122.083277 85.414852 -89.650842} bulk_scale_factor 0.1 xhat {0.000000 0.086922 0.996215} nrm {-0.153021 0.984483 -0.085899} posId 817 num_hand_picked_pts 11
-2.070300 0.197940 -1.251630
-2.041800 0.204810 -1.223880
-2.006400 0.212000 -1.204550
-1.966300 0.219030 -1.195240
-1.924800 0.225340 -1.196860
-1.885500 0.230370 -1.209320
-1.851400 0.233720 -1.231610
-1.824800 0.235200 -1.261930
-1.806700 0.234860 -1.298140
-1.797000 0.232900 -1.338010
-1.795100 0.229570 -1.379480
-1.800800 0.225090 -1.420620
-1.814100 0.219640 -1.459530
-1.835000 0.213360 -1.494180
-1.863500 0.206470 -1.522430
-1.898500 0.199300 -1.542160
-1.938100 0.192320 -1.551690
-1.979000 0.186100 -1.550070
-2.017900 0.181160 -1.537380
-2.051700 0.177890 -1.514690
-2.078200 0.176450 -1.483870
-2.096600 0.176800 -1.447200
-2.106800 0.178730 -1.407000
-2.109100 0.181990 -1.365410
-2.103900 0.186370 -1.324400
-2.091100 0.191730 -1.285820

/group/LVA/828
828
num_smooth_modes 4 num_subsample_pts 30 pathId 100 creation_method hand_drawn creation_type levelset shifted_origin {102.251 -83.4206 75.7526} pos {-122.041695 88.556348 -90.352988} bulk_scale_factor 0.1 xhat {0.000000 0.292442 0.956283} nrm {0.137711 0.947172 -0.289656} posId 828 num_hand_picked_pts 14
-2.120500 0.561370 -1.371000
-2.097200 0.568230 -1.337460
-2.068600 0.572910 -1.308570
-2.035300 0.574870 -1.286330
-1.998400 0.573720 -1.272590
-1.959800 0.569310 -1.268590
-1.921400 0.561860 -1.274740
-1.885800 0.551870 -1.290450
-1.855000 0.540090 -1.314340
-1.830600 0.527320 -1.344530
-1.813600 0.514280 -1.379050
-1.804000 0.501550 -1.416150
-1.801600 0.489480 -1.454460
-1.805900 0.478330 -1.492960
-1.816400 0.468310 -1.530720
-1.832900 0.459720 -1.566670
-1.855400 0.452960 -1.599450
-1.883600 0.448540 -1.627350
-1.917100 0.446930 -1.648520
-1.954700 0.448480 -1.661300
-1.994400 0.453250 -1.664610
-2.034100 0.460970 -1.658190
-2.071000 0.471100 -1.642640
-2.102800 0.482850 -1.619330
-2.127800 0.495440 -1.590040
-2.145000 0.508170 -1.556580
-2.154100 0.520520 -1.520520
-2.155600 0.532200 -1.483040
-2.150100 0.543030 -1.445030
-2.138200 0.552830 -1.407340

/group/LVA/837
837
num_smooth_modes 4 num_subsample_pts 27 pathId 100 creation_method hand_drawn shifted_origin {102.251 -83.4206 75.7526} creation_type levelset pos {-121.357089 91.687761 -91.338756} bulk_scale_factor 0.1 translation_in_x 0.0 translation_in_y 0.0 nrm {0.259299 0.924770 -0.278504} xhat {0.000000 0.288367 0.957520} posId 837 num_hand_picked_pts 12
-2.050300 0.893880 -1.465680
-2.019800 0.893600 -1.438170
-1.984200 0.889630 -1.418230
-1.945500 0.881830 -1.408110
-1.906600 0.870550 -1.409300
-1.870500 0.856630 -1.421970
-1.840300 0.841270 -1.444860
-1.817900 0.825730 -1.475610
-1.804200 0.811100 -1.511440
-1.799000 0.798080 -1.549790
-1.801400 0.787010 -1.588790
-1.810700 0.778010 -1.627280
-1.826300 0.771210 -1.664410
-1.848000 0.766850 -1.699130
-1.875800 0.765410 -1.729810
-1.909100 0.767380 -1.754190
-1.946300 0.773120 -1.769790
-1.985100 0.782570 -1.774600
-2.022600 0.795150 -1.767690
-2.055600 0.809850 -1.749590
-2.081700 0.825430 -1.722210
-2.099600 0.840680 -1.688250
-2.109100 0.854690 -1.650530
-2.110700 0.866920 -1.611360
-2.105100 0.877130 -1.572300
-2.093100 0.885200 -1.534340
-2.074800 0.890910 -1.498370

/group/LVA/842
842
num_smooth_modes 4 num_subsample_pts 27 pathId 100 creation_method hand_drawn creation_type levelset shifted_origin {102.251 -83.4206 75.7526} pos {-120.809127 93.475404 -91.823484} bulk_scale_factor 0.1 xhat {0.000000 0.223517 0.974700} nrm {0.307737 0.927399 -0.212670} posId 842 num_hand_picked_pts 11
-2.036500 1.074320 -1.568270
-2.022400 1.078370 -1.530290
-1.999800 1.078740 -1.496010
-1.969400 1.075090 -1.467820
-1.932900 1.067530 -1.448050
-1.893300 1.056600 -1.438460
-1.854000 1.043240 -1.439850
-1.818000 1.028540 -1.451870
-1.787500 1.013520 -1.473240
-1.763700 0.998980 -1.502140
-1.746600 0.985400 -1.536610
-1.735900 0.973080 -1.574870
-1.731500 0.962320 -1.615380
-1.733500 0.953530 -1.656650
-1.742700 0.947330 -1.696970
-1.759700 0.944420 -1.734230
-1.784600 0.945420 -1.765980
-1.816600 0.950570 -1.789760
-1.853600 0.959680 -1.803550
-1.892600 0.972020 -1.806280
-1.930700 0.986540 -1.798010
-1.965000 1.002070 -1.779900
-1.993700 1.017570 -1.753820
-2.015900 1.032290 -1.721870
-2.031500 1.045700 -1.685930
-2.040300 1.057440 -1.647520
-2.042200 1.067150 -1.607880

/group/LVA/847
847
num_smooth_modes 4 num_subsample_pts 27 creation_method hand_drawn paste_pos {-120.210613 95.171227 -92.105661} creation_type levelset shifted_origin {102.251 -83.4206 75.7526} paste_xhat {0.000000 0.082772 0.996568} paste_nrm {0.349775 0.933619 -0.077544} paste_posId 847 bulk_scale_factor 0.1 paste_pathId 100 num_hand_picked_pts 11
-1.973800 1.245640 -1.587770
-1.960000 1.243640 -1.549540
-1.937700 1.238130 -1.515470
-1.907800 1.229180 -1.487970
-1.871900 1.217280 -1.469340
-1.832900 1.203360 -1.461270
-1.794200 1.188600 -1.464390
-1.758800 1.174170 -1.478240
-1.728700 1.161000 -1.501430
-1.705300 1.149660 -1.532010
-1.688400 1.140360 -1.568000
-1.677900 1.133140 -1.607580
-1.673500 1.128040 -1.649200
-1.675500 1.125300 -1.691300
-1.684600 1.125290 -1.732130
-1.701300 1.128460 -1.769480
-1.725900 1.135050 -1.800860
-1.757300 1.144940 -1.823780
-1.793700 1.157540 -1.836270
-1.832200 1.171860 -1.837360
-1.869700 1.186730 -1.827260
-1.903400 1.201040 -1.807250
-1.931700 1.213950 -1.779340
-1.953600 1.224950 -1.745700
-1.968900 1.233810 -1.708280
-1.977700 1.240370 -1.668620
-1.979500 1.244420 -1.628010

/group/LVA/850
850
num_smooth_modes 4 num_subsample_pts 28 pathId 100 creation_method hand_drawn creation_type levelset shifted_origin {102.251 -83.4206 75.7526} pos {-119.850880 96.102252 -92.125504} bulk_scale_factor 0.1 xhat {0.000000 0.049152 -0.998791} nrm {0.370689 0.927635 0.045651} posId 850 num_hand_picked_pts 16
-1.853200 1.298140 -1.489610
-1.818200 1.283450 -1.474930
-1.780500 1.268020 -1.467910
-1.741500 1.252490 -1.468960
-1.702900 1.237550 -1.478410
-1.666700 1.223940 -1.496240
-1.634800 1.212460 -1.521840
-1.609400 1.203890 -1.553890
-1.592400 1.198880 -1.590420
-1.585100 1.197870 -1.629140
-1.588100 1.200970 -1.667810
-1.601000 1.207940 -1.704530
-1.622700 1.218240 -1.737930
-1.651300 1.231120 -1.767030
-1.684800 1.245700 -1.791090
-1.721300 1.261150 -1.809260
-1.758800 1.276700 -1.820450
-1.795900 1.291690 -1.823430
-1.831400 1.305550 -1.817070
-1.863900 1.317750 -1.800770
-1.892200 1.327760 -1.774850
-1.914800 1.335110 -1.740690
-1.930400 1.339370 -1.700670
-1.937900 1.340260 -1.657770
-1.936700 1.337700 -1.615080
-1.926900 1.331800 -1.575260
-1.908900 1.322910 -1.540340
-1.883900 1.311500 -1.511550

/group/LVA/856
856
num_smooth_modes 4 num_subsample_pts 30 creation_method hand_drawn shifted_origin {102.251 -83.4206 75.7526} creation_type levelset paste_pos {-119.151231 97.743672 -91.827159} paste_nrm {0.398559 0.871338 0.286219} paste_xhat {0.000000 0.312077 -0.950057} bulk_scale_factor 0.1 paste_posId 856 translation_in_x 0.2 translation_in_y 0.55 paste_pathId 100 num_hand_picked_pts 13
-1.569600 1.345140 -1.509750
-1.543400 1.343920 -1.542540
-1.522400 1.346390 -1.579320
-1.507600 1.352460 -1.618460
-1.500000 1.362040 -1.658180
-1.500700 1.375000 -1.696660
-1.510200 1.391030 -1.732150
-1.528600 1.409580 -1.763120
-1.554800 1.429840 -1.788300
-1.587200 1.450730 -1.806720
-1.623800 1.471070 -1.817710
-1.662100 1.489660 -1.820870
-1.700300 1.505500 -1.816050
-1.736500 1.517890 -1.803310
-1.769700 1.526410 -1.783040
-1.799100 1.530970 -1.755890
-1.824300 1.531640 -1.722920
-1.844400 1.528580 -1.685520
-1.858800 1.521990 -1.645430
-1.866400 1.512030 -1.604590
-1.866100 1.498910 -1.565020
-1.857400 1.482960 -1.528650
-1.840100 1.464720 -1.497170
-1.815000 1.444950 -1.471940
-1.783500 1.424640 -1.453930
-1.747600 1.404880 -1.443740
-1.709500 1.386750 -1.441630
-1.671200 1.371180 -1.447590
-1.634300 1.358830 -1.461330
-1.600200 1.350100 -1.482320

