/group/aorta_leg_right/0
0
posId 0
-2.50391655898 -2.31377741692 -3.00928853105
-2.47015287876 -2.27539672174 -3.01408952935
-2.43792350081 -2.23599283131 -3.018827577
-2.40741716962 -2.19574499462 -3.02347781594
-2.37882822571 -2.15479889704 -3.02801683172
-2.35235260779 -2.11326816254 -3.03242288291
-2.32818370055 -2.07123810987 -3.03667601601
-2.30650823613 -2.02877146623 -3.04075806648
-2.28750244023 -1.98591561667 -3.04465255438
-2.27132858507 -1.94271086991 -3.04834449112
-2.2581320739 -1.89919915748 -3.05182012018
-2.24803913851 -1.85543255763 -3.0550666196
-2.2411551849 -1.81148104898 -3.05807179687
-2.23756377678 -1.76743895191 -3.06082380729
-2.23732620511 -1.72342960313 -3.06331092562
-2.24048155687 -1.67960792646 -3.06552139643
-2.24704717036 -1.63616070182 -3.0674433833
-2.25701934924 -1.59330448646 -3.06906502946
-2.27037420371 -1.5512812969 -3.07037463398
-2.28706849473 -1.51035230797 -3.07136093898
-2.30704037563 -1.4707899556 -3.07201351442
-2.33020995222 -1.43286893563 -3.07232321903
-2.35647961605 -1.39685666379 -3.07228270931
-2.38573414315 -1.36300379859 -3.0718869633
-2.41784058806 -1.3315354255 -3.07113378342
-2.45264803909 -1.30264345892 -3.07002424181
-2.48998733068 -1.27648074024 -3.06856303397
-2.52967083117 -1.25315720066 -3.06675871057
-2.57149243672 -1.23273832416 -3.06462376419
-2.61522790326 -1.21524599746 -3.06217455559
-2.66063563795 -1.2006616794 -3.05943107388
-2.70745804981 -1.18893167263 -3.05641653485
-2.75542352757 -1.17997414486 -3.05315683209
-2.80424907286 -1.17368743484 -3.04967986449
-2.85364357186 -1.16995909577 -3.04601477247
-2.90331164093 -1.16867508277 -3.04219112095
-2.9529579356 -1.16972848337 -3.03823807175
-3.00229177022 -1.1730272212 -3.0341835891
-3.05103186164 -1.17850023166 -3.03005372122
-3.09891098586 -1.18610170932 -3.02587199682
-3.14568032601 -1.19581315369 -3.02165896933
-3.19111329156 -1.2076430844 -3.0174319333
-3.23500860593 -1.22162444956 -3.01320482764
-3.27719248961 -1.23780990184 -3.0089883293
-3.3175198087 -1.25626525607 -3.00479013017
-3.35587411095 -1.27706156064 -3.00061537899
-3.3921665314 -1.30026630507 -2.99646726031
-3.42633361197 -1.32593434217 -2.99234767472
-3.45833414217 -1.3540991212 -2.98825797835
-3.4881451859 -1.38476480801 -2.98419973652
-3.51575750938 -1.41789980951 -2.98017544553
-3.54117066335 -1.45343212863 -2.97618917893
-3.56438799747 -1.49124685638 -2.97224711924
-3.58541189296 -1.53118596883 -2.96835794325
-3.60423949125 -1.57305044792 -2.96453303809
-3.62085917157 -1.61660459457 -2.96078653561
-3.63524798988 -1.66158226222 -2.95713516354
-3.6473702381 -1.70769461638 -2.95359792335
-3.65717721871 -1.75463892975 -2.95019561457
-3.66460825948 -1.80210785922 -2.94695023485
-3.66959292069 -1.84979862429 -2.94388429202
-3.67205427634 -1.89742151818 -2.94102006936
-3.6719130865 -1.94470723225 -2.93837888752
-3.66909262404 -1.99141255748 -2.9359804061
-3.66352387795 -2.03732413918 -2.933842005
-3.65515083112 -2.08226009378 -2.93197827972
-3.64393550351 -2.12606944238 -2.9304006776
-3.62986246259 -2.16862946347 -2.92911729253
-3.61294253204 -2.20984120834 -2.92813282558
-3.59321547409 -2.24962354665 -2.92744870866
-3.57075147893 -2.28790620939 -2.92706337783
-3.54565136252 -2.32462236428 -2.92697267432
-3.51804544763 -2.35970129073 -2.92717034309
-3.48809117814 -2.39306171526 -2.92764859378
-3.45596958832 -2.42460632454 -2.92839868545
-3.42188081411 -2.45421789395 -2.92941149574
-3.38603888629 -2.48175736125 -2.93067803732
-3.34866608513 -2.50706404317 -2.93218988856
-3.30998715876 -2.52995804761 -2.9339395117
-3.27022371227 -2.55024478419 -2.93592043989
-3.22958906183 -2.56772133161 -2.93812732373
-3.18828381763 -2.5821842909 -2.94055583718
-3.14649241488 -2.59343864808 -2.94320245257
-3.10438075431 -2.60130709468 -2.94606410284
-3.06209504782 -2.60563921559 -2.94913775678
-3.01976189423 -2.60631995282 -2.95241993832
-2.97748953919 -2.60327679189 -2.95590622465
-2.93537020611 -2.59648519214 -2.95959075878
-2.89348332595 -2.58597188827 -2.96346581108
-2.85189944554 -2.57181582132 -2.96752142045
-2.81068456034 -2.55414660503 -2.97174514057
-2.76990459899 -2.53314058769 -2.976121909
-2.72962978539 -2.50901472085 -2.98063404899
-2.68993861817 -2.48201858467 -2.9852614046
-2.65092123695 -2.45242503597 -2.98998160127
-2.61268198671 -2.42052003191 -2.99477041546
-2.57534104359 -2.38659223372 -2.99960223025

/group/aorta_leg_right/3
3
posId 3
-2.6547863112 -1.06985050836 -5.09940978165
-2.60537371418 -1.08715887961 -5.10393198659
-2.55759839588 -1.10669752276 -5.10886411499
-2.51168259968 -1.12847122917 -5.11420232598
-2.46783467785 -1.15246198035 -5.11993852462
-2.4262479555 -1.17862642938 -5.12605988365
-2.38709969696 -1.20689494667 -5.13254867521
-2.35055018036 -1.23717220463 -5.13938240763
-2.31674189351 -1.2693391709 -5.14653424066
-2.28579887049 -1.30325628771 -5.15397363458
-2.25782619316 -1.33876754166 -5.16166717349
-2.2329096848 -1.37570507772 -5.16957949303
-2.21111582311 -1.41389398765 -5.17767423834
-2.192491897 -1.45315690582 -5.18591497812
-2.17706642632 -1.49331807548 -5.19426600747
-2.16484985468 -1.53420660206 -5.20269298241
-2.15583551527 -1.57565868369 -5.21116334432
-2.15000085681 -1.61751869698 -5.21964651032
-2.1473089032 -1.65963911204 -5.22811382471
-2.14770990728 -1.70187930743 -5.23653828675
-2.15114314606 -1.74410344678 -5.24489408795
-2.15753879435 -1.78617765703 -5.25315600825
-2.16681980559 -1.82796680884 -5.2612987327
-2.17890372402 -1.86933123706 -5.26929615752
-2.19370435189 -1.91012375153 -5.27712075739
-2.21113319916 -1.95018727435 -5.2847430824
-2.23110065122 -1.98935339948 -5.29213144529
-2.25351680235 -2.0274421071 -5.29925184643
-2.27829191859 -2.06426278293 -5.30606816736
-2.30533651224 -2.09961659609 -5.31254264384
-2.3345610308 -2.13330018628 -5.31863660878
-2.3658751845 -2.1651105076 -5.32431147376
-2.39918695713 -2.19485058042 -5.32952989874
-2.43440136432 -2.22233582108 -5.33425708258
-2.47141903915 -2.24740055728 -5.3384620943
-2.51013473758 -2.26990430046 -5.34211915769
-2.55043586345 -2.28973733802 -5.34520879952
-2.59220111485 -2.3068252289 -5.34771877638
-2.63529935023 -2.32113183654 -5.34964470458
-2.67958876334 -2.33266060938 -5.35099033371
-2.72491644171 -2.34145391839 -5.35176742383
-2.77111836431 -2.3475903764 -5.35199521038
-2.81801987172 -2.35118018893 -5.35169946582
-2.86543661686 -2.35235871314 -5.35091119318
-2.91317597856 -2.35127852173 -5.34966501111
-2.96103889464 -2.34810037486 -5.34799731192
-3.0088220474 -2.34298358834 -5.34594429141
-3.05632031398 -2.33607634355 -5.34353996139
-3.10332937799 -2.3275065113 -5.34081426133
-3.14964838822 -2.31737355335 -5.33779138412
-3.19508254553 -2.30574202341 -5.33448842274
-3.23944550102 -2.29263711388 -5.33091442938
-3.28256145679 -2.27804259086 -5.32706995786
-3.32426687482 -2.26190133207 -5.32294713411
-3.36441171906 -2.24411853885 -5.31853027063
-3.40286017975 -2.22456754133 -5.31379700986
-3.4394908556 -2.20309796514 -5.30871995066
-3.47419639783 -2.17954588649 -5.30326868347
-3.50688264863 -2.15374548003 -5.29741213432
-3.53746733284 -2.12554156631 -5.29112109818
-3.56587838584 -2.0948024009 -5.28437082832
-3.59205201973 -2.061432018 -5.27714354243
-3.61593064386 -2.02538145066 -5.26943070759
-3.63746076373 -1.98665819775 -5.26123497571
-3.65659098324 -1.94533339104 -5.25257165745
-3.67327023021 -1.90154623102 -5.24346964623
-3.68744631297 -1.85550540085 -5.23397173158
-3.69906489887 -1.80748732494 -5.22413427361
-3.70806898301 -1.75783130564 -5.21402624346
-3.71439889044 -1.7069317363 -5.20372766867
-3.7179928271 -1.65522774431 -5.19332755351
-3.71878796672 -1.60319075366 -5.18292137245
-3.71672203358 -1.55131056542 -5.17260825701
-3.71173531612 -1.50008063095 -5.16248801212
-3.7037730251 -1.44998323139 -5.15265810635
-3.69278789329 -1.4014752768 -5.14321078066
-3.67874290257 -1.35497539895 -5.13423041261
-3.66161401912 -1.31085293586 -5.12579125814
-3.64139281795 -1.26941929855 -5.11795567134
-3.61808888486 -1.23092207698 -5.1107728758
-3.59173189548 -1.19554209131 -5.1042783311
-3.56237328772 -1.16339343472 -5.0984937052
-3.53008746323 -1.13452639456 -5.09342743174
-3.49497247599 -1.10893298862 -5.08907580046
-3.45715018875 -1.0865547211 -5.08542450227
-3.41676590078 -1.06729205613 -5.08245052865
-3.37398747173 -1.05101503041 -5.08012430936
-3.32900398473 -1.03757438553 -5.07841196379
-3.28202400719 -1.02681259498 -5.07727754004
-3.2332735189 -1.0185741923 -5.07668512163
-3.18299358369 -1.01271487009 -5.07660069433
-3.13143784324 -1.00910891289 -5.07699368422
-3.07886990968 -1.0076546414 -5.0778381009
-3.02556072803 -1.00827767582 -5.07911324593
-2.97178597067 -1.01093196275 -5.08080397409
-2.91782351499 -1.01559864509 -5.08290052223
-2.8639510434 -1.02228297996 -5.08539794573
-2.81044379168 -1.03100961752 -5.08829522454
-2.75757246028 -1.04181663859 -5.0915941179

/group/aorta_leg_right/6
6
posId 6
-2.37073333657 -0.829839331466 -7.3784959245
-2.39734087116 -0.785218004709 -7.3731656372
-2.42613489602 -0.742702280261 -7.36818136401
-2.45698053711 -0.702565857254 -7.36357657767
-2.48973929125 -0.665052025351 -7.35938052096
-2.52426965352 -0.630368548495 -7.35561752894
-2.560427622 -0.598683898451 -7.35230653131
-2.59806709128 -0.570125033005 -7.34946076139
-2.63704014939 -0.544776830372 -7.34708768743
-2.67719729548 -0.522683200719 -7.34518916961
-2.71838759691 -0.503849802918 -7.34376183331
-2.76045880509 -0.488248205464 -7.3427976375
-2.8032574489 -0.475821250058 -7.34228460573
-2.84662892364 -0.466489309684 -7.34220767866
-2.89041759168 -0.460157083988 -7.34254963974
-2.93446690889 -0.456720546526 -7.34329206234
-2.97861958858 -0.456073652633 -7.34441622529
-3.02271781214 -0.458114433709 -7.34590394649
-3.066603493 -0.462750142676 -7.34773828896
-3.11011859804 -0.469901173838 -7.34990410213
-3.15310552844 -0.479503555032 -7.35238837078
-3.19540755966 -0.491509896156 -7.35518035592
-3.23686933861 -0.505888770949 -7.35827152454
-3.27733743435 -0.522622602483 -7.36165527742
-3.31666093726 -0.541704211906 -7.36532649693
-3.35469210047 -0.56313226893 -7.36928094659
-3.39128701617 -0.586905946933 -7.37351456375
-3.42630631851 -0.613019131447 -7.3780226922
-3.45961590374 -0.641454555524 -7.3827993054
-3.4910876576 -0.672178237718 -7.38783627099
-3.52060017877 -0.705134578102 -7.39312270454
-3.54803948696 -0.740242426274 -7.39864445497
-3.57329970293 -0.77739237523 -7.4043837556
-3.59628368802 -0.816445460152 -7.41031906502
-3.61690362982 -0.857233356072 -7.41642511
-3.63508156133 -0.899560078382 -7.4226731307
-3.65074980114 -0.943205100573 -7.4290313162
-3.66385130313 -0.987927720006 -7.43546540716
-3.67433990608 -1.03347242984 -7.44193943222
-3.68218047518 -1.07957499779 -7.44841653759
-3.68734893035 -1.12596891357 -7.45485986352
-3.68983215931 -1.17239184887 -7.46123341937
-3.68962781693 -1.21859177738 -7.46750290931
-3.68674401619 -1.26433242702 -7.47363646443
-3.6811989201 -1.30939778135 -7.47960524291
-3.67302024801 -1.35359540759 -7.48538386852
-3.66224471336 -1.39675846238 -7.49095068759
-3.64891741336 -1.43874630818 -7.49628783601
-3.63309119362 -1.47944375704 -7.50138111903
-3.61482601273 -1.51875904093 -7.50621971819
-3.59418833242 -1.55662068204 -7.51079574945
-3.5712505587 -1.59297349919 -7.51510370545
-3.54609055782 -1.6277740333 -7.51913982085
-3.51879126789 -1.66098570347 -7.52290140377
-3.48944042334 -1.69257401376 -7.52638617719
-3.458130404 -1.72250211924 -7.52959167256
-3.42495821478 -1.75072702927 -7.53251471353
-3.39002559526 -1.77719667816 -7.53515102114
-3.35343925139 -1.80184803224 -7.53749496299
-3.31531119451 -1.82460633152 -7.53953945964
-3.27575916603 -1.84538548841 -7.54127605035
-3.23490711991 -1.8640895902 -7.54269511041
-3.19288572987 -1.88061538133 -7.54378620226
-3.14983288436 -1.89485554025 -7.54453853411
-3.10589412966 -1.90670251729 -7.54494149342
-3.06122302094 -1.91605266865 -7.54498521798
-3.015981342 -1.9228104076 -7.54466116584
-2.97033915724 -1.92689209931 -7.54396264571
-2.92447466431 -1.92822944927 -7.54288527319
-2.87857382179 -1.92677217506 -7.54142732337
-2.83282973415 -1.92248980508 -7.53958995833
-2.78744178493 -1.91537251166 -7.53737731648
-2.74261451858 -1.90543095512 -7.53479646065
-2.69855628098 -1.89269518584 -7.53185719172
-2.65547763867 -1.87721271806 -7.52857174351
-2.6135896057 -1.85904594702 -7.52495438335
-2.57310171532 -1.83826912748 -7.52102094876
-2.53421998047 -1.81496516173 -7.51678835515
-2.49714479257 -1.78922245871 -7.51227411156
-2.46206881102 -1.7611321203 -7.50749588055
-2.42917489761 -1.73078568702 -7.5024711153
-2.39863414898 -1.69827363556 -7.49721680155
-2.37060407758 -1.66368476557 -7.49174932433
-2.34522698701 -1.62710654849 -7.48608447081
-2.32262858074 -1.58862643959 -7.48023757023
-2.30291683607 -1.54833408183 -7.47422376241
-2.28618116548 -1.50632426013 -7.46805837595
-2.27249187863 -1.46270040355 -7.46175738914
-2.26189994794 -1.41757838328 -7.4553379394
-2.25443707141 -1.37109032108 -7.4488188423
-2.25011601676 -1.32338810736 -7.44222107881
-2.24893122333 -1.27464633291 -7.43556821005
-2.25085963078 -1.22506436178 -7.42888668161
-2.25586169848 -1.17486731634 -7.42220598527
-2.2638825755 -1.12430580362 -7.415558654
-2.27485337908 -1.07365428433 -7.4089800755
-2.28869253919 -1.02320806554 -7.40250812065
-2.30530716801 -0.97327898189 -7.3961825945
-2.32459441597 -0.924189912021 -7.39004452871

/group/aorta_leg_right/9
9
posId 9
-3.06826833208 -0.311512834341 -9.93403328424
-3.02646130049 -0.287730657752 -9.93082898523
-2.9878065691 -0.260430801134 -9.9268610652
-2.95245262815 -0.229359983792 -9.9220769768
-2.92032805989 -0.194546143021 -9.91648422376
-2.89115755886 -0.156308728408 -9.91015181231
-2.864491445 -0.115251869571 -9.90320804236
-2.83974664539 -0.0722406343531 -9.89583474213
-2.81625631999 -0.0283616599361 -9.88825827686
-2.79332470022 0.0151295730544 -9.88073786753
-2.7702833412 0.0568717091266 -9.87355192705
-2.74654488436 0.0954669700247 -9.86698324654
-2.72165059543 0.129552928474 -9.86130393519
-2.69530837302 0.157872307501 -9.85676102965
-2.66741858399 0.179336652008 -9.85356364083
-2.63808592947 0.193080128753 -9.85187240267
-2.60761651976 0.198500358956 -9.85179183417
-2.57650036866 0.195284030418 -9.85336603479
-2.54538053779 0.183416016443 -9.85657791576
-2.51501109526 0.163171781009 -9.86135194201
-2.48620683701 0.135093903494 -9.86756013545
-2.45978829717 0.0999545416786 -9.87503088603
-2.4365259058 0.0587065042544 -9.88355994516
-2.41708721434 0.0124262683073 -9.89292284861
-2.40199089751 -0.0377472885577 -9.90288794026
-2.39157076899 -0.0906744935446 -9.91322914908
-2.38595235076 -0.145272959434 -9.92373770942
-2.38504366092 -0.200568618884 -9.93423210648
-2.38854089335 -0.255736757523 -9.94456566671
-2.39594862497 -0.31013084297 -9.95463138754
-2.40661317343 -0.363297829005 -9.9643637991
-2.41976681342 -0.414979563739 -9.97373785892
-2.43457980401 -0.465100881335 -9.98276508374
-2.45021663835 -0.513745842969 -9.99148730721
-2.46589263573 -0.561124354384 -9.99996860552
-2.48092697598 -0.607531973882 -10.0082860445
-2.49478852732 -0.653306098707 -10.016519965
-2.50713132368 -0.698781857509 -10.0247445331
-2.51781726981 -0.744250937 -10.0330192431
-2.52692454088 -0.789926244083 -10.0413819679
-2.53474113595 -0.83591477872 -10.0498440247
-2.54174407085 -0.88220040944 -10.0583875598
-2.54856568424 -0.928637455205 -10.0669653802
-2.55594941192 -0.974955143562 -10.0755031685
-2.56469809727 -1.02077219738 -10.0839038484
-2.57561840075 -1.06562006044 -10.0920537051
-2.58946511529 -1.10897265934 -10.0998297464
-2.60688917101 -1.15028015803 -10.1071077048
-2.62839282497 -1.18900392288 -10.1137700462
-2.65429500182 -1.22464989347 -10.119713361
-2.68470901714 -1.25679774794 -10.1248545761
-2.71953403086 -1.28512364186 -10.129135524
-2.75846060613 -1.30941485624 -10.1325255426
-2.80098975933 -1.3295753681 -10.1350219384
-2.84646394913 -1.34562210336 -10.1366483165
-2.89410763385 -1.3576723891 -10.1374509463
-2.94307438335 -1.3659238327 -10.1374934923
-2.99249710968 -1.37062846297 -10.1368505603
-3.04153780865 -1.37206342914 -10.1356006086
-3.08943329183 -1.3705008295 -10.1338188182
-3.13553372945 -1.36617931332 -10.1315705218
-3.17933139127 -1.35927996047 -10.1289057469
-3.22047772379 -1.34990860303 -10.1258553393
-3.25878778284 -1.33808623831 -10.1224290116
-3.29423198581 -1.32374853054 -10.1186155042
-3.32691608924 -1.30675465935 -10.1143848819
-3.35705116687 -1.28690500298 -10.109692812
-3.38491609705 -1.26396640138 -10.1044865099
-3.41081561462 -1.23770308724 -10.0987118956
-3.4350373005 -1.20791085266 -10.0923213944
-3.45781095006 -1.17445167747 -10.0852817527
-3.47927357471 -1.1372859112 -10.0775812145
-3.49944286223 -1.09649918836 -10.0692354396
-3.51820128355 -1.05232156366 -10.0602916187
-3.53529223146 -1.00513686037 -10.0508303624
-3.55032866995 -0.955480899281 -10.0409650976
-3.56281382687 -0.904028068742 -10.0308388837
-3.57217254644 -0.85156655396 -10.0206187511
-3.5777910988 -0.798963402917 -10.0104878541
-3.57906258178 -0.74712140514 -10.0006359
-3.57543459343 -0.696930437894 -9.99124846137
-3.56645563758 -0.649216441006 -9.98249587801
-3.55181676554 -0.604691475766 -9.97452251242
-3.53138525272 -0.56390837987 -9.9674371221
-3.50522764109 -0.527223339735 -9.96130506043
-3.47362020815 -0.49476927222 -9.95614291363
-3.43704580046 -0.466442264917 -9.95191603245
-3.39617693207 -0.441902508653 -9.94853923306
-3.35184602666 -0.420590220949 -9.94588073433
-3.30500460699 -0.401756067623 -9.94376918205
-3.25667404026 -0.38450460884 -9.94200340058
-3.20789107387 -0.367848393302 -9.94036432139
-3.15965179858 -0.350769562932 -9.93862838207

/group/aorta_leg_right/12
12
posId 12
-3.01013586082 0.702784954478 -13.1579022391
-2.9612210912 0.676733626338 -13.1668915982
-2.91637059902 0.647113322596 -13.176742089
-2.87614757712 0.614271129888 -13.1873369897
-2.84093515556 0.578590348287 -13.1985556172
-2.81093231805 0.540475674107 -13.210277623
-2.7861635648 0.500338302932 -13.2223868394
-2.76650079744 0.45858221838 -13.234774371
-2.75169483172 0.415592767769 -13.2473407157
-2.74141315734 0.371728351203 -13.2599967958
-2.73528013268 0.327315696966 -13.2726639002
-2.7329157598 0.282648803179 -13.2852726473
-2.73396952533 0.237991236735 -13.2977611761
-2.73814647009 0.193581137803 -13.3100728452
-2.74522358357 0.149638018369 -13.3221537626
-2.7550557065 0.10637029322 -13.3339504698
-2.76757124495 0.0639824561552 -13.3454080772
-2.78275903707 0.0226809133042 -13.3564690796
-2.80064855951 -0.0173223039925 -13.3670729959
-2.82128623422 -0.0558084281692 -13.3771568729
-2.84471084306 -0.0925535811253 -13.3866565867
-2.87093096556 -0.12733291505 -13.3955087807
-2.89990694378 -0.159926721998 -13.4036531996
-2.9315392065 -0.190127710291 -13.4110351314
-2.9656639359 -0.217748489156 -13.4176076563
-3.00205613526 -0.242628263573 -13.4233334183
-3.04043926485 -0.264637823966 -13.4281856935
-3.08049985514 -0.283682111096 -13.4321486062
-3.12190496721 -0.299699923255 -13.4352164467
-3.16432010725 -0.312660677998 -13.437392146
-3.20742523928 -0.322558504687 -13.4386850687
-3.25092686815 -0.329404284924 -13.4391083643
-3.29456473936 -0.333216535594 -13.4386761805
-3.33811244986 -0.334012210483 -13.4374010615
-3.38137209426 -0.331798558385 -13.4352918494
-3.42416388075 -0.326567108427 -13.4323523542
-3.46631234253 -0.318290661709 -13.4285809848
-3.50763125982 -0.306923870476 -13.4239714296
-3.54790963123 -0.292407612763 -13.4185143667
-3.58690096459 -0.274676960864 -13.4122000671
-3.62431779753 -0.253672140349 -13.4050216564
-3.65983274883 -0.229351526419 -13.3969787242
-3.69308660894 -0.201705465173 -13.3880809216
-3.72370309563 -0.170769568644 -13.3783511826
-3.75130902979 -0.136636131444 -13.3678282318
-3.77555793246 -0.0994624562189 -13.3565681075
-3.79615449862 -0.0594751426424 -13.3446445225
-3.81287713721 -0.0169697642192 -13.3321479981
-3.82559581972 0.0276942084445 -13.3191838261
-3.83428285675 0.0741029244663 -13.3058690289
-3.83901489021 0.121801368052 -13.2923285847
-3.83996528315 0.170309173969 -13.2786912533
-3.83738711647 0.219137696512 -13.2650853743
-3.83158805153 0.267806872059 -13.2516350025
-3.82289927515 0.315860449204 -13.2384567048
-3.81164149957 0.362878338262 -13.2256572665
-3.79809145603 0.408485135529 -13.2133324532
-3.78245243624 0.452354275457 -13.2015668601
-3.76483217864 0.494207714591 -13.1904347613
-3.74523078057 0.533811507731 -13.1800017663
-3.72354039919 0.570968051771 -13.1703270058
-3.69955737024 0.605506102983 -13.1614655145
-3.67300613742 0.637269884873 -13.1534704624
-3.64357317207 0.666108674732 -13.1463949089
-3.61094799768 0.691868180666 -13.1402928089
-3.57486763036 0.714384806162 -13.1352190934
-3.53516029004 0.7334835693 -13.1312287485
-3.49178418232 0.748980033983 -13.1283749394
-3.44485750812 0.760686164567 -13.1267063366
-3.39467659861 0.768419580305 -13.1262638955
-3.34172012706 0.772015307838 -13.1270774162
-3.28663861447 0.771338848184 -13.1291622391
-3.23022979984 0.766299218357 -13.132516435
-3.17340175434 0.756860612669 -13.1371188037
-3.11712675176 0.743051455523 -13.1429279216

/group/aorta_leg_right/15
15
posId 15
-3.30184619893 1.46258386101 -16.6617693016
-3.24011842796 1.45480284236 -16.6419573771
-3.18004363769 1.44272245823 -16.6241000463
-3.12313210093 1.42721828087 -16.6084655772
-3.07049949678 1.40914970785 -16.5951849864
-3.02280147033 1.38925116738 -16.5842628001
-2.9802276423 1.36803664059 -16.575605055
-2.94255380227 1.34573330824 -16.5690590911
-2.90924292505 1.32225672817 -16.5644578375
-2.87957910763 1.29723426659 -16.5616607323
-2.85281448587 1.27007636715 -16.5605842117
-2.82830819968 1.24008775295 -16.5612167154
-2.80563859114 1.20660402862 -16.5636160105
-2.78467461263 1.16913449467 -16.5678898371
-2.76559905824 1.12749013037 -16.574163858
-2.7488836154 1.08187703825 -16.5825431369
-2.73522269246 1.0329400616 -16.5930744861
-2.7254384529 0.981748173455 -16.6057168201
-2.72037270503 0.929721572656 -16.6203251834
-2.72078188228 0.878508940466 -16.6366516383
-2.727249377 0.829830695137 -16.6543631545
-2.74012545021 0.785309180947 -16.673073576
-2.75949963881 0.746308744472 -16.6923841884
-2.78520499569 0.713807266057 -16.7119258339
-2.81684859517 0.688316144125 -16.7313951948
-2.8538593099 0.669858686694 -16.7505788572
-2.89554240261 0.658008443169 -16.7693608969
-2.94113108412 0.651980509046 -16.7877126355
-2.98982759018 0.650761550889 -16.805666384
-3.04082992672 0.653259311009 -16.8232778604
-3.09334443175 0.658450361784 -16.8405840443
-3.14658786295 0.665506102206 -16.8575641261
-3.19978512052 0.673881126897 -16.8741107679
-3.25216948341 0.683354401803 -16.890017181
-3.30299124131 0.694021083939 -16.9049828244
-3.35153807268 0.706240121528 -16.9186373107
-3.3971669965 0.720548827001 -16.9305789209
-3.4393439688 0.73755953914 -16.9404215365
-3.47768402747 0.75785478107 -16.9478422436
-3.5119830406 0.781895933802 -16.9526216386
-3.54223207684 0.80995678452 -16.954670006
-3.56860734463 0.842088140263 -16.9540348671
-3.59143231249 0.878114003411 -16.9508885228
-3.6111134463 0.917654605484 -16.9454975919
-3.62805614446 0.960167768931 -16.9381796155
-3.64257196988 1.00499819931 -16.929254016
-3.65479127754 1.05142460355 -16.9189956899
-3.66459614743 1.09869677555 -16.9075990955
-3.6715868402 1.14605842311 -16.8951589394
-3.67509090264 1.19275572099 -16.8816707592
-3.67421809593 1.23803547103 -16.8670513225
-3.66795738089 1.2811395219 -16.851175379
-3.65530536567 1.32130317901 -16.8339225047
-3.63541002735 1.35776449175 -16.8152260195
-3.60771013036 1.38978870542 -16.7951155616
-3.57205022812 1.41670832747 -16.7737459198
-3.5287536549 1.43797496473 -16.7514069919
-3.47864121079 1.4532152352 -16.728512862
-3.42299057839 1.46228048474 -16.7055714527

/group/aorta_leg_right/18
18
posId 18
-1.46061765762 1.13240800899 -20.1162204486
-1.41257064184 1.1430256496 -20.0852013458
-1.36650550781 1.15582412398 -20.0559040199
-1.32347458462 1.17136195227 -20.0291414532
-1.28425554445 1.19048349416 -20.0055873334
-1.24934560189 1.21409536176 -19.9857343316
-1.21899581588 1.24292707268 -19.9698771055
-1.19327366021 1.27732315591 -19.9581199202
-1.17213779679 1.317107295 -19.9504047679
-1.15550818837 1.3615446345 -19.9465528834
-1.14331733438 1.40940896864 -19.9463110812
-1.13553382193 1.45914101214 -19.9493945687
-1.13215633351 1.5090663483 -19.9555196621
-1.133183239 1.55763038765 -19.9644227011
-1.13856844766 1.60360490849 -19.9758647809
-1.14817715963 1.64622695491 -19.9896249922
-1.16175495103 1.68524473505 -20.0054870599
-1.17892034152 1.72086388056 -20.0232251917
-1.19918536984 1.75360725025 -20.0425944521
-1.22200197523 1.78411844161 -20.0633292535
-1.24682562249 1.81294996341 -20.0851510326
-1.27318301377 1.84037952029 -20.1077834651
-1.30072893828 1.86629163336 -20.1309712968
-1.32927877525 1.89014817722 -20.1544975653
-1.3588076586 1.91105313918 -20.1781939657
-1.38941396203 1.92789769831 -20.201940416
-1.42125223041 1.93955545148 -20.2256522253
-1.45444742234 1.94508754804 -20.2492561723
-1.48900691079 1.94391564653 -20.272659619
-1.52474809003 1.93592733054 -20.2957188747
-1.56125726004 1.92149254502 -20.3182138936
-1.59789002408 1.90138791593 -20.3398357651
-1.6338157269 1.87664478774 -20.3601913968
-1.66809995045 1.84835260459 -20.3788266469
-1.69981143708 1.81745865496 -20.3952655239
-1.7281345631 1.78460625509 -20.4090596689
-1.75246673724 1.75004589766 -20.4198398646
-1.77248228332 1.71363920305 -20.4273603301
-1.78815016043 1.67495659229 -20.4315273173
-1.79970124252 1.63345023505 -20.4324059744
-1.80755027056 1.58866791132 -20.4302031629
-1.81218622788 1.5404642029 -20.4252282604
-1.81405111416 1.48916482708 -20.4178381259
-1.81342968508 1.43564816722 -20.4083755709
-1.81037114169 1.38132360947 -20.3971122199
-1.80465824174 1.32800616257 -20.384206242
-1.79583085729 1.27770714013 -20.3696830877
-1.78326117273 1.23237742483 -20.3534434841
-1.76626832499 1.19364968612 -20.33529819
-1.74425307439 1.16262689293 -20.3150242478
-1.71682939281 1.139756287 -20.2924335636
-1.68393033419 1.12481218702 -20.2674423043
-1.64587009631 1.11699060386 -20.2401292602
-1.60335191673 1.11509759753 -20.2107730474
-1.55742090691 1.11779567142 -20.17986151

/group/aorta_leg_right/21
21
posId 21
0.272549344225 0.971219695656 -22.9295153498
0.250932143731 1.02188527655 -22.9453863235
0.226678445965 1.06708453971 -22.9623542601
0.199327327569 1.10565086555 -22.9805957409
0.168499571579 1.13678645827 -23.0002677139
0.134027854595 1.16013350164 -23.021439012
0.0960462904524 1.17578617989 -23.044040592
0.0550247598506 1.18423828711 -23.0678423519
0.0117445512596 1.18627316623 -23.0924589769
-0.0327769705028 1.18281397346 -23.1173817468
-0.0773958795291 1.17476041632 -23.1420286965
-0.120963348985 1.16284140028 -23.1658027892
-0.162436845911 1.14751062626 -23.1881472651
-0.200962220196 1.12890444122 -23.2085890185
-0.235915486371 1.10686958166 -23.2267642179
-0.266902256153 1.08105511309 -23.2424246073
-0.293721625235 1.0510504771 -23.2554270301
-0.316307975082 1.01654257321 -23.2657118371
-0.334667302014 0.977461027527 -23.2732773503
-0.34882384022 0.934083005232 -23.2781572326
-0.358788319916 0.887076688888 -23.2804056726
-0.364552405063 0.837474339618 -23.2800922996
-0.366106396818 0.786579352982 -23.2773054993
-0.363470984297 0.735824257385 -23.2721601383
-0.356730179109 0.686605730691 -23.2648043032
-0.346052440296 0.640126682914 -23.2554198709
-0.331690394669 0.597273569919 -23.244213515
-0.313955652607 0.558549842375 -23.2313976741
-0.293172524567 0.524075337773 -23.2171643398
-0.269621155486 0.493648768462 -23.2016574058
-0.243485006655 0.466858782691 -23.1849509738
-0.214818514114 0.443220654602 -23.1670409115
-0.183547710447 0.422312048532 -23.1478549827
-0.149510088918 0.403883036333 -23.1272833084
-0.112531315541 0.38792205097 -23.1052264895
-0.0725274151646 0.374669204648 -23.0816543401
-0.0296137935454 0.364579241474 -23.0566648593
0.0158013496698 0.358246043356 -23.0305316089
0.0629609437312 0.356307114935 -23.0037285394
0.110756650119 0.359348635359 -22.9769245072
0.157787301651 0.3678292599 -22.9509447462
0.202474036852 0.382034662443 -22.9267024983
0.243216801896 0.402066415274 -22.9051097287
0.278568092957 0.427860225983 -22.8869802071
0.307395270059 0.459221791761 -22.8729403202
0.329003553003 0.495865119483 -22.8633622908
0.343197929474 0.537438820741 -22.8583310698
0.35027261325 0.583530387687 -22.857650604
0.3509294585 0.633645650488 -22.8608884845
0.346139436456 0.687168732989 -22.8674513818
0.336971468227 0.743314848314 -22.876678422
0.324418610391 0.801092424694 -22.8879367315
0.309251706824 0.859291175901 -22.9007033217

/group/aorta_leg_right/24
24
posId 24
1.37962085717 0.367322502686 -25.7226612809
1.43113536565 0.377615668223 -25.7006884991
1.47930556126 0.39244051635 -25.6800638564
1.52277394766 0.411810627041 -25.6613620833
1.56066514161 0.435782712725 -25.6449530728
1.59262739106 0.464364460988 -25.6309856854
1.61878262792 0.497427106999 -25.6194102192
1.63959727535 0.534643842934 -25.6100340551
1.65570249581 0.575467695135 -25.6025981187
1.66770272675 0.619152161024 -25.5968576603
1.67601294202 0.664807368295 -25.5926503324
1.68075780212 0.711476421407 -25.5899377525
1.68175145225 0.758212856861 -25.5888128922
1.67855854525 0.804141496694 -25.5894733157
1.67061927908 0.848490898537 -25.5921677344
1.65740785307 0.890594326226 -25.597128882
1.63858767468 0.929865293965 -25.6045081489
1.61412904059 0.965760800457 -25.6143262947
1.58436502867 0.997748484534 -25.6264502718
1.54997637875 1.02529229019 -25.6405998441
1.5119125215 1.0478652955 -25.6563808405
1.47126976305 1.0649897616 -25.6733361436
1.42915581565 1.07629555264 -25.6910021841
1.38657072492 1.081581341 -25.7089584495
1.34432795371 1.08086038784 -25.7268602175
1.30302784316 1.07437506893 -25.744449577
1.26308199178 1.06257128585 -25.7615454884
1.22477478426 1.04603382012 -25.7780186985
1.18834038384 1.02539407607 -25.7937605218
1.15403176466 1.00122982306 -25.8086551138
1.12216293994 0.973980259068 -25.8225628658
1.09311492817 0.943897792401 -25.8353186045
1.06730746822 0.911050567781 -25.8467435331
1.04514883174 0.875378507192 -25.8566656429
1.02698244321 0.836793072128 -25.8649408185
1.01304966809 0.795300070558 -25.8714667479
1.00348290083 0.751118304741 -25.8761840626
0.998333421433 0.704766389272 -25.8790632319
0.997627073114 0.657095962081 -25.8800804818
1.00143086032 0.609260559921 -25.8791900577
1.0099079792 0.562623189024 -25.8763023097
1.02333938083 0.518618970943 -25.8712766297
1.04209694243 0.478599120949 -25.8639351636
1.06656519024 0.443686642651 -25.854098138
1.0970224222 0.414671543344 -25.8416357862
1.13350448443 0.391964687876 -25.8265267372
1.17568204462 0.375616623021 -25.8089097103
1.22278271819 0.365393761792 -25.7891153492
1.27358225839 0.360892396754 -25.7676682354

/group/aorta_leg_right/27
27
posId 27
2.82677480155 0.962226857529 -29.1517037047
2.83104384228 1.03306706777 -29.1388577232
2.82819301636 1.09989598656 -29.1289496956
2.81834308492 1.15923546869 -29.1225041643
2.80163173144 1.20902789328 -29.1198101515
2.77816397938 1.24868468198 -29.1209292355
2.74808523704 1.27879292543 -29.1257195929
2.71175187505 1.30060856085 -29.1338632664
2.66992798556 1.31550955681 -29.1448914962
2.62391708581 1.32456974319 -29.1582114185
2.57555269109 1.32835241255 -29.1731425255
2.52701778025 1.32693721821 -29.1889703302
2.48052452886 1.32011513012 -29.2050177203
2.43794043503 1.30764059766 -29.2207242742
2.40047479296 1.2894304151 -29.2357148148
2.36852891785 1.26564057345 -29.2498350981
2.34176632074 1.23661623257 -29.2631373626
2.31938986224 1.20276931926 -29.2758110803
2.30054464948 1.16446953445 -29.2880711242
2.28472139338 1.12202581721 -29.3000311355
2.27203082647 1.07579067202 -29.311598431
2.26325814298 1.02635767187 -29.322424517
2.25967552025 0.974768670751 -29.3319317812
2.26266832389 0.922625049376 -29.3394156074
2.27329114874 0.872018401405 -29.3441982857
2.29189334175 0.825255733188 -29.3457938751
2.31793218948 0.784432459295 -29.3440374044
2.35003248394 0.750974672085 -29.3391398666
2.38627320865 0.725303477463 -29.331650449
2.42461113134 0.706753417523 -29.3223336079
2.46331014806 0.693806772873 -29.3119931323
2.5012471238 0.684606343394 -29.3012907954
2.53800821641 0.67761319102 -29.2906088627
2.57375912028 0.672215776363 -29.2799931326
2.60894485566 0.669095513859 -29.269190212
2.64392587748 0.670215030211 -29.2577663689
2.67867130139 0.678402726722 -29.2452734143
2.71260380382 0.696628228452 -29.2314159046
2.74463478788 0.727160067725 -29.2161762697
2.77336297934 0.770838442877 -29.1998687771
2.79735748729 0.826668148056 -29.1831144926

/group/aorta_leg_right/30
30
posId 30
3.8838551219 2.18451985689 -33.0428505676
3.94684791164 2.16446146069 -33.0296785679
4.00507145534 2.13860267477 -33.0189231204
4.05411453969 2.1075259614 -33.0116660578
4.09093431546 2.07162717025 -33.0086547772
4.11446556724 2.03118887486 -33.0101229976
4.12569328067 1.98655721296 -33.0157368124
4.12717128236 1.93835928766 -33.0246829084
4.12214088887 1.8876769594 -33.0358735797
4.11352502939 1.8361008285 -33.0482087025
4.10310595195 1.78562399343 -33.0608190564
4.09112864306 1.73838753439 -33.073223094
4.0764303523 1.69634118471 -33.0853576605
4.05702668979 1.6609155827 -33.0974828044
4.03094276087 1.63280492413 -33.1099988119
3.99700946465 1.61192887292 -33.1232379137
3.95537062615 1.59758922303 -33.1372965489
3.90755441925 1.58877704846 -33.1519564582
3.85611367054 1.58453933658 -33.1667110111
3.80398174085 1.58429569659 -33.1808782514
3.75377607215 1.58801175552 -33.1937559072
3.70728336768 1.59618109953 -33.2047643331
3.66528155959 1.60962733228 -33.2135331141
3.62772494749 1.62919264533 -33.2199113126
3.59418744958 1.6554117165 -33.2239106501
3.56437167981 1.68826990964 -33.2256145122
3.53847848402 1.72711358397 -33.2250952518
3.51729528769 1.77072906924 -33.2223749455
3.501976951 1.81755307577 -33.2174439472
3.49361614919 1.86593881105 -33.2103256461
3.49278537047 1.91439094557 -33.2011549534
3.49924739592 1.96170119679 -33.1902304272
3.51196936667 2.00695683566 -33.1780088125
3.52945925797 2.0494417718 -33.1650330883
3.55031526976 2.08848713404 -33.1518126394
3.57378614536 2.12334265723 -33.1386964342
3.60011965524 2.15312746485 -33.1257881809
3.63053820034 2.176884584 -33.1129423645
3.66680587278 2.19372098462 -33.0998543526
3.71049795364 2.20298011468 -33.0862247952
3.7622002268 2.20437978927 -33.0719497528

/group/aorta_leg_right/33
33
posId 33
4.79459656943 1.95858511636 -37.601356999
4.78298469133 2.01682009799 -37.6101461001
4.76495747432 2.07140922423 -37.6185834759
4.74111639914 2.12013074702 -37.626329405
4.71229317619 2.16143772955 -37.6331358719
4.67944813816 2.19461517367 -37.6388722357
4.64355735862 2.21978622767 -37.6435292692
4.60550858981 2.23777262901 -37.6472017632
4.56602442921 2.24984191934 -37.6500539108
4.52562588714 2.2573944606 -37.6522748184
4.48464171973 2.2616530313 -37.6540331183
4.44326000943 2.26341509245 -37.6554395196
4.40161023513 2.26291345089 -37.6565242693
4.35985808062 2.25980806255 -37.6572333258
4.3182926603 2.25330481949 -37.6574432035
4.27738721313 2.24237176809 -37.6569907207
4.23781938492 2.22600435346 -37.6557109971
4.20044502293 2.20348264367 -37.6534755786
4.16622844837 2.17456663176 -37.6502227685
4.13614071332 2.13958982836 -37.6459740624
4.11104374232 2.09943342226 -37.6408336121
4.09158127169 2.05538869799 -37.6349712544
4.0780965515 2.00893891184 -37.628593088
4.07059204575 1.96150861324 -37.6219061488
4.06873876612 1.91423502556 -37.6150849135
4.07193385821 1.86781122368 -37.6082468997
4.07939634854 1.82243547807 -37.6014426401
4.09028420508 1.77787844084 -37.5946621962
4.10381232534 1.73365450426 -37.5878567917
4.11935137417 1.68926090856 -37.5809708267
4.13649143169 1.64443275676 -37.573977184
4.15506134549 1.59935729088 -37.5669078425
4.1751031293 1.55479773629 -37.559872594
4.19680905778 1.5120944852 -37.5530609634
4.22043567776 1.47303596546 -37.546725826
4.24621255603 1.43961833948 -37.5411510076
4.27426359059 1.41373679406 -37.5366085914
4.30455521778 1.39686677251 -37.5333140136
4.33687964192 1.38979776376 -37.531387828
4.37087361016 1.39247411677 -37.5308320406
4.40606582653 1.40397816758 -37.5315263393
4.44194035723 1.42266434112 -37.5332458269
4.47800047359 1.44642393536 -37.5356977423
4.51381786393 1.473034656 -37.538570908
4.54905587688 1.500531713 -37.5415890355
4.58346162266 1.52753190153 -37.5445580605
4.61682904497 1.55344977601 -37.5473985968
4.64894194108 1.57856446144 -37.5501572338
4.67951089535 1.60392320922 -37.552994268
4.70812012623 1.63109827554 -37.5561498346
4.73419885855 1.66184126162 -37.5598944506
4.75702725393 1.69769842368 -37.5644729229
4.77578005441 1.73965791379 -37.5700518499
4.78960329578 1.787894011 -37.5766803052
4.79771231187 1.84165527229 -37.5842708523

/group/aorta_leg_right/36
36
posId 36
4.87922313352 1.12313737023 -41.2860065602
4.88097541894 1.18658612384 -41.3038761655
4.87442196789 1.2439473194 -41.320008776
4.86024808308 1.29275599891 -41.3337122484
4.83951346316 1.33227926144 -41.3447831562
4.81331469791 1.36338690199 -41.3534694333
4.78248958363 1.38801982832 -41.3603198825
4.7474647172 1.40842216981 -41.3659675452
4.70829990243 1.42636515931 -41.3709112986
4.66491649025 1.44258456237 -41.375358089
4.61743330557 1.45658193135 -41.379167901
4.56649402775 1.4668262916 -41.3819114504
4.51346717183 1.47127243447 -41.3830166688
4.46043581749 1.46802150354 -41.3819546711
4.4099582269 1.45591565612 -41.3784065276
4.36465265504 1.43488977438 -41.3723611445
4.32671726819 1.40598758465 -41.3641184747
4.29752070831 1.37105894346 -41.3542031523
4.27738217643 1.33225421344 -41.3432215206
4.26560651078 1.29148952798 -41.3317111676
4.26076567246 1.25005624968 -41.3200317425
4.26114593829 1.2084911235 -41.3083296332
4.2652320634 1.16673069829 -41.2965827837
4.27209043987 1.12447603669 -41.2847044427
4.28154557102 1.08162398053 -41.2726650794
4.29410789384 1.03860207413 -41.2605864858
4.31068633829 0.996481452825 -41.2487727665
4.33218277143 0.956822571493 -41.2376657804
4.35909818566 0.921305123831 -41.227739851
4.39127253849 0.891273048298 -41.2193729378
4.42783468535 0.867360741218 -41.2127412535
4.46737068352 0.849344657613 -41.207777946
4.50824961775 0.836291472746 -41.2042157162
4.54899775921 0.826973180423 -41.2017047286
4.58859923526 0.82042398733 -41.1999702431
4.62662790022 0.816455812396 -41.1989581246
4.66317173714 0.815949377856 -41.1989165944
4.69857939034 0.820798617954 -41.2003798767
4.73311631229 0.833490168987 -41.2040488479
4.76664701812 0.856415294732 -41.2105964223
4.79845099385 0.891102354664 -41.2204509354
4.82723606392 0.937594289916 -41.2336209043
4.851348822 0.994164372128 -41.2496155752

/group/aorta_leg_right/39
39
posId 39
4.48922234985 -0.27064065628 -46.3420148357
4.47489527508 -0.218956432753 -46.3553363739
4.454408642 -0.171793727672 -46.3666750589
4.4277249264 -0.130905342272 -46.3755213912
4.39481914136 -0.0974933907942 -46.3815260264
4.35587943477 -0.0721074844327 -46.3845512498
4.31154652202 -0.0546992887858 -46.3846816498
4.26309335969 -0.0448200577787 -46.3821869786
4.21245394484 -0.0418970395448 -46.3774456352
4.16205518431 -0.0454944707439 -46.3708508764
4.11447359901 -0.0554675365258 -46.3627285725
4.07200468551 -0.0719536379333 -46.3532922368
4.03627190783 -0.0952026394891 -46.3426488516
4.00799836242 -0.125306246824 -46.3308517137
3.98701638825 -0.161925103703 -46.3179801768
3.97251420168 -0.204116267555 -46.3042165899
3.96344032821 -0.250331330134 -46.2898914367
3.95893390426 -0.298597664785 -46.2754785287
3.95864082528 -0.34683241145 -46.2615393411
3.9628154457 -0.393193060969 -46.2486331475
3.97218124912 -0.436355928438 -46.2372213679
3.98760566438 -0.47563854068 -46.2275964234
4.0097053729 -0.510934820038 -46.2198569005
4.03851806323 -0.542493916894 -46.213935121
4.07334881948 -0.570622826981 -46.2096659434
4.11283537005 -0.595412873899 -46.2068728175
4.15520008797 -0.616575127447 -46.2054430246
4.19859542139 -0.633426986003 -46.2053696371
4.24142440541 -0.645018288879 -46.2067505018
4.28253617646 -0.650340393111 -46.2097495193
4.32124898302 -0.648541213379 -46.2145371818
4.35721884904 -0.6390788232 -46.2212318049
4.39022573845 -0.621779702614 -46.2298591532
4.41997144713 -0.596810113372 -46.2403384075
4.44596802658 -0.564602752457 -46.252491007
4.46755070182 -0.525792528375 -46.2660605914
4.4839944771 -0.481201307952 -46.2807302564
4.49467154279 -0.431878890506 -46.2961280979
4.49917391463 -0.379171129648 -46.3118210951

/group/aorta_leg_right/42
42
posId 42
3.96458276539 -1.84535890354 -50.711174921
3.95115039804 -1.7938044008 -50.728757332
3.93193337403 -1.74727424645 -50.7437234403
3.90626751211 -1.70750982921 -50.7553370866
3.87381332833 -1.67554322623 -50.7631688604
3.83482225901 -1.65162209633 -50.7671580857
3.7902370342 -1.63530854549 -50.7675885988
3.74162081684 -1.62574666068 -50.7649796188
3.69096266324 -1.62203298822 -50.7599223551
3.64043248595 -1.62357833344 -50.7529134367
3.59215251694 -1.63033879868 -50.744239373
3.54802354211 -1.64282771602 -50.733949974
3.50961039803 -1.66188986031 -50.7219282687
3.47806941893 -1.68830182493 -50.7080308125
3.45409938694 -1.72232773793 -50.6922476974
3.43791386193 -1.76338232995 -50.6748251112
3.42925365926 -1.80992329148 -50.6563072065
3.42746800675 -1.85962086858 -50.6374829652
3.43168130722 -1.9097603043 -50.6192568264
3.44103047378 -1.95775479871 -50.6024869397
3.45491826066 -2.00161081788 -50.5878432842
3.47320020485 -2.04020606598 -50.5757274418
3.49622381282 -2.07330560807 -50.5662715509
3.52467484296 -2.10132919946 -50.5594058095
3.55924827837 -2.12496138204 -50.5549625058
3.60022921436 -2.14473866845 -50.5527771574
3.6471147532 -2.16074293689 -50.5527551247
3.69841122863 -2.17248296463 -50.5548901355
3.75169573612 -2.17897750905 -50.5592410269
3.80394960562 -2.17898993133 -50.5658863867
3.85208148266 -2.17132763496 -50.5748790718
3.89349132711 -2.15511840064 -50.5862145795
3.92650877974 -2.13000398286 -50.5998143906
3.95057774007 -2.09623225658 -50.6155149782
3.96614092867 -2.05466344689 -50.6330507856
3.97427500427 -2.00672040564 -50.6520263963
3.97620451719 -1.95430583806 -50.6718856524

/group/aorta_leg_right/45
45
posId 45
3.32722483175 -2.85795754524 -54.0188161214
3.40695977231 -2.86238935071 -54.0219380363
3.47774658207 -2.87500438059 -54.0216821631
3.53433104122 -2.89453388347 -54.0181834179
3.57537713029 -2.91977521227 -54.0117830274
3.60296396157 -2.9499182805 -54.0028852248
3.62101261738 -2.98464629522 -53.9918300284
3.63334668553 -3.02395698745 -53.9788420561
3.64217277913 -3.06776713497 -53.9640795037
3.64752925356 -3.11546031394 -53.9477596005
3.64780547791 -3.16557378757 -53.9302982065
3.64097521485 -3.21577746209 -53.9123893521
3.62590919016 -3.26319020768 -53.8949717537
3.60314423528 -3.30494784034 -53.8790757487
3.57477230987 -3.33883459402 -53.865596567
3.5435376837 -3.36375749082 -53.8550760402
3.51160270572 -3.37989474841 -53.8475785936
3.47959663027 -3.38846599178 -53.8427157064
3.4464307927 -3.3912085302 -53.8398177465
3.41000672988 -3.38974758013 -53.8381950633
3.36852170527 -3.38507974289 -53.837394553
3.32177895034 -3.37733793943 -53.8373583398
3.27187506801 -3.36589465461 -53.8384280072
3.22288770273 -3.34973406981 -53.8411965304
3.17962001516 -3.32793204242 -53.8462673823
3.14588857232 -3.30005967273 -53.8540135613
3.12307781621 -3.26637616973 -53.8644257086
3.10961554818 -3.22777482686 -53.8771002455
3.10166670126 -3.18554870278 -53.8913617067
3.09483851886 -3.14110701777 -53.9064614683
3.08624794843 -3.09577472274 -53.9217686716
3.07611083358 -3.05074978936 -53.9368781474
3.06816169583 -3.00720482322 -53.9515995507
3.06865231239 -2.96644314862 -53.965844303
3.08423527643 -2.92998979041 -53.9794699687
3.11949126677 -2.89952822762 -53.9921575633
3.17502112495 -2.87667026491 -54.0033801265

/group/aorta_leg_right/48
48
posId 48
3.6506014908 -4.1949450133 -57.9689001049
3.62671495038 -4.13562736421 -57.9852145535
3.59792107344 -4.0864621124 -57.9996050146
3.5652304524 -4.0492334603 -58.011552574
3.52957978413 -4.02360732487 -58.0210457181
3.49180400087 -4.00768630929 -58.0284519588
3.45262381757 -3.99899542314 -58.0342862408
3.41265840151 -3.99552352642 -58.0389637644
3.37246985218 -3.99643926309 -58.0426266128
3.33263550113 -4.00223571767 -58.0451026101
3.29382981695 -4.01428226263 -58.0460032547
3.2568866023 -4.03398920825 -58.0449149971
3.22281055258 -4.06193487195 -58.0416042819
3.19271821429 -4.09731195772 -58.0361539934
3.16771000771 -4.13791967513 -58.028977669
3.14870051378 -4.18071141052 -58.0207065393
3.13625431401 -4.22268910542 -58.0119941507
3.13048083447 -4.26179907952 -58.0033149519
3.13102968712 -4.29748202856 -57.9948348524
3.13720004475 -4.33066254788 -57.9864031395
3.14814181399 -4.36317917748 -57.9776676647
3.16309449332 -4.39687122282 -57.9682674513
3.18159285095 -4.43267042039 -57.9580273597
3.20357364494 -4.47004314799 -57.9470795179
3.22934414047 -4.50699339044 -57.9358656602
3.25941349513 -4.54062048554 -57.9250216807
3.2942296606 -4.56801236418 -57.9151920755
3.33389406447 -4.5871270815 -57.9068492938
3.37793451908 -4.59732254756 -57.9001905528
3.425201032 -4.599334031 -57.8951532072
3.4739146732 -4.59471744051 -57.8915415105
3.52185747241 -4.58498903519 -57.889211458
3.56665460388 -4.57081622999 -57.8882346535
3.60607962025 -4.55160035529 -57.8889673858
3.63831416325 -4.52564423447 -57.8919859848
3.66211323745 -4.49087070431 -57.8979011777
3.67685773157 -4.44583908037 -57.9071129645
3.68250666087 -4.39067948141 -57.9195945714
3.67948305192 -4.32758004306 -57.9347884021

/group/aorta_leg_right/51
51
posId 51
3.96148477674 -4.75301795254 -62.7885354471
4.02287137147 -4.77491115007 -62.7814160082
4.07940332756 -4.80197726871 -62.7745537535
4.12748213398 -4.83317462005 -62.768355321
4.1640291118 -4.86759307665 -62.7631694452
4.18723190621 -4.90450061514 -62.7592101118
4.19709776694 -4.94337235277 -62.7564998457
4.19554097161 -4.98387188028 -62.7548617792
4.18587991878 -5.02576152806 -62.7539740076
4.17184288051 -5.0687444972 -62.753476185
4.15639054244 -5.11227681241 -62.7530958107
4.14076818768 -5.15541405435 -62.7527499691
4.12414869862 -5.19676163082 -62.7525832967
4.10402945763 -5.23457171265 -62.7529239266
4.07727240099 -5.26698135885 -62.7541687493
4.04143159254 -5.29233227077 -62.7566362538
3.99589384036 -5.30947486581 -62.7604387923
3.94241509994 -5.31795508578 -62.7654205692
3.88485046564 -5.3180164157 -62.7711846005
3.82816813801 -5.31041171237 -62.777199829
3.77709672387 -5.29608748309 -62.7829506212
3.73488241958 -5.27585150309 -62.7880759953
3.70258151125 -5.25014390995 -62.7924506369
3.67910714669 -5.21899727523 -62.7961819826
3.66196988008 -5.18220435942 -62.799528602
3.64840729366 -5.13963744239 -62.802772888
3.63647985287 -5.091607687 -62.8060953569
3.62575614118 -5.03913712462 -62.8094939541
3.61739299001 -4.98404487593 -62.8127722074
3.61365500049 -4.92881178443 -62.8155933572
3.61711620023 -4.87626037196 -62.8175745103
3.62986947809 -4.82914373751 -62.818384049
3.65301448005 -4.78975872362 -62.8178100678
3.68653793391 -4.75968041254 -62.8157841244
3.72951827325 -4.73966693561 -62.8123649567
3.78046085873 -4.72972602268 -62.8077019533
3.83755262849 -4.7292895526 -62.8020019107

/group/aorta_leg_right/54
54
posId 54
4.12513359671 -4.96064983249 -67.2853941559
4.17736763593 -4.97788860581 -67.281532024
4.22267997337 -5.00457495663 -67.2767322377
4.26077156143 -5.03897927064 -67.2712184024
4.29210468409 -5.07865854009 -67.265277011
4.31697129979 -5.12105500918 -67.2592143818
4.33495103087 -5.16407754291 -67.2533028087
4.34500479947 -5.20643366109 -67.2477364339
4.34609643499 -5.24760504588 -67.2426136583
4.33795157432 -5.28752526983 -67.237951788
4.32149157971 -5.32614639784 -67.2337261882
4.29865411301 -5.36311263167 -67.2299165538
4.2716428795 -5.39768379821 -67.2265412443
4.24196913053 -5.42891054065 -67.2236674284
4.20979185709 -5.45592880551 -67.2213965839
4.17395139046 -5.47818132896 -67.219836019
4.13276703379 -5.49541840222 -67.2190723249
4.08528474905 -5.50745692813 -67.2191597632
4.03240308753 -5.513821581 -67.2201272581
3.97730801316 -5.51347991857 -67.2219967013
3.92492382195 -5.50486566822 -67.2247982854
3.88052154261 -5.48626289917 -67.2285691931
3.84802225135 -5.45645161005 -67.2333301083
3.82870516441 -5.41537306752 -67.239045862
3.82089078683 -5.36453138999 -67.2455863265
3.82076990716 -5.30693260818 -67.2527064507
3.82406163179 -5.24654197772 -67.2600583182
3.82782313231 -5.187437889 -67.2672356581
3.83166174438 -5.13296879755 -67.2738378039
3.83785062477 -5.08521981734 -67.2795317581
3.85031314463 -5.04496589678 -67.2840916599
3.87291503982 -5.01208470706 -67.2874044151
3.90778080688 -4.9862135874 -67.28944437
3.95431532494 -4.96734338376 -67.2902323928
4.00928723276 -4.95608629362 -67.2898000172

/group/aorta_leg_right/57
57
posId 57
4.66450625956 -6.2328097963 -72.8624209706
4.64060722445 -6.17316633595 -72.8778611814
4.61100084712 -6.12297887646 -72.8910554866
4.57683699932 -6.08404837346 -72.9015285536
4.53930419418 -6.05623925812 -72.9092890387
4.49952622272 -6.03800681705 -72.9146997558
4.45847149708 -6.0272566319 -72.9182644433
4.41690803566 -6.02221178879 -72.9204116151
4.37542431071 -6.02198932075 -72.9213498042
4.33451272493 -6.02671879619 -72.921036098
4.29468734169 -6.03721922812 -72.9192545199
4.25659105209 -6.054414475 -72.9157601047
4.22104714989 -6.07875109661 -72.9104235415
4.18902777028 -6.10985828208 -72.9033169828
4.16154132855 -6.14657180195 -72.8947104423
4.13947231179 -6.18728364343 -72.8849876716
4.12342762628 -6.23044201776 -72.8745242518
4.1136455746 -6.27496777707 -72.8635852792
4.11000456975 -6.32039542851 -72.8522898768
4.11213476677 -6.36667128014 -72.8406593545
4.11959862535 -6.41369580297 -72.8287279372
4.13207941451 -6.46081754355 -72.8166654549
4.14951002714 -6.50652073246 -72.8048528095
4.17209135453 -6.54848103248 -72.7938676277
4.20018470452 -6.58401801369 -72.7843732715
4.23410454338 -6.61080575639 -72.7769453476
4.27387193697 -6.6275818053 -72.7718994648
4.31900379429 -6.63457088753 -72.7691896394
4.36840342928 -6.6334279876 -72.7684248743
4.42038753164 -6.62667660994 -72.7690092173
4.47284392526 -6.61680983518 -72.7703634559
4.52347726458 -6.60536119916 -72.7721524974
4.57007812771 -6.59228395703 -72.7744350459
4.61075096143 -6.57588443992 -72.7776754379
4.64405633325 -6.55336776714 -72.7826039958
4.66905441631 -6.52183808941 -72.7899656918
4.68526763009 -6.47942896023 -72.8002379522
4.69260008964 -6.4261838529 -72.8134119332
4.69125425075 -6.36438410404 -72.828912193

/group/aorta_leg_right/60
60
posId 60
4.81487087164 -7.00925581285 -78.0542572892
4.87770957225 -7.03452491062 -78.0448244821
4.93083394962 -7.06759114072 -78.0367612142
4.97135882858 -7.1054475195 -78.0305145784
4.99924464194 -7.14514309421 -78.0261127567
5.01659958665 -7.18451606669 -78.0232620916
5.02633419353 -7.22263685084 -78.0215415934
5.03076325846 -7.25978640655 -78.0206087098
5.03072632586 -7.29697563783 -78.0203323131
5.02553900265 -7.33519448944 -78.0208055509
5.01371083949 -7.374689218 -78.0222457484
4.9940352011 -7.41455682532 -78.0248372015
4.96651242162 -7.45281923648 -78.0285948513
4.93266656077 -7.48694711721 -78.0333137313
4.8951091382 -7.51462249785 -78.0386273469
4.856557644 -7.53443425807 -78.044146747
4.81877426417 -7.54622967936 -78.0496139346
4.78193624293 -7.55098638885 -78.0549954349
4.74476188249 -7.55026398546 -78.0604679205
4.70537637804 -7.5454636282 -78.0662964895
4.66255855376 -7.53719831917 -78.0726560874
4.61681584957 -7.52502738951 -78.0794754276
4.57078062525 -7.50765770734 -78.0863771843
4.52869327658 -7.48352471933 -78.0927496043
4.49512510667 -7.45151668894 -78.0979288384
4.47343206412 -7.41155568198 -78.1014219378
4.46457198922 -7.36481672712 -78.1030791342
4.4667958549 -7.31352071868 -78.103140816
4.47638105165 -7.26041042736 -78.1021336598
4.48914964762 -7.20813925137 -78.1006519811
4.50218225741 -7.15882025673 -78.0991091033
4.51503904871 -7.11389444207 -78.0975587895
4.52997954233 -7.0743235435 -78.0956614573
4.55106349317 -7.04096288634 -78.092813581
4.58246001186 -7.01488997027 -78.0883938689
4.62661119331 -6.99748957993 -78.0820326824
4.68296011117 -6.99021487553 -78.073800913

/group/aorta_leg_right/63
63
posId 63
5.08370923228 -6.55520120398 -82.0029891992
5.09668753659 -6.48728050013 -81.9731226213
5.12099882063 -6.43264752265 -81.9450627716
5.1561981532 -6.40202685389 -81.9230587402
5.20096846106 -6.39656424461 -81.9079338644
5.25237225528 -6.40847755371 -81.8975534941
5.3045464001 -6.4276155694 -81.8897242049
5.34919487142 -6.44874223837 -81.8848485127
5.3791353871 -6.47401890905 -81.8858464379
5.39285705996 -6.50931802978 -81.8954133758
5.39595647564 -6.55794436001 -81.9131903806
5.39713449921 -6.61688692164 -81.9354892122
5.401093456 -6.67796838326 -81.9578005089
5.40397618065 -6.73209123133 -81.9777519392
5.39552592557 -6.77292635303 -81.9958966413
5.36676343346 -6.79794747359 -82.0138768339
5.31728103135 -6.80750923665 -82.0319473641
5.25645304861 -6.80379423513 -82.0482190433
5.19784206334 -6.79025576764 -82.0600721713
5.15146884582 -6.77062949309 -82.0660260478
5.11980358394 -6.74685321683 -82.0661063069
5.09964507062 -6.71715364431 -82.0605632079
5.08712146643 -6.67672562164 -82.0486775118

/group/aorta_leg_right/66
66
posId 66
6.79536674572 -5.71857871999 -85.2070241019
6.80531958421 -5.64204089764 -85.2015898499
6.80077498181 -5.57300565508 -85.1972216663
6.78261204115 -5.5179768649 -85.1943132933
6.75424224103 -5.48005155928 -85.1929341685
6.72066883466 -5.45918394971 -85.1928839185
6.68635921557 -5.45272986717 -85.1938121484
6.65304625154 -5.45611439043 -85.1953491474
6.61888355834 -5.46383333927 -85.1972051793
6.5797464639 -5.47098245233 -85.1992198945
6.53220719952 -5.47505870733 -85.2013636262
6.47659033289 -5.47724546411 -85.2037015213
6.41827735283 -5.48227015946 -85.2063327057
6.36630327471 -5.49646686124 -85.2093180203
6.32980430909 -5.52467028393 -85.2126155495
6.31413899273 -5.56741451902 -85.2160491032
6.31874502688 -5.62000400809 -85.2193315587
6.33784850191 -5.67417555484 -85.2221463637
6.36356574722 -5.72168007986 -85.2242611173
6.38966122815 -5.757972853 -85.2256224172
6.41398087151 -5.78401872298 -85.2263787883
6.43846186676 -5.80516738098 -85.2268062085
6.46704458199 -5.82763507416 -85.2271587199
6.50290673355 -5.85445182032 -85.2275105666
6.54659246639 -5.88303925716 -85.227670444
6.59583118911 -5.90570308134 -85.2272210826
6.64671780696 -5.91277008239 -85.2256793339
6.69520216318 -5.89675686641 -85.2227120178
6.73792247829 -5.85554873479 -85.2183124441

/group/aorta_leg_right/69
69
posId 69
6.35704750187 -5.39727869043 -90.2589724691
6.45172704494 -5.38063782754 -90.2711057897
6.52455344617 -5.39266720541 -90.2802135859
6.55548387158 -5.43009213068 -90.2837889401
6.55686557677 -5.48112581127 -90.2835013207
6.55138702261 -5.5360272132 -90.2823104254
6.54514573307 -5.58980448976 -90.2810331865
6.52862195968 -5.63619128202 -90.2785215858
6.49805264551 -5.66501140974 -90.274391596
6.46378743796 -5.66975835022 -90.2700120191
6.43454043902 -5.65613251414 -90.2664340409
6.40295595107 -5.63854573546 -90.2625961287
6.35612614223 -5.62654617119 -90.2567781559
6.29766488369 -5.61683895628 -90.2494673485
6.24925490107 -5.60005134308 -90.2434927822
6.22720262209 -5.57286765152 -90.2409482243
6.22541052278 -5.54027972829 -90.2410167425
6.22893599998 -5.50697946368 -90.2417647015
6.24000786984 -5.47158625853 -90.2434866887

/group/aorta_leg_right/72
72
posId 72
5.90773971967 -5.56403683065 -94.7877631871
5.8660971249 -5.52212540524 -94.782709298
5.81929146585 -5.5273078276 -94.7772217539
5.78189596534 -5.55612419606 -94.7729285212
5.75614701014 -5.5853044208 -94.7700068426
5.72930110419 -5.61338061326 -94.7669520342
5.69366497607 -5.64396771203 -94.762872325
5.67242507823 -5.67488093958 -94.76048753
5.69575445266 -5.69836092064 -94.7633188634
5.7552332534 -5.70593345352 -94.7703444637
5.81720198927 -5.70184895701 -94.7776199891
5.86752417984 -5.69740060419 -94.7835239605
5.90704322748 -5.68207936699 -94.7881168251

/group/aorta_leg_right/75
75
posId 75
5.10085630594 -6.51682686419 -99.6157479823
5.16252494173 -6.55440263896 -99.6184767035
5.21685210472 -6.58550718142 -99.6208176878
5.262399655 -6.60391101253 -99.6225387947
5.29961850259 -6.61596329261 -99.6238511838
5.32875284313 -6.63621179931 -99.6252189056
5.34883904764 -6.67666021175 -99.6269956504
5.35839164471 -6.73691699828 -99.6291318555
5.35697856752 -6.80220802893 -99.6311516358
5.34620468507 -6.85097591375 -99.6324166482
5.32914338568 -6.86722701118 -99.632500496
5.30854302055 -6.84954844245 -99.6314276017
5.28516722897 -6.81106625273 -99.6296302845
5.25759150197 -6.77082022085 -99.6276721607
5.22369152725 -6.74265701342 -99.625935837
5.18275828279 -6.7288960196 -99.6244765482
5.1366714277 -6.72213269056 -99.6231083367
5.08926184085 -6.71267008983 -99.6216220001
5.04437615264 -6.69553507433 -99.6199574243
5.00416290643 -6.67221607111 -99.6182153215
4.96894144653 -6.64691210118 -99.6165358723
4.9387810666 -6.62143173358 -99.6149777431
4.91553001121 -6.59357403648 -99.6135179862
4.90355858878 -6.56048719942 -99.6121763896
4.90832323056 -6.5239537005 -99.6111458448
4.93343983046 -6.49255053441 -99.6107869791
4.97812448065 -6.47790240212 -99.6114460586

/group/aorta_leg_right/81
81
posId 81
4.96550107321 -5.07339896498 -106.818445358
4.93621966194 -5.05884841305 -106.81650483
4.90693825067 -5.07302514071 -106.820313321
4.87765683941 -5.11592914798 -106.82987083
4.84837542814 -5.13010587564 -106.833679321
4.87765683941 -5.17338370719 -106.841368867
4.90693825067 -5.18793425912 -106.843309395

/group/aorta_leg_right/84
84
posId 84
6.0774414437 -4.30777561418 -110.253787614
6.09712993124 -4.25098167433 -110.243190704
6.14182924767 -4.21442340435 -110.232630361
6.17956735875 -4.19356878207 -110.225177235
6.19952010047 -4.16758558512 -110.219051262
6.22171894908 -4.13099314757 -110.211112922
6.26490517969 -4.10423249921 -110.202160777
6.31666946742 -4.10891331382 -110.196801063
6.34650582018 -4.14255862947 -110.198233533
6.34175903084 -4.18528936161 -110.205031167
6.31789628681 -4.22419465822 -110.213501706
6.29526036217 -4.26112143813 -110.221539927
6.27843755803 -4.3001443181 -110.229205712
6.26034089084 -4.33865406136 -110.23694525
6.23431077445 -4.37136627714 -110.244763958
6.19646889743 -4.39289281072 -110.252327372
6.14702279166 -4.39357409304 -110.258199893

/group/aorta_leg_right/87
87
posId 87
5.96928376974 -3.83133573752 -112.981825926
6.03101342233 -3.80480629818 -112.984060914
6.07087137106 -3.77323303625 -112.9835301
6.07632533402 -3.72084167848 -112.976887903
6.05630221285 -3.66344398854 -112.967142733
6.03274111306 -3.63785396843 -112.961408622
6.01853670834 -3.66254510634 -112.963434441
6.00553633819 -3.71504977176 -112.969375669
5.97572365088 -3.75353376125 -112.971804623
5.92263538185 -3.75820841181 -112.96740329
5.85950185141 -3.74670469642 -112.959837268
5.80721120694 -3.7507392506 -112.955424184
5.7774808327 -3.78508622579 -112.957295573
5.76842148945 -3.84111144881 -112.964092093
5.7724834083 -3.90161514293 -112.972746388
5.7843772524 -3.95194590044 -112.980753973
5.80218703741 -3.97861057702 -112.986088922
5.82616609688 -3.9700301629 -112.987192858
5.85958416447 -3.92791230818 -112.98460958

/group/aorta_leg_right/90
90
posId 90
5.67336173722 -2.79736896942 -115.465508498
5.74518299337 -2.78058956039 -115.470761198
5.8190190773 -2.76580835353 -115.477156593
5.89256861337 -2.75369218952 -115.484578447
5.9635176519 -2.74492139121 -115.492913857
6.02974990313 -2.74014641011 -115.502070948
6.08953418139 -2.73994934165 -115.511994726
6.14166857582 -2.74481223007 -115.522678419
6.18556591297 -2.75509305274 -115.534168097
6.2212718633 -2.77100933785 -115.546559098
6.24941477089 -2.79262864809 -115.559983797
6.27109404769 -2.81986473483 -115.574591377
6.28772086998 -2.85247806203 -115.590521392
6.30083014618 -2.89007959444 -115.607873826
6.31188570099 -2.9321371724 -115.62667907
6.32210101319 -2.97798435074 -115.646871492
6.33229563793 -3.02683213981 -115.668270141
6.3428029276 -3.07778452713 -115.690569569
6.3534383979 -3.12985887371 -115.71334276
6.36353082968 -3.18201219734 -115.736056928
6.3720108229 -3.23317395198 -115.758101551
6.37754490305 -3.2822852124 -115.778826606
6.37869819762 -3.32834325502 -115.797587762
6.37410573501 -3.37044950561 -115.813794371
6.36263189307 -3.40785784776 -115.826955625
6.34349946606 -3.44001950558 -115.836720241
6.31637395459 -3.46662026957 -115.842905577
6.28139448052 -3.48760583424 -115.845513019
6.23914945643 -3.50319151738 -115.844727826
6.19060196452 -3.51385363338 -115.840903168
6.13697588293 -3.52030123063 -115.834529678
6.07961840083 -3.52342865139 -115.826193321
6.01985713654 -3.52425125965 -115.816525579
5.95887032041 -3.52382850579 -115.80615071
5.89758641953 -3.5231800487 -115.795635142
5.83662544825 -3.52320174518 -115.785443777
5.77628856056 -3.52458879298 -115.775907273
5.71659607978 -3.52777308877 -115.767203148
5.65736770321 -3.53288091891 -115.759352146
5.59833303591 -3.53971550141 -115.752229693
5.53925656565 -3.5477667781 -115.745590751
5.48005920138 -3.55624841436 -115.73910508
5.42091881914 -3.564159439 -115.732398903
5.36233485836 -3.57036560507 -115.725098517
5.30514657214 -3.57369361745 -115.716871339
5.25050049339 -3.57303006144 -115.707460336
5.19976929229 -3.56741632336 -115.696708726
5.15443064236 -3.55613108592 -115.684572957
5.11592016823 -3.53875308864 -115.671123411
5.08547632012 -3.51519866247 -115.656533578
5.06399661435 -3.48573089829 -115.641059695
5.05192386284 -3.45093995707 -115.625013777
5.04917785477 -3.41169670832 -115.608733492
5.05514280248 -3.36908432556 -115.592552483
5.06871432502 -3.32431442991 -115.576774426
5.08840259634 -3.27863566606 -115.561653428
5.1124813932 -3.23324309856 -115.547382441
5.13916698499 -3.18919649683 -115.53409025
5.16680683081 -3.14735448385 -115.521846501
5.19405639844 -3.10832978651 -115.510673245
5.22002332719 -3.07246863886 -115.500560751
5.24436155075 -3.03985498804 -115.49148496
5.26730350582 -3.01033778698 -115.483423868
5.28962555042 -2.9835775667 -115.476370521
5.31254938957 -2.95910686486 -115.470340882
5.33758975715 -2.93639808914 -115.4653757
5.36636494987 -2.9149320848 -115.461536457
5.40039129523 -2.89426104977 -115.458896337
5.4408847185 -2.87406041931 -115.457527944
5.4885919911 -2.85416578538 -115.457489949
5.54367104511 -2.83459264067 -115.458815022

/group/aorta_leg_right/93
93
posId 93
5.46115325897 -2.45774284196 -117.292817834
5.50055060063 -2.42247371821 -117.298235401
5.54346818334 -2.385368867 -117.30433336
5.58917970001 -2.34738871198 -117.311058126
5.63645162174 -2.30991671753 -117.318281737
5.68366313985 -2.27463115651 -117.32581523
5.72898687873 -2.2433442036 -117.333433625
5.77060594398 -2.21782969158 -117.340909064
5.80693729187 -2.19966112927 -117.348047188
5.83683013371 -2.1900787722 -117.354721096
5.85971133566 -2.18989923543 -117.360897268
5.87565707619 -2.1994742752 -117.366648846
5.88538030983 -2.2186980757 -117.372153318
5.89013534394 -2.24705580616 -117.377673895
5.89155234074 -2.28370133861 -117.383526248
5.8914241342 -2.32754949466 -117.390034474
5.89147403218 -2.37736825842 -117.397481913
5.89313539402 -2.43185885184 -117.406063335
5.89737150567 -2.48971582484 -117.415845086
5.90455804546 -2.54966449204 -117.426738802
5.91444125553 -2.61047815868 -117.438492645
5.92617423326 -2.67098167707 -117.450701668
5.93842315058 -2.73005023661 -117.462836437
5.94952625003 -2.78661252602 -117.474286598
5.95768240818 -2.83966552887 -117.484414207
5.9611436646 -2.88830463038 -117.492610416
5.95838756443 -2.93176815017 -117.498348841
5.94825002685 -2.96949078914 -117.50122955
5.93000679107 -3.00115672631 -117.501009076
5.90340001683 -3.0267410216 -117.497613797
5.86861490984 -3.04652807707 -117.49113636
5.82621798982 -3.06109830443 -117.481816953
5.77707282171 -3.07127854356 -117.470013065
5.72225015923 -3.0780575028 -117.456162505
5.66294751768 -3.08247360539 -117.440744865
5.60042873762 -3.08548807093 -117.424246197
5.53598807609 -3.08785984204 -117.407130615
5.47093696619 -3.09004032829 -117.389821001
5.40660604623 -3.09210449462 -117.37268927
5.34435141815 -3.09373063557 -117.356055047
5.28555302814 -3.09423476854 -117.340190366
5.23159476277 -3.0926578554 -117.325327283
5.18381999891 -3.08789617701 -117.311665284
5.14346215528 -3.07885836878 -117.29937589
5.1115561637 -3.0646279802 -117.288602912
5.08884247922 -3.04460875051 -117.279458111
5.07567913686 -3.0186314566 -117.272013296
5.07197859002 -2.98700604633 -117.266290983
5.07718423266 -2.95051017885 -117.262256323
5.0902967466 -2.91031420786 -117.259813044
5.10995338346 -2.86785176414 -117.258805638
5.13455507138 -2.82465306575 -117.259028945
5.16242816874 -2.7821637047 -117.260244958
5.19200114377 -2.7415740615 -117.262205272
5.22197262155 -2.70368329311 -117.264676342
5.25144688931 -2.66881716987 -117.267463956
5.28001633045 -2.63681156668 -117.270433121
5.30777701072 -2.6070642269 -117.273520012
5.33527285384 -2.5786478524 -117.276733712
5.36337417838 -2.55046902321 -117.280147001
5.3931062585 -2.5214511512 -117.283877177

/group/aorta_leg_right/96
96
posId 96
4.61957627428 -1.885693366 -118.989597665
4.64625217947 -1.93062432269 -119.002727879
4.67261758719 -1.97279253877 -119.015628578
4.6989176223 -2.01158454145 -119.028385275
4.72548312385 -2.04658904397 -119.041127651
4.75269980485 -2.07761279966 -119.054016701
4.78096953519 -2.10468778479 -119.06722815
4.81066665482 -2.12806853213 -119.080933379
4.8420927848 -2.14821883314 -119.095279336
4.87543388702 -2.16578754877 -119.110369045
4.91072329797 -2.18157389169 -119.126244355
4.94781412311 -2.19648322568 -119.142872433
4.9863637476 -2.21147512283 -119.16013725
5.02583234269 -2.22750607092 -119.177836977
5.06549619227 -2.24546977531 -119.195687724
5.10447551449 -2.26613839889 -119.213333624
5.14177530209 -2.29010828581 -119.230362721
5.17633664469 -2.31775368713 -119.246327685
5.20709511635 -2.34919173336 -119.260769985
5.23304218417 -2.3842613826 -119.273245855
5.25328527473 -2.42251833438 -119.283352221
5.26710215219 -2.46324697922 -119.290750738
5.27398561932 -2.50548940755 -119.295188209
5.27367522383 -2.54809039798 -119.296511904
5.26617358768 -2.58975622078 -119.294678667
5.25174610309 -2.6291241046 -119.289757164
5.2309039689 -2.66483839966 -119.281923119
5.20437177646 -2.69562889103 -119.27144791
5.17304199915 -2.7203864227 -119.25868138
5.13791970297 -2.73823101628 -119.244030147
5.10006150114 -2.7485680157 -119.227932995
5.06051316944 -2.7511284462 -119.210835153
5.02025038924 -2.74599070439 -119.19316328
4.98012679176 -2.73358183802 -119.175302939
4.94083286301 -2.71465795433 -119.157580064
4.90286838702 -2.6902646293 -119.140247633
4.86653002612 -2.66167948459 -119.123478301
4.83191444978 -2.63034026688 -119.107363301
4.79893622233 -2.59776272268 -119.091917405
4.76735854212 -2.56545324435 -119.077089286
4.73683397706 -2.53482162268 -119.062776239
4.70695163892 -2.50709925081 -119.048841876
4.67728683263 -2.48326778539 -119.035135256
4.6474491369 -2.46400260472 -119.02150985
4.61712511803 -2.44963445966 -119.007840779
4.58611242506 -2.44013155468 -118.994039026
4.55434281206 -2.43510300552 -118.98006155
4.52189261034 -2.4338232843 -118.965916681
4.48898024849 -2.43527597314 -118.951664535
4.45595149834 -2.43821398924 -118.937412668
4.42325412202 -2.44123249278 -118.923307553
4.39140442711 -2.44285000259 -118.909522826
4.36094883732 -2.44159286202 -118.896245478
4.3324239093 -2.4360781357 -118.883661316
4.30631825061 -2.42509026964 -118.871941044
4.28303952344 -2.40764738465 -118.861228193
4.26288918194 -2.38305384855 -118.851629939
4.24604684044 -2.35093672419 -118.843211566
4.23256527293 -2.31126474514 -118.835994934
4.22237608207 -2.264349554 -118.829960993
4.2153051338 -2.21082997386 -118.825055945
4.21109601273 -2.15164100636 -118.821200379
4.20943908614 -2.08797000302 -118.818300399
4.21000332726 -2.02120300292 -118.816259614
4.2124678753 -1.95286454564 -118.814990793
4.21655041367 -1.88455435247 -118.814426029
4.22202981457 -1.81788413438 -118.814524413
4.22876109181 -1.75441746291 -118.815276476
4.23668146923 -1.69561517111 -118.816704955
4.2458072366 -1.64278818642 -118.818861812
4.25622195142 -1.59705908753 -118.821821793
4.26805737049 -1.55933307474 -118.825673142
4.28146918589 -1.5302784925 -118.830506399
4.29661013284 -1.51031658011 -118.836402356
4.31360328615 -1.49961977463 -118.843420398
4.33251834577 -1.49811766002 -118.851588402
4.35335342988 -1.50550954582 -118.860895256
4.37602437159 -1.52128265117 -118.871286827
4.40036279885 -1.54473494314 -118.882665916
4.42612343069 -1.5750018002 -118.894896334
4.45300012316 -1.61108580938 -118.907810897
4.48064932688 -1.65188912733 -118.921222731
4.50871885517 -1.69624791423 -118.934938946
4.53687927859 -1.74296836556 -118.948775519
4.56485491432 -1.79086381217 -118.962572023

/group/aorta_leg_right/99
99
posId 99
3.68476088268 -2.39760657572 -120.955101738
3.64864664644 -2.40431054985 -121.008432619
3.620330522 -2.41769568496 -121.062000466
3.60224641732 -2.4360499003 -121.110388945
3.59536357345 -2.45808245992 -121.150560723
3.59897830047 -2.48318173183 -121.182481789
3.61095252001 -2.51127217858 -121.20862645
3.62833297341 -2.5423746666 -121.232593407
3.64816274772 -2.5761074853 -121.257403727
3.66823708487 -2.61138840787 -121.284156803
3.68757884514 -2.64650150197 -121.31155243
3.70650607745 -2.67951968626 -121.336420096
3.72629934435 -2.70890241627 -121.354985111
3.74860175173 -2.73399470641 -121.36431506
3.77475767472 -2.75518265739 -121.363343714
3.80529559444 -2.7736023708 -121.353075081
3.83969267988 -2.79049440902 -121.33593454
3.87645380147 -2.80646065459 -121.314598922
3.9134362277 -2.82094135043 -121.290848064
3.94828839849 -2.83215678715 -121.264950317
3.97886344004 -2.83757677107 -121.235841639
4.00350895472 -2.83476462717 -121.201995706
4.02119959106 -2.82228082365 -121.162570192
4.03153758226 -2.80029337502 -121.118288652
4.03467606213 -2.77064694357 -121.071633087
4.03121446424 -2.73635017689 -121.026229124
4.02208630537 -2.70066840667 -120.985669821
4.00842926827 -2.6661642944 -120.952285605
3.9914166101 -2.63404895463 -120.926409831
3.97204638874 -2.60408207078 -120.906489057
3.95092288602 -2.57504164941 -120.890026331
3.92810167012 -2.54556042926 -120.874977702
3.90308167286 -2.51498645909 -120.86100603
3.87499946391 -2.48392485815 -120.850029519
3.84301566594 -2.45425398292 -120.845778174
3.80680320495 -2.42862427353 -120.852479255
3.76698489442 -2.40965301002 -120.873164293

