/group/posterior_tibial_left/0
0
posId 0
-9.61102857571 -5.18232865473 -84.8104253877
-9.6498833112 -5.12158752187 -84.8165033337
-9.68219447929 -5.08236211597 -84.8206677549
-9.7152310048 -5.0697244814 -84.8227597579
-9.75465422301 -5.07632141016 -84.8235468841
-9.79681595127 -5.09321213367 -84.8236131455
-9.83139419879 -5.11926496474 -84.8227054926
-9.85088805047 -5.15913358267 -84.8202082428
-9.85644476367 -5.21338118821 -84.8161150311
-9.85420837464 -5.27306373724 -84.8113348444
-9.84709849849 -5.32531057425 -84.8069793626
-9.83148177426 -5.36339376146 -84.8034586055
-9.80193949423 -5.38982228462 -84.8003950491
-9.75804879125 -5.40959617339 -84.7973804136
-9.70552961649 -5.42235482435 -84.7946328106
-9.65146692602 -5.422930465 -84.7927946656
-9.6002951925 -5.40908001762 -84.7921898977
-9.55542796627 -5.38605258599 -84.7925178056
-9.52337805645 -5.36136339951 -84.7934017752
-9.51321871663 -5.3354555551 -84.7951077432
-9.52970143292 -5.29998610446 -84.7984511215

/group/posterior_tibial_left/3
3
posId 3
-9.57108295032 -5.27639306776 -85.3143124141
-9.59408414744 -5.21491352756 -85.3203067477
-9.6233017062 -5.16440124286 -85.3258585558
-9.65634198433 -5.12798264585 -85.3305886654
-9.69197260775 -5.10417736294 -85.3345329215
-9.73001431724 -5.08841750233 -85.3380220104
-9.77086877764 -5.0758188081 -85.3414455595
-9.81489629014 -5.06380965748 -85.3450177519
-9.86186974633 -5.05334619475 -85.3486532954
-9.91066646321 -5.04819454948 -85.3520023789
-9.95925819792 -5.05275030637 -85.35461312
-10.0049661846 -5.06958384068 -85.3561306078
-10.0448905694 -5.09798871509 -85.3564315339
-10.0764056498 -5.13424066499 -85.3556349062
-10.0976191585 -5.17335849045 -85.3539982703
-10.1077077215 -5.2113802703 -85.3517678769
-10.1070544588 -5.24693181541 -85.3490697542
-10.0971358004 -5.28128127214 -85.3458987504
-10.0801464802 -5.31691056533 -85.3422025801
-10.0584196143 -5.35543855783 -85.3380018999
-10.0337786445 -5.39607244283 -85.3334667476
-10.0070170256 -5.43546313156 -85.3288957521
-9.97770264299 -5.4690619412 -85.324602805
-9.94442646456 -5.49324065619 -85.320773631
-9.90547145984 -5.50699796073 -85.3173788151
-9.85971582533 -5.51227550836 -85.3142050289
-9.80746984101 -5.51264850239 -85.3110037747
-9.75093378274 -5.51104828284 -85.3076894976
-9.69407301481 -5.50773980378 -85.3044832368
-9.64190325893 -5.49970196292 -85.3019155511
-9.59939138292 -5.48186428019 -85.3006672789
-9.57032113964 -5.44968867835 -85.3013075855
-9.55649016852 -5.40184965005 -85.3040447754

/group/posterior_tibial_left/6
6
posId 6
-9.60389745477 -5.28174197527 -86.2312517114
-9.54645394118 -5.309138455 -86.2226102902
-9.49135483257 -5.33907261217 -86.21397014
-9.4455225787 -5.37288472266 -86.205926445
-9.41502784407 -5.41092832061 -86.1990801504
-9.40344948997 -5.45203333293 -86.1939180384
-9.41100354377 -5.49340165644 -86.1907316653
-9.43469343318 -5.53102915823 -86.1895925104
-9.46938625098 -5.56058020983 -86.1903804792
-9.50941700077 -5.57848354613 -86.1928463532
-9.55016960607 -5.58292708971 -86.1966815215
-9.58912820409 -5.57443963543 -86.2015720219
-9.62611025614 -5.55586034125 -86.2072258544
-9.66269781507 -5.53167875425 -86.2133769363
-9.70116030997 -5.5069201669 -86.2197795798
-9.74331212217 -5.48589056965 -86.2262096455
-9.78972350756 -5.47113675337 -86.2324819709
-9.83952438187 -5.4629076253 -86.2384816286
-9.89078515479 -5.45924698422 -86.2441948397
-9.94123102487 -5.45665838866 -86.2497197722
-9.98893455677 -5.45112132442 -86.2552413006
-10.0326751567 -5.43915457023 -86.260966389
-10.0718287859 -5.41863876405 -86.2670334891
-10.1058798133 -5.38921242841 -86.2734234174
-10.1338312701 -5.35220288508 -86.2799043154
-10.153850734 -5.31019257501 -86.2860362989
-10.1633984178 -5.26640708944 -86.2912436793
-10.1598763893 -5.22412188676 -86.2949398931
-10.141597421 -5.18622779146 -86.2966705993
-10.1086993401 -5.15500257775 -86.2962312667
-10.0636025426 -5.13204877291 -86.2937210036
-10.0107456164 -5.11831062422 -86.2895132757
-9.95559203236 -5.11408985376 -86.2841505025
-9.90318445795 -5.11902947587 -86.2781944085
-9.85672250458 -5.13209790177 -86.272078799
-9.81667231886 -5.1516470438 -86.2660108472
-9.78076043785 -5.17561389957 -86.2599510748
-9.74490871397 -5.20188244216 -86.253676349
-9.70483533351 -5.22874231701 -86.2469032416

/group/posterior_tibial_left/9
9
posId 9
-9.475903769 -5.31972422448 -86.9995823448
-9.41565489152 -5.33219146611 -86.9880451707
-9.36240743247 -5.3561841362 -86.9756810004
-9.32736984768 -5.39026050022 -86.9644895314
-9.31216305054 -5.43284411287 -86.9549885049
-9.30931236927 -5.48174535726 -86.9463708436
-9.31053633702 -5.53369974999 -86.9378824555
-9.31491659719 -5.58431205399 -86.9301135823
-9.32918421085 -5.62858480441 -86.9249554204
-9.36004290835 -5.66193386951 -86.9242258187
-9.40615656058 -5.68134076299 -86.9282194371
-9.45763781405 -5.68614424191 -86.9354952455
-9.50346668201 -5.67803410823 -86.9440416739
-9.53958874248 -5.66013543673 -86.952700376
-9.57000233676 -5.63556037306 -86.9615787939
-9.60021455815 -5.60617699347 -86.9712289779
-9.62989744549 -5.57230426185 -86.9815461728
-9.65204958036 -5.53352743177 -86.9915010211
-9.65918338718 -5.49012786819 -86.999871573
-9.64997776361 -5.44420854862 -87.0060991612
-9.62959183433 -5.39977974631 -87.0103233186
-9.60355850023 -5.36173769678 -87.0125942053
-9.5719209382 -5.33435836773 -87.0122041755

/group/posterior_tibial_left/12
12
posId 12
-9.36354768829 -5.51992071271 -87.7971380018
-9.26743949507 -5.50719511915 -87.7822178733
-9.2214066882 -5.5455560595 -87.7698512841
-9.23296967059 -5.59588071724 -87.7659167023
-9.22880058057 -5.6591432234 -87.7577759747
-9.22574859486 -5.71515358452 -87.7506776315
-9.26279826122 -5.74480941201 -87.7535230194
-9.31076594951 -5.74688366796 -87.7614719134
-9.3471706554 -5.71803125096 -87.7710775553
-9.37412007694 -5.68786645417 -87.7792224244
-9.39754536893 -5.66378085566 -87.7860515448

/group/posterior_tibial_left/15
15
posId 15
-9.22369971969 -5.60590497485 -88.7316552831
-9.13539417105 -5.58952374027 -88.723421578
-9.08313271173 -5.62744947101 -88.7153084183
-9.09039266202 -5.68371976188 -88.7122481839
-9.09868057121 -5.74036548713 -88.7092712272
-9.08547663016 -5.80142102214 -88.7037190117
-9.09090664147 -5.85804625606 -88.7004409022
-9.12765435707 -5.88914266684 -88.7022152511
-9.17100093835 -5.88680455881 -88.7069631631
-9.21057243606 -5.86151894787 -88.7128728479
-9.24200312975 -5.83021170316 -88.7183304487
-9.25832106976 -5.79842803511 -88.722220578
-9.27013017764 -5.75009360675 -88.7267595496

/group/posterior_tibial_left/18
18
posId 18
-9.08298045108 -5.60238986851 -89.7090892864
-9.039622704 -5.65968651409 -89.6988841263
-9.00792308237 -5.70819791831 -89.6902750881
-8.98783579066 -5.74582822115 -89.683625249
-8.97618778786 -5.78521081054 -89.6767244601
-8.97086479264 -5.83894214965 -89.6673756049
-8.9734193456 -5.90453411269 -89.6560197773
-8.9879311454 -5.96356377223 -89.6458765491
-9.01723813528 -5.99610520819 -89.640418293
-9.05979763666 -5.99700300045 -89.6405291552
-9.10965032981 -5.97890258238 -89.6439794505
-9.15919377894 -5.95966466548 -89.6476250199
-9.20234565402 -5.94643382295 -89.6501891045
-9.23593795391 -5.93113720798 -89.653051473
-9.25918045021 -5.90057196885 -89.6584961848
-9.27259781745 -5.85026245531 -89.6673024788
-9.27757589578 -5.78857855742 -89.6780279269
-9.27622896653 -5.72826817316 -89.6884756377
-9.27057889085 -5.67534512802 -89.6976156421
-9.26094981465 -5.62723182935 -89.705896853
-9.2449826737 -5.5815604236 -89.7137150174
-9.21885854398 -5.54524164588 -89.7198480912
-9.18055849888 -5.53272698097 -89.7217779455

/group/posterior_tibial_left/21
21
posId 21
-9.16963135838 -5.74745386332 -90.8367888372
-9.11355679134 -5.78789273775 -90.8312247313
-9.05930570552 -5.83087234091 -90.8251528204
-9.0169180819 -5.87005578452 -90.8194079386
-8.9939987209 -5.90488489742 -90.8138647458
-8.99246194072 -5.93966367532 -90.8076977812
-9.00809931798 -5.97922622112 -90.8001680793
-9.03312251375 -6.0241708867 -90.7913992341
-9.06018698033 -6.06898537557 -90.7825932358
-9.08566898743 -6.10448923505 -90.7754971996
-9.11054334134 -6.12312298203 -90.7714326092
-9.13868525512 -6.12364095028 -90.7705072977
-9.17386677929 -6.1120487825 -90.7715368686
-9.21728026884 -6.09801487081 -90.7727589977
-9.26684460819 -6.08893119261 -90.7729148609
-9.3183051056 -6.08537167221 -90.7720278464
-9.36707496971 -6.08085037607 -90.7713922538
-9.40954169378 -6.0660510254 -90.7727791284
-9.44322224512 -6.03485137655 -90.7773555495
-9.46614160612 -5.98834710328 -90.7849842455
-9.47638545858 -5.93440621059 -90.7943164247
-9.47253244307 -5.88317763937 -90.8035812699
-9.45481395024 -5.84154410056 -90.8115424932
-9.42604943058 -5.81008775353 -90.8180126705
-9.39131042215 -5.78438378109 -90.8236321159
-9.35602894288 -5.75953842603 -90.8291142419
-9.32340737029 -5.73476890489 -90.8345041087
-9.29270550492 -5.71486969342 -90.838967196
-9.25969914074 -5.7075616685 -90.8412493486

/group/posterior_tibial_left/24
24
posId 24
-9.19924348666 -6.15151239765 -91.9970497838
-9.19403910265 -6.07964413054 -92.0053917482
-9.20417219668 -6.03032963489 -92.0116840019
-9.23473134638 -6.00294553393 -92.0162117446
-9.28061787208 -5.98705531936 -92.0200063171
-9.32862683969 -5.97182377039 -92.0238104546
-9.36669965435 -5.95469943815 -92.0274280261
-9.39258151795 -5.94272362445 -92.0299271034
-9.41437641083 -5.94594323935 -92.0304473359
-9.44234010719 -5.9687412099 -92.028892026
-9.47882618174 -6.00624624806 -92.0259388025
-9.51502523013 -6.04840438723 -92.0224196095
-9.53742808597 -6.08781569703 -92.0186555104
-9.53862871625 -6.12454875149 -92.0143312882
-9.52329031333 -6.16411613876 -92.008983864
-9.50412799014 -6.21084627981 -92.0026249942
-9.4912196804 -6.26270510933 -91.9959147136
-9.48363982823 -6.3119960486 -91.9897311214
-9.47046948222 -6.35092069161 -91.9845501191
-9.44032912674 -6.37665201964 -91.9802365439
-9.39144346136 -6.39121494579 -91.9764756754
-9.33392129733 -6.39646111672 -91.973466136
-9.28260922339 -6.38922188015 -91.9722007687
-9.24678026922 -6.36189596643 -91.9739691538
-9.22530798762 -6.30893082977 -91.9793857603

/group/posterior_tibial_left/27
27
posId 27
-9.04446618797 -6.22757685261 -92.9099348129
-9.03515369873 -6.16591043521 -92.9134540946
-9.04512901154 -6.11736220865 -92.9190043136
-9.0712272183 -6.08366686421 -92.9259360925
-9.10657990996 -6.05967496598 -92.9335650873
-9.14525629231 -6.03850794581 -92.9414981609
-9.18544026521 -6.01770904514 -92.9496434272
-9.22878116918 -6.00171498484 -92.957904972
-9.27658293184 -5.99873009692 -92.9658250096
-9.32602256785 -6.01433136738 -92.9724966085
-9.36965785581 -6.04666678389 -92.9768751085
-9.39899987489 -6.08699205412 -92.9783082468
-9.40974642007 -6.12532155043 -92.9769171259
-9.40481809375 -6.15710422892 -92.973540922
-9.3927647839 -6.18597857013 -92.9692569124
-9.3824146533 -6.22048414706 -92.9647884932
-9.37739052009 -6.26703606503 -92.960195815
-9.37426906624 -6.32422226599 -92.9550439027
-9.36557153768 -6.38252400572 -92.9489057143
-9.34534110052 -6.42960796868 -92.94182753
-9.3132963965 -6.45733027687 -92.9344264508
-9.27472453357 -6.46548152116 -92.927568653
-9.23648087298 -6.45985951557 -92.9218836563
-9.2022990929 -6.44651677233 -92.9174789038
-9.17099182492 -6.42678521458 -92.914055379
-9.1388099389 -6.39689725796 -92.9113173389
-9.10400986423 -6.35235489334 -92.9093505481

/group/posterior_tibial_left/30
30
posId 30
-9.00523824514 -6.3230463321 -93.9479415976
-9.0018441538 -6.25242186071 -93.9551003646
-9.02868564935 -6.22020600288 -93.9611716446
-9.05769125918 -6.19805841123 -93.9663884256
-9.09106636991 -6.17243874899 -93.9724054777
-9.14545367171 -6.16014911366 -93.9790846696
-9.20434066067 -6.17143453255 -93.9837069356
-9.23414167367 -6.20152098622 -93.9834595926
-9.23547129099 -6.25102894156 -93.9783375396
-9.23371120458 -6.31644986735 -93.9712215514
-9.23087196356 -6.3728978786 -93.9649510571
-9.21003977889 -6.40329718228 -93.959666438
-9.17452973783 -6.42676146537 -93.9536671055
-9.13987482992 -6.45897249579 -93.9468241383
-9.10072023483 -6.46760847201 -93.942038097

/group/posterior_tibial_left/39
39
posId 39
-8.52680465175 -7.1350961139 -96.674183324
-8.46504464712 -7.13565912251 -96.668724513
-8.4652192736 -7.18890046796 -96.6631184703
-8.46830322161 -7.25478417344 -96.6564319738
-8.46278704049 -7.30489509988 -96.6506589271
-8.49844419579 -7.34081441289 -96.649983833
-8.55112698286 -7.33821686965 -96.6548638779
-8.58370019014 -7.30825247719 -96.6608752803
-8.612712361 -7.28441251559 -96.6659287316
-8.63881521033 -7.24793019395 -96.6720626367
-8.64433139145 -7.19781926752 -96.6778356834

/group/posterior_tibial_left/42
42
posId 42
-8.39730328669 -7.10656878633 -97.8470101051
-8.3627549822 -7.09851251446 -97.8413689481
-8.33027268665 -7.13098004401 -97.8361670429
-8.30201541801 -7.1838675394 -97.8317044751
-8.28654167452 -7.22930307037 -97.82930269
-8.29110818011 -7.25906814412 -97.8301213658
-8.31078376867 -7.28851332132 -97.8333973198
-8.33054096077 -7.33401694132 -97.8367274188
-8.34102210994 -7.39196159355 -97.8385800635
-8.34957188293 -7.4424453968 -97.8400995053
-8.37184435455 -7.46925848119 -97.8437912468
-8.41285863373 -7.4707611097 -97.8504676723
-8.45979928823 -7.45293599942 -97.8580590688
-8.49452253155 -7.41969872532 -97.8636235942
-8.50999627505 -7.37426319435 -97.8660253793
-8.51189574414 -7.32484254491 -97.8662086275
-8.50667851453 -7.28074297565 -97.8652476041
-8.49338729712 -7.24178764462 -97.8629861182
-8.468447789 -7.19849738445 -97.8588185427

/group/posterior_tibial_left/45
45
posId 45
-8.22637922391 -6.7856355032 -98.8330236383
-8.20465855667 -6.69676675952 -98.829519678
-8.18395570431 -6.63921301202 -98.8264036671
-8.16676773635 -6.6033678841 -98.823915064
-8.14038575857 -6.57680065921 -98.8203297625
-8.09898005384 -6.56913096098 -98.8149831657
-8.05473478641 -6.59057644368 -98.8095141856
-8.02301617639 -6.62930358449 -98.8057860363
-8.00613905651 -6.66854408543 -98.8039558993
-7.99894903134 -6.71082059545 -98.803386861
-8.00280640891 -6.76415827896 -98.8043186351
-8.02350926128 -6.81492911954 -98.8073787462
-8.05856051889 -6.84046119656 -98.8120617213
-8.09746915409 -6.84667422402 -98.8170776859
-8.13504912633 -6.86498747057 -98.8220238338
-8.17395776152 -6.90248466389 -98.82729762
-8.21101300379 -6.91964278069 -98.8321672924

/group/posterior_tibial_left/48
48
posId 48
-8.14858202939 -7.1558994562 -99.7796698476
-8.11098282978 -7.1525282546 -99.7772226693
-8.08058563107 -7.18214878595 -99.774456122
-8.05777779262 -7.22711238115 -99.7718262778
-8.04165101984 -7.27247370186 -99.7696361818
-8.03221753037 -7.31811688587 -99.7678894789
-8.02962071884 -7.37174801373 -99.7664080548
-8.03287858188 -7.43333882136 -99.7651265385
-8.04127393483 -7.49071393518 -99.7642933402
-8.05717029558 -7.5313046612 -99.7643736943
-8.08568320907 -7.55492318194 -99.7657163025
-8.12937280835 -7.57116289482 -99.768259641
-8.18247078152 -7.5841486885 -99.7715151684
-8.23144458863 -7.58364687908 -99.7748218896
-8.26317868668 -7.5548725129 -99.7776577537
-8.27397598171 -7.49693169052 -99.7797958355
-8.27087486684 -7.42823353495 -99.7812610686
-8.2639349952 -7.37097136408 -99.782189426
-8.25697824758 -7.33078673075 -99.7827005499
-8.24551662268 -7.29418497425 -99.7828213307
-8.22304774796 -7.24699807855 -99.7824595572

/group/posterior_tibial_left/51
51
posId 51
-8.07282261494 -7.24085243474 -100.672119
-8.0377199525 -7.22707393573 -100.669216465
-8.00952474497 -7.24954388873 -100.666217801
-7.98938819348 -7.29687054258 -100.663453849
-7.97473955721 -7.34874975925 -100.661095954
-7.96353607012 -7.39550752755 -100.659151736
-7.95736943531 -7.44337603923 -100.657641237
-7.95990594553 -7.50072669294 -100.656729681
-7.97268211816 -7.56240757539 -100.656658625
-7.99335666535 -7.61093187213 -100.657564124
-8.01847138226 -7.63309678733 -100.659395916
-8.04722135715 -7.63249545902 -100.662009666
-8.08133939595 -7.62340760849 -100.665278066
-8.12077194519 -7.61352989796 -100.669043128
-8.16008278212 -7.5959628443 -100.67295017
-8.1902020045 -7.55964217917 -100.676398539
-8.20436426991 -7.50538372256 -100.678759758
-8.20235425836 -7.4480010668 -100.679719597
-8.1889220261 -7.40156886555 -100.67942788
-8.16851029404 -7.36524732003 -100.678303367
-8.14215789285 -7.32694845977 -100.676680585

/group/posterior_tibial_left/54
54
posId 54
-8.00075807652 -7.31892540673 -101.438809042
-7.95594045694 -7.29684741384 -101.435246471
-7.91475616399 -7.31590740098 -101.431174687
-7.89224331362 -7.36371590085 -101.428190596
-7.8877709853 -7.41969347807 -101.426655115
-7.88988722151 -7.47379952104 -101.425747144
-7.8954855756 -7.52441657602 -101.425221518
-7.91303099242 -7.56772923625 -101.425913073
-7.94660473565 -7.598027618 -101.428302809
-7.9877890286 -7.6139824846 -101.431664449
-8.02724814999 -7.61617831544 -101.435150769
-8.06459103517 -7.60096731505 -101.438800756
-8.09968186881 -7.56580724834 -101.442653817
-8.1220906786 -7.52015470523 -101.445584874
-8.11997444239 -7.48054231292 -101.446198896
-8.09643960683 -7.45094279879 -101.444693281
-8.06631620674 -7.41718726649 -101.442682402

/group/posterior_tibial_left/69
69
posId 69
-7.66615402599 -6.80115413564 -105.227591165
-7.69544752413 -6.69880804803 -105.221285591
-7.66615402599 -6.68415802331 -105.220894129
-7.6075670297 -6.66948248792 -105.220948334
-7.54898003341 -6.68405598061 -105.222676798
-7.51968653527 -6.69865498397 -105.223959594
-7.54898003341 -6.74255403677 -105.226025316

/group/posterior_tibial_left/72
72
posId 72
-7.81835118585 -6.83044742416 -105.609221676
-7.80323521726 -6.75074131794 -105.593956402
-7.76595246577 -6.69946621564 -105.585896038
-7.73403911201 -6.67827842138 -105.583619471
-7.71236844142 -6.65770559916 -105.580814062
-7.6785903154 -6.62778194008 -105.576877692
-7.62097371389 -6.61042200861 -105.577021931
-7.56183693612 -6.62385751875 -105.583534113
-7.53225262754 -6.659118453 -105.592603463
-7.53712591297 -6.69828173603 -105.600267079
-7.55947605156 -6.7356836196 -105.606455998
-7.58906036014 -6.7696724379 -105.611487962
-7.62820788389 -6.79140638119 -105.613413786
-7.67322091767 -6.79989636833 -105.612268192
-7.71084826514 -6.81554546317 -105.613052034
-7.73788833347 -6.85498551015 -105.619356498
-7.76644857807 -6.89593705773 -105.625871675

/group/posterior_tibial_left/75
75
posId 75
-7.88109579592 -6.829158458 -106.041885617
-7.89298851263 -6.77028669667 -106.028419723
-7.86759768031 -6.72861579532 -106.022152626
-7.82443288951 -6.71183530314 -106.022809449
-7.77664236511 -6.70727280455 -106.02646925
-7.71884016398 -6.70460002255 -106.031491106
-7.65344583891 -6.70148496337 -106.037153481
-7.59964383958 -6.70593055081 -106.043278458
-7.57123267256 -6.73331357154 -106.051750973
-7.56965202354 -6.78224643937 -106.062141698
-7.59806319055 -6.82100630621 -106.067508099
-7.65581144734 -6.82373108041 -106.062502329
-7.72120577242 -6.8113268265 -106.053592886
-7.76869590586 -6.82393850201 -106.051646199
-7.80190296427 -6.85807603166 -106.055582413

/group/posterior_tibial_left/78
78
posId 78
-7.94580994428 -6.77716494609 -106.425775725
-7.92326107427 -6.72416483005 -106.419273933
-7.87003633306 -6.69463152932 -106.41800505
-7.80365497881 -6.68942012688 -106.421080708
-7.74307652384 -6.69181677639 -106.424941115
-7.69701724014 -6.68539895843 -106.426662455
-7.6617258077 -6.66868577002 -106.426243772
-7.62904145191 -6.65453246595 -106.426051236
-7.5965394928 -6.65724486647 -106.428332587
-7.570478355 -6.68078337136 -106.433308873
-7.55970249942 -6.71805217166 -106.439422752
-7.56718943381 -6.75901766405 -106.445023805
-7.58747558618 -6.79736900803 -106.449498727
-7.61180876636 -6.82929311416 -106.452792553
-7.635306447 -6.8484431129 -106.45425303
-7.65912057279 -6.84622656124 -106.452547728
-7.68640334688 -6.82021913621 -106.447137021
-7.71736004806 -6.78256091919 -106.439797351
-7.74908286018 -6.75706250854 -106.434204557
-7.77998290581 -6.763307697 -106.433335475
-7.81296296939 -6.79971856376 -106.4367896
-7.85234237954 -6.84133210377 -106.44063961
-7.89641391601 -6.85665820452 -106.440345614

/group/posterior_tibial_left/81
81
posId 81
-7.95935015138 -6.88653192974 -106.893831313
-7.91359066764 -6.8559370786 -106.890727544
-7.85726411638 -6.82189882863 -106.887236277
-7.79743878887 -6.78664471527 -106.883609823
-7.74036915854 -6.75363844406 -106.880207134
-7.69048397329 -6.72705442209 -106.877438904
-7.64995494864 -6.71102070008 -106.875695709
-7.6188657569 -6.70880506065 -106.875275202
-7.59584109234 -6.72214451646 -106.876325599
-7.57888942612 -6.75088951545 -106.878819271
-7.56618671157 -6.79305710686 -106.882563097
-7.55658340505 -6.8452824868 -106.887243093
-7.54973148971 -6.90355430779 -106.892492144
-7.54586309175 -6.96404476378 -106.89796391
-7.54536485349 -7.02382168307 -106.903394561
-7.54834835631 -7.08126365683 -106.908637484
-7.55440136613 -7.13608154146 -106.913663489
-7.56262540876 -7.18895785978 -106.918528291
-7.57195028009 -7.24091979728 -106.923317727
-7.58160480596 -7.2926328975 -106.928086865
-7.59155345365 -7.34382168144 -106.932810411
-7.60270493124 -7.3929854061 -106.937358341
-7.61676513846 -7.43749315694 -106.941503507
-7.63572355333 -7.47403628604 -106.944959148
-7.66109308098 -7.49931761293 -106.947436189
-7.69312616365 -7.51079301718 -106.948705128
-7.7302691099 -7.50726911838 -106.94864653
-7.7690749177 -7.48920287083 -106.947277644
-7.80467934355 -7.4586320867 -106.944749443
-7.83178569817 -7.41876586966 -106.941316333
-7.84594587347 -7.37335227505 -106.937287691
-7.84481557234 -7.32599284793 -106.932974405
-7.82903599036 -7.27957661071 -106.928643627
-7.80246502787 -7.23596072621 -106.924491374
-7.77163404975 -7.19594650005 -106.920636517
-7.74450281872 -7.15951185991 -106.917133144
-7.72877324729 -7.12619109729 -106.913993193
-7.73015034455 -7.09545975563 -106.911209193
-7.75096955112 -7.06699559513 -106.908768306
-7.78953255331 -7.04073994413 -106.906653232
-7.84032674905 -7.01675961444 -106.904831196
-7.89508943222 -6.99498337765 -106.903237495
-7.94447214787 -6.97493505053 -106.90176296
-7.979917138 -6.95559186438 -106.900254307
-7.99531324429 -6.9354592189 -106.898532599

/group/posterior_tibial_left/84
84
posId 84
-7.86560883817 -6.81798722672 -107.39147357
-7.8083751521 -6.78580380476 -107.384301259
-7.75412383837 -6.75915026589 -107.377768064
-7.70393304152 -6.73939422606 -107.372061534
-7.65810532026 -6.72815885164 -107.367319666
-7.61699483081 -6.72734962462 -107.36370437
-7.58152635979 -6.73885872297 -107.36142605
-7.55318009697 -6.76401824042 -107.360704617
-7.53346182103 -6.8029985485 -107.361682187
-7.52311057274 -6.85439972639 -107.364326324
-7.52142430904 -6.91523866844 -107.368370773
-7.52605744458 -6.98140488769 -107.373329319
-7.53347006339 -7.04848908497 -107.378591755
-7.53995054932 -7.11274171957 -107.383578451
-7.54288840336 -7.17185008337 -107.387904081
-7.54183716312 -7.22526167957 -107.391491934
-7.53893672302 -7.27392120234 -107.394592361
-7.53845877902 -7.31948397418 -107.397689243
-7.5455366998 -7.36325430892 -107.401316891
-7.56443965715 -7.40520755917 -107.405843255
-7.5969431231 -7.44344774849 -107.411291473
-7.64135964212 -7.47432567261 -107.417264088
-7.69261120908 -7.49323318522 -107.423004021
-7.74340089819 -7.49586519822 -107.42758294
-7.78618062773 -7.47957588174 -107.430165056
-7.81533451295 -7.44440593242 -107.43026692
-7.82889914068 -7.39344277776 -107.427931184
-7.82926164856 -7.33237035071 -107.423756035
-7.82258029098 -7.26830850458 -107.418765088
-7.8170650466 -7.20825687781 -107.414151325
-7.82061182784 -7.15757589879 -107.410967627
-7.83848791645 -7.11892206353 -107.409853039
-7.87175237198 -7.09191241818 -107.410872881
-7.91686830628 -7.07357177175 -107.413515986
-7.96659817068 -7.05938743427 -107.416844867
-8.01188687702 -7.04463244172 -107.419749904
-8.04415375669 -7.02556807355 -107.421230624
-8.05732028847 -7.00020987779 -107.420624033
-8.04901947487 -6.96850735548 -107.417721705
-8.02071779905 -6.93198577057 -107.412755673
-7.97683215032 -6.89306135116 -107.406274799

/group/posterior_tibial_left/87
87
posId 87
-8.2642255204 -6.0328568037 -107.975911619
-8.1967981156 -6.02578987856 -107.965438277
-8.13189290432 -6.01401500185 -107.955146519
-8.07153513534 -5.99689161685 -107.945314873
-8.01774586571 -5.97426480318 -107.936241762
-7.97240788545 -5.94658266149 -107.928230236
-7.93714419906 -5.91492608314 -107.921570893
-7.91321210757 -5.88094249957 -107.916523093
-7.90141415902 -5.84669078009 -107.913294969
-7.90202805755 -5.81441871351 -107.912023442
-7.9147603775 -5.78630505062 -107.912756331
-7.93873219191 -5.7642032166 -107.915439355
-7.97250672327 -5.74942285995 -107.919911067
-8.01416828365 -5.74257881979 -107.925908384
-8.06145720911 -5.7435262621 -107.933084208
-8.11195736454 -5.75138769974 -107.941036857
-8.16332236734 -5.76466464252 -107.949348926
-8.21351612315 -5.7814157846 -107.957631115
-8.26103518798 -5.7994764178 -107.965565052
-8.30507729302 -5.81669086318 -107.972938557
-8.34562370535 -5.83113100699 -107.979667299
-8.38341327757 -5.84127867822 -107.985798595
-8.41980189123 -5.84615633833 -107.991495723
-8.45651997581 -5.84539797224 -107.997004329
-8.49535941172 -5.8392589605 -108.002605598
-8.53783568922 -5.82856926674 -108.008563295
-8.58487852279 -5.81463817726 -108.015073058
-8.63660229245 -5.79912122071 -108.022222126
-8.692196504 -5.78386120738 -108.029966095
-8.749957582 -5.77071607065 -108.038126436
-8.80745997292 -5.76138674153 -108.046409038
-8.86184096529 -5.75725873084 -108.054440493
-8.91015421023 -5.7592711948 -108.061815902
-8.9497353132 -5.76782653195 -108.068150227
-8.97852126808 -5.78275143999 -108.073124838
-8.99527420999 -5.80331643666 -108.07652211
-8.99967728921 -5.8283150656 -108.078243233
-8.99229309855 -5.85619680187 -108.078307558
-8.97439873849 -5.88523998164 -108.076835022
-8.9477318934 -5.91374421515 -108.07401596
-8.91419559572 -5.94021713359 -108.070074449
-8.87557351126 -5.96352920215 -108.065231896
-8.83330226416 -5.98301342728 -108.059676888
-8.78833404606 -5.99849406899 -108.05354568
-8.74110448334 -6.01023907794 -108.046915333
-8.69160122262 -6.01884329465 -108.039809127
-8.63951167872 -6.02506136789 -108.032211794
-8.5844168495 -6.02961865792 -108.024090769
-8.52599369247 -6.0330332069 -108.015419204
-8.46419136798 -6.03548103895 -108.006196867
-8.39935531343 -6.0367304537 -107.996466091

/group/posterior_tibial_left/90
90
posId 90
-8.13111803501 -6.11056433039 -108.697525782
-8.08007872018 -6.10672971786 -108.692576008
-8.02903754316 -6.10279101818 -108.687627162
-7.97821911744 -6.09753801771 -108.68271411
-7.92812349595 -6.08963509249 -108.677899985
-7.87953563899 -6.07780962368 -108.673275112
-7.83350140958 -6.06104222358 -108.668952623
-7.79127063601 -6.0387343807 -108.665061108
-7.75421150969 -6.01083140076 -108.661734934
-7.72370398134 -5.97788370586 -108.659103164
-7.70102246458 -5.94103701154 -108.657278195
-7.68721971926 -5.90195067791 -108.656345277
-7.68302405526 -5.86265249172 -108.656354004
-7.68876091088 -5.82534611275 -108.657312704
-7.70430751948 -5.79219337382 -108.659186323
-7.7290860379 -5.76509678483 -108.661898075
-7.76209654325 -5.74550755799 -108.665334716
-7.80198716204 -5.7342812648 -108.669354937
-7.84715474913 -5.73159729539 -108.673800068
-7.89586641636 -5.73695041486 -108.678506053
-7.94639016897 -5.74921393967 -108.683315549
-7.99712215454 -5.76676553651 -108.688089027
-8.04669862483 -5.78765946741 -108.692713883
-8.0940825554 -5.80982416285 -108.697110803
-8.13861771768 -5.83126187506 -108.701236919
-8.1800465014 -5.85022803538 -108.705085642
-8.21849152373 -5.86537159382 -108.708683367
-8.25440460984 -5.87582347064 -108.712083537
-8.28848970241 -5.8812274334 -108.715358785
-8.32160835857 -5.88171521334 -108.718591948
-8.35467754603 -5.87783446693 -108.721866849
-8.38856941434 -5.87044338362 -108.725259618
-8.4240216851 -5.86058870823 -108.728831231
-8.46156548155 -5.84938439125 -108.732621743
-8.50147508723 -5.83790608061 -108.736646507
-8.54374160534 -5.82711264925 -108.74089443
-8.58807009854 -5.81780061723 -108.74532818
-8.63389778372 -5.81059154353 -108.7498861
-8.6804294228 -5.80594713567 -108.754485511
-8.72668527035 -5.8042027555 -108.759027035
-8.77155679612 -5.80560777314 -108.763399622
-8.81386578983 -5.81036111707 -108.767485944
-8.8524232074 -5.81863233192 -108.771167929
-8.88608503398 -5.83056210205 -108.774332213
-8.91380332432 -5.84624088476 -108.776875364
-8.93467127982 -5.86566921762 -108.778708709
-8.94796163847 -5.88870757984 -108.779762623
-8.95315776983 -5.91502665671 -108.7799901
-8.94997673711 -5.94406994842 -108.779369409
-8.93838332544 -5.97503964577 -108.777905611
-8.91859379293 -6.00691366845 -108.775630749
-8.89106803241 -6.03849715105 -108.772602532
-8.85648906774 -6.06850615721 -108.768901434
-8.81572942181 -6.09567585263 -108.764626257
-8.76980488444 -6.11888065775 -108.759888326
-8.71981749487 -6.13725081385 -108.754804672
-8.66689098194 -6.15026889492 -108.74949069
-8.61210326431 -6.15783133049 -108.744052884
-8.55642167315 -6.16026386473 -108.738582368
-8.50064710143 -6.15828560248 -108.733149786
-8.44537313953 -6.15292313182 -108.727802235
-8.39096534253 -6.14538321984 -108.722562593
-8.3375641076 -6.13689875194 -108.717431444
-8.28511235019 -6.12856700874 -108.712391508
-8.23340648597 -6.12120135186 -108.707414205

/group/posterior_tibial_left/93
93
posId 93
-8.05243684409 -6.23066086443 -109.450479241
-7.99007313223 -6.22325979594 -109.446197413
-7.92998878542 -6.21314688875 -109.442447601
-7.87281069368 -6.19970236567 -109.439360252
-7.81914673421 -6.18251907638 -109.437037452
-7.76957521124 -6.16146101866 -109.435544673
-7.72464517014 -6.13668897335 -109.434907571
-7.68488592516 -6.10865341183 -109.435113677
-7.6508212623 -6.07805892576 -109.436118064
-7.62298184885 -6.04580741571 -109.437851535
-7.60190884366 -6.01292882538 -109.440229648
-7.58814274455 -5.98050824788 -109.443160962
-7.58219402057 -5.94961694595 -109.446553267
-7.58449566071 -5.92125261235 -109.450317138
-7.59534180759 -5.89629157058 -109.454366826
-7.6148203952 -5.87545312927 -109.458619111
-7.64275044192 -5.85927443053 -109.46299123
-7.67863576869 -5.84809319032 -109.467399177
-7.72164607093 -5.8420358236 -109.471757622
-7.77063344204 -5.84100945839 -109.47598229
-7.82418793733 -5.84469795416 -109.479995114
-7.88073019301 -5.85256380267 -109.483731736
-7.9386333017 -5.86385920926 -109.4871503
-7.99636101015 -5.87765029456 -109.490239961
-8.05260570297 -5.89285792633 -109.493027276
-8.10640822849 -5.90831710566 -109.495578749
-8.15724275684 -5.92285424484 -109.497998189
-8.20505350753 -5.93537846009 -109.50041829
-8.25023592594 -5.94497970072 -109.502986699
-8.29356197608 -5.95102376487 -109.505847809
-8.33605666887 -5.95323259522 -109.509122322
-8.37883969741 -5.95173815628 -109.512887233
-8.42295111145 -5.9470998902 -109.517159048
-8.46918256872 -5.94027917452 -109.521882903
-8.51793542967 -5.93256901552 -109.526929545
-8.56912380826 -5.92548280611 -109.532101237
-8.6221350629 -5.92061158746 -109.537146428
-8.67585288098 -5.91946405194 -109.541781827
-8.72874009509 -5.92330675196 -109.545719449
-8.77897078543 -5.93302306829 -109.548695413
-8.82459512148 -5.94900816197 -109.550496955
-8.86371660277 -5.97111344723 -109.550984231
-8.89466036268 -5.99864848791 -109.550104156
-8.91611307559 -6.03044134114 -109.547894497
-8.92721942099 -6.06495115675 -109.544477759
-8.92762631282 -6.10042026834 -109.540045739
-8.91747325658 -6.13504799316 -109.53483683
-8.89733420811 -6.16716560024 -109.529109131
-8.86812219016 -6.195391808 -109.523112895
-8.83097189178 -6.21875076179 -109.517065855
-8.78711706495 -6.23673937075 -109.511134504
-8.73777864633 -6.24933747533 -109.50542345
-8.68407645329 -6.25696166639 -109.499973859
-8.6269726307 -6.26037067925 -109.494770634
-8.56724957034 -6.2605361826 -109.489756836
-8.50551967562 -6.25849669967 -109.484852901
-8.44225992151 -6.25521385417 -109.479977622
-8.3778612885 -6.25144900192 -109.475067823
-8.31268216867 -6.24767483221 -109.470093946
-8.24709575961 -6.24403126497 -109.465069575
-8.1815239706 -6.24032872736 -109.460053851

/group/posterior_tibial_left/96
96
posId 96
-7.83835354331 -6.32748753599 -109.936731799
-7.78080608865 -6.3195154949 -109.932583384
-7.72527751645 -6.30978919702 -109.929167447
-7.67185545725 -6.30000108166 -109.926005412
-7.62036310509 -6.29175165952 -109.922615596
-7.57040366292 -6.28637882529 -109.918567449
-7.52142846114 -6.28481286982 -109.913531026
-7.4728229505 -6.2874733861 -109.907316374
-7.42400259638 -6.29421989189 -109.899898528
-7.37450928199 -6.30436222916 -109.891425312
-7.3240983515 -6.31673028864 -109.882206975
-7.27280698093 -6.32979608094 -109.872688625
-7.22099612752 -6.34183537463 -109.863408283
-7.16936074298 -6.351111709 -109.854944927
-7.11890600182 -6.35606306946 -109.847861962
-7.07089068177 -6.35547117858 -109.842652015
-7.02674218372 -6.3485952448 -109.839688819
-6.98795063608 -6.33525591105 -109.839191123
-6.95595177358 -6.31586061359 -109.841202242
-6.93200956573 -6.29136797588 -109.845587186
-6.91710974984 -6.26319549582 -109.852047363
-6.91187447041 -6.2330808896 -109.86015103
-6.91650623419 -6.20291234799 -109.869375995
-6.93076656442 -6.17454610226 -109.879159869
-6.95399137381 -6.1496307537 -109.888952486
-6.98514152537 -6.12945670106 -109.898265019
-7.02288368224 -6.11484586483 -109.906710863
-7.06569371083 -6.10609214395 -109.914034406
-7.11197288049 -6.10295722295 -109.920125263
-7.16016609521 -6.10472015749 -109.925017211
-7.20887148049 -6.11027332243 -109.928872785
-7.25693179881 -6.11825247043 -109.93195599
-7.30350023002 -6.12718535519 -109.934596784
-7.34807578879 -6.1356419635 -109.937151693
-7.39050674961 -6.1423699883 -109.939965098
-7.43096357542 -6.14640163663 -109.943335385
-7.46988566787 -6.14712185648 -109.947489283
-7.50790849281 -6.14429306649 -109.952566564
-7.54577907413 -6.13803685304 -109.958615857
-7.58426838188 -6.12877819918 -109.965600918
-7.62408875961 -6.11716201721 -109.973415469
-7.66582333896 -6.1039545818 -109.981903729
-7.70987256045 -6.08994359371 -109.990883262
-7.75642070568 -6.07584995164 -110.000166684
-7.80542302593 -6.06226200284 -110.009579197
-7.85661190022 -6.04959941681 -110.018969706
-7.90951871105 -6.03810937688 -110.028214364
-7.96350696347 -6.02789310651 -110.037212632
-8.01781168536 -6.018956454 -110.045877098
-8.07158033659 -6.01127491133 -110.054119296
-8.12391123686 -6.00486147311 -110.06183443
-8.17388673968 -5.99982540175 -110.068888136
-8.22059982607 -5.99641129746 -110.075108184
-8.26317423923 -5.99501069962 -110.08028339
-8.30077951283 -5.99614239967 -110.084170978
-8.33264308395 -6.00040220673 -110.086512435
-8.35806201158 -6.00838747497 -110.087056607
-8.3764166048 -6.02060566826 -110.085587606
-8.38718754662 -6.03737906583 -110.081954234
-8.38997699797 -6.05875900413 -110.076097094
-8.38453285977 -6.08446259681 -110.068069569
-8.37077407124 -6.11384268882 -110.058049327
-8.34881374613 -6.14589811415 -110.046337959
-8.31897628623 -6.17932656649 -110.03334763
-8.28180450266 -6.21261712967 -110.019575185
-8.23805328525 -6.24417439635 -110.005565614
-8.18866746915 -6.27246177238 -109.991868224
-8.13474315297 -6.29614858083 -109.978989848
-8.07747364388 -6.31424435089 -109.967350038
-8.01808321144 -6.32620440428 -109.95724317
-7.95775366467 -6.33199350397 -109.948811851

/group/posterior_tibial_left/99
99
posId 99
-7.81887329528 -6.35140953492 -109.977560854
-7.88293031354 -6.3399430466 -109.995841202
-7.93787459068 -6.32827924198 -110.011630169
-7.98410536348 -6.31637471845 -110.025040013
-8.02346788932 -6.30375465306 -110.036605954
-8.05876648738 -6.28969764766 -110.047141379
-8.09308502227 -6.27347554955 -110.057536867
-8.12904983644 -6.25459154466 -110.068543505
-8.16818430841 -6.23296096576 -110.080584803
-8.21048728241 -6.20899303847 -110.093636011
-8.25432284803 -6.18355498435 -110.107195981
-8.29664565755 -6.15782716815 -110.120357717
-8.33351750182 -6.13308306532 -110.131963402
-8.36081170667 -6.11044501175 -110.140812473
-8.37496452336 -6.0906720901 -110.145880689
-8.37362479799 -6.07402892796 -110.146506415
-8.35607616081 -6.06026543099 -110.142507805
-8.32335448662 -6.04871189822 -110.134209389
-8.27804673913 -6.03846746704 -110.122375563
-8.22382180935 -6.02863849773 -110.108067486
-8.16479590011 -6.01857221587 -110.092454806
-8.10486372486 -6.00803224136 -110.076621469
-8.04712691359 -5.99727619788 -110.061404073
-7.99352355673 -5.98701825165 -110.047292348
-7.94471478102 -5.97828592268 -110.034406546
-7.90022695072 -5.97220472807 -110.022549362
-7.8587945001 -5.96976057343 -110.011314294
-7.81881021355 -5.97159455216 -110.00022158
-7.77877476703 -5.97787687594 -109.988849211
-7.73764775614 -5.98828790977 -109.976930484
-7.69503457647 -6.00210908761 -109.96439991
-7.65118879837 -6.01840069764 -109.951383252
-7.60685672274 -6.03622314818 -109.938141609
-7.56302820355 -6.05484810702 -109.924990371
-7.52067682034 -6.07390825368 -109.912218901
-7.4805690069 -6.09344879517 -109.900035029
-7.44319730967 -6.11386707001 -109.888550329
-7.4088542236 -6.13575315894 -109.877809911
-7.37782018914 -6.15966827005 -109.867857302
-7.35060348256 -6.18591320778 -109.858814157
-7.32815032192 -6.21434279159 -109.850949061
-7.31194593188 -6.24427272121 -109.844710846
-7.30395156181 -6.2745051227 -109.840709766
-7.30636306872 -6.30347239895 -109.839642596
-7.32122397903 -6.32947208339 -109.842172319
-7.34996829564 -6.35094430046 -109.848785976
-7.39299490222 -6.36673302167 -109.85966216
-7.44937885472 -6.37627501728 -109.87458043
-7.5168030558 -6.37967571092 -109.892898011
-7.59175062993 -6.3776556591 -109.913605837
-7.66994280583 -6.37137960858 -109.935459034

