/group/profunda_branch_right/0
0
posId 0
5.49502209843 -0.907564400979 -43.5391000165
5.53212365091 -0.87860798676 -43.5738929983
5.57290756621 -0.851188969318 -43.6032056786
5.6162979885 -0.826405080342 -43.6255065296
5.66181117038 -0.804757115427 -43.6400923109
5.70935247069 -0.786232387826 -43.6470495462
5.75878777155 -0.7705808034 -43.6469709137
5.80946133178 -0.757667572295 -43.6405508644
5.85986302321 -0.747757174168 -43.6282244448
5.90760360474 -0.741607620261 -43.6099922967
5.94975092356 -0.740323903696 -43.5855013418
5.98344895183 -0.745010004276 -43.5543516241
6.00663165866 -0.756337434336 -43.5165112096
6.01859498535 -0.774186382685 -43.4726752724
6.02022227315 -0.797498348064 -43.4244196347
6.01376322616 -0.824411443048 -43.3740688324
6.00221019275 -0.85265396388 -43.3242999891
5.98845020473 -0.88008128374 -43.2776005749
5.9744508045 -0.90518741495 -43.2357557463
5.96073404386 -0.927425220602 -43.1995379705
5.94630572256 -0.947228546056 -43.1687076885
5.92906374221 -0.965726236398 -43.1423299925
5.90655723294 -0.984239731769 -43.1193041221
5.8768570543 -1.00372821001 -43.0989275965
5.83926497167 -1.02436332124 -43.0813016003
5.79464392591 -1.04537295266 -43.067435095
5.74527651791 -1.065204281 -43.0590055782
5.69431126847 -1.08195056098 -43.0578507046
5.64498573739 -1.09389926194 -43.0653575893
5.5998798845 -1.10002042757 -43.081953727
5.56043232012 -1.10023623371 -43.1068720394
5.52685540752 -1.09538772749 -43.1382728008
5.49844700014 -1.08691684321 -43.1736872238
5.47416462988 -1.0763762348 -43.2106410454
5.45324667118 -1.06493442715 -43.2472573977
5.43566046026 -1.05304125214 -43.2826463093
5.42222862549 -1.04036030851 -43.316960282
5.4144049051 -1.02598207464 -43.3511068064
5.41379614724 -1.00883575531 -43.3862215593
5.42161379046 -0.988152741302 -43.4230824066
5.43825632222 -0.963821513261 -43.4616590569

/group/profunda_branch_right/3
3
posId 3
5.53643609254 -1.16046286796 -43.4021637205
5.51625248555 -1.14143208419 -43.453862271
5.50642896461 -1.11974797109 -43.5042412829
5.50713771103 -1.09621300659 -43.5515602159
5.51694652071 -1.07195851606 -43.5944494497
5.53338342714 -1.04819840101 -43.6320447575
5.55383335266 -1.02590843701 -43.6640579597
5.57645790441 -1.00554744421 -43.6907475933
5.60081310113 -0.986932069448 -43.7127732637
5.62793674539 -0.969330349721 -43.7309491489
5.65985606394 -0.951765355839 -43.7459462809
5.6986668779 -0.933444140478 -43.7580177944
5.74548919929 -0.914175833987 -43.766826195
5.7996571918 -0.894635315912 -43.7714324177
5.85843403765 -0.876370125381 -43.7704663628
5.91737545293 -0.861526223988 -43.7624483165
5.97125443234 -0.852358019494 -43.7461850601
6.01527477241 -0.850660101319 -43.7211379856
6.04620404049 -0.857288076652 -43.6876624725
6.0630804017 -0.871912945173 -43.6470490027
6.0672840128 -0.893084211106 -43.6013488254
6.06196673674 -0.918583355354 -43.553025524
6.05103587055 -0.945961454944 -43.5045214326
6.03802160908 -0.973100858906 -43.4578504739
6.0251809532 -0.998637898435 -43.4143200587
6.01309760398 -1.02213180861 -43.3744471477
6.00086222663 -1.04394783332 -43.3380788733
5.98672155615 -1.06491231066 -43.3046725814
5.96893510637 -1.08586513317 -43.2736498301
5.94652436018 -1.10725916715 -43.244724653
5.91965674749 -1.1289308048 -43.2181208099
5.88955202681 -1.15010132505 -43.1946296229
5.8579782999 -1.16958839601 -43.1755068356
5.82655425605 -1.18613861064 -43.1622491928
5.79614063224 -1.19875806374 -43.1563172473
5.76656481428 -1.2069285887 -43.158874647
5.73679342165 -1.21064651506 -43.170597741
5.70549619309 -1.21028951076 -43.191580902
5.6717931646 -1.20637982755 -43.2213335137
5.63590134902 -1.19934657696 -43.2588439778
5.59942518118 -1.18938389065 -43.3026796566

/group/profunda_branch_right/6
6
posId 6
5.77967491135 -1.43593900288 -43.6558376732
5.80805153977 -1.45383212658 -43.6007878432
5.84133958301 -1.46470951021 -43.5568219218
5.87885597907 -1.46717252145 -43.5272378723
5.91895521865 -1.46104339356 -43.5134754212
5.95912841964 -1.44740040965 -43.5149794763
5.99647648167 -1.42826261337 -43.5295329586
6.02843177158 -1.40602724388 -43.5539309135
6.05349611836 -1.38284135971 -43.5847780796
6.07173369329 -1.36010639249 -43.6191760073
6.08482014257 -1.33826541016 -43.6551244942
6.09558650781 -1.31692495785 -43.6915718641
6.10716356078 -1.29525026257 -43.7281696984
6.1219727326 -1.27248292482 -43.7648783531
6.14087466783 -1.24839410949 -43.8016007383
6.16275085755 -1.22351508847 -43.8379863463
6.18466653004 -1.19906969646 -43.8734622693
6.20258384642 -1.17664031408 -43.9074470356
6.21242141916 -1.15769281254 -43.9396251598
6.21114599159 -1.1431339552 -43.9701344798
6.19757124678 -1.13306084127 -43.999553827
6.17263099156 -1.12679170538 -44.0286613826
6.13905923446 -1.12316606672 -44.0580323748
6.10059388905 -1.12100587765 -44.0876205295
6.06096414064 -1.11957200819 -44.1164906745
6.0229782534 -1.11885225665 -44.1428289673
5.98798235459 -1.11957728442 -44.164264778
5.95582942124 -1.12295800964 -44.1784262456
5.92532698304 -1.1302375839 -44.1835603176
5.89497952961 -1.14221774713 -44.1790120532
5.86375714118 -1.15892930492 -44.1653930043
5.83163092264 -1.17956589047 -44.1443656471
5.79971143579 -1.20270665512 -44.1180988508
5.76997226714 -1.22674997414 -44.0885648809
5.74468486001 -1.25040335103 -44.0569109081
5.72578292478 -1.27305204962 -44.0231238054
5.71438497038 -1.29486930653 -43.9861181335
5.71063141356 -1.3166209134 -43.9442410984
5.71386721879 -1.33922555078 -43.8960491068
5.72306941531 -1.36322161943 -43.8411145673
5.73732965638 -1.38832980916 -43.7806015172

/group/profunda_branch_right/9
9
posId 9
5.88639811053 -1.8672521448 -43.8946560678
5.92314164619 -1.83143764066 -43.943630586
5.9688177859 -1.79857334439 -43.9805672512
6.0175077613 -1.77291785049 -44.0006797665
6.06376705889 -1.75717879071 -44.0020501917
6.10391906008 -1.75186661021 -43.9860905675
6.1366815362 -1.75533787361 -43.9570346914
6.16301230504 -1.76447988682 -43.9206351667
6.18533681401 -1.77576929969 -43.8825059148
6.20649887358 -1.78632889284 -43.8466536943
6.22880133642 -1.79464306749 -43.8146504636
6.25339122286 -1.80074815615 -43.7856539694
6.28006441338 -1.80591756222 -43.7571851902
6.30740716232 -1.81203010691 -43.7263310728
6.33311905204 -1.82088227606 -43.690941075
6.35438630431 -1.83366752422 -43.650446865
6.36825567725 -1.85073250514 -43.6061128101
6.37203216692 -1.87159275503 -43.560737607
6.36373538148 -1.89510717173 -43.5179904736
6.3425887739 -1.91969957899 -43.4816286348
6.30942044616 -1.94356441863 -43.4548065911
6.26678993527 -1.96486008619 -43.4395941487
6.21868003305 -1.98193066871 -43.4367272055
6.16972142915 -1.99357926035 -43.4455652441
6.12410916316 -1.99935350903 -43.4642299535
6.0845397215 -1.99973681185 -43.4899238356
6.05155800519 -1.99611533287 -43.519434984
6.02360562026 -1.99044142546 -43.5497961105
5.99782515838 -1.984629695 -43.5789868075
5.97138466731 -1.97985612909 -43.6064867837
5.94286087216 -1.97601824576 -43.6334590449
5.91315986797 -1.97160248192 -43.6624061254
5.88559737361 -1.96408183552 -43.6962996053
5.86506098219 -1.95077072796 -43.7373848364
5.85652021292 -1.9298717801 -43.786027943

/group/profunda_branch_right/12
12
posId 12
6.07653676993 -2.21922110317 -44.0991310956
6.14134290738 -2.21737794991 -44.0571409339
6.1892807516 -2.22240755772 -44.0126977098
6.20895627391 -2.23375096094 -43.9750324641
6.2033040289 -2.25001523268 -43.944984927
6.18277752489 -2.27000320169 -43.9176656062
6.15594930025 -2.29268877164 -43.889157627
6.1261676076 -2.31618120549 -43.8610501162
6.09419223549 -2.33732873036 -43.839403217
6.06070321284 -2.35308653198 -43.8301096014
6.02550673487 -2.36256000568 -43.8351790751
5.98675312632 -2.36740295846 -43.8524582816
5.94414965346 -2.36972870488 -43.8777304763
5.90382351521 -2.36944829116 -43.9068470516
5.87781474925 -2.36386394425 -43.9369373324
5.87561398833 -2.35018174742 -43.9671355337
5.89485094498 -2.32856856835 -43.9987692579
5.92159237159 -2.30274997948 -44.0338970578
5.94213362789 -2.27763604579 -44.0719362299
5.95579153636 -2.25639198376 -44.1067442894
5.9757118626 -2.23965208676 -44.1276932069

/group/profunda_branch_right/15
15
posId 15
6.24472530089 -2.42984868634 -44.2880023366
6.29027658651 -2.43014056426 -44.2512361831
6.33064114307 -2.43484720699 -44.2091956107
6.36356482654 -2.4441215795 -44.1633439479
6.38756959784 -2.45755712261 -44.1157187761
6.40219170969 -2.47424291089 -44.0686256062
6.40794375015 -2.49299462288 -44.0241767277
6.40602173362 -2.51268173037 -43.9838277079
6.39786354514 -2.53253296176 -43.9480780549
6.38471237523 -2.55230625291 -43.9164561529
6.36733203029 -2.57225544321 -43.8878160027
6.34596288092 -2.592898213 -43.8608657707
6.32051847578 -2.6146628257 -43.8347631473
6.29093501117 -2.6375389562 -43.8095807228
6.25753010459 -2.66086252149 -43.7864789585
6.2212235857 -2.68332308586 -43.7675152373
6.18352288003 -2.70320830475 -43.7551355329
6.14626164559 -2.71881796544 -43.751501147
6.1111723052 -2.72891869434 -43.7578607525
6.07943828986 -2.73309104254 -43.774167448
6.05138654853 -2.73185104816 -43.799064192
6.02643899692 -2.72649920263 -43.8302435752
6.003356638 -2.71873779514 -43.865068011
5.98071085483 -2.71017352483 -43.9012536964
5.95743694817 -2.70186053522 -43.9374033332
5.93329301541 -2.69402664443 -43.9732243078
5.90907433189 -2.68606649918 -44.0093731389
5.88651093342 -2.67679930083 -44.0469885678
5.86787822767 -2.66490426133 -44.0870743337
5.85544281782 -2.64939196635 -44.1299363358
5.85091722199 -2.62996213645 -44.1748543658
5.85509066758 -2.6071396157 -44.2200858303
5.86774127396 -2.58215602906 -44.2631871472
5.88783918452 -2.55662840924 -44.3015361144
5.91395344691 -2.53214988807 -44.3328796393
5.94471061033 -2.50993036318 -44.3557341344
5.97914180084 -2.49060039198 -44.3695272242
6.01680049887 -2.47422933941 -44.3744656875
6.05761885584 -2.46053162627 -44.3712107852
6.10156590068 -2.44917006192 -44.360504292
6.14824298228 -2.44003507779 -44.3428955915

/group/profunda_branch_right/18
18
posId 18
6.5025605177 -2.68709160569 -44.0887956542
6.52175560917 -2.65262900609 -44.1431725021
6.53171586936 -2.62343614444 -44.1949518075
6.53367919785 -2.60065633738 -44.2406281814
6.5291494169 -2.58386836153 -44.2797143722
6.51940158485 -2.57149012522 -44.3143492345
6.50519367032 -2.56154297991 -44.3479670765
6.48675770918 -2.55249105035 -44.383557071
6.46403113272 -2.5438507119 -44.4221835599
6.43699945877 -2.53635828117 -44.4623256848
6.40598842765 -2.53165290838 -44.5002729013
6.3717774158 -2.53161241448 -44.5314057306
6.33549053609 -2.53760468962 -44.5518541876
6.29832148162 -2.54994054312 -44.559887404
6.26122179898 -2.56772885559 -44.5564983057
6.22469978429 -2.58917590577 -44.5449625258
6.1888313594 -2.61219974929 -44.5295485703
6.15349361082 -2.63511307465 -44.5138832429
6.11873307516 -2.65710817965 -44.4996070316
6.08511504487 -2.6783616119 -44.4858390915
6.05389542739 -2.69972957138 -44.4696558535
6.02691738693 -2.72216776009 -44.4473934826
6.00623936564 -2.74611738236 -44.4162646426
5.99360925539 -2.77111050336 -44.3756578909
5.98996875489 -2.79575885841 -44.3276108163
5.99517339127 -2.81813571477 -44.2762685864
6.00804381384 -2.83640138444 -44.2265342355
6.02674670633 -2.84942229089 -44.1824332354
6.049381846 -2.8571314106 -44.145829781
6.07457128347 -2.86047641463 -44.1160001146
6.10183878792 -2.86096352751 -44.0902384571
6.13163752714 -2.85996744288 -44.0652695709
6.16500749568 -2.8580769148 -44.0389230228
6.20297719036 -2.85474176341 -44.0114116074
6.24591807437 -2.84837922318 -43.9856956477
6.29308089554 -2.83692518543 -43.9667553848
6.342482034 -2.81864380696 -43.9600074292
6.39118752352 -2.79290299703 -43.9694313879
6.43590563752 -2.76062509471 -43.9960931416

/group/profunda_branch_right/21
21
posId 21
6.25418540708 -2.98556287587 -44.2711389439
6.29591100661 -2.98917810001 -44.2240457786
6.34182653824 -2.98288019914 -44.1924183477
6.38769877724 -2.9683823099 -44.1769469945
6.4299953778 -2.94828334137 -44.1759096447
6.46651794584 -2.92517492914 -44.1863200992
6.49661866339 -2.90094939697 -44.205080419
6.52098572631 -2.87653632564 -44.2297042496
6.54111321076 -2.85207507491 -44.2584858447
6.55864446209 -2.82734150592 -44.2902907491
6.57478079126 -2.8021756968 -44.324281941
6.58989420176 -2.77672220277 -44.3598188243
6.60340557218 -2.75144195308 -44.3965505948
6.61391879967 -2.72699351037 -44.4345210297
6.61955358156 -2.7041334004 -44.4740454322
6.61839487507 -2.68372887834 -44.5152547939
6.60896630705 -2.6668558311 -44.5574496968
6.59063037269 -2.6548517837 -44.5986126066
6.56382193061 -2.64918093329 -44.6354493332
6.53004322262 -2.65106309151 -44.6641230046
6.4915974905 -2.66097323171 -44.6814928482
6.45111135745 -2.67824311485 -44.6863548096
6.4109733059 -2.70100923304 -44.6800819991
6.37286452606 -2.72662588134 -44.6662625451
6.33754939297 -2.75244771939 -44.6493625073
6.30501574715 -2.77668649919 -44.6329077974
6.2749296322 -2.79896841125 -44.6179530781
6.2472408724 -2.820314927 -44.6025390442
6.22269908153 -2.8425093016 -44.5824428423
6.2030529424 -2.86708728003 -44.5529705478
6.19081228601 -2.89437370422 -44.511078437
6.1886160288 -2.92298555724 -44.4569553529
6.19840605295 -2.95003075723 -44.3944237638

/group/profunda_branch_right/24
24
posId 24
6.95714852209 -3.2070580516 -43.8615753311
6.98906438838 -3.19282124408 -43.8579586187
7.00926937724 -3.20426906333 -43.8175810442
7.01453445968 -3.23363308585 -43.7579508545
7.00880060291 -3.26734112628 -43.7006138198
7.0022492883 -3.29673103132 -43.6520864881
7.00350463251 -3.32190241368 -43.6040449194
7.01023160287 -3.34706006514 -43.5508653815
7.00796338419 -3.37414093136 -43.5025944375
6.98110310121 -3.40130044538 -43.4773844223
6.92793122041 -3.42572384336 -43.4820977714
6.86567135197 -3.44546885663 -43.5040962654
6.81957184764 -3.45793459114 -43.524394842
6.80472960206 -3.45844675003 -43.537447958
6.81637138651 -3.44308429212 -43.5550591485
6.83638232021 -3.41397083232 -43.5903701391
6.84903130073 -3.38038358705 -43.6409565653
6.85171960194 -3.35228172575 -43.6907316786
6.85316146086 -3.3315670056 -43.7279317741
6.86360909055 -3.31046622008 -43.7573518628
6.88708435472 -3.28007218764 -43.7917773981

/group/profunda_branch_right/27
27
posId 27
7.05368387131 -3.57079610654 -43.9247081101
7.1114961426 -3.52910880222 -43.9439442386
7.15002535744 -3.52514633349 -43.9148768859
7.1537821557 -3.55559576395 -43.8578185412
7.14387803496 -3.58993608824 -43.8066948048
7.14587065224 -3.61451581489 -43.7616082058
7.15439790987 -3.64129950345 -43.7065343209
7.14653713975 -3.67485361168 -43.6548820422
7.11603287115 -3.70155560446 -43.6364568905
7.07621767081 -3.71384712919 -43.6520805093
7.03963563444 -3.71808748519 -43.6788380624
7.01123368209 -3.71608506784 -43.7089228091
6.99373892253 -3.70255756735 -43.7490729994
6.98704540058 -3.68030636367 -43.794461559
6.98986713076 -3.65514232077 -43.8360729448

/group/profunda_branch_right/30
30
posId 30
7.19882240352 -3.82135474929 -44.2100270895
7.23908294314 -3.8046290041 -44.1997666514
7.26086409459 -3.82356980835 -44.1485894353
7.25949490583 -3.85996838218 -44.0905315646
7.24330705793 -3.89231024724 -44.0528985583
7.22317678812 -3.9167773981 -44.0317768715
7.20788261473 -3.94204861229 -44.0048369125
7.20063842953 -3.97269164501 -43.9616371385
7.19339424434 -4.00492759348 -43.9158407207
7.17113757862 -4.03274688608 -43.8912365782
7.130877039 -4.04947263126 -43.9014970163
7.09290803966 -4.04667334925 -43.9414497287
7.08292547694 -4.02159404097 -43.9916364001
7.10258023249 -3.98579518969 -44.0316733281
7.12754659871 -3.95650578215 -44.0561483193
7.13800467569 -3.93605682464 -44.0797349739
7.14178195324 -3.90887077813 -44.1205308263

/group/profunda_branch_right/39
39
posId 39
7.3114150521 -4.37257479823 -45.3108527303
7.27865675097 -4.33725087419 -45.3559212828
7.23736723621 -4.31214974877 -45.3975685822
7.19176030064 -4.29984351881 -45.4315362001
7.14490346875 -4.30150096905 -45.4552732804
7.09830290034 -4.31648627213 -45.4684714845
7.05209405572 -4.34217056941 -45.4731101939
7.00570456124 -4.37409088085 -45.4729783872
6.9586975765 -4.40653491713 -45.4727676892
6.91145543651 -4.43352291308 -45.4769408826
6.86543869482 -4.45002770576 -45.4886412943
6.82292527724 -4.45316511706 -45.5089030816
6.78633564671 -4.44304090644 -45.5363507038
6.75740950855 -4.42298453886 -45.5674562742
6.73655993378 -4.39903274503 -45.5972876486
6.72267000756 -4.37871648876 -45.6205637899
6.71343694311 -4.36940057801 -45.6327668272
6.70616659257 -4.37656657642 -45.631057767
6.69875039144 -4.40247030645 -45.6148023927
6.69047942357 -4.44552680453 -45.5856164193
6.68239608663 -4.50059530424 -45.5469552143
6.67703872974 -4.56010337429 -45.5033728565
6.67764548442 -4.61572870772 -45.4596348592
6.6870764653 -4.66021253966 -45.4198786088
6.70681986064 -4.68885146385 -45.3869799876
6.73642786327 -4.70031102875 -45.3622197105
6.77358722048 -4.69659499526 -45.3452696307
6.81481339037 -4.68223178235 -45.3344568793
6.85654067199 -4.66293865051 -45.3272240876
6.89623845764 -4.64413996812 -45.3206895392
6.93316648028 -4.62972110666 -45.3122162671
6.96849766361 -4.62130095413 -45.2999142091
7.00474826846 -4.61814070367 -45.2830158083
7.04469061412 -4.61762824283 -45.2620787804
7.09010375193 -4.61613880526 -45.238981785
7.14078030989 -4.61000872185 -45.2166949808
7.19413098164 -4.59637821483 -45.1988335307
7.24553669732 -4.57374228456 -45.1890395232
7.28935614646 -4.54215895178 -45.1902812329
7.32028398959 -4.50316104576 -45.2041964175
7.33464345351 -4.45947194956 -45.2306236724

/group/profunda_branch_right/42
42
posId 42
7.45395244856 -4.49640745192 -45.5481109557
7.4451512806 -4.4416118451 -45.5752634656
7.42774761982 -4.39397185177 -45.6007235012
7.40298398619 -4.35559360493 -45.623275577
7.37209554272 -4.3265621272 -45.6426454188
7.33630102155 -4.30564788672 -45.6591731412
7.29684272373 -4.29129937546 -45.6733440979
7.25502921599 -4.28253013069 -45.6853683038
7.2122342676 -4.2793723811 -45.6949696922
7.16982380865 -4.28274493693 -45.7014614272
7.12901301359 -4.29380796366 -45.7040730937
7.09068751195 -4.31307383141 -45.7023981292
7.05524487632 -4.33964325319 -45.6967791436
7.02251654842 -4.37090393995 -45.6884628814
6.99181364815 -4.40287403675 -45.6794318187
6.96210688521 -4.43114551036 -45.6719312978
6.93231089462 -4.452159653 -45.6678223825
6.90160917833 -4.46440459401 -45.6679632633
6.86973855418 -4.46911486201 -45.6718299031
6.83715778264 -4.47018477334 -45.6775242646
6.80505306085 -4.47324339522 -45.6822034069
6.77517564179 -4.48410626747 -45.6828302927
6.74955161632 -4.50703250549 -45.6770393876
6.73013766554 -4.54330446822 -45.6638625357
6.71850930663 -4.59057764901 -45.6440905074
6.71565607796 -4.64323678258 -45.6201463343
6.72192497762 -4.69370152412 -45.5954889197
6.73710937917 -4.73433950732 -45.5737065714
6.76063894951 -4.75945400112 -45.557556651
6.79179928913 -4.76677804014 -45.5482290634
6.82990592444 -4.75804037628 -45.5450500233
6.87437667462 -4.73843299826 -45.5457159052
6.92468282849 -4.71512712844 -45.546992581
6.98020137979 -4.6952598393 -45.5456797229
7.04002464817 -4.68396446178 -45.5395628411
7.10279940552 -4.68300010356 -45.5280811296
7.16666040568 -4.69035534202 -45.5125243811
7.22929547406 -4.70091393586 -45.4957110612
7.28813989683 -4.70796330916 -45.4812499236
7.34065909948 -4.70509145467 -45.4726042296
7.3846524576 -4.68792325978 -45.4722266218
7.4185053383 -4.65521757392 -45.4810010888
7.44133241572 -4.60905537552 -45.4981282322

/group/profunda_branch_right/45
45
posId 45
7.42277110474 -4.63127088291 -45.8508196781
7.42971417945 -4.57019332361 -45.8670667896
7.42686993054 -4.51032798906 -45.882046681
7.41577931695 -4.45526345405 -45.8949955744
7.39786644215 -4.40726689375 -45.9054750464
7.3740488364 -4.36725305948 -45.91334178
7.34465749257 -4.3351460316 -45.9186475319
7.3096750459 -4.31043727996 -45.9215202153
7.26917600964 -4.29269695307 -45.9220766853
7.2237737901 -4.28184111229 -45.9203983929
7.17487455416 -4.27807459831 -45.9165708028
7.12461003369 -4.28157093071 -45.9107584007
7.07544416967 -4.29206269706 -45.903270582
7.02957741819 -4.30855580234 -45.8945761605
6.98835991195 -4.32933358093 -45.8852448645
6.95193699828 -4.35229980827 -45.8758252065
6.91928085026 -4.37556718792 -45.8666975851
6.88863215377 -4.39808443233 -45.857957701
6.85823062108 -4.42005557357 -45.8493812058
6.82710334432 -4.44295836527 -45.8404961976
6.79564575583 -4.46909958592 -45.8307534448
6.76578582636 -4.50080956914 -45.8197477587
6.74065177374 -4.5395181536 -45.80742098
6.72382476786 -4.58501766819 -45.7941766624
6.71839695739 -4.63517883395 -45.7808602563
6.72612428364 -4.6862511849 -45.7685995929
6.74693857113 -4.73369277671 -45.7585456397
6.77897137146 -4.77329627975 -45.7515878181
6.81907943266 -4.80227066854 -45.7481297522
6.86370211831 -4.8199382993 -45.7479955462
6.90977738253 -4.82781924297 -45.7504979708
6.95542909833 -4.82906396854 -45.7546503537
7.00021855006 -4.82740112569 -45.7594593902
7.04489927604 -4.82592220931 -45.7642109029
7.09077779314 -4.82607832992 -45.7686629528
7.1389085697 -4.82719836374 -45.7730898351
7.18939881188 -4.82667380736 -45.7781668963
7.24105317003 -4.82074714479 -45.7847348116
7.29146781071 -4.80565505803 -45.7935174157
7.33752996068 -4.77877463659 -45.8048784678
7.37614569374 -4.73943123738 -45.8186870018

/group/profunda_branch_right/48
48
posId 48
7.36588031953 -4.76236648819 -46.212355337
7.3917788631 -4.70973640639 -46.2269300263
7.40792730572 -4.65727343956 -46.2390580309
7.41441547915 -4.60768724421 -46.2483423401
7.4120913897 -4.56251613214 -46.2547554517
7.40224163702 -4.5220199113 -46.258576607
7.38621459198 -4.48542853789 -46.2602597521
7.36509730871 -4.45145704115 -46.2602736353
7.33953553526 -4.41892395643 -46.2589614173
7.30973895724 -4.38728598909 -46.2564592341
7.27565549706 -4.35693215048 -46.2526939569
7.23724669774 -4.32915638831 -46.2474558009
7.19476638012 -4.30582590233 -46.2405188407
7.14894559486 -4.28885369634 -46.2317685525
7.10101785331 -4.27964154837 -46.2212942784
7.05257011392 -4.27866671972 -46.2094161845
7.00526125133 -4.28534063766 -46.1966372283
6.96049351625 -4.29818421882 -46.1835344564
6.91914027054 -4.31526756107 -46.1706233621
6.88141927619 -4.33478046219 -46.1582381388
6.84695878415 -4.35555900471 -46.1464666001
6.81504585017 -4.37740478758 -46.1351624335
6.78498986144 -4.40109420098 -46.1240340237
6.75649621237 -4.42806762098 -46.1127853282
6.72993725771 -4.45988522024 -46.1012673638
6.70643316962 -4.49760843568 -46.0895939991
6.68770742374 -4.54129220124 -46.07818465
6.67574568261 -4.58974452689 -46.0677167891
6.67234442154 -4.64063459483 -46.0589971483
6.67866991095 -4.69092984756 -46.0527845804
6.69494878255 -4.73754580888 -46.0496126727
6.72037759061 -4.77802800319 -46.0496617659
6.75327966057 -4.81107255164 -46.0527173364
6.79146959117 -4.83673520395 -46.0582281503
6.83272822096 -4.85626585113 -46.0654497999
6.87526006364 -4.87161217973 -46.073635088
6.91801002806 -4.88473148615 -46.0822191608
6.96075545522 -4.89690619336 -46.0909482821
7.00395215228 -4.9082597317 -46.0999165225
7.04838155416 -4.91761443377 -46.109500144
7.09470114513 -4.92273734671 -46.1202079372
7.14302642706 -4.92091052243 -46.1324891776
7.19266286128 -4.90967051225 -46.1465526347
7.24206340418 -4.88751360971 -46.1622468936
7.28902387423 -4.85437252739 -46.1790350972

/group/profunda_branch_right/51
51
posId 51
7.30302727099 -4.82203027392 -46.6404826634
7.33042817447 -4.77210409361 -46.6548295857
7.35028795597 -4.718578155 -46.667304186
7.36241573016 -4.66324530146 -46.677633502
7.36698876574 -4.60812690884 -46.6856296563
7.3643867166 -4.55531395722 -46.6911582531
7.35500442147 -4.5067475038 -46.6941074851
7.33910342108 -4.46397961603 -46.6943714054
7.31675177078 -4.42797156118 -46.6918557068
7.28787531779 -4.39898602981 -46.6865062883
7.25240905562 -4.37661250663 -46.6783524459
7.21050487594 -4.35993325676 -46.6675504542
7.16273196469 -4.34780015766 -46.6544116288
7.11020464963 -4.33916050476 -46.6394023662
7.05459055413 -4.33335280218 -46.6231112191
6.99798441008 -4.33029730664 -46.6061875405
6.94267039441 -4.33053069543 -46.5892647417
6.89082737743 -4.33507352613 -46.5728861342
6.8442477747 -4.34516252928 -46.5574511099
6.80413708953 -4.36191518146 -46.5431940753
6.77103897058 -4.38601149729 -46.5301996611
6.74489643331 -4.41747264338 -46.5184479278
6.72522394842 -4.45558939351 -46.5078754941
6.71133780298 -4.49901322116 -46.4984349905
6.70258103882 -4.54598034534 -46.4901369383
6.69848682737 -4.59460611721 -46.4830644027
6.69884711796 -4.64317255253 -46.4773595339
6.70368403906 -4.6903388717 -46.4731896236
6.71315009364 -4.73523059218 -46.4707059546
6.72740103839 -4.77739879711 -46.4700098497
6.74648762084 -4.81667685181 -46.4711367604
6.77029940001 -4.8529869383 -46.4740622714
6.79857093601 -4.88615690252 -46.47872592
6.83093599377 -4.9157980681 -46.4850623819
6.86699762267 -4.94127131902 -46.4930269364
6.90637703141 -4.96174012255 -46.5026040463
6.94871354836 -4.97628448553 -46.5137937014
6.99360816154 -4.98403638271 -46.5265779592
7.04052694377 -4.98429806214 -46.540877282
7.08869955429 -4.97661797683 -46.5565104447
7.1370550152 -4.96081900355 -46.5731715401
7.18422907889 -4.93699230338 -46.5904329638
7.22865675365 -4.90548074752 -46.6077756598

/group/profunda_branch_right/54
54
posId 54
7.15364309005 -4.98045041252 -47.0517541029
7.19665472297 -4.94518532747 -47.0692818577
7.23090291978 -4.90473244454 -47.0848069653
7.25716927718 -4.86203664214 -47.0981933628
7.27730991439 -4.81936287637 -47.1097173773
7.29346833484 -4.77785775373 -47.1198843542
7.30726476484 -4.73749254117 -47.1291897893
7.31921017082 -4.69739821193 -47.1378989669
7.32851573588 -4.65647612129 -47.1459117043
7.33334065719 -4.61407811707 -47.1527513561
7.33138367885 -4.57052643217 -47.1576784779
7.3206200042 -4.52729453916 -47.159891603
7.29994693956 -4.48677942756 -47.1587521112
7.26953932506 -4.45172880346 -47.1539647421
7.23081570294 -4.42450096058 -47.1456611543
7.18604486503 -4.40639366341 -47.1343655645
7.13773784055 -4.39726193146 -47.1208586273
7.0880353847 -4.39555748915 -47.1059864938
7.03829527855 -4.39879174492 -47.0904768344
6.98901015683 -4.40429049922 -47.0748182163
6.94007017424 -4.41001437381 -47.0592358331
6.89126452578 -4.4151942745 -47.0437631913
6.84283175385 -4.42058441112 -47.0283770916
6.7958491154 -4.42825042746 -47.0131426885
6.75230312585 -4.44095150771 -46.9983132385
6.7147902921 -4.46129905341 -46.9843459082
6.68592421937 -4.49094222894 -46.9718250413
6.66763080811 -4.53002141261 -46.9613174887
6.66056165975 -4.57704747916 -46.9532098391
6.66382963517 -4.62923402948 -46.9475860249
6.67517625058 -4.68317210123 -46.9441926029
6.6915469414 -4.73563534256 -46.9425113127
6.70991916476 -4.78426934733 -46.9419230753
6.72814187763 -4.82796174385 -46.9419159163
6.74553177142 -4.86679529217 -46.9422719113
6.76303771872 -4.90162064196 -46.9431712705
6.78291124538 -4.93340574385 -46.9451747806
6.80796928403 -4.96258722894 -46.9490822267
6.84066034016 -4.98864423679 -46.9557029349
6.88220763496 -5.01003946429 -46.9656031286
6.93208290165 -5.02455046962 -46.9789041885
6.98796775261 -5.0298858696 -46.9951928068
7.04621511173 -5.02438729705 -47.0135720749

/group/profunda_branch_right/57
57
posId 57
6.87919855418 -5.08729826732 -47.4238398124
6.9439094378 -5.09141224971 -47.4398007016
7.00372543476 -5.08618945093 -47.4560423951
7.05492433012 -5.07238607315 -47.4714831134
7.0955817573 -5.05125133388 -47.4854220727
7.12581489793 -5.02421005507 -47.4976544817
7.14750325143 -4.99253840971 -47.5084532054
7.16357571342 -4.95712654448 -47.5184245887
7.17706951186 -4.91839636768 -47.5282800346
7.19022386603 -4.87639695449 -47.5385872249
7.20385425461 -4.83104697339 -47.5495692547
7.21716786338 -4.78244873271 -47.5610053981
7.22805245042 -4.73117510961 -47.5722580766
7.23373675311 -4.67843587445 -47.5824152467
7.23161900357 -4.62606265736 -47.5905059163
7.22001950904 -4.57630293807 -47.5957276229
7.19864397337 -4.53146848286 -47.5976235337
7.16863586844 -4.49352684412 -47.5961632642
7.13222077165 -4.46374338248 -47.5917104497
7.09206604893 -4.442470149 -47.5848929078
7.05056022291 -4.42913976818 -47.5764183505
7.00923456573 -4.42246780176 -47.5668922919
6.96850045184 -4.42081124874 -47.5566914046
6.92777531897 -4.42258947879 -47.5459265053
6.88594847085 -4.42665850242 -47.5345006182
6.84203220659 -4.43254415609 -47.5222379537
6.79578576926 -4.44048009842 -47.5090380806
6.748106889 -4.45125083841 -47.4950024848
6.70105619689 -4.46589287375 -47.480490123
6.65749246437 -4.4853435599 -47.4660815254
6.62041766815 -4.51013757697 -47.4524604372
6.59222372751 -4.54023251519 -47.440248888
6.57406895971 -4.57500411151 -47.4298476451
6.56558003766 -4.61340042481 -47.4213341567
6.56498299179 -4.65419788214 -47.4144540203
6.56964103409 -4.69627413572 -47.4087142859
6.57685449541 -4.73881092562 -47.4035556973
6.58469535805 -4.78136469292 -47.3985556341
6.59263101111 -4.82378580302 -47.3936018167
6.60174555692 -4.8660157522 -47.3889826479
6.61447801982 -4.90783096187 -47.3853621406
6.63393399231 -4.9486198783 -47.3836396717
6.66295138569 -4.98727159119 -47.3847281223
6.70317605448 -5.02222152923 -47.3893086571
6.75440683876 -5.05165268079 -47.3976291375

/group/profunda_branch_right/60
60
posId 60
7.06574819736 -4.95540656998 -47.9420914151
7.07370620879 -4.88038867151 -47.9580787698
7.07595282881 -4.80718349492 -47.9724966574
7.07281862628 -4.74001146086 -47.9846124902
7.06474151645 -4.68189618351 -47.9939445323
7.05217542215 -4.63421603638 -48.000327688
7.03551488198 -4.59657151874 -48.0039225904
7.01505441262 -4.56699945494 -48.0051661113
6.99099298807 -4.54249139009 -48.0046736333
6.96348261674 -4.51970846631 -48.0031133708
6.93270844861 -4.49574331059 -48.0010784996
6.89897902708 -4.46877048073 -47.9989826778
6.86280150696 -4.43845273307 -47.9969988284
6.82491900483 -4.40602477448 -47.9950512017
6.78629536099 -4.37404670879 -47.9928590461
6.74804467909 -4.34589000134 -47.9900193614
6.71131626472 -4.32507362051 -47.9861086133
6.67715685268 -4.31459514979 -47.9807805362
6.64637854912 -4.3163958208 -47.9738396673
6.61946105256 -4.33106206336 -47.9652772011
6.59651027993 -4.35780876396 -47.9552653077
6.57728388756 -4.39472501698 -47.9441158192
6.56127995196 -4.4392069283 -47.9322168467
6.54787150013 -4.48846666225 -47.9199647115
6.53645974976 -4.53999961051 -47.9077078592
6.52661506732 -4.59191247769 -47.8957146194
6.518177611 -4.6430575519 -47.8841692193
6.51129865363 -4.69297081146 -47.8731924249
6.50641653967 -4.74166023055 -47.8628766878
6.50417511 -4.78932361907 -47.8533223732
6.50530406535 -4.83608500336 -47.8446622989
6.51048756756 -4.88182365117 -47.8370661153
6.52024802391 -4.92613554064 -47.830722728
6.53486658283 -4.96842350051 -47.8258060929
6.55435193647 -5.00807175335 -47.8224353008
6.57845714284 -5.04463446151 -47.8206422888
6.60673328562 -5.07796335693 -47.8203590473
6.63860146656 -5.10821793945 -47.8214311111
6.67342247823 -5.13573806453 -47.8236567514
6.71054679267 -5.16080301743 -47.8268435579
6.74933510412 -5.18334100087 -47.8308681483
6.78914940439 -5.20267682837 -47.8357222874
6.82932378373 -5.21740595184 -47.841530609
6.8691303813 -5.22545825067 -47.8485311732
6.9077575317 -5.22437039259 -47.8570189312
6.94431378399 -5.21173167184 -47.8672617119
6.97786405205 -5.18571860069 -47.8794061992
7.00749470989 -5.14560129312 -47.893395486
7.03239554028 -5.09209914278 -47.9089189297

/group/profunda_branch_right/63
63
posId 63
6.84363896171 -4.8863982251 -48.3534744112
6.81295497476 -4.83643266059 -48.3575337018
6.78797080425 -4.79177282363 -48.3616127172
6.76951691392 -4.75051452342 -48.3662353758
6.75632725747 -4.70984424497 -48.3717155014
6.7456995436 -4.66708899925 -48.378074402
6.73450460575 -4.62076953578 -48.3850222482
6.72024860297 -4.5713490058 -48.3920084766
6.7018833557 -4.52144683358 -48.3983297741
6.68013812496 -4.47543328905 -48.403270237
6.65728766781 -4.43849348099 -48.4062407142
6.63643551404 -4.41540117018 -48.4068851233
6.62053097146 -4.40932947947 -48.4051304254
6.61141360922 -4.42102188884 -48.4011715541
6.60916887519 -4.44855297901 -48.395399011
6.61198674859 -4.48774995183 -48.3882907327
6.61656905309 -4.53316710286 -48.380297639
6.61897287917 -4.57935610276 -48.3717521267
6.6156531646 -4.62209677424 -48.362821022
6.60441237045 -4.65926750221 -48.353511514
6.58499450734 -4.69113677678 -48.3437240872
6.5591650622 -4.72001821457 -48.3333344174
6.53026654789 -4.74940510199 -48.3222797506
6.50238792272 -4.78283831477 -48.3106258835
6.47939183909 -4.82282544457 -48.298597929
6.46407637913 -4.87010264777 -48.2865692114
6.45769912163 -4.92342359898 -48.2750144711
6.45997660069 -4.97990433876 -48.2644426503
6.46952632496 -5.03579438041 -48.2553284279
6.48458532626 -5.08742875151 -48.2480595944
6.50375846394 -5.13207501828 -48.2429103595
6.52654539666 -5.16843367298 -48.2400412584
6.55346833801 -5.19666445647 -48.2395176158
6.58575132181 -5.21795989156 -48.2413333294
6.62464691598 -5.23382555385 -48.2454266388
6.67062413196 -5.24531317905 -48.2516794459
6.72268550668 -5.25246226749 -48.2598999068
6.77805444925 -5.25413634483 -48.269796575
6.8323723975 -5.24831316783 -48.2809583216
6.88039788327 -5.23274280611 -48.2928553242
6.91704907323 -5.2057681042 -48.3048718665
6.93852214959 -5.16704521288 -48.3163725896
6.9431830179 -5.11792562406 -48.3267927715
6.93198107308 -5.061359214 -48.3357335882
6.90825804068 -5.00132149186 -48.3430382899

/group/profunda_branch_right/66
66
posId 66
6.48050797852 -5.09716328662 -48.6894675362
6.50058228302 -5.03304513526 -48.7041944723
6.52538762794 -4.97413731889 -48.7188005129
6.55039272773 -4.92291653367 -48.7320816986
6.57389238596 -4.88101720162 -48.7434608153
6.59761613977 -4.84974678428 -48.7529992343
6.62522516564 -4.83017596004 -48.7611268083
6.65956750366 -4.82278527926 -48.7682401937
6.7003201294 -4.82703705344 -48.7743798014
6.74344744669 -4.84134180096 -48.7791441613
6.78285473116 -4.86363082537 -48.781868312
6.81332211519 -4.89229756997 -48.7819535465
6.83302953973 -4.92693211688 -48.7791645514
6.84418910891 -4.96829141035 -48.7737415985
6.85138083948 -5.01735153832 -48.7662866303
6.85852055099 -5.07385909427 -48.7575065817
6.86620041023 -5.1351918034 -48.7479650553
6.87095622047 -5.19628921584 -48.7379706729
6.8669303613 -5.25090407128 -48.7276371002
6.84903611182 -5.29370957673 -48.7170456721
6.81587126879 -5.32227238995 -48.7063893598
6.77076869772 -5.33787741105 -48.6960046377
6.72042518312 -5.34471373109 -48.6862835068
6.67190832283 -5.34774317371 -48.6775440954
6.62972392099 -5.35024745671 -48.669968292
6.5945345828 -5.35222551567 -48.6636683283
6.56412331741 -5.35039228249 -48.6588499356
6.535885912 -5.3397364439 -48.6559584704
6.50927809438 -5.3158458503 -48.6556817174
6.48672924862 -5.2768898855 -48.6587540235
6.47249650195 -5.22440143145 -48.6656243227

/group/profunda_branch_right/69
69
posId 69
6.56333971299 -5.27283448291 -49.1131379113
6.63615499662 -5.27862788696 -49.1244367447
6.6867075938 -5.26412026998 -49.1351005432
6.71154451856 -5.23325618321 -49.1439514953
6.72133696897 -5.19035468199 -49.1521174632
6.72898272654 -5.13862871643 -49.1612670719
6.73775634973 -5.08161430496 -49.1714100395
6.73993382224 -5.02499588494 -49.180389365
6.72603299124 -4.9759061662 -49.1855335813
6.6949966816 -4.93966511851 -49.1858563578
6.65556544046 -4.91699918742 -49.1827092554
6.61829083706 -4.90471630774 -49.1783430204
6.58672606842 -4.89951352457 -49.1738546018
6.5564489199 -4.90137249663 -49.1685070534
6.52211176822 -4.91322314899 -49.1609600193
6.48458596967 -4.93717742114 -49.1510379042
6.45070658652 -4.97111865973 -49.1402061313
6.42637291244 -5.00924117337 -49.1303349164
6.41101861685 -5.0463094184 -49.1221261676
6.40002471506 -5.08163259388 -49.1149123453
6.39289271401 -5.11877766998 -49.1080673109
6.39807880506 -5.16096979348 -49.1025148556
6.4278752731 -5.20623885563 -49.1006109748

/group/profunda_branch_right/72
72
posId 72
6.50604490529 -5.23684782537 -49.5605033303
6.57849618802 -5.22619075102 -49.5748965017
6.59820853517 -5.20691807499 -49.5812839774
6.57175272914 -5.17260557193 -49.5817949159
6.51772491868 -5.17137191367 -49.5724475309
6.48134973509 -5.14451680269 -49.5700824769
6.46052118954 -5.11082436761 -49.5714927909
6.42655107923 -5.14179605644 -49.5608235372
6.39721843897 -5.17047445118 -49.551318757
6.37557277949 -5.19387805845 -49.5439665963
6.36225853823 -5.26095174762 -49.5314928499

/group/profunda_branch_right/75
75
posId 75
6.32103698408 -5.18939082956 -50.0249828173
6.38411849837 -5.15272745347 -50.0434496806
6.43857392456 -5.13294162248 -50.0573717787
6.48195501225 -5.13567425574 -50.065314404
6.51836411825 -5.15808940748 -50.0685553823
6.54862449947 -5.19172278801 -50.0686950771
6.5668489434 -5.22932902512 -50.0658257952
6.56692740848 -5.26846130024 -50.0591798385
6.55051849193 -5.30897765085 -50.0491028284
6.52653152622 -5.34880908042 -50.0376736893
6.50239965802 -5.38372474814 -50.0270532358
6.47728030839 -5.41117982503 -50.0175113513
6.44505127975 -5.43278152362 -50.0075878974
6.40338921555 -5.45137785806 -49.9963477856
6.3581170333 -5.46559866502 -49.9851527992
6.31781876828 -5.4685323782 -49.9768431269
6.28551087248 -5.45307560063 -49.973212546
6.25780889958 -5.41882016566 -49.9736745889
6.23298373989 -5.37310451986 -49.97664497
6.218142417 -5.3249913902 -49.9819584432
6.22590052038 -5.2786812728 -49.9913450463

/group/profunda_branch_right/78
78
posId 78
6.36389201215 -5.47979798253 -50.5352111799
6.41463277295 -5.43441962273 -50.5553481466
6.44793177865 -5.39831919482 -50.5698452821
6.46250136052 -5.36482189351 -50.5797791193
6.46439886215 -5.32449040743 -50.5883690423
6.45897377664 -5.27600211197 -50.5970358918
6.44500905447 -5.22819794196 -50.6037241002
6.41697383196 -5.19253895428 -50.6049172038
6.37295572985 -5.17421734314 -50.5991499605
6.31993698171 -5.17042922355 -50.5884954544
6.27057431775 -5.17625697981 -50.5766781054
6.23409481793 -5.19086156753 -50.5658560895
6.20990720961 -5.21710757909 -50.5553209437
6.19004854808 -5.25549376506 -50.5432558781
6.16805317524 -5.29988783396 -50.5295117785
6.14567731669 -5.34087661468 -50.5163764541
6.13119606099 -5.37414295859 -50.5065084958
6.13137511224 -5.40502116727 -50.5002835323
6.14533983441 -5.44325461648 -50.4955367122
6.16638034456 -5.49169384038 -50.4902441671
6.18953985905 -5.53960361294 -50.4855155598
6.21692254218 -5.56799399314 -50.4856562787
6.25498157329 -5.56344331667 -50.4947792035

/group/profunda_branch_right/81
81
posId 81
6.33651809866 -5.59400046119 -51.1280946201
6.36757878108 -5.53719899442 -51.1479227088
6.38887859734 -5.48384931356 -51.1647545219
6.39883784528 -5.43801118279 -51.1773185682
6.3952205263 -5.39855977746 -51.1853588206
6.37646663694 -5.36251787006 -51.1891892201
6.34324299648 -5.32933837403 -51.1890843911
6.29904261228 -5.30263631147 -51.1850269
6.24925351185 -5.2879515843 -51.1769980186
6.19916046761 -5.28831672966 -51.1655188376
6.15209171193 -5.30123464875 -51.1519076
6.10883644867 -5.31969835438 -51.1379180745
6.06859775815 -5.33680813003 -51.124919056
6.03072576014 -5.35068972059 -51.1131837594
5.99601777118 -5.36599028362 -51.1018495463
5.96677544604 -5.39062162392 -51.0896626
5.94574465296 -5.42989683486 -51.0760540048
5.93483175178 -5.48218253656 -51.0618244544
5.93454333301 -5.53916609629 -51.0489567475
5.94444096886 -5.59053762211 -51.0396673822
5.9640735799 -5.62972973611 -51.0353291749
5.99349374853 -5.65666571573 -51.0359713256
6.03284377107 -5.6757347558 -51.0406401208
6.08129853201 -5.69074593382 -51.0482920725
6.1362342221 -5.7007896421 -51.0585345679
6.19338520383 -5.70016459904 -51.071677957
6.2480241689 -5.68242269401 -51.0880953354

/group/profunda_branch_right/84
84
posId 84
6.09726576578 -5.78897636989 -51.6539781324
6.16011686686 -5.76641874119 -51.6733396613
6.215513623 -5.74063717294 -51.6917559098
6.25727469202 -5.71521004983 -51.7070112569
6.28256133602 -5.69121404053 -51.7182179742
6.29322672695 -5.66689055929 -51.7261973639
6.2945705015 -5.63882764337 -51.7329277931
6.29203100743 -5.60415197994 -51.7402955973
6.28776602091 -5.56262279836 -51.7488432679
6.27928900238 -5.51750709808 -51.7572609973
6.26113296975 -5.47473077737 -51.7629568841
6.22862696425 -5.44070793738 -51.7634070078
6.18149079704 -5.41993892596 -51.7575174226
6.12498780803 -5.41355232633 -51.7462184287
6.06783685075 -5.4194178494 -51.7319671231
6.01807186384 -5.43361094047 -51.7174768297
5.9793027786 -5.45235407871 -51.7044280019
5.94958008489 -5.4734399754 -51.6928858376
5.92346294254 -5.49656624073 -51.6816907332
5.8959534511 -5.52267164296 -51.6694988783
5.86589818955 -5.55285073229 -51.6557990915
5.83690395545 -5.58748484122 -51.6413186641
5.81543038377 -5.62590956425 -51.6276687166
5.8074423871 -5.66652173448 -51.6165636261
5.81574190539 -5.70701426447 -51.6091645985
5.83944277884 -5.74452875399 -51.6059261142
5.87551722804 -5.77579489142 -51.6069132875
5.92099239857 -5.79751051481 -51.6122109319
5.97410444411 -5.80711498357 -51.622007103

/group/profunda_branch_right/87
87
posId 87
5.94035031524 -5.83434038413 -52.1556259163
5.99876104765 -5.82735625949 -52.169152116
6.05510040004 -5.81735525473 -52.1828950121
6.10685107414 -5.80341069167 -52.1965335486
6.15176638072 -5.78447925798 -52.2098273122
6.18821957696 -5.7601568874 -52.2225272801
6.21544069884 -5.73106325072 -52.2343426067
6.2335406912 -5.69869305229 -52.2449773164
6.2432990614 -5.66483021592 -52.2542115068
6.24578316428 -5.63082869302 -52.261976309
6.24193610794 -5.59712792223 -52.2683723272
6.23228611585 -5.56326295123 -52.2736075894
6.21688441755 -5.5283967197 -52.2778712069
6.19548842293 -5.4921488625 -52.2811943264
6.16790815884 -5.45533632066 -52.2833635385
6.13436712105 -5.42025128152 -52.2839359477
6.09572177202 -5.39028360109 -52.2823649458
6.05344059213 -5.36897442919 -52.2781977671
6.00934145884 -5.35884649427 -52.2712708855
5.96518563899 -5.36048066419 -52.2618233307
5.92228728837 -5.37223837328 -52.250475429
5.88129414806 -5.39078673684 -52.2380715998
5.84222909046 -5.41226308423 -52.2254405082
5.80477978065 -5.43364907959 -52.2131616388
5.76872610794 -5.45382365732 -52.2014287706
5.73434114747 -5.47387480689 -52.1900660942
5.70261216498 -5.49653262542 -52.1786946894
5.6751982048 -5.5249288698 -52.1669883873
5.65414100844 -5.56115427617 -52.1549219413
5.64143588192 -5.605166947 -52.1429154513
5.63861351242 -5.65446986782 -52.1318169802
5.64646711236 -5.70467746529 -52.1227254745
5.66499160388 -5.75074972995 -52.1167149796
5.69351341375 -5.78842376453 -52.1145560209
5.73091860102 -5.81531351839 -52.1165280261
5.77586234206 -5.83129775056 -52.1223797362
5.8268721611 -5.83810828534 -52.1314383075

/group/profunda_branch_right/90
90
posId 90
5.85855154482 -5.93250417792 -52.5151182676
5.92406204457 -5.92593413088 -52.5253276836
5.98125512269 -5.91503065164 -52.5350217121
6.02884728342 -5.90294577898 -52.5435434989
6.06866658577 -5.89030352421 -52.5510559441
6.10395338542 -5.87528645182 -52.5582895514
6.13722437255 -5.85482435736 -52.5660623077
6.16867479355 -5.82630944 -52.574795726
6.19582110495 -5.7890520729 -52.5842446007
6.2145039419 -5.74483935591 -52.5935537166
6.22074890735 -5.69738856289 -52.6016022287
6.21260434904 -5.6509957693 -52.6074664137
6.19110873665 -5.60903153165 -52.6107830759
6.15996123391 -5.572973414 -52.6118493879
6.12407522532 -5.54238148397 -52.611423088
6.08770169623 -5.51575981549 -52.6103282845
6.05298456932 -5.49182767716 -52.6090601269
6.01957946341 -5.47054634498 -52.6075760154
5.98544817259 -5.45339092694 -52.6053663032
5.94838430306 -5.4427462149 -52.6017602262
5.90749551107 -5.44074905702 -52.5963093586
5.86391775637 -5.44818017941 -52.5890555492
5.8204369985 -5.46398842156 -52.5805495871
5.78024642457 -5.48571818768 -52.5716117668
5.74550274659 -5.51065687953 -52.5629553951
5.7164503159 -5.53714420861 -52.5548657225
5.69160286883 -5.56537566116 -52.5471041083
5.66894155706 -5.59724919095 -52.5390997364
5.64756045582 -5.63525241795 -52.5303492679
5.62892551562 -5.68085864678 -52.5208363282
5.61704727107 -5.7331689499 -52.5112609888
5.61735015327 -5.78846941491 -52.5029475921
5.63463301142 -5.84098789662 -52.4974434706
5.67097060929 -5.88460250258 -52.4959655526
5.72448532751 -5.91481621954 -52.4989291836

/group/profunda_branch_right/93
93
posId 93
5.95979461538 -5.99174207129 -52.7393440217
6.02537059645 -5.96817618219 -52.7406413428
6.08327265853 -5.94151366503 -52.7419382277
6.1285320421 -5.91301684632 -52.743149908
6.15866974621 -5.88289572151 -52.7442449462
6.17423972523 -5.85059664101 -52.7452434699
6.17828801973 -5.81534288162 -52.7461975198
6.17494124412 -5.7767137987 -52.7471612653
6.1677054928 -5.73505666523 -52.7481625095
6.15817499332 -5.69160786811 -52.7491860074
6.14566530936 -5.6483184627 -52.750174129
6.12788064361 -5.60748298334 -52.7510434576
6.1022793144 -5.57132088923 -52.7517099383
6.06751284879 -5.54164493705 -52.7521125505
6.0243068746 -5.51968736729 -52.752227044
5.97542260491 -5.50607892185 -52.7520660774
5.92475803709 -5.5009234106 -52.7516678606
5.87602541372 -5.50390106908 -52.7510796075
5.83160774562 -5.51436221858 -52.7503431176
5.79208461896 -5.53141432813 -52.74948755
5.75658777437 -5.55403120996 -52.7485303306
5.72375961153 -5.58120500569 -52.7474832776
5.69282409936 -5.61212349966 -52.7463592515
5.66425766924 -5.64631052259 -52.7451755631
5.63976870128 -5.68364645399 -52.7439532284
5.62164441771 -5.72421004177 -52.7427142066
5.61183087785 -5.76795026664 -52.7414802331
5.61122735334 -5.81428161529 -52.7402758823
5.61954784698 -5.86175790648 -52.7391355486
5.63579684882 -5.9079836665 -52.7381107293
5.65907730431 -5.94985579356 -52.7372722522
5.6892619747 -5.98411102043 -52.7367031628
5.72711202258 -6.00803113412 -52.7364817332
5.77369909552 -6.02008005101 -52.7366589254
5.82935066173 -6.02025130733 -52.7372383422

/group/profunda_branch_right/96
96
posId 96
6.01935054382 -5.98717971419 -52.837124218
6.05382271228 -5.93485260955 -52.8138893393
6.07719430696 -5.87588875331 -52.7920971495
6.08862483713 -5.8159031909 -52.7734299206
6.08873656736 -5.76024098344 -52.7590855189
6.07915783271 -5.71265821034 -52.7495678056
6.06183623391 -5.67447844485 -52.7446645839
6.03840193258 -5.64452891454 -52.7436118163
6.00982272601 -5.61988747697 -52.745383554
5.97645713498 -5.59717947571 -52.749010342
5.93843809879 -5.57396445624 -52.7538269393
5.89618152493 -5.54972368584 -52.7595819686
5.85076817778 -5.52611166992 -52.7663942486
5.80401145487 -5.50640918905 -52.7745929224
5.75816791947 -5.4944058157 -52.7845122355
5.71540870966 -5.49313591891 -52.7963164789
5.67727827999 -5.5039224738 -52.8099076747
5.64437579347 -5.52604267301 -52.8249299812
5.61640032744 -5.55708013052 -52.8408474326
5.59254469575 -5.59377212155 -52.8570500667
5.57207169148 -5.63299653077 -52.8729442235
5.55482627164 -5.67252971573 -52.8880021124
5.54146274613 -5.71133755856 -52.9017721978
5.53328712539 -5.74937357706 -52.9138720128
5.53177999407 -5.78705704499 -52.9239893256
5.53800384379 -5.82470873978 -52.9319051908
5.55215079647 -5.86219553342 -52.9375308716
5.57342873014 -5.89889978714 -52.9409322762
5.60033949831 -5.93395442712 -52.9423114734
5.63123299949 -5.96655343581 -52.9419293413
5.66489783582 -5.99612099771 -52.9399814908
5.70092673694 -6.02221133969 -52.9364688406
5.73968441565 -6.04417153041 -52.9311200302
5.78187132003 -6.0607527225 -52.9234152201
5.82785031323 -6.06992417196 -52.9127292909
5.87701180429 -6.06908821728 -52.8985672334
5.92744965602 -6.05572926006 -52.8808229699

/group/profunda_branch_right/99
99
posId 99
5.94541796287 -5.85781319881 -52.8534347572
5.9589018611 -5.84661898587 -52.7754332825
5.95853705029 -5.83026706904 -52.7261619835
5.94005876428 -5.80198676724 -52.6984803837
5.91353950399 -5.76823561697 -52.6798412705
5.89186987372 -5.743125429 -52.6722272909
5.87604995809 -5.73140037885 -52.6870508613
5.85709346094 -5.72363369235 -52.7241973499
5.83126811204 -5.71044248606 -52.7667508411
5.80715581165 -5.69621026771 -52.8005705844
5.79483341349 -5.69356064016 -52.8321182636
5.79271984394 -5.70652272141 -52.8789208013
5.79100679543 -5.72585322586 -52.9440794527
5.78723494012 -5.74276848453 -53.008423527
5.79199457513 -5.76136521256 -53.0504532931
5.81574206472 -5.79157666779 -53.0671070764
5.85381212167 -5.83178016835 -53.0684175954
5.88988200942 -5.86540152896 -53.0558692322
5.913629499 -5.87753139544 -53.0167395154

