/group/LPA_003/0
0
posId 0
-2.86915591769 9.37136002888 -6.76435224367
-2.85197175677 9.41342379929 -6.75266175905
-2.83299604679 9.44798050282 -6.73668438257
-2.81381534196 9.47274403787 -6.71791158951
-2.79539326135 9.4875361798 -6.69756148563
-2.77785396657 9.4940371429 -6.67623041948
-2.76066080957 9.49484912129 -6.65388574088
-2.74311356144 9.49228797271 -6.63020634175
-2.72493560217 9.48742909785 -6.60510678769
-2.70667342835 9.47980883723 -6.57918436072
-2.68971007082 9.46788073637 -6.55385437082
-2.67586731092 9.44998557689 -6.53107859384
-2.66676046123 9.42537012882 -6.51278169023
-2.66318712441 9.39478205639 -6.50020285033
-2.66482276262 9.36037669621 -6.49347238919
-2.67036358055 9.32499573743 -6.49161309147
-2.67806033432 9.29116643333 -6.49298227776
-2.68641414177 9.26029005542 -6.49597520791
-2.69473510809 9.23238739363 -6.49969223443
-2.70332783956 9.20649850205 -6.50428529015
-2.71323513659 9.18152343932 -6.51083856154
-2.72566584158 9.15708716218 -6.52084106435
-2.74136692085 9.13400949472 -6.53548417986
-2.76021421279 9.11415849909 -6.55508696586
-2.78118734518 9.0997662922 -6.57888674307
-2.80271503372 9.0925456804 -6.60526416519
-2.82321140611 9.0930397343 -6.63227897357
-2.84154797523 9.10051993267 -6.65826285892
-2.85725189369 9.11347786388 -6.68220638587
-2.87036387245 9.13046096716 -6.70378821884
-2.88105835414 9.15082702236 -6.72307150952
-2.88924267999 9.17502197634 -6.74004975532
-2.89435704162 9.20421051669 -6.75428906724
-2.89549182822 9.2394042798 -6.76485719683
-2.89177551486 9.28048927908 -6.77058146186

/group/LPA_003/3
3
posId 3
-2.73240006553 9.49047099408 -6.64181720547
-2.7043155527 9.48592982273 -6.60209017083
-2.6809579758 9.47371679252 -6.56663864421
-2.6645034009 9.45352015567 -6.53835113216
-2.65570053696 9.42625889083 -6.51851476084
-2.65381142424 9.39400990297 -6.50671331181
-2.6570120463 9.35948764562 -6.50122667631
-2.66309321234 9.32527366416 -6.49976971146
-2.67020215288 9.29310508965 -6.50030365376
-2.67736556389 9.26351271653 -6.5016483876
-2.68463170642 9.23595697166 -6.503715745
-2.69282130952 9.20940266813 -6.50733291559
-2.70302290113 9.18308807484 -6.51377168082
-2.71605132468 9.1571592501 -6.52418876707
-2.73207972828 9.13289371345 -6.53918620474
-2.75056466905 9.11240754792 -6.55862513764
-2.77045349169 9.09795670147 -6.58170990534
-2.79054923845 9.09111613895 -6.60725277299
-2.80985744691 9.09217677949 -6.63397611866
-2.8277685702 9.10001532406 -6.66072484439
-2.84402133023 9.11250041059 -6.68653230658
-2.85850169415 9.12727901225 -6.71056999353
-2.87100880453 9.14263046118 -6.7320713108
-2.88112881116 9.15804679032 -6.75032479714
-2.88829707756 9.17430908671 -6.76478106532
-2.89202786195 9.19303420317 -6.77523753803
-2.89219654559 9.21587984517 -6.78199745298
-2.88921838958 9.24373084195 -6.78588190616
-2.88400187478 9.27619073906 -6.78802070619
-2.87765218787 9.31157193025 -6.78944382181
-2.87101992101 9.34737045165 -6.7905995411
-2.86427791755 9.38101533984 -6.79098961246
-2.85672295219 9.41057844908 -6.78910073516
-2.84692647224 9.43516044349 -6.7827211384
-2.83322482789 9.45481713938 -6.76959033293
-2.81439704164 9.4700924516 -6.74819305096
-2.79028652013 9.48139298432 -6.71843122344

/group/LPA_003/6
6
posId 6
-2.6576550311 9.24015616098 -6.52231791358
-2.64368387687 9.28263392607 -6.51589753442
-2.63374739391 9.3253517134 -6.51540085873
-2.62861849839 9.36525896772 -6.5209551157
-2.62841110036 9.40007450183 -6.53198307908
-2.63266939429 9.42865340798 -6.54745182265
-2.64061172829 9.45097814398 -6.56622314785
-2.65143209343 9.46781158744 -6.58737750345
-2.66454598462 9.48016552175 -6.61039725259
-2.67969317224 9.48879250999 -6.63515023622
-2.69686755733 9.49388460226 -6.6616901081
-2.71611174292 9.49507099747 -6.68995794024
-2.73726579053 9.49168561561 -6.71950527452
-2.75977655875 9.48317175886 -6.74934955501
-2.78265012981 9.46944392721 -6.77802293081
-2.80457468035 9.45105284522 -6.80380397377
-2.82417600867 9.4290865373 -6.82505570859
-2.84031758692 9.40485202869 -6.84055677159
-2.8523403498 9.37947387094 -6.84971819296
-2.86016032388 9.35358059751 -6.85262282375
-2.86419539641 9.32721459501 -6.84988990881
-2.86515534858 9.30000904653 -6.84242845269
-2.86377767248 9.2715643531 -6.8311769419
-2.86060745257 9.24187056166 -6.8169218795
-2.85589732501 9.21159697404 -6.80024707625
-2.84965259847 9.18211682731 -6.78160705426
-2.84178742102 9.1552368221 -6.76146530076
-2.83231383682 9.1327192323 -6.74041268324
-2.82147402674 9.11577203678 -6.71919314178
-2.80975144653 9.10470441336 -6.69860772953
-2.79774882925 9.09889029161 -6.67932599794
-2.78597927287 9.09707021116 -6.66168153582
-2.77465745924 9.09789303156 -6.64554574264
-2.76358457414 9.10050293356 -6.63035209717
-2.75218908658 9.10495121693 -6.6152892331
-2.73972740662 9.11226843063 -6.59961513073
-2.7255854946 9.12415147639 -6.58299228947
-2.70957906049 9.1423595989 -6.56572613379
-2.69214344881 9.16802150973 -6.54881467516

/group/LPA_003/9
9
posId 9
-2.61425819941 9.2399567783 -6.5400937489
-2.60149198564 9.28380411265 -6.5369468679
-2.5937552185 9.3267898891 -6.541372919
-2.59088225412 9.36537509286 -6.55174594635
-2.59219024939 9.39739909458 -6.56615892574
-2.59675668196 9.42252032189 -6.58303001701
-2.60371627525 9.4420173887 -6.60149253855
-2.61247593476 9.45803194619 -6.62144064847
-2.62278472348 9.47254989973 -6.64324621712
-2.63465505007 9.48651576205 -6.66729320625
-2.64818708241 9.49941642893 -6.69354107095
-2.66337935934 9.50947986726 -6.72130374312
-2.68000414822 9.51438897183 -6.74932917078
-2.69759065079 9.51221048667 -6.77613136204
-2.71550950264 9.50216330952 -6.80041966734
-2.73310987545 9.4849276491 -6.82143357328
-2.74984321298 9.46239153194 -6.83903937838
-2.76532098302 9.43696164175 -6.85355504326
-2.77928998568 9.41073618981 -6.86539221678
-2.79155017541 9.38488004078 -6.87468594787
-2.80186733733 9.35944296234 -6.88108729692
-2.80993387406 9.33366634282 -6.88382005229
-2.81540529206 9.30661688195 -6.88198260147
-2.81799991414 9.27785518646 -6.87496265096
-2.81761388796 9.24784614909 -6.86277635105
-2.81438997749 9.21794336237 -6.8461704093
-2.8086945757 9.18997434772 -6.82642591182
-2.80099718025 9.16563088093 -6.80493362661
-2.79169331366 9.14595147344 -6.78271597215
-2.78094453168 9.13113545028 -6.76010379807
-2.7686117892 9.12077169929 -6.73671991547
-2.75432736892 9.11436959719 -6.71179702332
-2.73769663412 9.11193214583 -6.6847159824
-2.71856532851 9.11427909518 -6.65555064528
-2.69725418076 9.12292824687 -6.62539081098
-2.67466555812 9.13953571495 -6.59629387943
-2.65220774642 9.16509879427 -6.5708582456

/group/LPA_003/12
12
posId 12
-2.61137373646 9.16498861034 -6.60340326988
-2.5890387582 9.19757536507 -6.5795394501
-2.57090541391 9.23250038655 -6.56431181339
-2.55795702962 9.26773727345 -6.55848122995
-2.55028891042 9.3015095819 -6.56134770797
-2.54721453157 9.3326787511 -6.57112968772
-2.54758131484 9.36093169577 -6.58561890627
-2.550181411 9.38667550522 -6.60286122187
-2.55411788243 9.41066175673 -6.62162551466
-2.55901228902 9.43347609498 -6.64152384494
-2.56500399036 9.45509174266 -6.66279156613
-2.57256842328 9.47466971481 -6.68586549568
-2.58224170864 9.49069710642 -6.71096063132
-2.59436097344 9.50142289576 -6.73782057786
-2.60890875077 9.50543097955 -6.76572073711
-2.62549804135 9.50213157503 -6.7936823102
-2.64347568312 9.49197958543 -6.82076352879
-2.66208012462 9.47633229913 -6.84627126744
-2.68058078507 9.45699814103 -6.8697885373
-2.69835002255 9.43564775627 -6.89101441079
-2.71486115816 9.41331096542 -6.90951416113
-2.72964557836 9.39014768624 -6.92453060165
-2.74225985592 9.36557264461 -6.93498653514
-2.75230237487 9.33867644899 -6.93972059227
-2.75948477872 9.30877414044 -6.93788323858
-2.76372445386 9.27586998268 -6.92932926909
-2.7652007673 9.24086856933 -6.91482145301
-2.76432355231 9.20546776723 -6.89592192151
-2.76159743789 9.17179379522 -6.87457157935
-2.75741584841 9.14193183937 -6.85249296964
-2.75186121507 9.11753099108 -6.83064060898
-2.74460193015 9.09961338927 -6.80892380402
-2.73495176822 9.08861896891 -6.7863345074
-2.72210021856 9.08461379492 -6.76146000018
-2.70545348423 9.08752657081 -6.73320668041
-2.68497350002 9.09728056817 -6.70146910777
-2.66138919322 9.11375313171 -6.66748683301

/group/LPA_003/15
15
posId 15
-2.5806425245 9.15141726764 -6.64309718151
-2.56011079504 9.18685640742 -6.62245945365
-2.54237958748 9.22181061989 -6.60772210425
-2.52824320768 9.25507682618 -6.59980269043
-2.51795049636 9.28621484719 -6.59894377242
-2.51125264268 9.31532816667 -6.60466398594
-2.50757413375 9.34272179251 -6.61589648128
-2.50624804048 9.36857069408 -6.63127831848
-2.50673943075 9.39271332358 -6.64950213115
-2.50878894521 9.41462641293 -6.66961838156
-2.51243886161 9.43356365559 -6.69119186573
-2.51794512482 9.44878057018 -6.71426509505
-2.52561623255 9.45974284265 -6.7391468642
-2.5356408364 9.46623314434 -6.76610363042
-2.54796412841 9.46832224316 -6.79506339343
-2.56225063881 9.46623190686 -6.82543548009
-2.57793738201 9.46016384161 -6.85610768521
-2.59434930347 9.45018171135 -6.88561998481
-2.61083023285 9.43620742409 -6.91245389211
-2.62684292325 9.41813965807 -6.93533960708
-2.64200953635 9.39604469371 -6.95348167461
-2.65609083042 9.3703318334 -6.96663703199
-2.6689269696 9.34182488827 -6.9750337462
-2.6803754762 9.31167929389 -6.97917386137
-2.69027795247 9.28115722708 -6.9795996525
-2.698469366 9.25133572671 -6.97670725367
-2.70482027476 9.22285932487 -6.97066531128
-2.7092839725 9.19584244847 -6.96145086387
-2.71191559601 9.16997751469 -6.94896863505
-2.71284146704 9.14482891779 -6.93319124517
-2.7121800986 9.12021886182 -6.91425680801
-2.70994176078 9.09656690436 -6.89248588095
-2.70595011077 9.0750496336 -6.86832000484
-2.69982899078 9.05750103511 -6.84222158152
-2.69107844382 9.04606026908 -6.81459348186
-2.67923217226 9.04266179062 -6.78576839879
-2.66405553923 9.04852139527 -6.75608570895
-2.64572162396 9.06377923131 -6.7260307617
-2.62490207015 9.08741350774 -6.6963762263

/group/LPA_003/18
18
posId 18
-2.4889477826 9.35076343634 -6.72648822012
-2.49431538122 9.36574616972 -6.76639665584
-2.50149803479 9.37545060279 -6.8054864892
-2.51007516707 9.37893110416 -6.84094664921
-2.51985693423 9.37562915026 -6.87132605251
-2.53084334237 9.36554473903 -6.896624718
-2.54309199491 9.34928103337 -6.91788302781
-2.55655440108 9.32794200397 -6.93645526329
-2.57095196882 9.30291170305 -6.95326114188
-2.58574579376 9.27558326929 -6.96830291209
-2.60021609561 9.24712157262 -6.98062074234
-2.61362279283 9.21832989402 -6.98868195002
-2.62538568563 9.18965324236 -6.99102934697
-2.63521400418 9.1613027023 -6.98691614436
-2.64313414892 9.13344410249 -6.97666611722
-2.64940393667 9.10637496235 -6.96161205925
-2.65434620614 9.08062254744 -6.9436369662
-2.6581668108 9.05692885627 -6.92450298898
-2.66082911441 9.03613256369 -6.90523968145
-2.66203604429 9.01899658668 -6.88584128871
-2.66132939874 9.0060487383 -6.86540106975
-2.65827025824 8.99749542766 -6.84263645846
-2.65263173881 8.99323819105 -6.8166006047
-2.64452876978 8.99298217607 -6.78729614918
-2.63443200903 8.99639045987 -6.75593846487
-2.62305624741 9.00322175615 -6.72474749002
-2.61116144126 9.01339757904 -6.69632979157
-2.59933865323 9.02697446478 -6.67287534028
-2.58786047446 9.04403544809 -6.65547293981
-2.57665281069 9.06454729387 -6.6438118805
-2.56540044062 9.08824326736 -6.6363968702
-2.55374900506 9.11458035028 -6.63121050057
-2.54152967774 9.14278922416 -6.62658510934
-2.52892341115 9.17199731943 -6.62195985549
-2.51650295826 9.20137505272 -6.61823319785
-2.50513498692 9.23024532121 -6.61756467419
-2.49577515127 9.25811079184 -6.62268049338
-2.48922722885 9.284587208 -6.63592070109
-2.48594932107 9.30927077658 -6.65836328249

/group/LPA_003/21
21
posId 21
-2.46281894185 9.32511525791 -6.89074048215
-2.44872977399 9.3434491337 -6.8514921517
-2.43735131885 9.35543786273 -6.80960954362
-2.42953545827 9.36035212244 -6.76883650386
-2.42576876551 9.35802029701 -6.73219687371
-2.42605758782 9.34886974064 -6.7012829724
-2.42994083051 9.33385334422 -6.67608589984
-2.4366302561 9.31427001969 -6.6553974016
-2.44523302665 9.29151921497 -6.63758923125
-2.45498216233 9.26685170632 -6.62143834474
-2.46539883684 9.2411831564 -6.60666846997
-2.47633664412 9.21502040315 -6.59401519469
-2.48790192301 9.18851743232 -6.58483156458
-2.50028890027 9.16163876941 -6.58044400967
-2.51359681339 9.13437542968 -6.58156329129
-2.5276980574 9.10694342449 -6.58801454054
-2.54220219583 9.07990209026 -6.59889544843
-2.55652103221 9.05415646758 -6.6130722187
-2.57000115724 9.03084525493 -6.62976725993
-2.58206767421 9.01115091289 -6.64894919029
-2.59232416389 8.99609001096 -6.6713236792
-2.60057720348 8.98634378458 -6.69790458704
-2.60678786427 8.9821720303 -6.72933945829
-2.61098263429 8.98342506063 -6.76528559146
-2.61316972724 8.98963882644 -6.80412707817
-2.61329901683 9.00017710231 -6.84318869736
-2.61127957912 9.01437735354 -6.87939457232
-2.60703980814 9.03166353662 -6.91012615284
-2.6005947766 9.05160483836 -6.93393904102
-2.59208312656 9.07391720017 -6.95084479408
-2.58175213226 9.09841821237 -6.96203600586
-2.56989684758 9.12495254438 -6.96916100032
-2.55678445967 9.15330520683 -6.97344374162
-2.54260583108 9.18311693544 -6.97501504198
-2.52748672647 9.21381352624 -6.97274120809
-2.51156456868 9.24456091814 -6.96463654044
-2.4951040019 9.2742592502 -6.948707362

/group/LPA_003/24
24
posId 24
-2.41452407678 9.27964232571 -6.90372591546
-2.3983704998 9.30381728555 -6.87266043145
-2.38645313495 9.32092465558 -6.83911567816
-2.37938521146 9.33007587471 -6.80469700316
-2.3771379492 9.3314210449 -6.77091172891
-2.37910481138 9.326033495 -6.73901126079
-2.38434227072 9.31551112334 -6.70989443057
-2.39190079564 9.30143599382 -6.6840861403
-2.40112366435 9.28489116001 -6.66178671128
-2.41180272347 9.26621389782 -6.64297193559
-2.42413550313 9.24507390419 -6.62751527541
-2.43850555237 9.2208388634 -6.61530304077
-2.45517670206 9.19307809555 -6.6063193632
-2.47402479245 9.16200221236 -6.60068752245
-2.49441432143 9.12866360062 -6.59866456172
-2.51526930444 9.09483786008 -6.60059483383
-2.53531105578 9.06263142986 -6.60683412736
-2.55337137033 9.03396545604 -6.61765940837
-2.5686629919 9.0101293442 -6.63318053869
-2.58090991783 8.99156377035 -6.6532699672
-2.59029832356 8.97793795015 -6.67752419012
-2.59728006118 8.96846977165 -6.70526625348
-2.60231564064 8.96234742855 -6.73559148583
-2.60566077817 8.95908260773 -6.76744964777
-2.60727472605 8.95866678694 -6.79974760073
-2.60687244917 8.96149318237 -6.83145013742
-2.6040812385 8.96810690644 -6.86165546344
-2.59862182936 8.97891226507 -6.88962746688
-2.59043092944 8.99397208351 -6.9147787375
-2.57967600351 9.01297971307 -6.93661334111
-2.56666775158 9.03539641944 -6.95465202819
-2.55172572761 9.06066593837 -6.96837009746
-2.53507513497 9.08838108112 -6.9771763492
-2.51683759575 9.118301303 -6.98045014635
-2.49713226552 9.15019450575 -6.9776355339
-2.47624690674 9.18356744461 -6.96837211686
-2.45479744118 9.21741504799 -6.95262817441

/group/LPA_003/27
27
posId 27
-2.34206595358 9.28191354526 -6.83826580555
-2.35420316177 9.26851976988 -6.87905681587
-2.36859749086 9.25205681998 -6.91352467914
-2.38405895404 9.23395517913 -6.94049086538
-2.39984304257 9.21515952052 -6.96041321168
-2.41580025036 9.19592395303 -6.97493254993
-2.43230837666 9.17586330292 -6.98608187064
-2.45000749474 9.15424768973 -6.99544624138
-2.46942974943 9.13043796331 -7.00356570168
-2.49065642156 9.10430533762 -7.00977336791
-2.51312744924 9.07648072719 -7.01249645671
-2.5356757395 9.04833806509 -7.00988099307
-2.55677896434 9.02171040015 -7.00049284027
-2.57494397469 8.99843351007 -6.98383590484
-2.58909172252 8.97987403473 -6.96051327007
-2.59881079794 8.96660491615 -6.93200254174
-2.60439507855 8.95833817789 -6.90016497984
-2.60665799371 8.95413324568 -6.8667019706
-2.6065942881 8.95280178044 -6.8327776938
-2.6050115301 8.95336271811 -6.79894458603
-2.60225989817 8.95538780873 -6.76537389301
-2.59814881991 8.95912218142 -6.73226266097
-2.59206870699 8.96534881409 -6.70021419507
-2.58326202485 8.97505830696 -6.67040134378
-2.57113761273 8.98905183194 -6.64441591294
-2.55551326521 9.00762191577 -6.6238449461
-2.5367057688 9.03041840297 -6.60973935076
-2.51545018877 9.05653161192 -6.60220042964
-2.49269617955 9.08474135506 -6.60027830949
-2.4693728488 9.11382135093 -6.60226224363
-2.44621897086 9.14277560655 -6.60628878601
-2.42374131238 9.17092008273 -6.61105968825
-2.40230522727 9.19779331231 -6.61640110821
-2.38230277931 9.22295456176 -6.62343640774
-2.36430862456 9.24577710013 -6.63427532781
-2.34913720914 9.26534725644 -6.6512966341
-2.33775553692 9.28053574625 -6.67625525376
-2.3310677278 9.29023383527 -6.70952014884
-2.32964584452 9.29367307241 -6.74971538643

/group/LPA_003/30
30
posId 30
-2.33469019821 9.23438593516 -6.95568186992
-2.30902542402 9.25342956848 -6.92720268508
-2.28625623086 9.26935908336 -6.8955331077
-2.2671118963 9.28179799929 -6.86257436326
-2.25215346409 9.29052103258 -6.83021584528
-2.24171809169 9.29545002149 -6.79997247009
-2.23588448395 9.29664443108 -6.772713248
-2.23447058922 9.29428730898 -6.74855424906
-2.2370695913 9.28866543646 -6.72694402097
-2.24312227752 9.28014164166 -6.70691639924
-2.25201497279 9.26911839368 -6.68743967157
-2.26318479391 9.25599467168 -6.66776528897
-2.27621024418 9.24112175351 -6.64768100369
-2.290866561 9.22476659741 -6.62760180053
-2.30713188418 9.20709251612 -6.60847892844
-2.32514094096 9.18816498844 -6.59155913203
-2.34509509995 9.16798569195 -6.57806792161
-2.36714833344 9.14655110705 -6.56891050881
-2.39129507797 9.12392502655 -6.56447641261
-2.4172864135 9.10030901307 -6.56460123292
-2.44459509068 9.07609301613 -6.56869143241
-2.47243903333 9.05187092821 -6.57596923787
-2.49985962832 9.0284126125 -6.58575927012
-2.52583862632 9.00659349407 -6.59772658419
-2.54942884927 8.9872929186 -6.61199084272
-2.5698711915 8.97128059788 -6.62907882289
-2.58667416078 8.95911440181 -6.64972626354
-2.59964136235 8.95107132359 -6.67458577757
-2.60884449509 8.94712677461 -6.70392668595
-2.61455155056 8.946986934 -6.73741655142
-2.61712906854 8.95016715122 -6.77405167619
-2.61694147946 8.95609920608 -6.8122614131
-2.61426909357 8.96424403864 -6.85016120409
-2.60925998509 8.97418583921 -6.88588640944
-2.60192183979 8.98568823623 -6.91791577772
-2.59215032617 8.99870245564 -6.94529665532
-2.57978310544 9.0133284376 -6.96771282981
-2.56466481574 9.02974026142 -6.98538185094
-2.54670870018 9.04809441578 -6.99881834102
-2.52594425881 9.0684419326 -7.00853864529
-2.50254580074 9.09066290835 -7.01479876892
-2.47684215084 9.1144354516 -7.01744697694
-2.44931142355 9.13924253456 -7.01593771609
-2.42056588474 9.16441186695 -7.00950476251
-2.3913306322 9.18917776653 -6.99744297309

/group/LPA_003/33
33
posId 33
-2.30274400024 9.12239868248 -6.66047785299
-2.27728662042 9.14675295224 -6.68427405531
-2.25803367867 9.16901128756 -6.71291698369
-2.24523549569 9.18836974145 -6.74460752351
-2.23852728003 9.20440896926 -6.77755629785
-2.23721950135 9.217030592 -6.81030603255
-2.24061899695 9.22631792843 -6.84189701144
-2.24826118778 9.23238195298 -6.87183886786
-2.25997599198 9.23525394993 -6.89992617257
-2.27577953603 9.23486355359 -6.92599152361
-2.29565322012 9.23110406218 -6.94970711501
-2.31931436183 9.22395066086 -6.97051854153
-2.34608264074 9.21357561158 -6.98773476275
-2.37490481979 9.20040580881 -7.00073015637
-2.40453389934 9.18509159672 -7.00916581309
-2.43379455626 9.16839198 -7.01312723737
-2.46183002942 9.15101596291 -7.01310853187
-2.48823115188 9.13347898697 -7.00983599414
-2.51299395384 9.11602955768 -7.00399184195
-2.5363202586 9.09867541545 -6.99594423559
-2.55833915959 9.08130082562 -6.98559403536
-2.57886094915 9.06383132833 -6.97240889909
-2.59726516012 9.04638333992 -6.95564575955
-2.61257400828 9.02934088638 -6.93468974723
-2.62369070881 9.01332888126 -6.90938948431
-2.62971657232 8.99909152532 -6.88026463803
-2.63022717926 8.98732065714 -6.84850440491
-2.62540003223 8.9784982451 -6.81575006968
-2.61594020024 8.97281206581 -6.78373347425
-2.60282663926 8.9701756816 -6.75389663132
-2.58697132132 8.97034359009 -6.72712544411
-2.56891932642 8.97307517717 -6.70368911117
-2.54870624097 8.97828118145 -6.68340126676
-2.52593309078 8.98609163991 -6.66593709741
-2.50003893954 8.99681309346 -6.65118296295
-2.47067682307 9.01078459515 -6.63948293819
-2.43805769083 9.02818118575 -6.6316847383
-2.40313506188 9.04883524728 -6.62896158918
-2.36755759369 9.07214220287 -6.63246928031

/group/LPA_003/36
36
posId 36
-2.29119911205 9.05981271413 -6.70164124559
-2.26953570799 9.08489754086 -6.73067325891
-2.25577332181 9.10924008135 -6.763559056
-2.24946459317 9.13158586587 -6.79785308758
-2.2492971653 9.15117949013 -6.83140566455
-2.25365897766 9.16777445667 -6.86274682951
-2.26127999601 9.18146563183 -6.89121510701
-2.27170027308 9.19243192405 -6.916819278
-2.28537645497 9.20070917869 -6.93991735921
-2.30337872667 9.20609343972 -6.96085367946
-2.32679263373 9.20821216581 -6.97969291449
-2.35605991831 9.2067233722 -6.99613430511
-2.39052065978 9.20154388487 -7.00960656804
-2.42834345666 9.19299351681 -7.01947026343
-2.46688080763 9.18177832186 -7.02521972398
-2.50332278061 9.1688074951 -7.02659282976
-2.53540867875 9.15491401496 -7.02355306332
-2.56193806368 9.14059574927 -7.0161764726
-2.5829048934 9.1258905727 -7.00452420289
-2.59922689386 9.11044634739 -6.98858704106
-2.61219607783 9.09376596472 -6.96834968976
-2.62287435118 9.07553289545 -6.94395770593
-2.63166350538 9.05588573827 -6.91591002417
-2.63819348829 9.03552744438 -6.88517407141
-2.64153557543 9.01561995398 -6.85314313741
-2.64061670322 8.99750142256 -6.82141954564
-2.63464138149 8.98233530154 -6.7914856722
-2.62334438831 8.97082820863 -6.76438329437
-2.60698921993 8.96312502928 -6.74053237178
-2.58615057693 8.95891661592 -6.71977486956
-2.56141818514 8.95770797293 -6.70164322525
-2.53319020083 8.95912917102 -6.68576037768
-2.50167454227 8.96315462638 -6.67221734646
-2.46710925638 8.97013563348 -6.66177217512
-2.43009782902 8.98062976838 -6.65577452044
-2.39188559948 8.99509623548 -6.655821704
-2.35441298642 9.01358297963 -6.66325573205

/group/LPA_003/39
39
posId 39
-2.29052924191 9.00907362417 -6.7416697757
-2.26405872279 9.03414195407 -6.76922977063
-2.24461076765 9.05962465357 -6.79890124937
-2.23345853361 9.08383701604 -6.82871978488
-2.23080983397 9.10574346971 -6.85735027889
-2.23581090263 9.1250570771 -6.88422050817
-2.24682966044 9.14208892531 -6.90938312088
-2.26192822733 9.15741851029 -6.93318088501
-2.27937500505 9.17151619407 -6.95585679641
-2.29803816498 9.1844590576 -6.97726243113
-2.31754700109 9.19583954186 -6.9967719084
-2.33818876694 9.20488920777 -7.01342406017
-2.36059716587 9.21075756443 -7.02622518091
-2.38535362625 9.21282936872 -7.03448373077
-2.41264226726 9.21095377317 -7.03803938125
-2.44206937785 9.20549773694 -7.03729418338
-2.47269173639 9.19720794282 -7.03303468124
-2.50322119846 9.18694151485 -7.02611816059
-2.53231421521 9.17537640375 -7.01715063095
-2.55883468115 9.16281804435 -7.00628729328
-2.58200164815 9.14917816351 -6.99323706269
-2.60138817411 9.13413101211 -6.97747069218
-2.61680055668 9.11738001654 -6.95854962101
-2.62811300914 9.09892265555 -6.93644256537
-2.63514396138 9.07920132214 -6.91169927769
-2.63763371217 9.05907328607 -6.8854055226
-2.63533161312 9.03960592741 -6.85892931553
-2.62814691113 9.02177534181 -6.83355241049
-2.61628419978 9.00618849042 -6.81012977504
-2.60028677386 8.99294390157 -6.78891342011
-2.58094890074 8.98169444217 -6.7696166502
-2.55911606569 8.97189698042 -6.75170271921
-2.53544654144 8.96315801985 -6.73479290615
-2.51023468778 8.95554129046 -6.71903755223
-2.48338288911 8.94971057647 -6.70530033294
-2.45455759334 8.94683749308 -6.69506988836
-2.42349363839 8.94828941497 -6.69011113965
-2.39034700931 8.95519574355 -6.69196508595
-2.35596510105 8.96803994586 -6.70146466385

/group/LPA_003/42
42
posId 42
-2.27591901915 8.95875255597 -6.77474033711
-2.25241039913 8.98415927443 -6.80456873281
-2.23814741808 9.01124014839 -6.83569728732
-2.23257073318 9.03789273372 -6.86581204053
-2.23400986491 9.06257015716 -6.89328809439
-2.24044576019 9.08454376403 -6.91743598877
-2.25029659441 9.10388208648 -6.93842977399
-2.26292150693 9.12116799991 -6.95696002473
-2.27866078924 9.13707070477 -6.97375326525
-2.29842475999 9.15193815008 -6.9891420459
-2.32302682393 9.16556052854 -7.00284187508
-2.35255420276 9.1771837676 -7.01400507526
-2.38604415532 9.18575296581 -7.02151265921
-2.42159765716 9.19027897011 -7.02437679103
-2.45687550794 9.19018024046 -7.02209207118
-2.48976294851 9.18547096342 -7.01480469452
-2.51892412154 9.17673472301 -7.00324886513
-2.54402233069 9.16491104881 -6.98849479359
-2.56553040832 9.15099328751 -6.97162290701
-2.58423260082 9.13576251371 -6.95345732915
-2.60064893817 9.11965548728 -6.93445386878
-2.61464010704 9.10279937329 -6.91476315663
-2.62536504689 9.08517209365 -6.89441237224
-2.63160323403 9.06679711738 -6.87350296063
-2.63228932028 9.04787589128 -6.85232560388
-2.62701147235 9.02880031584 -6.83134344044
-2.61623897037 9.01005202746 -6.8110655344
-2.60116398737 8.99205412793 -6.7918910092
-2.58321572376 8.97506657869 -6.77402215024
-2.5634568473 8.95919621177 -6.75751278903
-2.54213530784 8.94453471262 -6.74245005551
-2.51860911516 8.93136903753 -6.7291940514
-2.49170829754 8.92036075998 -6.71855587047
-2.46041027978 8.91258790898 -6.71180270342
-2.42456186539 8.90938991289 -6.71044013856
-2.38534510647 8.91203612796 -6.71581319196
-2.34527389027 8.921318436 -6.72865144836

/group/LPA_003/45
45
posId 45
-2.24613745287 8.91304917028 -6.82667449381
-2.22555219077 8.93707654195 -6.85630088684
-2.21224113049 8.96195075986 -6.88438748312
-2.20690474987 8.98634526367 -6.90943944356
-2.20925588866 9.00949584096 -6.93081871331
-2.21812925918 9.03126123341 -6.94876660597
-2.23179579102 9.05200059913 -6.96418508592
-2.24839234858 9.07231122022 -6.97824713773
-2.26634748057 9.09271062988 -6.99195526626
-2.28468910688 9.11336193506 -7.00577943948
-2.30315814453 9.13392537699 -7.01947843484
-2.32211089844 9.153578376 -7.03215053664
-2.34225447158 9.17119342675 -7.04248912049
-2.36430501915 9.18561481072 -7.04915765805
-2.38867525222 9.1959461191 -7.05116561171
-2.41528132209 9.20175968834 -7.04813109417
-2.44351646979 9.20316597447 -7.04035572193
-2.47238399315 9.20072662 -7.02869853237
-2.50073285419 9.19524469873 -7.01429929342
-2.527510949 9.18750351679 -6.9982469128
-2.55195185089 9.17803955648 -6.98130198647
-2.57363927327 9.16702155171 -6.96376033737
-2.59243920993 9.15427111047 -6.94549465583
-2.60833693655 9.13941290918 -6.92615077909
-2.62124887065 9.12209978911 -6.9054237199
-2.63088682325 9.1022339461 -6.88331303647
-2.63673214822 9.08010756122 -6.86026566623
-2.63813670873 9.0564138189 -6.8371538495
-2.6345203704 9.03212315455 -6.81509299401
-2.62559715538 9.00826529452 -6.79516019193
-2.61154742462 8.98569009909 -6.77810989957
-2.59306718119 8.96488856388 -6.76418683711
-2.57126401061 8.94593655913 -6.75310579914
-2.54742012133 8.92858381039 -6.74421328604
-2.52268973407 8.91246209477 -6.7367843462
-2.49782488393 8.89734542095 -6.73035995226
-2.47302081193 8.88337471672 -6.72501180781
-2.44793919521 8.87116734165 -6.72143956987
-2.42191389485 8.86176572789 -6.72085527633
-2.39428603638 8.85642933693 -6.72467616193
-2.36477132098 8.85632434296 -6.73410926043
-2.33374686138 8.86220007579 -6.74974933918
-2.30236341481 8.87414901405 -6.77131313039

/group/LPA_003/48
48
posId 48
-2.29426341722 8.90202205955 -6.88691696646
-2.28284240077 8.93087452367 -6.91735517849
-2.27922494365 8.95887859101 -6.94213542419
-2.28235966148 8.98413828812 -6.96040677775
-2.29011737943 9.006690392 -6.97355674694
-2.30004054265 9.02811441357 -6.98442031195
-2.31019698007 9.05055656579 -6.99595213489
-2.31981564492 9.07558500412 -7.00990242296
-2.329464375 9.10334650072 -7.02602679076
-2.34070750646 9.13235463738 -7.04213466201
-2.35538311494 9.15996857948 -7.05493445935
-2.37478476532 9.1833346816 -7.06131111738
-2.39906335737 9.20038014069 -7.05950498536
-2.42707022606 9.21044257111 -7.04971712684
-2.45668321804 9.21428963866 -7.0339171032
-2.48546703037 9.21355261547 -7.01496724016
-2.51139476501 9.20984988035 -6.99545903472
-2.53334788415 9.2040032383 -6.97676538525
-2.55121688833 9.19569876635 -6.95870421041
-2.56559805944 9.18373908909 -6.93993431636
-2.57724859069 9.1667660345 -6.91888284162
-2.58655392032 9.14411894495 -6.89477378046
-2.59324115363 9.11642827821 -6.86828712286
-2.59645315411 9.08565618057 -6.84154415853
-2.59513326918 9.05453799985 -6.81741391668
-2.58853307937 9.02564672964 -6.79843854659
-2.57660442923 9.00047921171 -6.78584996442
-2.56009339371 8.97896947759 -6.77911938204
-2.54029174541 8.95966407885 -6.77625652304
-2.51855934044 8.94051598655 -6.77475134391
-2.4958383171 8.91998453633 -6.77276657609
-2.47238863275 8.89798424308 -6.7700678169
-2.44787886924 8.87626975806 -6.76827453823
-2.4218068446 8.85806367663 -6.77029313803
-2.3940705768 8.84704030433 -6.77913725895
-2.36542988323 8.84604595604 -6.79660642986
-2.33763021262 8.85605341921 -6.82236805139

/group/LPA_003/51
51
posId 51
-2.29419669843 8.94752164471 -7.01637795372
-2.3027688512 8.98359806556 -7.02907673303
-2.31467292517 9.01691767395 -7.03639655912
-2.32927804663 9.04683312607 -7.03863707241
-2.34587530121 9.07366882384 -7.0367815707
-2.36377883248 9.0982275526 -7.0320819339
-2.38243082663 9.12116974205 -7.02556094887
-2.40146643555 9.14251159694 -7.01763200551
-2.42070662249 9.16143771276 -7.00799181614
-2.44007454741 9.17649910012 -6.99583460403
-2.45946355212 9.18611664368 -6.98030757096
-2.47860855103 9.18919059558 -6.9610277818
-2.49701699785 9.18557427613 -6.93844969732
-2.51399720849 9.17622079243 -6.91392404909
-2.52878632054 9.16293582733 -6.88940438034
-2.54074040774 9.14781989814 -6.86689396603
-2.54952057906 9.13260255332 -6.84783074363
-2.55520322433 9.11811339293 -6.83264022842
-2.55826371058 9.10408447648 -6.82063207465
-2.55942460082 9.08935488436 -6.81029365731
-2.55940762852 9.07239811899 -6.79988853571
-2.55866596038 9.05197372108 -6.78815307227
-2.55718573726 9.02766105169 -6.77484401086
-2.55442802634 9.00008165252 -6.76093935509
-2.54943938509 8.97073780414 -6.74841686936
-2.54110548092 8.94154200544 -6.73968439597
-2.52847589232 8.9142285539 -6.73685898738
-2.51106511353 8.8898796757 -6.74114276867
-2.48904257897 8.86874926387 -6.75250446544
-2.46326013406 8.85044672804 -6.7697620466
-2.43511619197 8.83439868077 -6.79101674612
-2.40630432609 8.82039351397 -6.81426582442
-2.37852418187 8.80897738946 -6.8379656542
-2.35323536307 8.80152454034 -6.8613470756
-2.33151138676 8.79992975637 -6.88438784494
-2.31401115493 8.80601882269 -6.90748175687
-2.30104496039 8.82088662156 -6.93095876788
-2.29268533154 8.84440831023 -6.95466193519
-2.28886839054 8.87511180254 -6.97775695087

/group/LPA_003/54
54
posId 54
-2.36197140863 8.95275651976 -7.02320519145
-2.36607399744 8.99808834938 -7.03750280883
-2.37154585161 9.03928069251 -7.04766645038
-2.37939074544 9.07305085878 -7.05055091758
-2.39099678632 9.09896949692 -7.04370642994
-2.40719101988 9.1188835672 -7.02664524977
-2.42748980021 9.13524226639 -7.00128376505
-2.44997417506 9.14928450736 -6.97130688665
-2.47188794117 9.16009359001 -6.9407611616
-2.49066506177 9.16501091607 -6.91257963716
-2.50486111861 9.16112542456 -6.88775954747
-2.51451942904 9.14696206937 -6.86554889839
-2.52081295415 9.12341258185 -6.84445743027
-2.52519216192 9.09341631281 -6.82349117211
-2.52851930121 9.06062656657 -6.80294014918
-2.53064636714 9.02786233891 -6.78434729439
-2.53062029838 8.99622563092 -6.76976768227
-2.52733871417 8.96532926049 -6.76081029286
-2.5202407224 8.93440070942 -6.75802778199
-2.50963106095 8.90351324998 -6.76095976669
-2.49648239845 8.87414962557 -6.76871399217
-2.48188497558 8.84874456427 -6.78064750543
-2.46651879716 8.82950607696 -6.79667792201
-2.45049092399 8.81728052118 -6.8170227728
-2.43363475029 8.81121576511 -6.8415584329
-2.41606390407 8.80949090583 -6.86925902429
-2.3985997004 8.81070972621 -6.89814716782
-2.38275731516 8.81510640003 -6.92587366207
-2.37024512178 8.82476834277 -6.95063249604
-2.36224182432 8.84262767685 -6.97186712618
-2.35887636757 8.87070009029 -6.99030003275

/group/LPA_003/57
57
posId 57
-2.40235925256 9.03934937159 -7.08017318759
-2.38726816703 8.99896035875 -7.09312299192
-2.37631387934 8.95895286403 -7.09785567123
-2.370071818 8.92231523016 -7.09450977688
-2.36833393905 8.89085613423 -7.08429661021
-2.37030234197 8.86489994907 -7.06897483113
-2.37497490164 8.843571932 -7.05019344522
-2.38154840516 8.82553160841 -7.02899499892
-2.38966404778 8.80981869161 -7.00568738599
-2.39939879171 8.79643425556 -6.98011510255
-2.41102658773 8.78640849025 -6.95217274126
-2.4246794867 8.78134500442 -6.92229282837
-2.44008132959 8.78267010047 -6.89165776187
-2.45648720346 8.79094463222 -6.86202206484
-2.47285998843 8.80555830522 -6.83522112304
-2.48819991647 8.82494159682 -6.81259582112
-2.5018688614 8.84718658372 -6.79460638765
-2.51375299812 8.87077899158 -6.78082236355
-2.5241842794 8.89509694997 -6.77029949693
-2.53365622998 8.92044719618 -6.76217152585
-2.54246816476 8.9476308013 -6.75618160537
-2.55046722424 8.97725276722 -6.75290366931
-2.55701265522 9.00910850664 -6.75354695414
-2.56118257432 9.04194037642 -6.75943067028
-2.5621291496 9.07367935722 -6.77136970398
-2.5594177829 9.10205610709 -6.78925401388
-2.55319297072 9.12529194869 -6.81201418287
-2.54409510402 9.14254629097 -6.83798537914
-2.53297035294 9.15391838011 -6.86549607278
-2.52051439165 9.16001988862 -6.89340345876
-2.50702318049 9.16134590753 -6.9213238983
-2.49237430475 9.15777371611 -6.94945189847
-2.47625304225 9.14846100792 -6.9780575254
-2.45851923884 9.13222347804 -7.00690774489
-2.43953969694 9.10823552381 -7.03489872786

/group/LPA_003/60
60
posId 60
-2.4365113738 9.0186168876 -7.10503205732
-2.4208157169 8.97531385335 -7.11283697299
-2.40893650403 8.93375846252 -7.11344093454
-2.40195455329 8.89761746462 -7.1067200714
-2.39999327192 8.86846215293 -7.09335630423
-2.40229307717 8.84573524126 -7.07465634276
-2.4076186324 8.82760339855 -7.05218552789
-2.41480423724 8.81223310372 -7.0273584373
-2.42318582655 8.7988561047 -7.00114774061
-2.4327324619 8.78813630643 -6.97402129718
-2.44384184074 8.78172798967 -6.94611775464
-2.45692659996 8.78132665194 -6.91756833171
-2.47201108426 8.78774871979 -6.88881339736
-2.48853870731 8.80052246645 -6.86077217564
-2.50547270167 8.81817008618 -6.83479513029
-2.52162132545 8.83897852228 -6.81242592402
-2.53601091153 8.86179984733 -6.79507772341
-2.54811934529 8.88642441257 -6.78375344517
-2.55786938096 8.91332396392 -6.77890508446
-2.56541547413 8.94292463171 -6.78045583578
-2.57086614739 8.97484096022 -6.78793815107
-2.57410911076 9.0075323278 -6.80066458142
-2.5748374862 9.03861374244 -6.81785873176
-2.57275292223 9.06568721506 -6.83871791204
-2.5678144183 9.08725707762 -6.86242759587
-2.56037069507 9.10322157248 -6.8881719237
-2.55107748315 9.11464054527 -6.91517234829
-2.54062538559 9.12286224733 -6.94274904724
-2.52942065435 9.12845042856 -6.97036359627
-2.517404045 9.13049237691 -6.99759298088
-2.50413385046 9.12670560921 -7.02401439434
-2.48912479276 9.11436873238 -7.04903423424
-2.47229322007 9.09167609605 -7.07174304775

/group/LPA_003/63
63
posId 63
-2.41628268459 8.79886207332 -7.04216286211
-2.40570672391 8.81522241893 -7.07842945997
-2.39960572821 8.83415826112 -7.10847915764
-2.39829543284 8.85520098832 -7.13124829035
-2.4014529127 8.87822903257 -7.14724727113
-2.40822101899 8.90324069276 -7.15813939446
-2.41749027226 8.93009323766 -7.16594254003
-2.42825319288 8.95831517785 -7.1721604955
-2.43989462135 8.98706040883 -7.17717496452
-2.45230560981 9.01521113556 -7.18012326333
-2.46577886194 9.0415774551 -7.17929323614
-2.48073194551 9.06510888046 -7.1728641823
-2.49737439898 9.08503827879 -7.15969180769
-2.51545753732 9.10091651782 -7.13982750146
-2.53421174941 9.11254785673 -7.11457803445
-2.55249927175 9.11987811751 -7.08610133323
-2.56912238408 9.12290177824 -7.05671854758
-2.58316385134 9.1216354901 -7.02822732208
-2.59422399449 9.11616438371 -7.00148581344
-2.60246175634 9.10672434781 -6.97641200135
-2.6084274085 9.09375949719 -6.95236387137
-2.61275877615 9.07790164729 -6.9287097423
-2.61586641479 9.05985542533 -6.90532936145
-2.61773452884 9.04022236607 -6.8828315408
-2.61791394726 9.01933672592 -6.86241000345
-2.61570302182 8.99719494736 -6.84542421478
-2.61043584685 8.9735323742 -6.83291327368
-2.6017564104 8.94804404672 -6.82527560471
-2.58976835121 8.92068357633 -6.82226531582
-2.57500697068 8.89193183879 -6.82330480144
-2.55825777988 8.86292518012 -6.82796041533
-2.54031052668 8.83537497899 -6.83634294126
-2.5217617655 8.81128268726 -6.84921720997
-2.50295278881 8.79252984765 -6.8677286303
-2.48406517739 8.7804716855 -6.89282699607
-2.46532196502 8.77566580155 -6.92461499146
-2.44719128671 8.77782207069 -6.9619044719

/group/LPA_003/66
66
posId 66
-2.37214985055 8.77689038457 -7.05514133895
-2.36973766693 8.80021607977 -7.0916517547
-2.37102291066 8.82340491103 -7.1226783559
-2.37558671312 8.84516293388 -7.14698651099
-2.38302000116 8.86515011121 -7.16467954078
-2.39300516374 8.88391497841 -7.17698928082
-2.40537278595 8.90257515523 -7.18574210468
-2.42011237282 8.92234927364 -7.19268018622
-2.43732587112 8.94408648768 -7.1988611725
-2.45712873969 8.96793354397 -7.20432786175
-2.47952065416 8.99322993452 -7.20814458451
-2.50426086461 9.01864639741 -7.20877182307
-2.53078679765 9.04250628238 -7.20463813524
-2.55820640666 9.06317757624 -7.19470671363
-2.5853763985 9.07941125777 -7.17884301636
-2.61105466452 9.09053081584 -7.15786528976
-2.63409299337 9.09643594262 -7.13327409208
-2.65362237273 9.09744905437 -7.10676966096
-2.66918254166 9.09408332177 -7.07973779623
-2.68076071717 9.08682878139 -7.0528913118
-2.68872812847 9.07603443952 -7.02619374145
-2.69369042871 9.06191794939 -6.99908706731
-2.69629126657 9.04467905087 -6.97093352359
-2.69702055573 9.02464987788 -6.94150293135
-2.69607683378 9.00240074762 -6.91131955342
-2.6933174241 8.97873942861 -6.88173235939
-2.68830575602 8.95458753328 -6.85467213766
-2.68043941395 8.93077192111 -6.83217265496
-2.66912264659 8.90781059046 -6.81582039687
-2.65393840236 8.88578453771 -6.80632682664
-2.63477907064 8.86436320816 -6.80337740779
-2.61190969114 8.84299847187 -6.80581609223
-2.58595720891 8.82123864084 -6.81210574736
-2.55783808919 8.79906286351 -6.82090565118
-2.52864897065 8.77711693714 -6.83156214797
-2.49954835524 8.75675331132 -6.84433460896
-2.47165218092 8.73983579528 -6.86026804749
-2.44595578232 8.72834528348 -6.88074596582
-2.42328378747 8.72389162488 -6.90687021256
-2.40426201197 8.72727486732 -6.93887934784
-2.38930352864 8.73823232818 -6.97581009798

/group/LPA_003/69
69
posId 69
-2.41165341741 8.81074830745 -7.03726865117
-2.40115971709 8.82620966261 -7.07434992534
-2.39638775831 8.84178293921 -7.10651980198
-2.39765026297 8.85686936053 -7.13242591108
-2.40472924239 8.87151886528 -7.15235249699
-2.41695912026 8.88626042456 -7.16784209118
-2.43345348751 8.90177592051 -7.18090853141
-2.4533729906 8.91854035045 -7.19315288818
-2.4761142912 8.93655633036 -7.20511888758
-2.50133650724 8.95526872241 -7.21611630517
-2.52881626413 8.9736740381 -7.22454651174
-2.55820265879 8.99056792505 -7.22856487797
-2.58879341343 9.00483001356 -7.22679119448
-2.61945024219 9.01564382795 -7.21877935497
-2.64871477805 9.02258759945 -7.20507651575
-2.67509944303 9.02559096959 -7.18688563963
-2.69744731673 9.02480663473 -7.16551397352
-2.71521649611 9.02047269497 -7.14187233064
-2.72856588614 9.0128316817 -7.1162533444
-2.73819404163 9.00213324142 -7.08848026076
-2.74498111865 8.98869915429 -7.05834333802
-2.74956597042 8.9729950505 -7.02610619235
-2.75202161324 8.95564901139 -6.99282907741
-2.75175866318 8.93738501936 -6.96033590228
-2.74770027028 8.9188856614 -6.93081191266
-2.73866750568 8.9006412036 -6.90618892543
-2.72383284172 8.88285978003 -6.88757924081
-2.70307378653 8.86549548492 -6.87501003557
-2.67709881808 8.84840316877 -6.86758823662
-2.64730688799 8.83157046478 -6.86404182305
-2.61544370285 8.81533475411 -6.86341570361
-2.58319187267 8.80048601926 -6.86562219676
-2.55184907409 8.78819198734 -6.87159442879
-2.52220354368 8.7797479339 -6.8829492332
-2.49462978226 8.77622459273 -6.90127071904
-2.46933612259 8.77813479048 -6.92729171439
-2.44663754273 8.78524207688 -6.96030710324

/group/LPA_003/72
72
posId 72
-2.50545893053 8.7758433158 -6.96120249213
-2.46953571105 8.78028861967 -6.98940509767
-2.44116197036 8.78772714974 -7.01939589601
-2.42305976813 8.79806191463 -7.04950901652
-2.41588848017 8.81096699758 -7.07874684358
-2.41828003638 8.82590478247 -7.10679475703
-2.42755168238 8.84218032157 -7.13374162127
-2.44079519506 8.85902411357 -7.1596520485
-2.45590997358 8.87568842673 -7.18419568958
-2.47219095848 8.89153839086 -7.20650752884
-2.49027854771 8.90611865365 -7.22534597041
-2.511542597 8.91918029687 -7.23947958084
-2.53719625801 8.93066085279 -7.24812812686
-2.56752778285 8.94062129463 -7.25125515487
-2.60156627282 8.94915524134 -7.24957079279
-2.63729684654 8.9562941306 -7.24422885005
-2.67230077117 8.96193491263 -7.2363378308
-2.70451985884 8.96581239416 -7.22649230775
-2.7328052595 8.96752727486 -7.21453055554
-2.75702163534 8.96662587285 -7.19963470351
-2.77768655167 8.96271271395 -7.18074735623
-2.79533801683 8.95556698342 -7.15714314325
-2.8099459357 8.94523154744 -7.1289225832
-2.8206615565 8.93204979197 -7.09722024916
-2.82604230616 8.9166391673 -7.06403093952
-2.82466693181 8.89980714526 -7.03171117998
-2.815866563 8.88243040265 -7.00234565759
-2.80022692459 8.86532711714 -6.97722415996
-2.77960037918 8.84915288873 -6.95663059409
-2.75657182935 8.83434315587 -6.94001934472
-2.73356362684 8.82111165401 -6.9264973798
-2.71193734479 8.80949953582 -6.9154075768
-2.69147685901 8.79945744204 -6.90677011114
-2.67050031496 8.79093615263 -6.9013998481
-2.64660003849 8.78396161015 -6.90065269346
-2.61774980453 8.77867623104 -6.90590661406
-2.58335600177 8.77533818349 -6.91799049478

/group/LPA_003/75
75
posId 75
-2.58667525483 8.7444090705 -6.97041739985
-2.54233685611 8.74489361155 -6.98544991374
-2.50655541521 8.74941558487 -7.00580990493
-2.48237354092 8.75810939517 -7.03079976623
-2.46979334474 8.77045811248 -7.0593891294
-2.46629669189 8.78543598361 -7.09033367975
-2.46834572912 8.80181350328 -7.12230676684
-2.47311386495 8.81847858658 -7.15398997223
-2.47963146284 8.83463647169 -7.18410780921
-2.48886302632 8.8498262236 -7.21143610861
-2.50278423989 8.86379038066 -7.2348351905
-2.52301381587 8.87630384153 -7.25334309228
-2.54973487665 8.88707394189 -7.26631874189
-2.58143647549 8.89576679295 -7.27357643085
-2.6155406309 8.90213024553 -7.27543181214
-2.64950769233 8.90612044195 -7.27260328352
-2.68178207544 8.90793315313 -7.26597435409
-2.71206524228 8.90789662907 -7.25629359894
-2.7408045709 8.90626844059 -7.24393214558
-2.76823956155 8.9030458065 -7.22880846729
-2.79360047123 8.89790714861 -7.21052621451
-2.81496932354 8.89034334738 -7.18867976713
-2.82993533515 8.87993875753 -7.1632060549
-2.83671330286 8.86667586991 -7.13463659545
-2.83510152148 8.85111107373 -7.10414368332
-2.82670352215 8.834320296 -7.07336175507
-2.81421188226 8.81762019523 -7.04405924825
-2.80006090644 8.80218088895 -7.01779464101
-2.78512707478 8.78870389197 -6.99568723269
-2.76818442254 8.77731301095 -6.97837260419
-2.74647487421 8.7677068778 -6.96612550569
-2.71719677333 8.75949713623 -6.95906123829
-2.67922973635 8.75256710934 -6.95730285386

/group/LPA_003/78
78
posId 78
-2.59504080696 8.69707867575 -6.99752939003
-2.55099473735 8.70000128856 -7.01119554761
-2.51360087338 8.70580401076 -7.02912801825
-2.4867692162 8.71496666357 -7.05152257229
-2.47202953354 8.72765964556 -7.07842277738
-2.46817436362 8.74346013109 -7.10924473499
-2.47197056166 8.76128449978 -7.14251751196
-2.47964063491 8.77959822405 -7.1760108706
-2.48847635255 8.79683522775 -7.20723790554
-2.49788969085 8.81185558052 -7.23413416619
-2.50945750216 8.82424330626 -7.25561702398
-2.5259637057 8.83431033105 -7.27176925135
-2.54988477005 8.84280087479 -7.28355401985
-2.58200248685 8.85042506773 -7.29218102958
-2.62075784604 8.85742939327 -7.29840660197
-2.66261727315 8.86339754741 -7.30208683006
-2.70326664023 8.86737350744 -7.30219265787
-2.7390873242 8.86825438766 -7.29728729012
-2.76826330156 8.86527916649 -7.28625413751
-2.79105993007 8.85839570325 -7.26894505242
-2.80920782077 8.84834241753 -7.24644924784
-2.8247328865 8.83640798696 -7.22085036613
-2.83880766169 8.82397477936 -7.19456746831
-2.85115603364 8.81204524185 -7.16956181943
-2.86025234338 8.80095368828 -7.1467510023
-2.86416139896 8.7903789333 -7.12587859336
-2.86155931415 8.77963708908 -7.1058845489
-2.85240207723 8.76811126877 -7.08560126553
-2.83790104382 8.75562114325 -7.06446240414
-2.81982535998 8.74257271335 -7.04291655466
-2.7995024252 8.72983717881 -7.02238010322
-2.77705502066 8.71843486699 -7.00477507131
-2.75131200191 8.70918594549 -6.99187984237
-2.72050306488 8.70249503665 -6.98479096468
-2.68345182736 8.69836170202 -6.9837238332

/group/LPA_003/81
81
posId 81
-2.54346129672 8.6553433311 -7.04562792012
-2.50891978478 8.66931243498 -7.07387579405
-2.48400301758 8.68644269281 -7.10639273052
-2.47071933121 8.70507023619 -7.1400704848
-2.46874482184 8.72357999518 -7.17216872935
-2.47575038895 8.74082797286 -7.20100203279
-2.48839305986 8.75636702735 -7.22620777742
-2.50356835142 8.77040104971 -7.24851482982
-2.51943299284 8.78350028595 -7.26912906358
-2.53581860512 8.79620303558 -7.28899746546
-2.55391728365 8.80866894938 -7.30824969022
-2.57541943847 8.8205215008 -7.32603189175
-2.60149869895 8.83093473964 -7.34077961663
-2.63208192689 8.83891728217 -7.35079545962
-2.66570126845 8.84366720793 -7.3548779017
-2.69996403564 8.84484731918 -7.35273786606
-2.73240858663 8.84266965252 -7.34503997897
-2.76135437658 8.83776296669 -7.33307101217
-2.78636829407 8.83089018843 -7.31819679584
-2.80814817439 8.82264465841 -7.30135359676
-2.82788813686 8.81325872288 -7.28279594227
-2.84642331455 8.80260483967 -7.26220264496
-2.86355182727 8.79038193448 -7.23908009113
-2.87785549217 8.77639671429 -7.21326824714
-2.88712052594 8.76080728727 -7.18530874651
-2.88919089262 8.74421321467 -7.15649599462
-2.88288731809 8.7275447423 -7.1285746393
-2.86858293769 8.71179450426 -7.10320771602
-2.84816347721 8.69770775975 -7.08144834992
-2.82436002771 8.68556985088 -7.06345516966
-2.79971593103 8.6751910958 -7.04859207837
-2.7756183357 8.66610518352 -7.0358876177
-2.75181434128 8.65790283921 -7.02466815712
-2.72664121281 8.65055873628 -7.0150925284
-2.69790616623 8.64460479261 -7.00834318706
-2.66407518563 8.64106099422 -7.00636242282
-2.62528839285 8.64113299451 -7.01120827412

/group/LPA_003/84
84
posId 84
-2.56309320413 8.61864480002 -7.0885289203
-2.5267352351 8.63344720851 -7.11428750839
-2.49775985669 8.65038028087 -7.14226439244
-2.47956481397 8.66842223165 -7.17057666381
-2.47336085175 8.68670725856 -7.19782580954
-2.4779028535 8.70462936422 -7.2232800144
-2.49009778045 8.72185387649 -7.24681909594
-2.50624074307 8.73825002905 -7.2686908068
-2.52338521539 8.75378168401 -7.28919059844
-2.54030940327 8.76840039086 -7.30839244994
-2.55771447193 8.78197494209 -7.32602330826
-2.57760847182 8.79427072212 -7.3415058722
-2.60216032202 8.80497046376 -7.35412398851
-2.63251540101 8.81371473018 -7.36322118627
-2.66806508618 8.82014003356 -7.36834219205
-2.70646053144 8.82390315815 -7.36926657637
-2.7443438168 8.82469507046 -7.36594260876
-2.77847168309 8.82225827906 -7.35837976795
-2.80675254751 8.8164216868 -7.346576857
-2.82876842502 8.80715630551 -7.33054118372
-2.84558430958 8.79463887821 -7.31040332864
-2.85895730492 8.77929706113 -7.28657603513
-2.87031303862 8.76180729683 -7.25987196661
-2.87994914018 8.7430282503 -7.23150121133
-2.88681709133 8.72387553568 -7.20291536682
-2.88897325904 8.70516864955 -7.17553231667
-2.88449125327 8.68749763098 -7.15043515232
-2.87242092445 8.67115662972 -7.12816261804
-2.85335465927 8.65617234032 -7.10868349051
-2.82933090489 8.64242296593 -7.09158048833
-2.80309590957 8.62980969013 -7.07638609515
-2.77703203173 8.61842065697 -7.06294688216
-2.75221936984 8.60862645312 -7.05167275643
-2.72805563128 8.60106757937 -7.04356366929
-2.70263095497 8.59653126916 -7.03998672975
-2.67373390086 8.59575401551 -7.04227106713
-2.64008718522 8.59921295586 -7.05125941273

/group/LPA_003/87
87
posId 87
-2.53397944516 8.61737610937 -7.16910138337
-2.52258474317 8.64800770457 -7.20804302579
-2.52055224576 8.67875545464 -7.24593801197
-2.52532678789 8.70613412293 -7.2788446866
-2.53436889638 8.72845366744 -7.30501681628
-2.54623834204 8.74598970992 -7.3249746607
-2.56102739389 8.76029809391 -7.34061093923
-2.57997399699 8.77308030247 -7.353851161
-2.60448311802 8.78518704946 -7.36555823921
-2.63506109631 8.79622670251 -7.37518849864
-2.67068975916 8.80489935185 -7.38128007012
-2.70893064399 8.80979434035 -7.38241587576
-2.74668039782 8.8101687491 -7.37808061445
-2.78118486818 8.80627417743 -7.36893198641
-2.81081619127 8.79908054865 -7.35636393994
-2.83526720086 8.78959785149 -7.34165176016
-2.85513298487 8.77822483065 -7.32520796621
-2.87116089185 8.76453363439 -7.30641394443
-2.88359655355 8.74764421192 -7.28416127454
-2.89196553659 8.72699403476 -7.25782163626
-2.89536509602 8.70306193522 -7.22809577881
-2.89304811921 8.67760076347 -7.19722415499
-2.8849227383 8.65318267975 -7.16836689247
-2.87165162268 8.63223497024 -7.14441097221
-2.85427883442 8.61604272322 -7.12679683362
-2.83360210862 8.60425099767 -7.11498871145
-2.80968029565 8.59517105482 -7.10691202594
-2.78181772419 8.58679096374 -7.10019240383
-2.74911680225 8.5780159226 -7.09360372746
-2.71136704841 8.56951532977 -7.08799210378
-2.66981776669 8.56371783999 -7.08617169667
-2.62738970044 8.56389939892 -7.09178155598
-2.58812778809 8.57275506282 -7.10760693873

/group/LPA_003/90
90
posId 90
-2.580844887 8.5633898454 -7.1612499104
-2.55064026908 8.58129835895 -7.1842833942
-2.53169807296 8.60318641502 -7.21003725806
-2.52397973699 8.62776334443 -7.23714703993
-2.525611235 8.65341790287 -7.26415297083
-2.53373334759 8.67850976744 -7.28969586212
-2.54557837874 8.70170431288 -7.31272870891
-2.55935851023 8.72223496183 -7.33267656783
-2.5746440537 8.7399931473 -7.34948155785
-2.59212815862 8.75540392746 -7.3635022587
-2.61292644299 8.76912440049 -7.37528711898
-2.63774177726 8.78167124988 -7.38529065065
-2.66626327635 8.79311466988 -7.39362881711
-2.6970523584 8.80295472639 -7.39996303354
-2.72795023095 8.81022962964 -7.40356069763
-2.75681483591 8.81381848687 -7.40351814078
-2.7822570491 8.81282745578 -7.39907218022
-2.80405273403 8.80691655901 -7.38989194821
-2.82305351006 8.79644707935 -7.37624720668
-2.84063983922 8.78239741696 -7.35899202349
-2.85795920724 8.76608184539 -7.33936796393
-2.87528393085 8.74877811715 -7.31869459744
-2.89176851897 8.73139923488 -7.29805356536
-2.90570997215 8.71432199051 -7.27807190623
-2.91519302112 8.6974208836 -7.25887196552
-2.91883261201 8.68027739915 -7.24019441577
-2.9162823079 8.66247265384 -7.22164097385
-2.90827972838 8.64384929572 -7.20294625624
-2.89620541109 8.62465227562 -7.18418601352
-2.88135112171 8.60551480913 -7.16585985069
-2.86423172711 8.58731988642 -7.14883607183
-2.84426906027 8.57101195692 -7.13419402388
-2.82002543138 8.55744083734 -7.12302730472
-2.78992967186 8.54729027877 -7.11627109778
-2.753218258 8.5410931068 -7.11459268016
-2.71070265889 8.53928821015 -7.1183495227
-2.66502208623 8.5422540896 -7.12759117055

/group/LPA_003/93
93
posId 93
-2.58467435493 8.54056061825 -7.18383957777
-2.55419390374 8.56057910259 -7.20683598991
-2.53447888327 8.58441363357 -7.23192426232
-2.52591638845 8.61040924741 -7.25749812974
-2.52713686972 8.6368832091 -7.28216815388
-2.53559739983 8.66243734726 -7.30497412107
-2.54845821525 8.6861778043 -7.32547002421
-2.56344018441 8.7077753992 -7.34366213914
-2.57937282607 8.7273527336 -7.35982733176
-2.59627170316 8.74524283526 -7.37427590828
-2.61496733421 8.76170704175 -7.38713823266
-2.63647228042 8.77671123885 -7.39824229576
-2.66135569946 8.78983559346 -7.40711550113
-2.6893672377 8.80034298631 -7.4131008735
-2.71943169243 8.80737443905 -7.41554115326
-2.74997621509 8.81019702587 -7.41396615466
-2.77942019285 8.80841609598 -7.40822414671
-2.80660680225 8.8020825172 -7.3985228038
-2.83100098761 8.79166800565 -7.38537868569
-2.85259606576 8.77792997339 -7.36950334628
-2.871605616 8.76172311392 -7.35166915759
-2.88810898925 8.74382581179 -7.33259545506
-2.90182875124 8.72483381827 -7.31287955242
-2.91214508703 8.70514055465 -7.29297626979
-2.91833137942 8.68498815856 -7.27321325487
-2.91988357224 8.66455065286 -7.25382347527
-2.91676585228 8.64400829754 -7.23498100882
-2.9094310757 8.62358848025 -7.21683658409
-2.89858158246 8.60357332464 -7.19955778992
-2.88476681489 8.58429422577 -7.18337958368
-2.86800827927 8.56613852786 -7.16866241135
-2.84765379438 8.5495811896 -7.15594206939
-2.82258069876 8.53523115324 -7.14594511327
-2.79172203118 8.52386074872 -7.13954369292
-2.75474056905 8.5163793211 -7.1376376131
-2.71258774133 8.51372578016 -7.14097624143
-2.66769976229 8.51668576162 -7.1499598444

/group/LPA_003/96
96
posId 96
-2.54628816547 8.55594151732 -7.23236869295
-2.53680433292 8.59002988746 -7.26242422014
-2.53525565727 8.62414945865 -7.29137878572
-2.53996437096 8.65552685119 -7.31713506268
-2.54897325061 8.68248207116 -7.33855624199
-2.56087344043 8.70471641321 -7.3555908989
-2.57533417553 8.72309584736 -7.36901531681
-2.5931112559 8.73902792911 -7.37990753426
-2.61552910239 8.75368798424 -7.38906923616
-2.64365331734 8.76740471686 -7.39662587267
-2.67750406914 8.77944498695 -7.40195714832
-2.71564906496 8.78827189478 -7.40397219445
-2.75536233558 8.79215779054 -7.40160327263
-2.79330423552 8.78989304867 -7.39430608677
-2.82646434631 8.78129893294 -7.38235775877
-2.85300069286 8.76733993005 -7.36683221685
-2.87265034974 8.74979947794 -7.34926877367
-2.88656037252 8.73066201011 -7.33117571834
-2.89662163591 8.71145959047 -7.31357470253
-2.90458492469 8.69284686536 -7.2967683416
-2.9113179629 8.6745640558 -7.28041459121
-2.91649299977 8.65578048501 -7.26386043722
-2.91880819154 8.63565255954 -7.24658036336
-2.91662192141 8.61384701078 -7.2285269018
-2.90871167443 8.59080609318 -7.21024617295
-2.89482737123 8.56765276532 -7.19271942702
-2.87580845092 8.54579633991 -7.17701430099
-2.85322986085 8.52643128685 -7.16391301357
-2.82874933765 8.51016617445 -7.15369259251
-2.80345776883 8.4969570758 -7.14616107643
-2.77753075058 8.48637785585 -7.14093464158
-2.75034480548 8.47810115143 -7.13782616048
-2.72101451297 8.47235900762 -7.13715683464
-2.68911675194 8.47014887207 -7.13982679408
-2.6552780017 8.47305318816 -7.14707973391
-2.62135036212 8.48270733064 -7.16002981959
-2.59007194386 8.50011049861 -7.17912958355

/group/LPA_003/99
99
posId 99
-2.54965069915 8.54929472756 -7.24088550706
-2.537419543 8.58639915271 -7.27039797448
-2.53333065322 8.6227324056 -7.29814698342
-2.5370552344 8.65502633211 -7.32173808972
-2.54741298085 8.6816426995 -7.3401190847
-2.56285503945 8.70279078567 -7.3536721899
-2.58199943523 8.72005526289 -7.36378316649
-2.60400257114 8.73544817826 -7.37207866942
-2.62862624815 8.75038162464 -7.37964872429
-2.65599256806 8.7649769317 -7.38656620173
-2.68615259241 8.77797639396 -7.3918837387
-2.71867245612 8.7872688553 -7.39408686693
-2.75243040339 8.79078750699 -7.39179455448
-2.78572499377 8.7873914126 -7.38440221734
-2.81665871585 8.7773603102 -7.37239556814
-2.84364063562 8.76230434026 -7.35720986732
-2.86579797869 8.74454147682 -7.34070465159
-2.88312267203 8.72621860512 -7.32448552501
-2.89628960131 8.70855379199 -7.30936438466
-2.90622169802 8.69151644255 -7.295183803
-2.91358417698 8.67406724705 -7.28107008683
-2.91842064508 8.65483623971 -7.26599306478
-2.92008425039 8.63292997609 -7.24937935178
-2.91749251645 8.6085078205 -7.23150586995
-2.90959760614 8.58287356791 -7.21349975589
-2.89587245618 8.5580452288 -7.19694597057
-2.87660632577 8.53599833917 -7.1832787131
-2.85288396403 8.51792520071 -7.17323086755
-2.82625688344 8.50384922572 -7.16659372054
-2.7982463541 8.49277996697 -7.16240528258
-2.76989003832 8.48335551065 -7.15949646677
-2.74152665971 8.47469748898 -7.15716145865
-2.71291259706 8.46709677992 -7.15565315929
-2.68362278696 8.46220417584 -7.15626722585
-2.65356533723 8.46259986311 -7.16094530119
-2.62338685832 8.47087677392 -7.17153088001
-2.59458635862 8.48858628531 -7.18896479454

