/group/RPA_014/0
0
posId 0
1.91361148281 8.03483463935 -9.17630020565
1.90894304486 8.04636518055 -9.13542394936
1.90558719908 8.05516371084 -9.0937590464
1.9035312642 8.06121019014 -9.05243143652
1.90276526306 8.06448468591 -9.01242729758
1.90327797149 8.06497875907 -8.97451925876
1.90505189061 8.06270801148 -8.93921925857
1.90805876338 8.0577221494 -8.90676361996
1.9122569804 8.05010967875 -8.87713156597
1.91759167281 8.03999568864 -8.85009389243
1.92399758592 8.02753282832 -8.82528449981
1.93140410973 8.01288721715 -8.80228454271
1.93974125506 7.99622232493 -8.78070749597
1.94894502701 7.97768456015 -8.76027365287
1.9589606354 7.95739425417 -8.74086440234
1.96974230753 7.93544491152 -8.72254978038
1.98124908426 7.91191213564 -8.70558676551
1.99343677959 7.8868717809 -8.69038998545
2.00624712464 7.86042495398 -8.67748030021
2.01959584175 7.83272584202 -8.66741957731
2.03336186014 7.80400730146 -8.66074148949
2.04737998776 7.77459892371 -8.65788816937
2.0614390492 7.74493299612 -8.65916110946
2.07528681064 7.71553533578 -8.66469208384
2.08864203108 7.68700017997 -8.67443653929
2.1012128505 7.65995083954 -8.68818840798
2.11271962771 7.63499026299 -8.70561218198
2.12291945611 7.61264761603 -8.72628583207
2.13162907045 7.5933281117 -8.74974706372
2.13874281565 7.57727340652 -8.77553559468
2.14424281363 7.56453884243 -8.80322551087
2.14819938893 7.55499177156 -8.83244401822
2.15076108086 7.54833242006 -8.86287563063
2.15213500034 7.54413562219 -8.89425352715
2.15255967583 7.54190874404 -8.92634200835
2.15227366759 7.54115867207 -8.9589153155
2.15148393535 7.54145924208 -8.99173834225
2.15033810779 7.54251017541 -9.02455395546
2.14890438478 7.54417953885 -9.05707993132
2.14716185425 7.54652383778 -9.08901624435
2.14500265372 7.54978279928 -9.12006105883
2.14224583975 7.55434928689 -9.1499317205
2.13866126991 7.56071812637 -9.17838572962
2.13400047223 7.5694204358 -9.20523635872
2.1280305656 7.58095194155 -9.23035834705
2.12056692711 7.59570446271 -9.25368084749
2.11150052687 7.61390917355 -9.27516723036
2.10081662642 7.63559850738 -9.29478403833
2.08860274497 7.66059091889 -9.31246385246
2.07504525736 7.68849957324 -9.32806860729
2.06041548504 7.71876284589 -9.34136062216
2.04504746381 7.75069175314 -9.35198810175
2.02931053561 7.7835274764 -9.3594901139
2.01358039369 7.81650124161 -9.36332329908
1.99821216205 7.84888905748 -9.36290920612
1.98351854383 7.88005510926 -9.35769770446
1.96975513508 7.90947970466 -9.34723895246
1.9571138306 7.93677021469 -9.33125440906
1.94572403664 7.9616560325 -9.30969672959
1.93566033589 7.98397078857 -9.28278925386
1.92695448019 8.0036265877 -9.25103810836

/group/RPA_014/3
3
posId 3
1.90992726278 8.02645830023 -9.20677278388
1.90340524536 8.04041840708 -9.16978741322
1.89846250552 8.05119619562 -9.13097214723
1.89512529501 8.05872233464 -9.09119144545
1.89337367579 8.06302162955 -9.05130545139
1.8931430931 8.06421096613 -9.01210752815
1.89433072138 8.0624873768 -8.97427042449
1.89680630813 8.05810667429 -8.938307319
1.90042650042 8.05135464001 -8.90455211997
1.90505099465 8.04251411057 -8.87316095606
1.91055841057 8.03183225047 -8.84413410018
1.91685963653 8.01949266044 -8.81735498466
1.92390656575 8.0055966578 -8.79264083293
1.93169463721 7.9901570856 -8.76979803341
1.9402583558 7.97310646616 -8.74867489677
1.94965989846 7.95431940824 -8.72920492513
1.95997189102 7.93364715923 -8.71143510608
1.97125632798 7.91096034939 -8.6955358299
1.98354227298 7.8861945727 -8.68179152601
1.99680531957 7.85939270692 -8.67057368306
2.01095174591 7.83073792598 -8.66230020906
2.02580985404 7.80057222911 -8.65738679947
2.04113018761 7.76939691644 -8.65619689272
2.05659526572 7.73785359168 -8.65899679665
2.07183828645 7.70668670011 -8.66592168733
2.08646909483 7.67669099935 -8.6769565542
2.10010472934 7.64864939636 -8.69193403662
2.1124011921 7.62326798972 -8.71054877236
2.12308282354 7.60111573365 -8.73238568719
2.13196584627 7.58257579916 -8.75695789701
2.13897325751 7.56781447521 -8.7837488048
2.14413922294 7.55677147605 -8.81225268569
2.14760233689 7.54917304339 -8.8420085819
2.14958841173 7.54456656527 -8.87262357265
2.1503846813 7.54237291422 -8.9037832407
2.1503082934 7.54195065291 -8.93524915444
2.14967260419 7.54266492211 -8.96684512109
2.14875499362 7.54395337607 -8.99843555824
2.147769677 7.54538200879 -9.02990034726
2.14684833008 7.5466850482 -9.0611108364
2.14603036513 7.54778509918 -9.09191122373
2.14526352295 7.54879212346 -9.12210845366
2.14441423425 7.54998234113 -9.1514721886
2.14328610574 7.55176040669 -9.17974462159
2.14164403783 7.55460997287 -9.20665816241
2.13924097836 7.55903880377 -9.23195763272
2.13584421038 7.56552483126 -9.25542276826
2.13125835557 7.57446897342 -9.27688668289
2.12534289203 7.58615926694 -9.29624653159
2.11802283584 7.60074911002 -9.31346383317
2.1092921937 7.61825043131 -9.32855359716
2.09921072337 7.63854067312 -9.34156328628
2.08789531434 7.66138086405 -9.35254444424
2.07550782644 7.68644096116 -9.36152124459
2.0622414414 7.71332818342 -9.36846103573
2.04830748309 7.74161425986 -9.373252023
2.0339242831 7.77085830054 -9.37569250309
2.01930908662 7.80062320959 -9.37549462863
2.00467331418 7.8304849794 -9.37230371892
1.99022083034 7.86003559792 -9.36573191634
1.97614833052 7.8888814412 -9.35540283229
1.9626466229 7.91663973575 -9.34100204416
1.9499015037 7.94293585664 -9.32232716728
1.93809310479 7.96740386544 -9.29933091358
1.92739299537 7.98969186021 -9.27215113531

/group/RPA_014/6
6
posId 6
2.06978758985 7.67621443754 -9.1472005287
2.06399857258 7.68784499455 -9.18906955965
2.05628467564 7.70322190084 -9.22685739965
2.0466218906 7.72238117517 -9.25891825971
2.03510541952 7.74512851306 -9.28411132029
2.02195135551 7.77103708731 -9.30196386308
2.00748053314 7.79947944671 -9.31270659931
1.99208836779 7.82968596935 -9.3171728401
1.97620694767 7.86081773666 -9.31658326723
1.96026663298 7.89203992231 -9.31226348094
1.94466381464 7.92258307078 -9.30535643134
1.92973951061 7.95178351831 -9.29659285072
1.91577065069 7.97909966237 -9.2861696179
1.90297291235 8.00410648121 -9.27376155087
1.89151151875 8.02647530786 -9.25866195148
1.88151504053 8.04594835288 -9.24001813751
1.87308722154 8.06231736865 -9.21710678185
1.86631310933 8.07541331605 -9.18958498346
1.86125793901 8.0851096832 -9.15765863307
1.85795970454 8.09133735909 -9.1221285191
1.85641850005 8.09410494002 -9.08430245434
1.85658696268 8.09351610291 -9.04579216918
1.85836616511 8.08977582222 -9.00823990249
1.86161007113 8.08317973613 -8.97303559607
1.86613947651 8.07408527668 -8.94108776109
1.87176375626 8.06286819812 -8.91269897716
1.87830638737 8.04987258967 -8.88757338729
1.88562873142 8.03536517012 -8.86495384874
1.89364636733 8.01950484788 -8.84385733986
1.90233347966 8.00233600058 -8.823355388
1.91171321466 7.98380914458 -8.80283658233
1.92183499947 7.96382665137 -8.78219279762
1.93274288114 7.94230528437 -8.76188845484
1.9444412627 7.91924295975 -8.74289886771
1.95686541777 7.89477536523 -8.72653332806
1.96986356158 7.86920942595 -8.714184299
1.9831951134 7.84302491621 -8.70706008025
1.99654652222 7.81684193036 -8.70596101133
2.00956233239 7.79135909675 -8.71114818578
2.02188584192 7.7672737859 -8.72233143568
2.03320149599 7.74519970858 -8.73877522988
2.04327057482 7.72559825846 -8.75949366319
2.05195294358 7.7087374476 -8.78348527128
2.05921040699 7.69468678474 -8.80994970618
2.06509098023 7.68334908971 -8.83843333446
2.0696973565 7.67452257601 -8.86886836155
2.07314617048 7.66798019956 -8.90149602161
2.07552661425 7.66354962478 -8.93669262617
2.07686713367 7.66117698348 -8.97474120924
2.07711728001 7.6609609376 -9.0156055038
2.07614866504 7.66314969023 -9.05876368626

/group/RPA_014/9
9
posId 9
2.04748444726 7.66843947022 -8.89802680015
2.05338290324 7.65876694248 -8.93968821727
2.05725805804 7.65288320268 -8.98098809535
2.05937094942 7.65025705188 -9.02071930182
2.05998287155 7.65037366468 -9.05817328764
2.05929255516 7.65285174942 -9.09311481438
2.05739443973 7.65751787858 -9.12566185495
2.05426591206 7.66442439788 -9.15610619353
2.04978482749 7.67381002642 -9.18472162288
2.04377203311 7.68601464728 -9.21160644422
2.0360484538 7.70136909659 -9.23659566841
2.02649368474 7.72008502326 -9.25925902844
2.01509343945 7.74216837748 -9.27897863249
2.00196639311 7.76737342592 -9.29508040453
1.98736606328 7.79520419104 -9.30698117376
1.9716591014 7.82495937589 -9.31431121833
1.95528635679 7.8558077471 -9.31698044216
1.93871619616 7.88687563882 -9.31517272652
1.922400198 7.91732771829 -9.3092729318
1.90673951636 7.94642619881 -9.29974927292
1.89206655346 7.97356095272 -9.28702561016
1.8786421521 7.99825137488 -9.27138055672
1.86666451811 8.02012810542 -9.25290265263
1.85628353932 8.03890697118 -9.23151524885
1.84761367963 8.05436776472 -9.2070653139
1.84074021745 8.06634687996 -9.17945225847
1.83571671921 8.0747465534 -9.14876090066
1.83255533246 8.0795564355 -9.1153601384
1.83121463714 8.0808775517 -9.07993661661
1.83159145049 8.07893614765 -9.04344887518
1.83352259441 8.07407633814 -9.00700811002
1.83680022494 8.06672567459 -8.97171151307
1.84120048643 8.05733542362 -8.93846800797
1.84652100649 8.04630546508 -8.9078603085
1.85261927641 8.03391000277 -8.88008022383
1.85944230278 8.02024283295 -8.85495742746
1.86703867869 8.00519872143 -8.83207938259
1.8755474115 7.98850067574 -8.81097722023
1.88516283031 7.96977293719 -8.79133477098
1.89608055117 7.94864863067 -8.77317016064
1.90843444076 7.9248918296 -8.75694359192
1.92223752468 7.89850867205 -8.74356046517
1.93733998765 7.86982257805 -8.73426239223
1.95341460135 7.8394947732 -8.73042451697
1.96997459881 7.80848206405 -8.73329978154
1.9864223129 7.77793684904 -8.74376406201
2.00212029527 7.74906678675 -8.7621172003
2.0164716375 7.72298053931 -8.787983502
2.02899399676 7.70054945366 -8.82033383839

/group/RPA_014/12
12
posId 12
2.02162768424 7.65706718439 -8.94741661647
2.02814190274 7.64800172358 -8.98848682997
2.03266509234 7.64241600884 -9.02822816242
2.03516263568 7.64031721356 -9.0657732288
2.03567598489 7.64160538465 -9.10071421277
2.0342905804 7.64612609082 -9.13302730278
2.03110024803 7.65372518641 -9.16293082687
2.02617737705 7.66429134067 -9.19071350482
2.01955675955 7.67777478874 -9.21657336984
2.01123760484 7.69417645879 -9.24050271039
2.00120372388 7.71350889845 -9.26224143039
1.98945729112 7.73573753987 -9.28130387222
1.97605803853 7.76071609601 -9.29706666195
1.96115808523 7.78813198647 -9.30889166456
1.94502326674 7.81747610158 -9.31625169901
1.92803466211 7.84804625388 -9.31882845789
1.91066836584 7.87898646219 -9.3165612436
1.89345639447 7.90935642219 -9.30963902783
1.87693582095 7.93821893561 -9.29844324132
1.86159581491 7.96472920607 -9.28346077298
1.8478326465 7.98820962531 -9.26519292113
1.83592082654 8.00819698907 -9.24408510757
1.82600488272 8.02445517528 -9.22049455835
1.81811170499 8.03695373129 -9.19470113203
1.81217902068 8.04581981895 -9.16695341844
1.80809240071 8.05127595786 -9.13753174378
1.80572195503 8.05357791492 -9.10680468431
1.80495077188 8.05296559858 -9.07525751216
1.80568988818 8.04963544418 -9.04347922159
1.80787840542 8.04373671298 -9.01210721798
1.81147129217 8.03538793623 -8.9817420185
1.81642045289 8.02470495585 -8.95285473456
1.82265604985 8.01182978201 -8.9257146631
1.83007453264 7.99695026137 -8.9003614601
1.83853754865 7.98030400605 -8.87663647398
1.84788252159 7.962165168 -8.85427311889
1.85794211006 7.9428180358 -8.83303026266
1.86856696016 7.9225256163 -8.81283955598
1.87964489912 7.90150320918 -8.79393095661
1.89111033976 7.87990597899 -8.77690246764
1.90294004246 7.85783592297 -8.76271035638
1.91513491597 7.83536835897 -8.75257279854
1.9276913258 7.81259250521 -8.74779929704
1.94056843071 7.78965637465 -8.74957585737
1.95365956828 7.76680425612 -8.75874753866
1.96677522444 7.74439609678 -8.77564271951
1.97964271029 7.72290196802 -8.79997632542
1.9919238857 7.70287058961 -8.83085374208
2.00324802146 7.68487718965 -8.8668765535

/group/RPA_014/15
15
posId 15
1.8006709248 7.96405133045 -8.95269436821
1.7937649741 7.97953765301 -8.99257445655
1.78859424416 7.99212163943 -9.03283362071
1.7853999657 8.00128574654 -9.07232498999
1.78433816744 8.00667857694 -9.11013166734
1.78547979803 8.00812154576 -9.14563901435
1.78882050599 8.00559340669 -9.17854608694
1.79429607054 7.99919938488 -9.20881581515
1.80179883859 7.98913395479 -9.23657626841
1.81119098133 7.97564649271 -9.26199551308
1.8223117803 7.95901718499 -9.28515799699
1.83497812968 7.93954718001 -9.30596992395
1.84897952042 7.91756285444 -9.32411479275
1.86407045975 7.89343017926 -9.33906948191
1.87996418264 7.8675724032 -9.35017823255
1.89633141789 7.84048323984 -9.35676936262
1.91280689944 7.8127286699 -9.35829018305
1.92900450699 7.78493312787 -9.3544313655
1.94453979324 7.75774961721 -9.34521383765
1.95905670154 7.73181732053 -9.33101878892
1.97225395732 7.70771361168 -9.31255299407
1.98390625741 7.68590925182 -9.29075497463
1.99387609767 7.66673549913 -9.26665973256
2.00211375099 7.65036984586 -9.24124835457
2.00864519574 7.63684351907 -9.21531191226
2.0135502175 7.62606949829 -9.18935613228
2.01693494045 7.6178855614 -9.16356491464
2.01890423678 7.61210370384 -9.13782870842
2.01953953419 7.60855589958 -9.11183054731
2.01888644718 7.60712692289 -9.0851709608
2.01695460484 7.60776770833 -9.05750541324
2.01372944992 7.61048693432 -9.02866592193
2.00919318365 7.61532329247 -8.99874242439
2.00334997886 7.62230522952 -8.96810841065
1.99624952851 7.63140787956 -8.93738736058
1.98800318252 7.64251778 -8.9073690466
1.97878834061 7.6554145535 -8.87889511424
1.96883914262 7.66977528878 -8.85273935746
1.95842435538 7.68520255533 -8.82950853121
1.9478161109 7.70127182766 -8.80958436319
1.9372552332 7.71758965461 -8.79311781809
1.92691985715 7.7338511407 -8.78007475451
1.91690367465 7.7498848259 -8.77032050804
1.90720849303 7.765675012 -8.76372216717
1.89775317129 7.7813556365 -8.76024329394
1.88839792528 7.7971751559 -8.76000745747
1.87898006929 7.81343750671 -8.76331385185
1.86935506832 7.83042894427 -8.77059896833
1.85943574278 7.84834346483 -8.78235046527
1.84922279406 7.86722000934 -8.79899037724
1.83882142959 7.88690262563 -8.8207522187
1.82844142892 7.90703063258 -8.84757871856
1.81838099302 7.92706040898 -8.87906334084

/group/RPA_014/18
18
posId 18
1.76167922201 7.9380464541 -8.98474714655
1.75838328162 7.94819800697 -9.02259714688
1.75567013697 7.95725289964 -9.05912987176
1.75382089588 7.96475086201 -9.09423871873
1.75328212751 7.96999711997 -9.12803461887
1.75457341718 7.97218920428 -9.1606920828
1.75817519586 7.97057540649 -9.19229772457
1.76442155335 7.96461004912 -9.2227351818
1.77342135394 7.95407171215 -9.25163086748
1.7850243769 7.939119145 -9.27837044512
1.79883894641 7.92027377163 -9.30217967189
1.81429596139 7.89833419041 -9.3222489709
1.83074402209 7.87424309814 -9.33787192285
1.84755378674 7.84893721502 -9.34856573752
1.86420822895 7.82321378558 -9.35414696798
1.8803593753 7.79764247181 -9.35474688025
1.89584041509 7.77254012253 -9.35076527424
1.91063281665 7.74801068969 -9.34277576573
1.92479873673 7.72403704305 -9.33140629053
1.9383970898 7.70059923361 -9.31722345553
1.9514052842 7.67778771241 -9.30064732802
1.96366700397 7.65588151719 -9.28191495239
1.97487992563 7.63537012472 -9.26109840595
1.98462744743 7.61691148238 -9.23816960939
1.99244769066 7.60123442714 -9.21309268077
1.99792376202 7.58900757666 -9.18591810856
2.00077374012 7.58070554614 -9.15685296796
2.00091839589 7.57650489621 -9.12628780786
1.9985094252 7.57623611147 -9.09477212802
1.99390989283 7.57940548708 -9.06294379624
1.98762961349 7.58528488524 -9.03143003653
1.98022877694 7.59305157042 -9.00074570571
1.9722107895 7.60194839488 -8.97121639643
1.96392823968 7.61142928995 -8.94294885958
1.95552336182 7.62125762915 -8.91586036926
1.94691688838 7.63153506424 -8.88976441281
1.9378484094 7.64265368444 -8.86449579443
1.92795972914 7.65518139526 -8.84004730475
1.91690287487 7.66970540076 -8.81668524368
1.90444862882 7.68666819185 -8.79501365658
1.89057107555 7.7062323039 -8.77596683174
1.87548881132 7.72820384849 -8.76072444119
1.85965302112 7.75203182407 -8.75056049042
1.84368445805 7.77688337563 -8.74665225869
1.8282727964 7.80177829097 -8.74988526074
1.81406029231 7.8257528896 -8.76069262994
1.80153525396 7.84801704112 -8.77896152625
1.79095868057 7.86806978272 -8.80402632267
1.78234004754 7.88574849228 -8.83475110307
1.77546724874 7.90120165918 -8.86968608253
1.76998362317 7.9147925668 -8.90726778646

/group/RPA_014/21
21
posId 21
1.72175467639 7.90331045804 -8.9875127717
1.72306614575 7.90992845945 -9.03802220992
1.72495500871 7.915414334 -9.08688656686
1.72760128716 7.91921223684 -9.13239540163
1.73142075106 7.92049284859 -9.17328090904
1.73696578379 7.91831547931 -9.20880985024
1.74479358933 7.91182250977 -9.2387814191
1.75533023683 7.90042492363 -9.26343619783
1.76875933114 7.8839402902 -9.28329929464
1.78495815745 7.86265549496 -9.29899348833
1.80349340875 7.83730320397 -9.31106301744
1.82367554051 7.80895967259 -9.31984459936
1.8446583514 7.77888788972 -9.32541037343
1.86556130761 7.74836059655 -9.32759048573
1.88558833924 7.71850023422 -9.32606482527
1.90411903306 7.69016702801 -9.32049806206
1.92075564123 7.66391379065 -9.31068301386
1.93532024568 7.64000972624 -9.29665641996
1.94780814065 7.61851942402 -9.27875849557
1.95831327726 7.5994111016 -9.25762137917
1.96694721787 7.5826627442 -9.23408853155
1.97377326535 7.56833721442 -9.20908337115
1.97877234571 7.55660692344 -9.18345722535
1.98184817405 7.54772282716 -9.15785138776
1.98286849572 7.54193781191 -9.13260469996
1.9817294226 7.5394071847 -9.10772749379
1.97842348997 7.54009584845 -9.08294745696
1.97309062844 7.54372108068 -9.05781659806
1.96603516818 7.54975171518 -9.03185478291
1.95770036043 7.55747082238 -9.00469743293
1.94860271835 7.56609294468 -8.97621467687
1.93923913164 7.57491242867 -8.94657651168
1.92998757596 7.58344997817 -8.91625157442
1.92102532011 7.5915626584 -8.88594283599
1.91228592963 7.5994889117 -8.85647817569
1.90346850932 7.60781347469 -8.82868392816
1.89410120074 7.61735452438 -8.80327273559
1.88364852078 7.62899301011 -8.78077264416
1.87164155427 7.64347789869 -8.76151342484
1.85780380136 7.66124772024 -8.74567120314
1.84214518381 7.68230665621 -8.73335723295
1.82500257309 7.70618273418 -8.72472473712
1.80701605595 7.73197869675 -8.7200621002
1.78904368874 7.75850646476 -8.7198428185
1.77203074855 7.7844781364 -8.72471215626
1.75685952262 7.80871415331 -8.73540533048
1.74421021948 7.83032539975 -8.75260886097
1.73446156287 7.84883150454 -8.77679156612
1.72765141672 7.86419133683 -8.80804102214
1.72350513352 7.87674064646 -8.84594279864
1.72152495874 7.88705185105 -8.88953285333

/group/RPA_014/24
24
posId 24
1.66866026722 7.87400778568 -8.93740030904
1.66411352439 7.88977360373 -8.97821790726
1.66129356238 7.9030754872 -9.01895770248
1.66020516843 7.91367319543 -9.05859778098
1.66086463379 7.92137169131 -9.09638543201
1.66329462647 7.9260300608 -9.13184439749
1.66751496306 7.92756696833 -9.16474152922
1.67353191863 7.9259610598 -9.19502226529
1.68132855449 7.92124604921 -9.22272914676
1.69085782779 7.91350170945 -9.24791965565
1.70203920629 7.90284323565 -9.27059866398
1.7147584376 7.889412113 -9.29067702895
1.72886930227 7.87337147862 -9.3079621614
1.7441958204 7.85490799138 -9.32217989292
1.76053356603 7.83424058681 -9.33302094934
1.77764941047 7.81163454495 -9.34020093748
1.79527997328 7.78741748304 -9.34352074456
1.81313003517 7.7619926535 -9.34291490565
1.83087286984 7.73584462855 -9.33847854426
1.8481546471 7.70953325223 -9.33046820225
1.8646046295 7.68367356993 -9.31927721313
1.87985185903 7.65890200785 -9.30539113245
1.8935475946 7.63583189304 -9.28933216829
1.90539121373 7.61500391536 -9.27160295233
1.91515598891 7.59683880028 -9.25263921107
1.92271042234 7.58159988904 -9.23277826243
1.92803090272 7.56937234365 -9.21224647371
1.93120240951 7.56006341069 -9.19116478275
1.93240572193 7.55342495318 -9.16956801125
1.93189181141 7.54909585545 -9.14743169403
1.9299464034 7.54665857146 -9.12469985896
1.92684963986 7.54570164065 -9.10130854968
1.92283695755 7.54587889955 -9.07720242249
1.91806744621 7.5469565869 -9.0523447324
1.91260498539 7.54884150186 -9.02672362144
1.90641550859 7.55158647712 -9.0003591115
1.89938113463 7.55537311116 -8.97331514491
1.89132909726 7.56047530494 -8.94571936314
1.88207090368 7.56721003294 -8.91779043405
1.87144541783 7.57588345792 -8.88986933475
1.85935891543 7.58674072282 -8.86244795229
1.84581571241 7.59992654955 -8.83618653622
1.83093462162 7.61546143628 -8.81191155311
1.81494893408 7.63323526653 -8.79058759566
1.79819039982 7.65301711186 -8.77326095934
1.78106029096 7.67447749264 -8.76097765026
1.76399260298 7.69721778845 -8.754683939
1.74741545537 7.72080107965 -8.75512201423
1.73171664899 7.7447794269 -8.76273581836
1.71721819587 7.76871419898 -8.77760209169
1.70416272376 7.79218812611 -8.79939882901
1.69271236968 7.81480980143 -8.82741812361
1.68295856624 7.83621293792 -8.8606235975

/group/RPA_014/27
27
posId 27
1.86142778843 7.54858128525 -9.07792660422
1.86608939584 7.55631389339 -9.12376419035
1.86851358086 7.56591564082 -9.16551117894
1.86833046179 7.57729498476 -9.20120584715
1.86527177473 7.59047255146 -9.22970469396
1.85921582288 7.60556303182 -9.25082702925
1.85021381772 7.62272918182 -9.26532612666
1.83849268474 7.64211639815 -9.27469190489
1.82443371466 7.66378065886 -9.2808233942
1.80853087334 7.68762440602 -9.28563496517
1.79133625086 7.71335380561 -9.29067317048
1.77340230373 7.74046695361 -9.29681844353
1.7552308027 7.76827677168 -9.30412836637
1.73723671478 7.79596572012 -9.31185039433
1.71973199243 7.82266338159 -9.31859774966
1.70293010466 7.84753365528 -9.32264969171
1.68696798536 7.86985660387 -9.32231316608
1.67193874642 7.88909123169 -9.31627179738
1.65792667575 7.90490935856 -9.30385242158
1.64503605667 7.91719647013 -9.28515777163
1.63340715831 7.92602178621 -9.26104252267
1.62321593152 7.93158549864 -9.23294258794
1.61465779377 7.93415504471 -9.20259747744
1.60791956057 7.93400365395 -9.17172650153
1.60314629215 7.93136302589 -9.14172739597
1.60041099845 7.92639823477 -9.11345917156
1.59969454855 7.91920767712 -9.08715135
1.60088090944 7.90984524002 -9.06245363997
1.60376949077 7.89835708847 -9.03860966789
1.60810263381 7.88482255178 -9.01471215445
1.61360296925 7.86938811784 -8.98998047456
1.62001320031 7.85228556386 -8.96399824146
1.62713031058 7.83382926479 -8.93685892395
1.63482736851 7.81439279864 -8.90918908866
1.64305874209 7.79436996129 -8.88204679755
1.65184807253 7.77412909014 -8.85672078484
1.66126201386 7.75397132958 -8.83447809831
1.67137573273 7.73410276146 -8.81631908229
1.68223782977 7.7146273247 -8.80279647195
1.69384233088 7.69556281953 -8.79394045528
1.70611370763 7.67687706044 -8.78930715262
1.71890789268 7.65853657112 -8.78813947511
1.73202861431 7.64055715507 -8.7896030824
1.74525488574 7.62304493194 -8.7930420421
1.75837292203 7.60621820241 -8.79819292692
1.77120469527 7.59040444704 -8.80530394832
1.78362602921 7.57601204741 -8.81512579493
1.79556944962 7.56348180935 -8.82876890603
1.80701045996 7.55322787402 -8.84745194628
1.81793976488 7.54558012587 -8.87219171777
1.82832737695 7.54074016319 -8.90349999809
1.83808675874 7.53876024977 -8.94115429217
1.84704765972 7.53954993644 -8.98409659541

/group/RPA_014/30
30
posId 30
1.78367409177 7.57649265518 -9.10569956845
1.78753969334 7.5909266837 -9.15300909832
1.78859881521 7.60711646261 -9.19493085517
1.78621764437 7.62481410107 -9.22872279587
1.77999228901 7.64413906235 -9.2532942356
1.76994742474 7.66536621445 -9.26937967965
1.75659388287 7.68867508216 -9.27914114983
1.74082104809 7.71394732919 -9.28532293238
1.72366526122 7.74067423796 -9.29024503469
1.70604418242 7.76799195406 -9.29498330058
1.68856002678 7.79481685254 -9.29902070994
1.67144656814 7.8200231874 -9.3004876488
1.65467675711 7.84259992673 -9.2968990864
1.63818253647 7.86174286326 -9.28612008449
1.62209181031 7.87687176523 -9.26721221314
1.60687832222 7.88759545618 -9.2408605626
1.59335274881 7.89366640606 -9.20923597635
1.58248562551 7.89496354184 -9.17535221852
1.57512094055 7.8915198944 -9.14215747977
1.57168674268 7.88358106864 -9.1116886846
1.57201678582 7.87165580924 -9.08458467439
1.57536094974 7.85651324679 -9.06011512485
1.58059460965 7.83909731443 -9.03668994375
1.58656317918 7.82036215663 -9.01264132309
1.59244552171 7.80106998019 -8.98698105704
1.59800900671 7.78161872396 -8.9598599741
1.60366453431 7.76196873254 -8.93258149136
1.61029939855 7.74171175763 -8.90719658237
1.61894416491 7.72027935785 -8.88586425294
1.63038816005 7.69723701373 -8.87024015324
1.64487535629 7.67257383098 -8.86112813275
1.66198228022 7.64689024531 -8.85850935005
1.68071347746 7.62141243358 -8.86190101386
1.69977259299 7.59781480941 -8.87085805886
1.71790678411 7.57789377089 -8.88537211415
1.73420074723 7.56318559823 -8.90596693874
1.74822110411 7.5546415568 -8.93342040106
1.75997202997 7.55245637474 -8.96820760817
1.76969544186 7.55609772017 -9.00989121092

/group/RPA_014/33
33
posId 33
1.72123458216 7.57156558175 -9.11419499029
1.7253485544 7.59471545293 -9.1658284431
1.72552726126 7.61997901445 -9.2107160337
1.72216596471 7.64418437652 -9.24433246381
1.71546833477 7.66641692856 -9.26561132231
1.70559823172 7.6877562705 -9.27688612281
1.69290796403 7.71010099155 -9.28243111294
1.67807126873 7.73474161189 -9.28630607305
1.66201447412 7.76141753975 -9.29051547804
1.64566663288 7.78829570321 -9.29430667702
1.62966555692 7.81280449864 -9.29485445914
1.6141947862 7.83281498178 -9.28890414007
1.59906285702 7.84750895279 -9.27450835708
1.58400361758 7.85747964266 -9.25200244253
1.56904696221 7.8640531892 -9.22379717526
1.55475604903 7.86825341475 -9.19318952237
1.54218353214 7.87002316881 -9.16287743115
1.53254068208 7.86816192987 -9.13397051233
1.52672754291 7.86102824088 -9.10597585004
1.52495747878 7.84761373253 -9.0776879797
1.5266768356 7.82836758931 -9.04842469759
1.53084129695 7.80526660437 -9.01888489021
1.53643218941 7.78103074622 -8.9911420922
1.54296844883 7.7578631418 -8.96779044881
1.550759907 7.73638634709 -8.95074806169
1.56076372372 7.71538643736 -8.94042544139
1.57409339615 7.69258014937 -8.93576884982
1.59139740593 7.66608538047 -8.93519356092
1.61238987761 7.6358791972 -8.93789927618
1.63574669623 7.60448361932 -8.94479954536
1.65941172306 7.57646422158 -8.95845438058
1.68117206718 7.556896534 -8.98190356255
1.6992485003 7.54946749929 -9.01689864649

/group/RPA_014/36
36
posId 36
1.60687749959 7.56180437515 -9.01223973653
1.63338442587 7.54197586769 -9.04316885223
1.65479532706 7.53017714702 -9.0736708988
1.66970697992 7.52891134713 -9.10401048595
1.67822574198 7.53865259328 -9.1350362481
1.68150953646 7.5575565333 -9.16681929234
1.68096298796 7.58214332229 -9.19781992801
1.67750761164 7.60865106148 -9.22509277008
1.67127884311 7.6344250042 -9.24545451938
1.66185713723 7.65868958966 -9.25699008672
1.64885298289 7.68235833922 -9.26005909765
1.63248585428 7.70701600341 -9.25720622456
1.61381562362 7.73361548244 -9.25195256768
1.59448666938 7.76156291898 -9.24704937371
1.57611840291 7.78865400572 -9.24308694181
1.55967343191 7.81188332653 -9.23819796462
1.54515046264 7.82870363033 -9.22904642729
1.53177551279 7.83808996424 -9.21263037872
1.51859574319 7.84087435812 -9.18799407342
1.50516027173 7.83919797904 -9.15697190496
1.49192082188 7.83537905951 -9.12356669103
1.4801315049 7.83078317453 -9.09225632204
1.47129507099 7.82526241318 -9.06607170157
1.4664501738 7.81741865548 -9.04541194278
1.4656872974 7.80551167206 -9.02819399755
1.46816688332 7.7885046973 -9.01125975006
1.47264823929 7.76668855493 -8.99232760549
1.47825966775 7.74157221098 -8.97150173775
1.48509645391 7.71513635436 -8.95157845707
1.49430380623 7.68889589862 -8.93699739978
1.50755578356 7.66331879898 -8.9319629466
1.52615153073 7.6379471573 -8.93866348679
1.55015791968 7.61216994961 -8.95644294419

/group/RPA_014/39
39
posId 39
1.6514571113 7.50884926219 -9.19691163037
1.65464821227 7.54244080449 -9.23512788574
1.65485691753 7.57471053506 -9.26675589864
1.65126900678 7.60387234614 -9.28861652721
1.64305441561 7.63012642181 -9.2994263598
1.62989767763 7.6549743287 -9.30007836623
1.61237492934 7.68004795575 -9.29317858096
1.59198167726 7.70601476815 -9.28203514691
1.57076965055 7.73205629088 -9.26950686
1.55072906416 7.75612669052 -9.25715421247
1.5331726349 7.77582410117 -9.24498706216
1.51838371858 7.789425209 -9.23184050526
1.50567891123 7.79657313764 -9.21615257904
1.49385541692 7.79829289317 -9.19677542677
1.48182668635 7.79634475347 -9.17348026885
1.46917143432 7.79225066264 -9.14699148129
1.45636573885 7.78648604899 -9.11861686742
1.44461384452 7.77824509136 -9.08971916545
1.43537294164 7.76590327076 -9.0613183014
1.42979850154 7.74795500206 -9.03401241539
1.42836107627 7.7239641558 -9.00821653793
1.4307943679 7.69504893821 -8.98453982246
1.43637282669 7.66364060766 -8.96404589379
1.4443618914 7.63260579497 -8.9482040417
1.45440772816 7.60413765703 -8.93850882797
1.46667028047 7.57894865477 -8.93593500474
1.48163411566 7.55617152334 -8.94050494711
1.49969235793 7.53404889458 -8.95121612683
1.52071264456 7.51111602122 -8.96641421171
1.5438061974 7.48733186787 -8.98447764812
1.56742603868 7.46461219063 -9.00450880368
1.5897635719 7.44647135136 -9.02669284389
1.60926921399 7.43687621544 -9.0521142109
1.62506142926 7.43877594191 -9.08206055319
1.63703939973 7.45293027315 -9.11708832855

/group/RPA_014/42
42
posId 42
1.58097025929 7.44412668491 -9.16438139017
1.59817790677 7.4621328256 -9.20374043751
1.60930172084 7.48541161153 -9.23761636108
1.61380115371 7.51200713925 -9.26376549887
1.61230226593 7.54002455536 -9.28177236203
1.60624789231 7.56805971307 -9.29282596995
1.59731635829 7.59544429697 -9.2990085648
1.58683891877 7.62221562983 -9.30238290147
1.57543410377 7.64882234999 -9.30421986036
1.56297967051 7.67567816311 -9.30463224571
1.54890185197 7.70273573512 -9.30270837654
1.53263566149 7.72924696661 -9.29704228663
1.51404993273 7.75380570718 -9.28641462945
1.49365866628 7.77466139679 -9.27034309957
1.47254105873 7.79018908437 -9.24930067694
1.45202121415 7.79934286548 -9.22455437199
1.43325948903 7.80192822906 -9.19773764093
1.41693848497 7.79859972157 -9.17036852308
1.40317662746 7.79059481091 -9.14352466972
1.39169502429 7.7793113844 -9.11779239168
1.38214723637 7.76588777227 -9.09346665734
1.37444826658 7.75093247836 -9.0708583592
1.36894082373 7.73448366003 -9.05051920247
1.36631288141 7.71618538787 -9.03324334064
1.36729702884 7.6955873917 -9.01982480111
1.37228719122 7.67243877058 -9.01068418179
1.38105443122 7.64686557158 -9.00556272123
1.39270840181 7.61938492996 -9.00347359802
1.40594763588 7.5907846213 -9.0029974004
1.41951359789 7.56195222006 -9.00285267157
1.43266578917 7.53374914981 -9.00253117426
1.44547211732 7.50698900688 -9.00272620986
1.45877339112 7.48251533938 -9.00533467695
1.47380924547 7.46131302525 -9.01296574178
1.49163326452 7.4445594682 -9.02808355443
1.5125391959 7.43354187462 -9.05206989948
1.53572735867 7.42942767669 -9.08454774643

/group/RPA_014/45
45
posId 45
1.53694536989 7.45025315067 -9.23274904523
1.55228000293 7.47657182904 -9.26918249492
1.56200187053 7.50687140521 -9.30014356862
1.56576342909 7.53770010181 -9.3231574302
1.56378657876 7.56678096002 -9.33721624268
1.55677313877 7.59351695704 -9.34294694679
1.54574149506 7.61872111161 -9.34222919764
1.53182077409 7.64374205505 -9.33740533462
1.51604475132 7.66943195685 -9.33039893363
1.49919273599 7.69545583386 -9.32209557453
1.48171852306 7.72024967875 -9.31222028253
1.46378813253 7.74160207609 -9.29972570284
1.44541525973 7.75753050764 -9.28348577007
1.42664962327 7.76699993421 -9.26297152608
1.40775098314 7.77014201216 -9.23861868173
1.3892817825 7.76791158142 -9.21175749147
1.37207749001 7.76141219403 -9.18418213918
1.35709824627 7.75128021134 -9.15758960116
1.34521186171 7.73746002399 -9.13314935434
1.33698760157 7.71946948923 -9.11137115188
1.33257932258 7.69697590512 -9.09227587195
1.33174421354 7.67033143063 -9.07573070513
1.33399165088 7.64074503729 -9.06175457689
1.33880602111 7.60997857356 -9.05065113195
1.34585819338 7.57973035217 -9.04294552831
1.35512428034 7.55105739116 -9.03921518493
1.36686542796 7.52418020175 -9.03994905091
1.38147417354 7.49881016773 -9.0455239506
1.39924093288 7.47484532854 -9.05628311328
1.42012066014 7.45305466854 -9.07260830382
1.4435766338 7.43534104098 -9.09485537924
1.46854969311 7.42436503192 -9.12309445059
1.49356018007 7.42263505174 -9.15672550555

/group/RPA_014/48
48
posId 48
1.52425692684 7.50526314946 -9.35736904185
1.51986773729 7.54545188945 -9.37099678971
1.51259631683 7.58353415031 -9.37987467286
1.50215786817 7.61780453725 -9.38281361117
1.4885882073 7.64738385866 -9.37943741184
1.47234173002 7.67221229341 -9.37030651391
1.45419385403 7.69283768004 -9.35668971813
1.43500146065 7.71006711705 -9.3400860838
1.41544161866 7.72458875485 -9.32170433578
1.39585886313 7.73667569717 -9.30212250086
1.37630006201 7.74605426738 -9.28126979231
1.35672637199 7.75196514071 -9.25873083074
1.33730430695 7.7533862916 -9.23423023234
1.31863260715 7.74934073271 -9.20807471291
1.30178055802 7.73919331933 -9.18134545016
1.28809078133 7.72285307919 -9.15573963292
1.278803357 7.70083363986 -9.13311212398
1.27464370365 7.67417016742 -9.11490115436
1.27554553231 7.64423106621 -9.10167857197
1.28063704161 7.61248496381 -9.09301992952
1.28851830059 7.58028439866 -9.08776017186
1.29774020999 7.54871127029 -9.08454039136
1.30730892637 7.51850472273 -9.08242722593
1.31702109241 7.49006953932 -9.0813515732
1.32749442806 7.46354873526 -9.08218315249
1.33987326318 7.43893888163 -9.0864041188
1.35531429884 7.41622726298 -9.09550820422
1.37444415867 7.3955310845 -9.11036426602
1.39699247909 7.37721719876 -9.13079808411
1.42173737576 7.36197678361 -9.15555754789
1.4467808199 7.35082746918 -9.18267074734
1.47004727228 7.34502135191 -9.21004831198
1.48981879207 7.34585469424 -9.23608578468
1.50511430123 7.35440226947 -9.26002769514
1.51578977444 7.37122878934 -9.28195875298
1.5223498934 7.39615046689 -9.30244500954
1.52557304833 7.42812101154 -9.32199281036

/group/RPA_014/51
51
posId 51
1.28208136976 7.44473380028 -9.13258779975
1.26595379855 7.48733340785 -9.13008119056
1.25556910398 7.5298797006 -9.13469473205
1.25125076268 7.56939729243 -9.14560490012
1.25236688534 7.60385014294 -9.16118702851
1.25777146356 7.6323860523 -9.17966479274
1.26636182419 7.65512515187 -9.19971634816
1.27749574084 7.6726379789 -9.22077804428
1.29109175009 7.68538168528 -9.24293690913
1.30739399993 7.69335735934 -9.26649702517
1.32654315012 7.69612525291 -9.29145215387
1.34818264714 7.69313156484 -9.31713071035
1.37130564519 7.68414886083 -9.34218683353
1.39442576926 7.66958353236 -9.36493942376
1.41599473328 7.65047865478 -9.38389269018
1.43486874398 7.62820023887 -9.39818693312
1.45060142865 7.60395980321 -9.40776614989
1.4634248019 7.57841498334 -9.41318982107
1.47393086007 7.55155820475 -9.41519106098
1.4826118538 7.52296544223 -9.41420736391
1.48948680289 7.4922988601 -9.41012320048
1.4940012233 7.45982524911 -9.40235890169
1.49525484671 7.42669224424 -9.39026765954
1.49245102197 7.39480913833 -9.37364532105
1.48534882488 7.36636177676 -9.35309279733
1.47448990974 7.34316626146 -9.33003192267
1.46107339497 7.32615030037 -9.30633617997
1.44651772557 7.31520157359 -9.28372334098
1.43190116356 7.30945908217 -9.26317966503
1.41753957438 7.30791967803 -9.24468469527
1.4029076462 7.31008182639 -9.22737850393
1.38695909811 7.31632299807 -9.2101153985
1.36872038509 7.32782041975 -9.19216963187
1.34790371485 7.34602790754 -9.17378224259
1.32526869593 7.37192309542 -9.15630068683

/group/RPA_014/54
54
posId 54
1.24127825354 7.59538197859 -9.24106283013
1.26291434905 7.61738642932 -9.27533376376
1.28718116879 7.63016022879 -9.30947849793
1.31131681965 7.63289276846 -9.33984283578
1.33322493211 7.62724487037 -9.36447384807
1.35195672528 7.61670080741 -9.38347301298
1.36772267179 7.60513931144 -9.39849514148
1.38147565966 7.59522731312 -9.41166178892
1.3942817928 7.58733120103 -9.42440278037
1.40676447516 7.57942195775 -9.43674531774
1.41884685253 7.56801873632 -9.44734070801
1.42986163433 7.54976353652 -9.45416584859
1.43892253964 7.52294989823 -9.45552659303
1.4453401765 7.48836001652 -9.45086582983
1.4488660222 7.44907946684 -9.44099365915
1.4496551194 7.40941115452 -9.42765037081
1.44799421346 7.37339457089 -9.41264158602
1.443968113 7.34358206073 -9.39699087593
1.43727019498 7.32057204981 -9.38054078847
1.42728705258 7.30342878531 -9.36220723786
1.41344050791 7.29070629488 -9.34076504291
1.39562646824 7.2815327302 -9.31577312139
1.37452292923 7.27621692772 -9.28816812269
1.35158588686 7.27610070546 -9.26020619203
1.32869375571 7.28276633373 -9.23474436558
1.30757217447 7.29703048859 -9.21417765153
1.28924900357 7.31825910809 -9.19952857539
1.27379375004 7.34437416628 -9.19013243851
1.26047869464 7.3725747515 -9.18409345978
1.24831034534 7.40043188625 -9.17932646122
1.23670497344 7.42681762736 -9.1747141816
1.22600297685 7.4521941663 -9.17083762837
1.21757389384 7.47809089953 -9.16991534453
1.21343575661 7.50599442196 -9.17493981604
1.21552476713 7.53617734237 -9.18836617571

/group/RPA_014/57
57
posId 57
1.30026661084 7.60188024573 -9.40001962321
1.32853495997 7.58253633365 -9.4282349885
1.35564551418 7.55615913829 -9.45278646305
1.37827728467 7.52574440995 -9.47059108816
1.39397359104 7.49430865348 -9.47962481637
1.40202792598 7.46393100866 -9.47969391557
1.40362884279 7.43528163395 -9.47246019996
1.40118039084 7.40782972869 -9.46068036463
1.39711789697 7.38060029468 -9.44700680845
1.39278744173 7.35309358702 -9.43291814821
1.38792423071 7.32591819031 -9.41828707288
1.38096591727 7.30084397722 -9.40177877512
1.3700226144 7.28027235273 -9.38186210121
1.35400476358 7.26640041335 -9.35791477819
1.33334343946 7.26048575955 -9.33086471026
1.30995509188 7.26254199555 -9.30304945459
1.28648967712 7.27156017212 -9.27737183026
1.26525855783 7.28608557182 -9.25617955425
1.2473857271 7.30481981922 -9.24042488236
1.23259286636 7.32694185172 -9.22950580459
1.21969059515 7.3520253479 -9.22183765493
1.20748419738 7.37966806503 -9.21583698923
1.1956009654 7.40910812355 -9.21080585228
1.18480837071 7.43909753003 -9.20727859845
1.17667837068 7.46813991094 -9.20668939829
1.17280722262 7.49497121329 -9.21057647049
1.17403284953 7.51899927178 -9.21977014866
1.18008079068 7.54041622563 -9.23399787338
1.18982406967 7.55986468725 -9.25209357011
1.20199664978 7.57778835477 -9.2726581078
1.21594279541 7.59379510915 -9.29476747314
1.23195683166 7.60639293538 -9.31830177037
1.25098783542 7.61329794469 -9.34368442318

/group/RPA_014/60
60
posId 60
1.19787051951 7.63233277079 -9.35524595007
1.22266423998 7.63852717645 -9.38815986625
1.24653379608 7.63830690563 -9.41806553544
1.26809014904 7.63203977229 -9.44332492619
1.28702095834 7.62022314229 -9.46368916318
1.30383382626 7.60344512982 -9.47996498262
1.31928372779 7.58237736154 -9.49329376444
1.33376880809 7.5577595071 -9.50438847706
1.34697916912 7.53035124144 -9.51307887709
1.35795233483 7.50086124956 -9.51836069589
1.3654904873 7.4698935257 -9.51890402522
1.36872252252 7.43795809261 -9.51376208736
1.36752888148 7.40556850923 -9.50293271626
1.36261803739 7.37340185208 -9.48750047711
1.35521502929 7.34245151765 -9.46928962765
1.34651180246 7.31408477302 -9.45019057882
1.33714569478 7.28994021182 -9.43147557417
1.32696054637 7.27166048243 -9.41342175919
1.31517022838 7.26052924948 -9.39541191442
1.3008510477 7.2571355657 -9.37645600133
1.28352977756 7.26119655784 -9.35587837648
1.26358464496 7.27162220242 -9.3338399069
1.24226205252 7.28681949898 -9.31144659028
1.22129268177 7.30514138897 -9.2903968818
1.20228176041 7.32532641324 -9.27234280713
1.18615880488 7.34677418135 -9.25827845012
1.17294844384 7.36956125931 -9.24825678992
1.16197527814 7.39419892542 -9.24157712528
1.15241057653 7.42122969713 -9.23735524008
1.14390289658 7.45081571051 -9.23519659289
1.13698712608 7.48246781952 -9.23563184345
1.13306130561 7.51500384111 -9.2400757239
1.13391602775 7.54673464194 -9.25028978918
1.14100803422 7.57579520108 -9.26756576269
1.15479247419 7.60049604789 -9.29198840283

/group/RPA_014/63
63
posId 63
1.23276646729 7.63155652725 -9.45794999453
1.26040709066 7.61145046967 -9.48946094697
1.28579219371 7.58669978799 -9.51681538991
1.30731228659 7.55941075192 -9.53841440474
1.32393054309 7.53167070945 -9.55341220784
1.33533833951 7.50503271899 -9.56179202628
1.34192884098 7.48015834349 -9.5642410521
1.34459788316 7.45674642215 -9.56186894995
1.34443418153 7.43378155914 -9.55586052547
1.34239369413 7.41002659552 -9.54716895391
1.33905480397 7.38459751878 -9.53633676269
1.3345216072 7.3574282994 -9.52348506795
1.3284924691 7.32946876686 -9.50845421135
1.32045755418 7.30254867999 -9.49103090501
1.30995034723 7.27895385722 -9.47117421329
1.29676664627 7.2608558337 -9.44916154364
1.28108259166 7.24978167864 -9.42561114267
1.26344300886 7.24629050142 -9.40138508241
1.24463750663 7.24994659413 -9.37741850574
1.22551778523 7.25957493337 -9.35454227582
1.20682352754 7.27369083833 -9.33336090737
1.18907291332 7.29094493607 -9.31421988567
1.17254354533 7.3104332618 -9.29725863048
1.15733334302 7.33178402489 -9.28251296979
1.14346302427 7.35502171346 -9.2700164992
1.13097222548 7.38029112042 -9.25985819353
1.11997224563 7.40756817103 -9.25217928273
1.11064358887 7.43647642125 -9.24712372018
1.10319413854 7.46627388492 -9.2447795048
1.09781161726 7.49599834185 -9.24515240989
1.09464425782 7.52469233938 -9.24819714733
1.09382638882 7.55159879214 -9.25390055995
1.09553873525 7.57623600632 -9.26238034927
1.10006898087 7.59831879779 -9.27394533432
1.10782825007 7.61756541289 -9.28906857007
1.11928973212 7.63348707886 -9.30825304245
1.13484432173 7.64527328525 -9.3318116798
1.15460457574 7.65185280791 -9.35962328428
1.17821800864 7.65213968292 -9.39094746795

/group/RPA_014/66
66
posId 66
1.22761508578 7.62090870686 -9.49671465093
1.25099522795 7.59509286584 -9.523980955
1.27114437974 7.56418506469 -9.54571111416
1.28698804698 7.53051449623 -9.56088536501
1.29790274024 7.49623509249 -9.56907580823
1.30376722181 7.46288346409 -9.57042746709
1.3049292131 7.43120494207 -9.56557643643
1.30209520532 7.40128966674 -9.55552432236
1.29616666446 7.37293864584 -9.54148503588
1.28805716888 7.34609343057 -9.5247180407
1.2785290749 7.32114649811 -9.50636441986
1.2680837712 7.29900745402 -9.48730766369
1.25692701941 7.28090697037 -9.46808540329
1.24501292842 7.26803062521 -9.44887584543
1.23215103714 7.26114278055 -9.42956999932
1.21814564738 7.26035924656 -9.40991916424
1.20292910024 7.26515927272 -9.38972285433
1.18665330217 7.27462296206 -9.36900464793
1.16971594195 7.28778477482 -9.34812085137
1.15271625447 7.30394790771 -9.32776312704
1.13635479063 7.32282666312 -9.30884807531
1.1213069431 7.34446355963 -9.29232430002
1.10810666484 7.36896941206 -9.27895751262
1.09707308898 7.396213346 -9.2691651185
1.08829981413 7.42561129263 -9.26295812035
1.08170828087 7.45611653874 -9.26001347115
1.0771482138 7.4864240784 -9.25985558061
1.07451470411 7.51530215465 -9.26208694976
1.07384673705 7.54190307506 -9.26658875084
1.07537687116 7.56590907433 -9.27361974667
1.07951472312 7.58743767249 -9.28377398296
1.08676422251 7.60673627388 -9.29780327751
1.09759169039 7.62379271951 -9.3163541118
1.11227445383 7.63803464416 -9.33969556722
1.13076512514 7.64826400785 -9.36751707942
1.15260396809 7.65288269802 -9.39885254477
1.17690195932 7.65034661928 -9.43214946372

/group/RPA_014/69
69
posId 69
1.14014616772 7.30753607296 -9.3638046706
1.15896219441 7.29574520177 -9.38913452451
1.17799666643 7.28801703002 -9.41537934161
1.19664381815 7.28419065726 -9.44164373843
1.2143977243 7.28442432014 -9.46722316844
1.23080503989 7.28934536883 -9.49155809619
1.24542178257 7.29991628322 -9.51415200535
1.25780354177 7.31702815113 -9.53449720835
1.2675366953 7.34097459009 -9.55204198289
1.27429410316 7.37103953046 -9.56620976093
1.27788469558 7.40540791571 -9.57645727494
1.27826932497 7.44148339374 -9.58234433578
1.27553340208 7.47652345974 -9.5835883646
1.26983061559 7.5083574541 -9.58008956847
1.2613289003 7.53590364666 -9.57192964697
1.25019053766 7.55927443838 -9.55935871395
1.23660162414 7.57942527845 -9.54278579101
1.22083974941 7.59749234436 -9.52277826315
1.20334554845 7.61409407181 -9.50006156374
1.18475590428 7.6288853535 -9.47550103726
1.16586919295 7.64054472478 -9.45005003821
1.14754157431 7.64719182085 -9.42466243062
1.13054543756 7.64705467816 -9.40018757347
1.11544180696 7.63911028489 -9.37728143725
1.1025174212 7.62344597453 -9.35636950268
1.09181349022 7.60121873385 -9.33768212069
1.08323626098 7.57426339209 -9.32135567007
1.07670523564 7.54454088813 -9.30756424652
1.072278252 7.51366474581 -9.29662962321
1.07020126567 7.48268266375 -9.28906058776
1.07086120546 7.45215570347 -9.28549681679
1.07465978121 7.42243667139 -9.28656846446
1.08185781152 7.3939681821 -9.292716244
1.09245025856 7.36743423064 -9.3040340333
1.1061177939 7.34369462746 -9.32018949269

/group/RPA_014/72
72
posId 72
1.16753017476 7.62500177819 -9.48206121827
1.19163336834 7.61319566613 -9.51547769162
1.21402340915 7.59424017319 -9.54574214364
1.23261392895 7.56946206194 -9.56999169613
1.24609950993 7.54054933967 -9.58651850903
1.25426098529 7.5091554203 -9.59516909313
1.25786436248 7.47659120978 -9.59716941695
1.25820847963 7.44371562983 -9.59446558591
1.25652482023 7.41104557127 -9.58887385286
1.2534891322 7.37901049081 -9.58140502645
1.24904483805 7.34821739326 -9.57203700701
1.24259169833 7.31959431941 -9.55999929023
1.2334278191 7.29434188349 -9.54440210538
1.22122428097 7.27371344377 -9.52489566757
1.20630747719 7.25872298972 -9.50204664938
1.18962368592 7.24991043398 -9.47726454998
1.17241463681 7.24726423361 -9.45232892279
1.15576861769 7.25032679664 -9.42875590095
1.14026582524 7.2584248784 -9.40731202696
1.12588547537 7.27091416216 -9.38790483299
1.11221197824 7.28732825953 -9.3698929928
1.09883159554 7.30737516937 -9.35265479526
1.08571946618 7.33080198531 -9.33612999252
1.07342316483 7.3572131546 -9.32106535303
1.06294942561 7.38594771688 -9.308840281
1.05540653859 7.41608748202 -9.30095479797
1.05157562033 7.44659809163 -9.29842845136
1.05162080453 7.47653336641 -9.30140459322
1.05508276594 7.50519630137 -9.3091567509
1.06116245404 7.53216705213 -9.3204982311
1.06915804379 7.5571725306 -9.33439603745
1.0788375081 7.57985361343 -9.35048250994
1.09055234586 7.599544912 -9.36919699596
1.10501650384 7.61518847483 -9.39146042496
1.12283443407 7.62545074411 -9.41800990374

/group/RPA_014/75
75
posId 75
1.15084247689 7.62263964862 -9.49001143666
1.17579449371 7.61163598809 -9.52319536393
1.19882765106 7.59479861858 -9.55334670451
1.21777151513 7.57277309797 -9.57755655618
1.23139170072 7.54607109388 -9.59418094605
1.23969318377 7.51520742242 -9.60326369501
1.24373116541 7.48094648511 -9.60629661536
1.24501513129 7.44450304647 -9.60542250016
1.24477241054 7.407559354 -9.60243358551
1.24339850669 7.37204947729 -9.59800757881
1.24033455271 7.33977954096 -9.59151346898
1.23441703526 7.31204157133 -9.58145993878
1.22453067503 7.28939419445 -9.56636857404
1.21025980282 7.27171529165 -9.5456645943
1.19223799421 7.25850992309 -9.52017508804
1.17203682668 7.24933785208 -9.49200830368
1.15164642128 7.24416544116 -9.4638716548
1.13278509532 7.24347642527 -9.43813968473
1.11634868162 7.24808365169 -9.41609068917
1.10223990985 7.25872115838 -9.39764504099
1.08963934118 7.2755999785 -9.38170214281
1.07757617549 7.29813313659 -9.3668978737
1.0655243186 7.32496384314 -9.35241824863
1.05374683149 7.3542971825 -9.33849230311
1.04323880785 7.38439978401 -9.32635026844
1.0353128384 7.41405567517 -9.31769192474
1.03103973663 7.44278455658 -9.31394077584
1.03082054617 7.47073315387 -9.31565345813
1.03429515653 7.49829400228 -9.322367876
1.04062333036 7.52562436745 -9.33295124289
1.04898790601 7.55227836839 -9.34625879153
1.05905753674 7.5771109725 -9.36175695109
1.0711625792 7.59848970151 -9.37977807849
1.08607614266 7.61471541446 -9.4012526047
1.10448756297 7.62446821085 -9.42702418074

/group/RPA_014/78
78
posId 78
1.13154042943 7.62735383725 -9.50034266385
1.16107221274 7.61048050544 -9.53577301456
1.18741821222 7.58968015446 -9.56692456701
1.20796449114 7.5663891084 -9.59065674288
1.22161375197 7.54087623048 -9.60562461938
1.22894261775 7.51264306268 -9.61250656286
1.23169261974 7.48125344108 -9.61343636221
1.23184004759 7.44712623054 -9.61090805678
1.23067416896 7.41185769884 -9.60665380899
1.22829323026 7.37789810191 -9.60099065559
1.22371670406 7.3477521293 -9.59289673572
1.21551677021 7.32312316439 -9.5807295723
1.20263685214 7.30444668669 -9.5632081857
1.18500090453 7.29104771098 -9.54018425216
1.16364658913 7.28182415783 -9.5128622292
1.14036439008 7.2760795744 -9.48341617535
1.11706303765 7.27405210018 -9.45424164803
1.09519116817 7.27685213097 -9.4272306366
1.07547941639 7.28584059901 -9.40340102739
1.05807217829 7.30178326007 -9.3829934632
1.04290505666 7.3242419474 -9.3658929422
1.0300675512 7.35154315268 -9.35207792084
1.01992872612 7.38135946964 -9.34182299101
1.01296764433 7.41161060717 -9.33555934491
1.00944259569 7.44121245381 -9.33352244178
1.00914154114 7.47027205499 -9.33545676979
1.01141644288 7.4996109095 -9.34062071129
1.01553566441 7.52985256618 -9.3481528268
1.02118492092 7.56054873965 -9.35762616571
1.02882561003 7.58981451597 -9.36946544991
1.03965639321 7.61469552905 -9.38492841445
1.05511176656 7.63212270142 -9.4055573258
1.07607838534 7.64001068637 -9.43229048352

/group/RPA_014/81
81
posId 81
1.00067967954 7.38972439802 -9.36614904661
0.991361012998 7.43380029607 -9.3603333687
0.986747313927 7.47401799224 -9.35942142741
0.986551499438 7.50845595384 -9.36288332479
0.990279679742 7.53772172392 -9.37022596764
0.997400164584 7.5637496237 -9.38105544971
1.00747695504 7.58808429103 -9.39504431428
1.02022211226 7.61059390494 -9.4118531068
1.03545447817 7.62929065119 -9.43106453015
1.05299006555 7.64131896641 -9.45216528416
1.07251603051 7.64453543435 -9.4745726317
1.09350448973 7.6387858019 -9.49767359412
1.11520345818 7.62615139694 -9.52084106576
1.13670895902 7.60999811564 -9.54341358323
1.15708974877 7.5933157546 -9.56465864916
1.17551778825 7.57723329348 -9.58376136648
1.19136001945 7.56052162737 -9.59987495852
1.20420701176 7.54038374887 -9.61223764817
1.21384109714 7.51415069068 -9.62031803422
1.22016836288 7.4810097107 -9.62392307692
1.22314701575 7.44285266769 -9.6232078873
1.22273830062 7.40377439548 -9.61856661866
1.21889128128 7.36844754416 -9.61044145799
1.21155814519 7.34018976024 -9.5991332036
1.20072894904 7.31971130223 -9.58470658255
1.18647519953 7.30519108612 -9.56704762788
1.16899643972 7.29364784152 -9.54606296469
1.14866706665 7.2829008041 -9.52194240865
1.1260780652 7.27309965347 -9.49536975085
1.10206124781 7.26701197973 -9.46758089213
1.07767752771 7.26888465128 -9.4402288151
1.05415248108 7.2824224519 -9.41509458687
1.03275539299 7.3088809406 -9.39374671754

/group/RPA_014/84
84
posId 84
1.09790263396 7.61842451474 -9.54216704266
1.12888154694 7.60255452895 -9.57299911474
1.15601610088 7.58346572937 -9.59935180518
1.17751530031 7.56101179217 -9.61930866282
1.19265517857 7.53475499172 -9.63204734207
1.2018018865 7.50459230802 -9.63794290423
1.20609928283 7.4712171551 -9.6382948738
1.2069304398 7.43619236963 -9.63476575294
1.20535244142 7.40161106607 -9.62873934109
1.20171664702 7.36952495391 -9.62084632472
1.19561381149 7.34142326315 -9.61084050971
1.18615392125 7.31800185231 -9.59786630928
1.17245828007 7.2993002976 -9.58099749819
1.1541614359 7.2850932272 -9.5598184081
1.13172482599 7.27530136972 -9.53480807132
1.10644740657 7.27019761806 -9.50737743112
1.08018241687 7.27031282906 -9.47955731852
1.05488027131 7.27612070296 -9.45347435046
1.03213136603 7.28770415216 -9.43082440663
1.01286347203 7.30461024756 -9.41253367477
0.997273101847 7.32598601247 -9.3987030135
0.984977189034 7.35091792652 -9.38881144305
0.975300809647 7.37876964534 -9.38206358346
0.967591977624 7.40929946232 -9.37773805202
0.961474300273 7.44245344638 -9.3754291719
0.956991248147 7.47791376536 -9.37514299347
0.954635467308 7.51463582654 -9.37727007992
0.955276399053 7.55064566983 -9.38248329138
0.960000463269 7.58326252715 -9.39159643975
0.969874971868 7.60970839598 -9.40539084428
0.985656133842 7.62786770682 -9.42440153594
1.00748804493 7.63686841376 -9.44867142306
1.03467154693 7.63722236255 -9.47752401103

/group/RPA_014/87
87
posId 87
1.16719759863 7.40953659796 -9.6235898303
1.17675940671 7.44847170821 -9.63866674081
1.18043205791 7.48196552374 -9.64700892296
1.17738046026 7.50853499436 -9.64756347462
1.16792841097 7.52893673679 -9.64076363427
1.153428246 7.54552700858 -9.62830821266
1.13573541741 7.56112445631 -9.61247103529
1.11651920612 7.57782565943 -9.5952373314
1.09671550767 7.59621020828 -9.57763813569
1.07636310255 7.61518731424 -9.5595627595
1.05488964085 7.6324661148 -9.54011419528
1.03170756055 7.64539444785 -9.51833025392
1.00683769383 7.65180202912 -9.49393345118
0.981264781133 7.65053739359 -9.46776625402
0.956850705192 7.64156381132 -9.44171608808
0.935832152951 7.62568682758 -9.41816725036
0.920117588435 7.60412801161 -9.3992276713
0.910688143735 7.57817793539 -9.38607220565
0.907358292914 7.54906225004 -9.37868094386
0.908988774898 7.51800106619 -9.37606380549
0.914042303878 7.48631989189 -9.37684064843
0.921224965796 7.45544529291 -9.37989260864
0.929929286097 7.42670165692 -9.3847844812
0.940298386798 7.40096946309 -9.39178290532
0.952913493002 7.3783884219 -9.40149788363
0.968282317368 7.35831680419 -9.41435716222
0.986391628698 7.33966427905 -9.43019724902
1.00654510468 7.32153610376 -9.44818725064
1.02755995368 7.30394647905 -9.46712689215
1.04821516968 7.28827173808 -9.48596450303
1.06771819771 7.27717556933 -9.50426106129
1.08594620727 7.27393669305 -9.5223429116
1.10332849015 7.28136561038 -9.54103316136
1.12041490727 7.30069879181 -9.56106086178
1.13733581346 7.33091032548 -9.58241733133

/group/RPA_014/90
90
posId 90
1.08401557459 7.33027153534 -9.56236761002
1.11377829013 7.34967359525 -9.59456816074
1.13694544169 7.37684299775 -9.62138934858
1.15094483995 7.40950314894 -9.63996099226
1.15516532813 7.44469604219 -9.64924930596
1.15092390505 7.47935323188 -9.65010755889
1.14078210003 7.51096236306 -9.64469834145
1.12752183134 7.53812555755 -9.63556399347
1.11320539814 7.56080967827 -9.62473522437
1.09867456875 7.58017388137 -9.61321160155
1.0836294785 7.59800248759 -9.6009568742
1.06717079283 7.61591861577 -9.58731963784
1.04850411643 7.63464654529 -9.57162123215
1.02747107491 7.65358700972 -9.5536181103
1.00469174395 7.6708653991 -9.53364943582
0.981311514787 7.68384484443 -9.51246191696
0.958537824681 7.68992805267 -9.49086926331
0.937237116731 7.68736848093 -9.46947244941
0.917804503871 7.67581248565 -9.44860998445
0.900353707331 7.65639740289 -9.42855966192
0.885090772029 7.6313938555 -9.40985535953
0.872627674609 7.60353957329 -9.39349960927
0.864017563605 7.57530699288 -9.38089177361
0.860440808605 7.54834682564 -9.37343717625
0.862666596541 7.52326308231 -9.37198293946
0.870558094913 7.49974340004 -9.37634853978
0.882902514609 7.47694702597 -9.38521455059
0.897715060209 7.45398594305 -9.39649267906
0.912944027658 7.43033876159 -9.40808195763
0.927296700976 7.40609681518 -9.41871974269
0.940814644084 7.38202118149 -9.42855783955
0.954904536924 7.35945022769 -9.43917948087
0.971751665131 7.34011823657 -9.45299402819
0.993313877245 7.32592980206 -9.47221114797
1.02029331298 7.31870485623 -9.49778877237

/group/RPA_014/93
93
posId 93
1.0035996503 7.34109535785 -9.51515986384
1.03305176725 7.32557563182 -9.54125505031
1.05798563842 7.31842535801 -9.56425307099
1.07768324714 7.32176640023 -9.58378154732
1.09265370448 7.33581319917 -9.60036459897
1.1040628549 7.35874491859 -9.61485264073
1.11297472333 7.38729319284 -9.62777873855
1.11976539689 7.41780710018 -9.63895370029
1.12397079022 7.4473694821 -9.64748795847
1.12461123492 7.47453331488 -9.65221645827
1.12080357371 7.49942167867 -9.6523049131
1.11233604518 7.52320937753 -9.64772656668
1.09990608466 7.54725646632 -9.63936074856
1.08489269831 7.57228581262 -9.62864860643
1.06876964183 7.59794217468 -9.61695967029
1.05244946857 7.62287349805 -9.60497066756
1.03589191286 7.64523277774 -9.59236325284
1.01819029124 7.66332328831 -9.57800507569
0.998122035058 7.67607720408 -9.56055387446
0.974921833639 7.68317329566 -9.53922194724
0.948917433094 7.68479886218 -9.51435415385
0.92171783201 7.68124247449 -9.48754804641
0.89584155069 7.67257831473 -9.46124710975
0.873928575976 7.65863632173 -9.43797518004
0.857874575779 7.63928235807 -9.41954270292
0.84826796576 7.61484834483 -9.40656816169
0.844377589546 7.58645036089 -9.39851430906
0.844690482939 7.55596912237 -9.39420455945
0.847748979902 7.52562905925 -9.39256773663
0.852899659377 7.4973223493 -9.39325909292
0.860607007261 7.47197807049 -9.39686777852
0.872184414545 7.44929246454 -9.4046162409
0.889062983287 7.42799641178 -9.41769454419
0.911931810819 7.40659783964 -9.43654242784
0.940144354749 7.38430762008 -9.46041609556

/group/RPA_014/96
96
posId 96
0.997546591357 7.34877406214 -9.53257553451
1.03158077605 7.34745506533 -9.56469077939
1.06057442084 7.35736794252 -9.59376755188
1.08274677672 7.37673193764 -9.6178375844
1.0977927236 7.40194817857 -9.63605094467
1.10648965107 7.42899452064 -9.64851982173
1.11003392698 7.45486829095 -9.65591297092
1.10945866037 7.4784360006 -9.65903505294
1.10537882124 7.50036395869 -9.65857378681
1.09809257282 7.52225807592 -9.65506228788
1.0878645463 7.54550486806 -9.64896767834
1.07513774304 7.57040286377 -9.64075712115
1.06050162201 7.59597039444 -9.63083759614
1.04442932715 7.62043298634 -9.61938222221
1.02697311083 7.6420395311 -9.6061680556
1.00766596419 7.65971550681 -9.59058434901
0.985778294649 7.67319822344 -9.57189735664
0.96087135127 7.68262690658 -9.5497120897
0.933389403782 7.68789158078 -9.52443333077
0.90495853316 7.68819290021 -9.49748086649
0.878166189702 7.68214670231 -9.47109641905
0.855840585156 7.66844658005 -9.44776245256
0.840111738926 7.6467531326 -9.4294489104
0.831677923201 7.61830507385 -9.41701171596
0.829638776287 7.58585114693 -9.41002369112
0.832007658686 7.55283970588 -9.40713497091
0.836695866644 7.52220187113 -9.4068182562
0.842526426654 7.49531087321 -9.40816958191
0.849804789519 7.47165378975 -9.41139918142
0.860168988019 7.44942152447 -9.41778102073
0.875772959878 7.4267675727 -9.42907317209
0.898166188541 7.40313584543 -9.44666054495
0.927372687211 7.37999586095 -9.47079467832

/group/RPA_014/99
99
posId 99
0.990609232695 7.34911451776 -9.53756273919
1.0270345446 7.34383559146 -9.57074690051
1.0579279069 7.35081642288 -9.60072268965
1.07996182069 7.37105192744 -9.62454063248
1.09196887857 7.40256069477 -9.64079346819
1.09500940102 7.44086268704 -9.6497556846
1.09160148419 7.48046179811 -9.65290119988
1.08451600113 7.51670401438 -9.65207466374
1.07570474733 7.54720793142 -9.64871878935
1.06581577807 7.57226743235 -9.64348595007
1.05442619372 7.59410713593 -9.63633664156
1.04076125728 7.61539544514 -9.62697360927
1.0244532528 7.63773567192 -9.61530959693
1.00592466625 7.66081829534 -9.6016898128
0.986227005368 7.68255947625 -9.58676349679
0.966486442279 7.7000614032 -9.5711195417
0.947324855848 7.71085513355 -9.55494428444
0.928624908538 7.71380435006 -9.5379464926
0.909796418811 7.70928119787 -9.51963430884
0.890399980236 7.69863430678 -9.49981279903
0.870762613273 7.68333197307 -9.47902213802
0.852205134547 7.66429311906 -9.45864308121
0.836704776471 7.64175991783 -9.4405614313
0.826131134927 7.61572058464 -9.42652184869
0.821446664833 7.58655846227 -9.41748471176
0.822311249409 7.55547157805 -9.41332377023
0.827337670642 7.52434836648 -9.41304493792
0.834904694837 7.49511945334 -9.41544225872
0.844123820721 7.46894192565 -9.41987064758
0.855442708762 7.44571562982 -9.42673229356
0.870522888188 7.4242879549 -9.4373951464
0.8913833762 7.40333845864 -9.45353429036
0.919180685655 7.3825385945 -9.476177608

