/group/RPA_011/0
0
posId 0
2.06421637077 7.50797224389 -9.63285922818
2.04423555219 7.50688959554 -9.66582296459
2.02302833046 7.50493103213 -9.69610406155
2.00100153057 7.50224037017 -9.72373929502
1.97835742768 7.49890442413 -9.74883594675
1.95510950801 7.49493928744 -9.77146108058
1.93113843253 7.49029301586 -9.79154718643
1.90627719599 7.48486461836 -9.80883526769
1.88040856204 7.47853594856 -9.82286880797
1.85355516661 7.47121038322 -9.83304160067
1.82594378471 7.46285062402 -9.83869124482
1.7980299832 7.4535078944 -9.83922044713
1.77047685545 7.44333626371 -9.8342220796
1.74409033093 7.43258855638 -9.82358249879
1.71972198316 7.4215937793 -9.80754127758
1.69815668965 7.4107195607 -9.78669356209
1.68000567284 7.40032604676 -9.76193219396
1.66562473928 7.39071946743 -9.73433840102
1.6550730505 7.38211380641 -9.70503996669
1.64812034682 7.37460763214 -9.67506234064
1.64430161129 7.36818041711 -9.64519983817
1.64300940753 7.36270910451 -9.61593052927
1.64360721413 7.35800194898 -9.5873902996
1.64554331797 7.35384347227 -9.55941043119
1.64844491436 7.35004233937 -9.53161105065
1.65217594906 7.346473461 -9.5035322512
1.65684915269 7.34310675448 -9.47477765259
1.66279131287 7.34001752419 -9.44514298193
1.67046944705 7.33737686704 -9.41470534867
1.68039253597 7.33542420568 -9.38385663435
1.69300754615 7.3344272985 -9.35327529827
1.708608885 7.33463726069 -9.32384278693
1.72727719016 7.33624685378 -9.29652131
1.74885716339 7.33935944951 -9.27221695935
1.77297629185 7.34397384007 -9.25165461777
1.79909833538 7.34998690698 -9.23528838488
1.82659897098 7.35721270765 -9.22326391436
1.8548472273 7.36541346696 -9.21543858696
1.88327600218 7.37433586525 -9.21145392476
1.91142802788 7.38374528269 -9.21084436348
1.93896944061 7.39345140728 -9.21315946697
1.96567038799 7.40332065904 -9.21807425897
1.99135935147 7.41327378864 -9.22546500885
2.01586356957 7.42327017163 -9.23543497866
2.03895094992 7.43328309265 -9.248284865
2.06028853912 7.44327213835 -9.26443389869
2.07942905322 7.45315932989 -9.28430755273
2.09583089725 7.46281473619 -9.30821456898
2.10890977911 7.47205521125 -9.33623820764
2.11811297136 7.48065703516 -9.36816382957
2.1230019682 7.48838020514 -9.40345771308
2.12332685147 7.4949995514 -9.4413018371
2.11907666751 7.5003362786 -9.48067827281
2.11049438102 7.50428329158 -9.52048703672
2.09805169852 7.50681881313 -9.55967472598

/group/RPA_011/3
3
posId 3
2.02987643723 7.47690973192 -9.67308061642
2.00769318026 7.47422972672 -9.70358476521
1.9845042547 7.47107952921 -9.73319242771
1.96045708224 7.46742509154 -9.76136189423
1.93556558983 7.46315699771 -9.78734777639
1.90976751535 7.45811672425 -9.81024861263
1.88300653134 7.45213672265 -9.82909109853
1.85532201019 7.44508683288 -9.84293915936
1.82692639311 7.43691779877 -9.85101091415
1.79825150193 7.42769277378 -9.85278436785
1.76995063076 7.41759971713 -9.84807391508
1.74285186341 7.40694112669 -9.8370642853
1.7178680734 7.3961019483 -9.82029560477
1.69587841618 7.3855008613 -9.79860150544
1.67760283319 7.37553357602 -9.77301014518
1.66349367017 7.36651857454 -9.74462414982
1.65366629953 7.35865548798 -9.71449872163
1.64788393833 7.35200404954 -9.68353692442
1.64560190586 7.34648771823 -9.652417561
1.6460652941 7.34192138614 -9.62156485239
1.64844365687 7.33805798746 -9.5911615359
1.65197893712 7.33464523107 -9.56119948123
1.65611994663 7.33148179099 -9.53155587484
1.66061890348 7.3284624769 -9.50207950668
1.66557242105 7.32560411836 -9.47267123771
1.67139959034 7.3230476743 -9.44334523787
1.67876140377 7.32103665876 -9.41426239123
1.68843646781 7.31987643599 -9.38573327443
1.70117567895 7.31988240581 -9.35819405312
1.71756183659 7.32132690937 -9.33216332524
1.73789848393 7.32439452162 -9.30819051471
1.76214604669 7.32915335359 -9.28680652664
1.78991392064 7.33554653557 -9.268485203
1.82050648734 7.34340394002 -9.2536203377
1.85301126077 7.3524702918 -9.24251860711
1.88641038689 7.362442896 -9.23540481419
1.91969380964 7.37301085212 -9.2324332419
1.95195397938 7.38388803413 -9.23369821152
1.98244747813 7.39483413172 -9.23923821874
2.01061703625 7.40566116614 -9.24903086451
2.0360762875 7.41622638713 -9.26297942576
2.05856732895 7.42641553958 -9.28089534725
2.07790611108 7.43612248549 -9.30248325411
2.09393193026 7.44523166168 -9.32733562034
2.10647472178 7.45360877483 -9.35494274854
2.11534819869 7.46110276801 -9.38472047781
2.1203695577 7.46755901011 -9.41605374208
2.12139923146 7.4728405956 -9.44834974653
2.11838870822 7.47685232138 -9.48109117996
2.11142203433 7.47956088932 -9.51387843034
2.10073781955 7.48100542772 -9.54645072467
2.08672310018 7.481294439 -9.57867946153
2.06987723006 7.48058833141 -9.6105321931

/group/RPA_011/6
6
posId 6
1.99597840856 7.40683854857 -9.71113625446
2.02018648617 7.41061217903 -9.6795711095
2.04261039816 7.41383548319 -9.64819660438
2.06249065609 7.41631503761 -9.61741433386
2.079114761 7.41782007056 -9.58721411209
2.09192531491 7.41812887607 -9.55726494612
2.10058666805 7.41707208448 -9.52708612494
2.10499278983 7.41456232935 -9.49626009957
2.10521696817 7.41060406953 -9.46463665721
2.10142166308 7.40528304862 -9.43247801741
2.09375922028 7.39874049192 -9.40050727408
2.08229752178 7.39114110293 -9.36984517242
2.066997865 7.38264515779 -9.34184705771
2.04775714123 7.37339320922 -9.31787627651
2.02450687832 7.36350765102 -9.29906617222
1.99734338225 7.35310989994 -9.28612603048
1.96665133834 7.34234681105 -9.27923599803
1.93318144739 7.33141664606 -9.27805464806
1.89805192376 7.320584445 -9.28183580229
1.86266191129 7.31017920387 -9.28962518328
1.8285275042 7.30057018333 -9.30048890253
1.79707217925 7.29212563552 -9.31371920172
1.76941736202 7.28516258937 -9.32896969855
1.74622162548 7.27989956089 -9.34629068946
1.72760754624 7.2764241849 -9.36606001745
1.71319560051 7.27468465304 -9.38883023979
1.70223943319 7.27450822274 -9.41513202777
1.69383262959 7.27564335942 -9.4452823101
1.6871398829 7.27781604126 -9.47924188972
1.68159958779 7.28078699977 -9.51655260804
1.67705193791 7.28439622541 -9.5563628408
1.67376481944 7.28858411478 -9.59752798853
1.67235459502 7.29338443652 -9.63875546416
1.67362402704 7.29889138055 -9.67875572297
1.67835881265 7.30520950952 -9.71636372952
1.6871327825 7.31239975857 -9.75060752597
1.70016780344 7.3204356025 -9.78071833807
1.71727911771 7.32918086939 -9.80609462613
1.73791440439 7.33839510538 -9.82624546954
1.7612711685 7.34776532458 -9.84074303967
1.78645823843 7.35695623825 -9.84920860175
1.81265787057 7.36566638152 -9.85134325534
1.83924730671 7.37367613646 -9.84699755503
1.86585159351 7.38087582643 -9.83625846744
1.89231927822 7.38726723338 -9.81952269294
1.91863375388 7.39293869885 -9.79752533455
1.94478984406 7.39802063317 -9.77130268701

/group/RPA_011/9
9
posId 9
2.0322045611 7.32369564758 -9.66062998308
2.00652499699 7.31853762274 -9.69101271263
1.98048009033 7.31294785514 -9.71791771653
1.95491487698 7.30721726924 -9.74166746469
1.93004726458 7.3014432943 -9.762589613
1.90564459001 7.29555803704 -9.78072856101
1.8813162469 7.28940223614 -9.79566482345
1.85681904841 7.28281867509 -9.80650372895
1.83227407427 7.27573456782 -9.81204251794
1.80822799835 7.26820793094 -9.81106933758
1.78554647968 7.26042603913 -9.80270616182
1.76518402863 7.25266030714 -9.78669315118
1.74791533086 7.24519603887 -9.76352886127
1.73412436415 7.23826293522 -9.73442369711
1.72372647302 7.23199080881 -9.70107970118
1.7162522111 7.22640530385 -9.6653609107
1.71106575258 7.22146392879 -9.62894942992
1.70764365669 7.21711829794 -9.59308378758
1.70581742865 7.21337899915 -9.55844812434
1.70589326761 7.21035815953 -9.52523250373
1.70860166705 7.20827206543 -9.49333158229
1.71488551518 7.20739973575 -9.46260770875
1.72558980038 7.20800867086 -9.43312793851
1.74115100118 7.21027098269 -9.40529716211
1.76138787922 7.21419765804 -9.3798468787
1.78546586135 7.21961410825 -9.35768862334
1.81205338767 7.22618767643 -9.33968646446
1.83962740584 7.23350128458 -9.32642960032
1.86683616996 7.24115217689 -9.31808538809
1.89280664595 7.24884573555 -9.31438554603
1.91729839787 7.25645469833 -9.31475294381
1.94065192997 7.26402395637 -9.3185282795
1.96354311789 7.27171758928 -9.32522091246
1.98661684333 7.27972286975 -9.33469785144
2.01011290822 7.28813999446 -9.34724306055
2.03360289974 7.29689179002 -9.36346028221
2.05592564687 7.30568270618 -9.38404343616
2.07535037612 7.31402236432 -9.40948295031
2.0899283793 7.32130993786 -9.43979964421
2.09793682118 7.32695743687 -9.47439214185
2.09828977173 7.33051809293 -9.51205054074
2.09080038798 7.33178412863 -9.55113836787
2.07622164409 7.3308268498 -9.5898925648

/group/RPA_011/12
12
posId 12
2.05580238656 7.22823278562 -9.62281880391
2.03773464898 7.22445866099 -9.66161575755
2.01579974708 7.21931806913 -9.69394540754
1.9913065953 7.2131932277 -9.71987386974
1.96559033975 7.20650730972 -9.74034892797
1.93974838717 7.19961954804 -9.75645131302
1.91444611019 7.1927429746 -9.76871001198
1.88987495222 7.18591953098 -9.77676553447
1.86588828849 7.17906469643 -9.77950778836
1.84226822352 7.17206504736 -9.77560915289
1.81901987223 7.16488939807 -9.76420583459
1.79657343397 7.15766723074 -9.74542160145
1.7758070914 7.15070036889 -9.72050079008
1.75787363659 7.14440061623 -9.69148929655
1.74389300463 7.13917650779 -9.66059861755
1.73462916663 7.13531381176 -9.629524625
1.73027942307 7.13289790818 -9.59901143002
1.73046209883 7.1318099377 -9.5688439377
1.73441109133 7.13179908384 -9.53826675962
1.74130349606 7.13260250105 -9.50664214649
1.75059268582 7.13406483267 -9.47405524404
1.76221555062 7.13620901212 -9.44159649597
1.77659074729 7.13922925401 -9.41118975243
1.79440556455 7.14340801664 -9.38503155306
1.81627022106 7.14898873291 -9.36487774743
1.84236806865 7.15605318379 -9.35148427677
1.87222935328 7.16444984365 -9.34444793632
1.90470652478 7.17379875517 -9.34252465122
1.93815170371 7.18356828674 -9.34429773451
1.97072340418 7.19319194672 -9.3489138194
2.00070888591 7.20218018987 -9.35656650248
2.02675503521 7.21018773416 -9.36850528167
2.04794895979 7.2170182493 -9.38654133192
2.06375700186 7.22257582746 -9.41223216674
2.07388806583 7.22679450697 -9.44606654516
2.07817014871 7.229584138 -9.48698020061
2.07650960323 7.23082049387 -9.53240684655

/group/RPA_011/15
15
posId 15
1.83282338642 7.07247463675 -9.57745063254
1.82561042178 7.07333170129 -9.52233526255
1.82575195976 7.07563923102 -9.47639785997
1.83395295955 7.07940283234 -9.44321723949
1.85022214124 7.08467853048 -9.42170574614
1.87382781781 7.09148155784 -9.40772303243
1.90333378249 7.09965572304 -9.39690653461
1.9367155345 7.10878095433 -9.38715049819
1.97157985519 7.11818737655 -9.37947124701
2.00549832678 7.12709285693 -9.37697159275
2.03641095893 7.13481397449 -9.38268716058
2.06298844082 7.14095524265 -9.39765592494
2.08480920873 7.14548505463 -9.42030931378
2.10224743382 7.14865974871 -9.4474216175
2.11607799715 7.15083240585 -9.47590885107
2.12693765274 7.15224050384 -9.50430210908
2.13486821238 7.15287550241 -9.53299314146
2.13915360709 7.152493276 -9.56316991732
2.13854266008 7.15075127721 -9.59520873939
2.13177457728 7.14739578335 -9.62763871656
2.11817892319 7.14240315218 -9.65742669599
2.09808036449 7.13601073874 -9.68147169781
2.07282474782 7.1286358657 -9.69838063408
2.04441679518 7.12073893916 -9.70933975005
2.01493607613 7.11270832237 -9.71738465039
1.98599140391 7.10482101237 -9.72533816401
1.9584419862 7.09728177939 -9.73355812466
1.93247781675 7.09029640039 -9.7388769907
1.90798352124 7.08411950404 -9.73553963992
1.88499194886 7.07904118753 -9.71784978284
1.86401723209 7.07532182272 -9.68323316286

/group/RPA_011/18
18
posId 18
2.12077082955 7.06903315666 -9.48765755273
2.09275468739 7.06726072051 -9.45410044355
2.05846122745 7.0630191233 -9.42824510281
2.02022814367 7.0566084307 -9.41177375121
1.98066996986 7.0486506029 -9.40446430028
1.94229238819 7.03992016698 -9.40479297686
1.90717349363 7.0311301742 -9.41097672783
1.87677247354 7.02276245214 -9.42190207424
1.85188552538 7.01500891763 -9.43748292554
1.83273073398 7.0078379659 -9.45831400959
1.81911801297 7.00114267705 -9.4848647138
1.81065043035 6.99489346823 -9.51669244473
1.80690697284 6.98922244089 -9.5521268814
1.80756916054 6.98440597199 -9.58860835294
1.81247049234 6.98076495026 -9.62350288169
1.82156593599 6.97854141297 -9.65495765577
1.83483715968 6.97781713193 -9.6823415231
1.85216583921 6.97851231641 -9.70604389191
1.87321823816 6.98045712846 -9.72675751088
1.8973843351 6.98348998684 -9.74465515184
1.92380062536 6.98752499518 -9.75893220696
1.95145860222 6.99255146694 -9.76799052929
1.97936827157 6.99856910078 -9.77018646187
2.00671994656 7.00549997838 -9.76474626466
2.03298012809 7.01313224925 -9.75233919355
2.05787493742 7.02113249401 -9.73495913943
2.08125397083 7.02912415448 -9.715122158
2.10287533493 7.03679011345 -9.69475556411
2.12219035346 7.04394079372 -9.67433976764
2.13821752124 7.05050537834 -9.65276321466
2.14957268984 7.05644540249 -9.62800730409
2.15467235361 7.06163520728 -9.59836250852
2.15206679741 7.06577782274 -9.56360013615

/group/RPA_011/21
21
posId 21
2.12205940332 6.99001602954 -9.49314484695
2.09281094214 6.99122857389 -9.45591530063
2.06033242621 6.99055742278 -9.42510652017
2.02706363456 6.98771773071 -9.40478297716
1.99448130274 6.98274999374 -9.39629338973
1.96308466032 6.97603597883 -9.39817228966
1.93287551676 6.96818055788 -9.40726405975
1.90402352869 6.95981745118 -9.42043981359
1.87733149114 6.95143080519 -9.43602035063
1.85424427539 6.94327218904 -9.45421889012
1.836404856 6.93540141875 -9.47645892195
1.8250110863 6.92781657426 -9.50401595497
1.82033448474 6.92059602724 -9.53676772511
1.82167186271 6.91397427929 -9.57274720472
1.8277628359 6.90831298567 -9.60873494763
1.83745023394 6.90398672215 -9.64155310222
1.85022470186 6.90124865517 -9.66934198494
1.86635349388 6.90015041799 -9.69211440578
1.88651662984 6.90055906513 -9.71128277607
1.91114266808 6.90225956537 -9.72842234889
1.93980682655 6.90508363639 -9.74396281922
1.97103236971 6.90899078213 -9.75655546894
2.0026296819 6.91405346467 -9.76350878997
2.03242247786 6.92035159261 -9.76210648522
2.05899710151 6.92783326432 -9.75112601652
2.08208394034 6.93622069722 -9.73173261853
2.10235871294 6.94501978054 -9.70721949964
2.12074728869 6.95363855468 -9.68165492967
2.13757935254 6.96156168178 -9.65807735462
2.1520272548 6.96849554418 -9.63714512607
2.16213640131 6.97440998321 -9.61695072402
2.1654651623 6.97945322465 -9.59414089836
2.16004988469 6.98378096377 -9.56582837111

/group/RPA_011/24
24
posId 24
2.04213715605 6.91808502043 -9.39580627201
1.98912545161 6.90980590728 -9.38674780975
1.9408847702 6.90099757535 -9.3847379653
1.90214647958 6.89229336173 -9.39110168503
1.87471395435 6.8839339647 -9.40634740027
1.85747280582 6.87584843731 -9.42978041254
1.8475046485 6.86786138696 -9.45953053561
1.84172682525 6.85991236319 -9.49301178632
1.83828790271 6.85217857328 -9.52762663748
1.83712797762 6.84505038727 -9.56140961003
1.83955932671 6.83898825066 -9.59333516996
1.84720461604 6.83434813641 -9.62317895971
1.86090754945 6.83127153895 -9.65103756036
1.88017896908 6.82969333628 -9.67677224812
1.90340770823 6.82945193353 -9.69966733648
1.92863974274 6.83042933289 -9.7184733817
1.95443974663 6.83263483394 -9.73180314937
1.98034223727 6.83618162947 -9.73866782673
2.00666475605 6.84117002164 -9.73887362771
2.03383615264 6.84754788152 -9.73307642862
2.06167356587 6.85503592652 -9.72247139164
2.08906589867 6.86317185072 -9.70828121397
2.11427721041 6.87146067164 -9.6913043242
2.13570855765 6.87955512165 -9.67174467395
2.15266445514 6.88736533624 -9.64939169138
2.16563164673 6.89502732961 -9.62403507686
2.17582743541 6.90273147699 -9.59588155403
2.18418686774 6.91048909178 -9.56574986744
2.1903109509 6.91795640683 -9.53494856266
2.19199129152 6.92441703536 -9.50491740973
2.18568995389 6.92895252683 -9.47684170762
2.16789009124 6.93073990494 -9.45145946018
2.136771746 6.92935001938 -9.42916854089

/group/RPA_011/27
27
posId 27
2.03468408246 6.84341334421 -9.36118760837
1.99341973202 6.83564742917 -9.35964417304
1.95416921144 6.82707014484 -9.36516247432
1.92070404595 6.81825990507 -9.3786546873
1.89532524298 6.80970862004 -9.39986140716
1.87828555412 6.80172767654 -9.42724370461
1.86803793192 6.79442691562 -9.45839023707
1.86218218879 6.78777115933 -9.49076653833
1.85867490574 6.78168627886 -9.52247416614
1.85676036508 6.77616679228 -9.55268229162
1.85721994065 6.77133819815 -9.58154665151
1.86185737659 6.76744879001 -9.60966979619
1.87248867424 6.76479757809 -9.63737061173
1.88992587183 6.76363273642 -9.66411985686
1.9134340006 6.76406642019 -9.68841997225
1.94090808547 6.76604227495 -9.70819790119
1.96967367236 6.76936653164 -9.72153676312
1.9975219527 6.77378440489 -9.72740953957
2.02348554458 6.7790641011 -9.72607193637
2.04799066498 6.78504969662 -9.71892581089
2.07232240216 6.79166126504 -9.70790778532
2.09766848494 6.79884721006 -9.69467702824
2.12420753296 6.80651685879 -9.67996968592
2.15068568651 6.81449001322 -9.6634114965
2.17469184707 6.82249052147 -9.64386983596
2.19350781121 6.83018806888 -9.62017926446
2.20513417696 6.83726772008 -9.59190492523
2.20900728002 6.84349250006 -9.55979396557
2.20606807741 6.84872761088 -9.52571206891
2.19815269708 6.85291428541 -9.49210093896
2.18700033479 6.85600738195 -9.4612116174
2.17336214622 6.85791075203 -9.43446620332
2.15665371817 6.85844801344 -9.41223252364
2.1353401536 6.85739116002 -9.39409597299
2.10789394869 6.85454202295 -9.37947527028

/group/RPA_011/30
30
posId 30
2.07271857834 6.7638448761 -9.36962347906
2.02010216882 6.7532980069 -9.36371230711
1.97242637867 6.74299065047 -9.36606072036
1.93603647049 6.73420487747 -9.37727717937
1.91380056881 6.7275346646 -9.39748825782
1.90424988938 6.72271819445 -9.42619444571
1.90267540109 6.71889158164 -9.4620454687
1.90368651185 6.71514431492 -9.50269103977
1.90394456972 6.71108414463 -9.54491390045
1.90368213076 6.70710808552 -9.58514458595
1.90627884387 6.70423701926 -9.62023863552
1.91621188979 6.70361172248 -9.64820209229
1.93653652504 6.70592853244 -9.66851709819
1.96721924312 6.71111139188 -9.68189142474
2.00508629597 6.71837007451 -9.68954932908
2.04522964887 6.72657574843 -9.69242757797
2.08297912607 6.73472517275 -9.69069016768
2.11539577502 6.74225012606 -9.68379259675
2.1416805987 6.74905179157 -9.67101565904
2.16258497657 6.75531119683 -9.65213166886
2.17940565427 6.76123708118 -9.62781160171
2.19318402724 6.76690347589 -9.59955481531
2.20437680116 6.77222657228 -9.56921200303
2.21284417225 6.77701923223 -9.53840019996
2.21783746873 6.78102326265 -9.5081447925
2.21785567155 6.78387513386 -9.47892005701
2.21058567327 6.78505809361 -9.45101094589
2.19331629454 6.78394785709 -9.42494233889
2.16401323199 6.7800166155 -9.40171743344

/group/RPA_011/33
33
posId 33
2.00684996341 6.65923753301 -9.3816102274
1.96787127577 6.64977710509 -9.40553435813
1.93827662763 6.64247828379 -9.43561114417
1.9205497735 6.63794990014 -9.46969933744
1.91389319455 6.6360191594 -9.50615507583
1.9150672152 6.63593167118 -9.54368971299
1.92046045845 6.63684653113 -9.58086260259
1.92821586336 6.63834356189 -9.6156759963
1.93918743857 6.64064895515 -9.64566260081
1.95616553747 6.64444572067 -9.6685171393
1.98180794273 6.65037572565 -9.68293673685
2.01647472065 6.65852200209 -9.6891481221
2.05724338899 6.66817723772 -9.68873994789
2.09872519514 6.67804528252 -9.68381360925
2.13528466939 6.68677729732 -9.67588329264
2.16346516003 6.69355311934 -9.66514021244
2.18329989879 6.69839095216 -9.65052262567
2.19781010128 6.70202006198 -9.63058768512
2.21100068523 6.7053945877 -9.60471442321
2.22548379204 6.70912269368 -9.57395199144
2.24102859047 6.71312346636 -9.54099860255
2.25477039011 6.71668549712 -9.50926896751
2.26285271779 6.71886899355 -9.48152007545
2.26248257508 6.71900287939 -9.45876710466
2.25320379534 6.716988214 -9.44008059069
2.23671952756 6.71324838232 -9.42338620844
2.21549385949 6.70838457869 -9.40684890314
2.19109284247 6.70277100853 -9.3901121998
2.1633539085 6.69635385925 -9.37475049754
2.13093093609 6.68878565616 -9.36372248764
2.09288321793 6.67981337922 -9.36014299032

/group/RPA_011/36
36
posId 36
2.21177548816 6.63061733146 -9.48376500421
2.21790789691 6.63684444485 -9.53187982227
2.21356130423 6.63959487971 -9.57331614311
2.19934797477 6.63878762786 -9.605468143
2.17756207951 6.63507745394 -9.62867620509
2.15128993797 6.62952138715 -9.645255931
2.12331343046 6.62313165327 -9.65792149802
2.09529053551 6.61652078292 -9.66838808959
2.06754482529 6.6097863798 -9.67675912354
2.03949547224 6.60265851025 -9.68185011253
2.01046092554 6.59480604774 -9.68211951014
1.98041678496 6.58613197885 -9.67661420377
1.95034780806 6.57691088369 -9.66541204608
1.92206357959 6.56771699785 -9.64939069432
1.89762226803 6.55920491636 -9.62956393653
1.87868584136 6.55187668697 -9.60647059873
1.86612845997 6.545963273 -9.58004504702
1.86005090811 6.54147249113 -9.55008136174
1.8601184274 6.5383545346 -9.51701210492
1.86596855424 6.53666754329 -9.48248730361
1.87742050129 6.53662785009 -9.4493052214
1.89436069061 6.53850107406 -9.42059151759
1.9163944476 6.54239060862 -9.39856553219
1.9425156823 6.54805174688 -9.3835254301
1.97105838232 6.55485976928 -9.3736504909
2.00004318643 6.56198454747 -9.36585061895
2.02779864924 6.56871055255 -9.35736313345
2.05355004111 6.57475047649 -9.34737509569
2.07763902376 6.58038459108 -9.33786424305
2.10119464147 6.5863306376 -9.33316837137
2.12534862248 6.59337807871 -9.33837383597
2.15033823848 6.60194227306 -9.35718140109
2.17493406642 6.61174569911 -9.39018217715

/group/RPA_011/39
39
posId 39
2.23102183364 6.55938815111 -9.48886189613
2.23541404927 6.57141675111 -9.53616273875
2.23091681846 6.57936021169 -9.57786884531
2.21815996298 6.58264529724 -9.61053847418
2.19866041037 6.58167520457 -9.63381870377
2.17432477579 6.57756888918 -9.64998962055
2.14690529401 6.57165085022 -9.66246428533
2.11763957224 6.56493032812 -9.67398144618
2.08720770409 6.55780079254 -9.68532921437
2.05598364496 6.55007291416 -9.69513600697
2.02441917113 6.54128827168 -9.700722881
1.99334543993 6.5311304125 -9.69950562064
1.9640322726 6.51971769022 -9.69021371091
1.93797713481 6.50763980438 -9.67335154847
1.91653520794 6.4957423149 -9.65076325101
1.90057826588 6.48479428792 -9.62463673697
1.89034719815 6.47522623005 -9.59654647355
1.88555693028 6.46707486366 -9.56705928849
1.88568150176 6.46014932177 -9.53607034318
1.89026036649 6.45430834921 -9.50360295225
1.8990682139 6.44967841601 -9.47053866311
1.91207555214 6.44667997132 -9.43878984715
1.92924721652 6.4458417579 -9.41075871661
1.95031450291 6.44750819556 -9.38835791794
1.97466571477 6.45161221324 -9.37215473293
2.00142561034 6.45765644366 -9.361174975
2.02967870313 6.46493297075 -9.35356465383
2.05869997066 6.47287565707 -9.34783102095
2.08804227038 6.48135407553 -9.34402659743
2.11740403191 6.49073364376 -9.34420396507
2.14632615926 6.50163962325 -9.35179471979
2.17387628574 6.51451766012 -9.37010111078
2.19850997904 6.52920038362 -9.40056420625

/group/RPA_011/42
42
posId 42
2.25930942227 6.48993161181 -9.49587325629
2.25996785154 6.50868606748 -9.54290102367
2.25357335094 6.52259364264 -9.58446028282
2.2404762892 6.53078937947 -9.61801229527
2.22147489778 6.5334894711 -9.64333121907
2.19768181699 6.53175872872 -9.6620427161
2.17036424725 6.52703805464 -9.67657821542
2.14079237123 6.52062056092 -9.688990618
2.11012163753 6.51327099018 -9.7001013356
2.07932166714 6.50511342602 -9.70928394366
2.04915262846 6.4957979013 -9.7149105887
2.0201818547 6.48484539052 -9.71521269833
1.99282971688 6.47200764909 -9.70915101085
1.96743282836 6.45748676668 -9.6969122122
1.94431244856 6.44193191587 -9.67983423109
1.92383522262 6.42623377039 -9.65982472461
1.90645254617 6.41122502076 -9.6385616578
1.89270570099 6.39743092679 -9.61685430636
1.88318854377 6.38498333552 -9.59446096106
1.87846877316 6.37373064449 -9.57044489015
1.87898118149 6.36348227113 -9.54389938113
1.88491806851 6.35426200379 -9.51469811318
1.89614834614 6.34643930028 -9.48390744666
1.91219392969 6.34066393256 -9.45364324411
1.93227879863 6.33762243744 -9.42640419947
1.95544548813 6.33772282057 -9.40415731577
1.98071194549 6.34085645063 -9.38758036701
2.00722620752 6.34636191002 -9.3758197794
2.03437337799 6.35323258533 -9.36691434608
2.06180116841 6.36050214991 -9.35875018186
2.08935400197 6.36765612907 -9.35017078408
2.1169341494 6.37489219969 -9.34177350407
2.14433229659 6.38310103427 -9.33602543035
2.17108124153 6.39354629113 -9.33659214076
2.19638105945 6.40734469348 -9.34708893187
2.21912358817 6.42493493115 -9.36970716901
2.23801504275 6.44573998701 -9.40423694074

/group/RPA_011/45
45
posId 45
2.24530503888 6.38892773106 -9.49347585776
2.26266279165 6.41552709695 -9.52469283322
2.27248147461 6.43735975212 -9.55375929917
2.2738239762 6.45285618258 -9.57876554966
2.26672588853 6.46206146946 -9.59975969089
2.25217920409 6.46641250796 -9.61838581395
2.23186380162 6.46801713167 -9.63688097233
2.20772398074 6.46874403396 -9.65687459428
2.18153576944 6.46950092234 -9.67851149853
2.154602005 6.46998312504 -9.7002664024
2.12765316028 6.46896156442 -9.71950513796
2.10094961592 6.4649449969 -9.73351837861
2.07451029198 6.45690090819 -9.74055570782
2.04836037212 6.44471616553 -9.74040736088
2.02270564722 6.42921765553 -9.73430334447
1.99799017822 6.41178524394 -9.72421796441
1.97485128592 6.39377401051 -9.71193357693
1.95402447715 6.37603558619 -9.69830986606
1.93625585413 6.35876028796 -9.68308657759
1.92225385958 6.34169065757 -9.66528001145
1.9126740269 6.32456880869 -9.64394689142
1.90810285669 6.30756656535 -9.61891998556
1.90900594261 6.29146264256 -9.59114629345
1.91563153029 6.27746558561 -9.56246439371
1.9278987464 6.26676707373 -9.53494044267
1.94532705086 6.2600545423 -9.51010372942
1.96706168431 6.25724191217 -9.48847423106
1.99201517456 6.25757524448 -9.46963018452
2.01909110887 6.26008380679 -9.45279233923
2.04740898754 6.26416645198 -9.43763483564
2.07643337584 6.27001822723 -9.42490192301
2.10593905391 6.27865886354 -9.41648295193
2.13580850636 6.29150230899 -9.41484621653
2.16573291818 6.30962499846 -9.42204139464
2.19493972265 6.33304786611 -9.43870444272

/group/RPA_011/48
48
posId 48
2.26800695203 6.35161257183 -9.57349784731
2.26947369834 6.38065161725 -9.61024555895
2.26337848293 6.4014257958 -9.64155267007
2.2501080376 6.4134008568 -9.66645251727
2.23077355355 6.41848288208 -9.68664429915
2.20706192165 6.41978993772 -9.70499956139
2.1808960338 6.42000573905 -9.72365902183
2.15401349823 6.42012987498 -9.74270259925
2.12761817835 6.41920591479 -9.76004045406
2.10223633651 6.41509236543 -9.77251699801
2.07782679261 6.4058119069 -9.77758878869
2.05408928027 6.39074263187 -9.77465766919
2.03083529293 6.37103345913 -9.76535071498
2.00826728487 6.34906185788 -9.7526186593
1.98706177167 6.3272690381 -9.73916218106
1.96824407074 6.30703149935 -9.72605184328
1.95293244564 6.28819047857 -9.71229564566
1.94207575446 6.26948819625 -9.69559082688
1.93629309148 6.24965577585 -9.67385181261
1.93585924122 6.22853495049 -9.64667970122
1.94080211059 6.20759032009 -9.61596024205
1.95102762934 6.18949619787 -9.58523861995
1.96638728864 6.17698779037 -9.55817747535
1.98664921567 6.17157901999 -9.53690919022
2.01139718054 6.17284395144 -9.52117200662
2.03992707111 6.17867785945 -9.50872237435
2.07121287377 6.18643964195 -9.49684505234
2.10397439027 6.19439879536 -9.48418796732
2.13682086792 6.20272316699 -9.47194633182
2.16840243122 6.2134550236 -9.4637251465
2.19749950495 6.22943209053 -9.46407273091
2.22302093482 6.25265865199 -9.47636294908
2.24394140344 6.28293573913 -9.50105713023

/group/RPA_011/51
51
posId 51
2.29630974868 6.29426601675 -9.6126399194
2.3004009779 6.32915495002 -9.64853278252
2.29767555199 6.35688706598 -9.68111777
2.28737082818 6.37498662454 -9.70816831293
2.26966712588 6.38363040733 -9.7297580198
2.24590747343 6.38522099581 -9.74763866194
2.21830869808 6.38305703781 -9.7639623858
2.18927969716 6.37975592367 -9.77999599037
2.16067089293 6.37617841283 -9.79543821063
2.13332060307 6.37132853617 -9.80861650406
2.10711560796 6.36320193753 -9.81738620051
2.08152048956 6.35008862154 -9.82021528206
2.05628968694 6.33163655218 -9.81688015934
2.03198330838 6.30914347014 -9.80843918979
2.01001173738 6.28497142831 -9.79655353443
1.99218159755 6.26144274481 -9.78257151929
1.97997818848 6.23983455523 -9.76690104572
1.97396015631 6.22001210502 -9.74901379524
1.97358695992 6.20087751977 -9.72805965314
1.97757639648 6.18136059939 -9.70372229541
1.98461343366 6.16138391727 -9.67680798241
1.99404610446 6.14225295196 -9.64920587906
2.00620601155 6.12624123902 -9.62321084956
2.02218002094 6.11558702984 -9.60056630632
2.04313908224 6.11144930393 -9.58176244015
2.06955618568 6.11340556194 -9.56601012438
2.10070232513 6.11978838272 -9.5519558508
2.13466861651 6.12870132247 -9.53879266992
2.16889796278 6.13917107216 -9.52717649008
2.20095775259 6.15179145686 -9.5194156638
2.22917502479 6.1684591162 -9.518747162
2.25284162843 6.19127125443 -9.52797575093
2.27193115998 6.2211104597 -9.54809753485

/group/RPA_011/54
54
posId 54
2.33535740028 6.2109840936 -9.61191253897
2.35120239614 6.24662967602 -9.63732037903
2.36105012136 6.27775255545 -9.66225882804
2.36292279731 6.30175824728 -9.68544816677
2.35592139073 6.31772702062 -9.70657147687
2.34050399758 6.32644914364 -9.72611826383
2.31839080786 6.32993737707 -9.74495291114
2.2921183513 6.33060623348 -9.76378557003
2.26438048225 6.33041291791 -9.78275130101
2.23736302374 6.33025264532 -9.80125303169
2.21227875486 6.32979526835 -9.81811619261
2.18923967284 6.32778265399 -9.83198025646
2.16748890855 6.32264032749 -9.84176232523
2.14589558293 6.31315335077 -9.84700457482
2.12353348698 6.29895087841 -9.84796866251
2.10014613888 6.28063409947 -9.84544492531
2.07635051595 6.25953000883 -9.84036050493
2.05352930834 6.23719972887 -9.83335232891
2.03347037051 6.2149184256 -9.82448577116
2.01789314271 6.19334186292 -9.81324174992
2.00802799238 6.17248611522 -9.79878665177
2.00437984921 6.15200973452 -9.78042340436
2.00672897668 6.13165824071 -9.7580442732
2.01433143464 6.11166184512 -9.73239800381
2.02621452827 6.09289682988 -9.70505029747
2.04144230806 6.07672124594 -9.67803281941
2.05925738064 6.06453609241 -9.65329768043
2.07907175181 6.05724663553 -9.63217436938
2.10035153547 6.05485363576 -9.61503250057
2.12248730694 6.05636603562 -9.60128233262
2.14474414066 6.06010702335 -9.58972143546
2.1663425725 6.06432914611 -9.57910610289
2.18665268663 6.06792213288 -9.56873916566
2.20541857709 6.07094268694 -9.55885524901
2.222898986 6.07474364128 -9.55065533579
2.2398282487 6.08161658338 -9.54596926551
2.25716578624 6.09403888401 -9.54666085361
2.27568887672 6.11376771854 -9.55398523241
2.29555820119 6.14109246356 -9.56812652572

/group/RPA_011/57
57
posId 57
2.39162765773 6.22242982472 -9.68063375465
2.39583226851 6.25679802667 -9.7126124648
2.39163514058 6.28428056094 -9.74384897316
2.37962347565 6.30317923943 -9.77216744397
2.36148779128 6.31350523233 -9.79631247508
2.33929172083 6.31670565254 -9.81621681441
2.31469688119 6.31500017754 -9.83290414621
2.28847417141 6.31057705045 -9.8480334995
2.26050004737 6.3049265326 -9.8632207272
2.23022053928 6.29851706327 -9.87935977252
2.19735973501 6.2908783913 -9.89617672718
2.16254124358 6.28100449257 -9.91217596947
2.12752692849 6.26788539931 -9.92500487511
2.09494163684 6.25095673339 -9.93211958774
2.06757551394 6.2303187254 -9.93153171256
2.04754149148 6.20668926147 -9.92239167466
2.03563479808 6.18116679928 -9.90522634535
2.03116340507 6.15494238184 -9.88177173522
2.03232521137 6.12909321521 -9.85447934902
2.03698061717 6.10452356963 -9.82587683558
2.04350393092 6.08202861751 -9.79799522284
2.05136403893 6.06238855872 -9.7720299929
2.06119859051 6.04638720199 -9.7483044831
2.07435925379 6.03469703958 -9.72649318559
2.092128794 6.02765785691 -9.70598214936
2.11494968912 6.02505524592 -9.68622063804
2.1419997747 6.02603707236 -9.66695374501
2.17130421313 6.02926865136 -9.64829710017
2.20034598481 6.03333138567 -9.63068685608
2.22692449363 6.03725384314 -9.61477911815
2.24990342639 6.04098029846 -9.60136844342
2.26953089562 6.04557155108 -9.5913532021
2.28719031875 6.05300938363 -9.58572238765
2.30467656028 6.06561591941 -9.58550454794
2.3232901102 6.0852502523 -9.59162541314
2.34311967997 6.11254655038 -9.60466672156
2.36280810918 6.14646618065 -9.62458384547

/group/RPA_011/60
60
posId 60
2.41764151856 6.19021864197 -9.71096625646
2.41895802567 6.22361965003 -9.74649009671
2.41377503565 6.25020499272 -9.77999191811
2.40267853086 6.2683446591 -9.80919266066
2.38657347072 6.27798536915 -9.83327476126
2.36638973548 6.28042110771 -9.852877189
2.34286545047 6.27771562854 -9.86964391255
2.31647785394 6.2719793057 -9.88548887334
2.28753365577 6.26473743475 -9.90182745371
2.25637016971 6.25658280489 -9.91902675867
2.22357699846 6.24719943105 -9.93624567803
2.19014028213 6.23571447332 -9.95169980376
2.15743996993 6.221226424 -9.96324293908
2.12708483673 6.20330607625 -9.96905486878
2.10063048609 6.18228832832 -9.96819791367
2.07927059254 6.15925749209 -9.96085982464
2.06360486021 6.1357446776 -9.94821657886
2.05356359089 6.11326098367 -9.93198374432
2.0485163932 6.09284730784 -9.91383160062
2.04752971744 6.07481106355 -9.89488038187
2.04968670454 6.05874692876 -9.87545472122
2.05436147786 6.04383039173 -9.8551754663
2.06135628624 6.0292692551 -9.83333976353
2.07085842193 6.01473748771 -9.80943296852
2.08323778573 6.00062041278 -9.78356733898
2.09876296506 5.98796905233 -9.75667013896
2.11734356829 5.9781699885 -9.73033774789
2.13839847314 5.97244608774 -9.70639866616
2.16090594931 5.97137281581 -9.68634105063
2.18362715523 5.97459818825 -9.67081812406
2.20543158029 5.98088846517 -9.65942528415
2.22561365169 5.98850814028 -9.65085121786
2.24408809004 5.99582081391 -9.64337295446
2.26138893976 6.00191044107 -9.63553795182
2.27846134868 6.00700233619 -9.62680044656
2.29630461061 6.0125196769 -9.61788285482
2.31557618092 6.02072714021 -9.61071715258
2.33628182857 6.03405073235 -9.60795890692
2.35765133874 6.05427553355 -9.61221177537
2.37824069522 6.08187214389 -9.62520315617
2.39622996547 6.11567013561 -9.64717620557

/group/RPA_011/63
63
posId 63
2.44004471661 6.16000390862 -9.74328001952
2.44114756188 6.1903807274 -9.77864067427
2.43704194363 6.21481861574 -9.81156159139
2.42736661153 6.23190044645 -9.8406707203
2.41212395237 6.24134301994 -9.86562704679
2.39186211477 6.24399423705 -9.88695402672
2.36773377656 6.24157491811 -9.90567799234
2.34138777933 6.23623249664 -9.92289119861
2.31470130236 6.23002209847 -9.93937085562
2.28941323064 6.22444675289 -9.95535744778
2.26675666017 6.22016853624 -9.97053836332
2.24719723688 6.21695269419 -9.98421547873
2.23036003988 6.21384208163 -9.99557940524
2.21517700936 6.20949840052 -10.0039857181
2.20022408387 6.20260679974 -10.0091370254
2.18416105582 6.19223178446 -10.0111147387
2.16615491289 6.17803581303 -10.0102613334
2.14616939308 6.16031868174 -10.0069680354
2.12503969856 6.13989056122 -10.0014559535
2.10431146384 6.11783750712 -9.99363977472
2.08588951972 6.09526221704 -9.98313226106
2.07159511909 6.07307910857 -9.96939576473
2.06275446799 6.05191480316 -9.95199182244
2.05992974181 6.03212369317 -9.93084079156
2.06286016417 6.01388802655 -9.90639440419
2.07061861629 5.99734626175 -9.87964903475
2.08192741522 5.98269017689 -9.85197896415
2.09553370842 5.97019023785 -9.82483038292
2.11053272014 5.96014220094 -9.79936786827
2.126548516 5.9527631222 -9.77618798473
2.14372938563 5.94808869032 -9.75520057025
2.16257301825 5.945927026 -9.73573009474
2.18364720437 5.94590500888 -9.71682134509
2.20729959089 5.94760801089 -9.69766668822
2.23344739615 5.95077484779 -9.67802776404
2.26150710297 5.95548096645 -9.65851768155
2.29047600459 5.96223565381 -9.64064427392
2.31912822719 5.97193782808 -9.62658156277
2.34625347953 5.98567553951 -9.61871592251
2.37085795704 6.00440480908 -9.61908177043
2.39226556057 6.02858792726 -9.62883806448
2.41009671849 6.05789482508 -9.6479299402
2.42414779037 6.09106446744 -9.67503090835

/group/RPA_011/66
66
posId 66
2.46890331029 6.12643881387 -9.77296485727
2.47308031343 6.15820828068 -9.81041327918
2.47152172575 6.18495237403 -9.84645332133
2.46358382346 6.20453374305 -9.87888828601
2.44911427377 6.21586203932 -9.90644090522
2.42864269214 6.2191244857 -9.92888255069
2.40342072122 6.21571572997 -9.94690668304
2.37527871329 6.20787962142 -9.96179220366
2.34631969926 6.19815474306 -9.97495729831
2.31852185338 6.1887693357 -9.98752912093
2.29335225007 6.18114389208 -10.0000429422
2.27149690692 6.1756276046 -10.0123408466
2.2527832671 6.17152770883 -10.0236787245
2.23631923465 6.16740854902 -10.0329900768
2.22081269588 6.16156405965 -10.0392139362
2.20498489066 6.15252433256 -10.0415834521
2.18796506779 6.13945562116 -10.03979305
2.16956028032 6.12235237582 -10.0340072115
2.15033096916 6.10198644539 -10.0247274033
2.13145908484 6.07965138169 -10.0125780999
2.11445415581 6.05679667617 -9.99809437368
2.10078661035 6.0346712937 -9.98158625638
2.09155417898 6.01408223814 -9.96312271838
2.08727220022 5.99532839239 -9.94263251622
2.08783758048 5.97830858065 -9.92007627919
2.09266223102 5.96274611935 -9.89561874391
2.10092178305 5.94843818665 -9.8697305801
2.11183433004 5.9354372192 -9.84317542496
2.12488061829 5.92410219283 -9.81688041717
2.13990137401 5.91500850303 -9.79173283
2.15705057339 5.90875817457 -9.76837573038
2.17663104159 5.90576884115 -9.74708082618
2.19887546654 5.90612765636 -9.72775401385
2.22375035119 5.90957233388 -9.71008524304
2.25084873668 5.91561407901 -9.69380325182
2.27940444138 5.92376266748 -9.6789545406
2.30841770731 5.93377149346 -9.66610909725
2.33684414119 5.9458055131 -9.65640989942
2.36377844008 5.96045416025 -9.65142618196
2.38856831188 5.97855965413 -9.65282960931
2.41082071121 6.00089374093 -9.66196986935
2.4303027762 6.02777247666 -9.67946367388
2.44677978363 6.05872992689 -9.70491613701

/group/RPA_011/69
69
posId 69
2.49800795679 6.0856521791 -9.80742977405
2.50492334645 6.11684598908 -9.8442596587
2.50347285308 6.14242335075 -9.88031587231
2.49343813414 6.16048277423 -9.9131862119
2.47583541684 6.17045469173 -9.94125838229
2.45263021965 6.17310935212 -9.96396542716
2.4262179884 6.17022654755 -9.98176278188
2.39882994552 6.16403350964 -9.99585085137
2.37204203435 6.15658002791 -10.0077272129
2.34652695671 6.14922952214 -10.0186969003
2.32210815103 6.1424001888 -10.0294751731
2.29807733343 6.13560749534 -10.039984228
2.27365589075 6.12776591553 -10.0493849348
2.24844098231 6.11763383678 -10.0563162999
2.22269115598 6.10425333335 -10.0592599478
2.19736702525 6.08725358121 -10.0569202274
2.17392806457 6.06694405372 -10.0485183982
2.15396723423 6.04419937137 -10.0339362339
2.13881397737 6.0202049959 -10.0136959675
2.1292379744 5.99616959327 -9.98881192204
2.12534241913 5.97310559056 -9.96057919147
2.12666372436 5.95173904256 -9.93036876697
2.13242098235 5.93255094679 -9.89947864455
2.14180944206 5.91589805279 -9.86905707846
2.1542244322 5.90213261754 -9.84008161349
2.16933697118 5.89164769911 -9.8133586253
2.18700564739 5.88481369324 -9.7895093045
2.20707687908 5.88182669677 -9.76892727603
2.22917172917 5.88253743276 -9.75172078322
2.25256446961 5.88635061377 -9.73767540888
2.27622297747 5.89226844592 -9.72628014321
2.29901643899 5.89910234021 -9.71684509773
2.32002564563 5.90581083909 -9.70870686364
2.33884198986 5.91186364702 -9.70147874665
2.35573274307 5.91750443016 -9.69527301632
2.37158767798 5.92380175921 -9.69081425173
2.38763433179 5.93243609786 -9.68938322273
2.40499189591 5.94525383129 -9.69257598262
2.42419779921 5.96369996447 -9.70192004503
2.44486284536 5.98829153545 -9.71844030842
2.46558046774 6.01829505543 -9.74229403998

/group/RPA_011/72
72
posId 72
2.53574685515 6.00309075055 -9.79685814004
2.54994128741 6.03147439914 -9.82595467031
2.55741653607 6.05677629636 -9.85567126851
2.55802402524 6.07768061409 -9.88428722573
2.5522918839 6.0936452793 -9.91066354097
2.54111687904 6.10482571658 -9.93436175966
2.52541912838 6.11183635859 -9.95556445699
2.50588183156 6.11544313637 -9.97483772432
2.48285912107 6.11629043056 -9.99281885647
2.45646912647 6.11474180534 -10.0099270305
2.42682040275 6.11086584315 -10.0261783541
2.39427232338 6.1045446427 -10.0411466398
2.35962011402 6.09564209497 -10.0540622794
2.32412550014 6.084155252 -10.0640002951
2.28937272454 6.07028810362 -10.070087984
2.25699523907 6.05442508401 -10.0716675655
2.22836681055 6.03702607345 -10.0683756705
2.20436459354 6.0184980795 -10.0601378871
2.18528598865 5.99910829809 -10.0471085874
2.1709452069 5.97898529863 -10.0296020969
2.16090971862 5.9582166722 -10.0080558618
2.15478516125 5.93700764143 -9.98304299318
2.15243886432 5.9158332932 -9.95532074533
2.15407415259 5.89551061476 -9.92587642371
2.1601227098 5.87713954446 -9.89592399796
2.17099112048 5.86190791218 -9.86681793557
2.18675551813 5.85080767957 -9.83988160747
2.20692371891 5.84435010156 -9.81618493925
2.23036703469 5.84237953544 -9.79633535164
2.25546878039 5.84406309595 -9.78035499084
2.28046154491 5.84808165593 -9.767700081
2.30385627275 5.85298284724 -9.75743846644
2.32482743432 5.85760014585 -9.74855106739
2.34342452843 5.86141343143 -9.74027873136
2.36053029896 5.86473659637 -9.73241352663
2.37756468471 5.86866523096 -9.72544209309
2.39601499964 5.87478809552 -9.72048745785
2.4169301213 5.88473795254 -9.71905381206
2.44053028781 5.89970746994 -9.72263835497
2.46604954117 5.92006812025 -9.73231651511
2.49185604538 5.9452001772 -9.74841781151

/group/RPA_011/75
75
posId 75
2.56802433593 5.96479452839 -9.86673379851
2.57594214845 5.99290200538 -9.9007816496
2.57970353802 6.01701763256 -9.93202407918
2.57817966258 6.03537308344 -9.95874133686
2.57040213606 6.04722951475 -9.98054747232
2.55590458048 6.05298542294 -9.99831263748
2.53493147221 6.05395502 -10.0137129841
2.50844816765 6.05189255106 -10.0285580143
2.47795305821 6.04841956725 -10.0441145597
2.44515777283 6.04454091094 -10.0606433065
2.4116421498 6.04040175702 -10.0772896826
2.37859398613 6.03535433932 -10.0923515284
2.34670918543 6.02829784182 -10.1038217885
2.31626876814 6.01816425984 -10.1100171353
2.28734656847 6.00437743559 -10.1100815331
2.26005743963 5.98712678512 -10.1042032548
2.23474560642 5.96736557485 -10.0934863541
2.21203941586 5.94654157807 -10.0795369354
2.19275196811 5.92616122635 -10.0639195174
2.17766733954 5.90734468796 -10.0476772988
2.16729729122 5.89052958157 -10.0310802691
2.1617068877 5.8754259133 -10.0136788831
2.16048411239 5.86123428205 -9.99462988393
2.16287643046 5.84704561573 -9.97316448015
2.1680548837 5.83227674368 -9.94902130043
2.17541623145 5.81698433119 -9.92268358542
2.18481437067 5.80194396014 -9.89533494569
2.1966316133 5.78846551189 -9.86855317985
2.21165260912 5.77801045003 -9.84385890278
2.23077125152 5.77174754621 -9.82228982581
2.25462048077 5.77020579026 -9.80416271677
2.28324548923 5.77314865339 -9.78911618516
2.31593109056 5.77971460296 -9.77642298554
2.35124635226 5.78877277436 -9.76545805986
2.38729953054 5.79936407302 -9.75614536646
2.42212732692 5.81106490854 -9.74920645956
2.45409788559 5.8241356009 -9.74609841752
2.48220206729 5.83939026257 -9.74863665473
2.50614429461 5.85782397131 -9.75841215093
2.52621048347 5.88012177234 -9.77619250229
2.54296406741 5.90622109967 -9.80151286105

/group/RPA_011/78
78
posId 78
2.57997049707 5.91208840495 -9.93158847027
2.58177280107 5.94062172147 -9.97052978224
2.5781713196 5.96382368369 -10.0054131794
2.56861375761 5.98018487049 -10.0344688711
2.5529515915 5.98946580013 -10.0574547429
2.53154123933 5.99257631995 -10.0754226581
2.50519696983 5.99114139601 -10.0901383516
2.47502725876 5.9869180226 -10.1033661876
2.44222669072 5.98126510906 -10.1162565788
2.40790466766 5.97483276753 -10.1290182607
2.37300814076 5.96754596161 -10.140944395
2.33834960793 5.95884633497 -10.1507345278
2.30470348334 5.94806720224 -10.1569602035
2.27290386711 5.93478184131 -10.1584921792
2.24387725006 5.91899415214 -10.1547475073
2.21857458796 5.90111834106 -10.1457041349
2.19781560616 5.88178720488 -10.131730449
2.18210373358 5.86159876856 -10.1133468707
2.17149294509 5.8409307767 -10.0910498068
2.165576938 5.81991527305 -10.0652828117
2.16362883426 5.79858804273 -10.036557809
2.16486124495 5.77714325717 -10.0056476682
2.16872459572 5.75616837566 -9.97372674279
2.17513724639 5.73673260918 -9.94234900028
2.18455556639 5.72025666341 -9.91322052003
2.19784263048 5.70818149227 -9.88781752384
2.21596358672 5.70154348721 -9.86698304249
2.23959916732 5.70061569122 -9.85066832745
2.26880269555 5.70476563529 -9.83795096725
2.30281687278 5.71261006572 -9.82736862231
2.34011658026 5.72243929088 -9.81748799855
2.37866982726 5.73277896242 -9.80752835283
2.4163367051 5.74289542392 -9.79781806785
2.45128123266 5.75305805641 -9.78990164841
2.48226907326 5.76444889702 -9.78622366224
2.50876559458 5.77873063651 -9.78945954787
2.53081846079 5.79740612585 -9.80169036331
2.54878184128 5.82118132209 -9.82368295817
2.56298966959 5.84954959155 -9.85451348565

/group/RPA_011/81
81
posId 81
2.53475963493 5.75395157325 -9.87059353769
2.57390670754 5.77526546428 -9.87652362377
2.6061363955 5.79769327452 -9.88827001563
2.62965444839 5.82036586072 -9.90571247025
2.64408582519 5.84259282294 -9.92811030109
2.65038682417 5.86388750503 -9.95419152322
2.65040215744 5.883934618 -9.982379414
2.64621419118 5.90251823055 -10.0110910058
2.63949185154 5.91943832644 -10.0390197028
2.6310392802 5.93444537632 -10.0653205249
2.6206729083 5.94721439776 -10.0896491381
2.60744503058 5.9573657109 -10.1120537018
2.59011955456 5.96452387608 -10.1327655025
2.56772850604 5.9683942306 -10.1519647323
2.54002050602 5.96883171361 -10.1696017838
2.50765849463 5.96588039446 -10.1853313825
2.47211563309 5.95977256907 -10.1985752652
2.43532276995 5.95088959318 -10.2086836609
2.39920193037 5.93969817524 -10.2151322716
2.36525095327 5.92668191618 -10.217681148
2.33431594122 5.91228683101 -10.2164378517
2.30661281689 5.89689236771 -10.2118034495
2.28196542008 5.88080912322 -10.2043230316
2.26014952053 5.8642950446 -10.1944971644
2.24119775303 5.84757683756 -10.1826246728
2.22554143432 5.83086421821 -10.168735565
2.21393287399 5.81435080725 -10.1526400163
2.2071805278 5.79820410367 -10.1340769683
2.20580586814 5.78255434595 -10.1129092549
2.20976625477 5.76749490879 -10.0892944074
2.21836837349 5.7531036729 -10.0637678892
2.23042808571 5.73948641344 -10.0372059241
2.24463907238 5.72683268567 -10.0106776356
2.2600284002 5.71546604592 -9.98523581951
2.27633362665 5.70586742734 -9.96171815827
2.29415103441 5.69865498396 -9.94062780661
2.31477532302 5.69451499785 -9.92213469017
2.33975484877 5.69409327762 -9.90619597893
2.37028808619 5.69787011238 -9.89275097208
2.40665075874 5.70604960209 -9.88191736314
2.44784544538 5.71849306459 -9.87411282879

/group/RPA_011/84
84
posId 84
2.43616000447 5.69122070246 -9.94805148773
2.46583103671 5.68996189073 -9.92835406317
2.49433811034 5.69148363681 -9.91326365018
2.5219373867 5.69663201814 -9.90381326107
2.54897870392 5.70582281166 -9.9003751994
2.57564956458 5.71891956038 -9.90264458519
2.6017793778 5.735260914 -9.90979603491
2.62676152375 5.75382073114 -9.92075552566
2.64961520338 5.77344647441 -9.93449770305
2.66916740718 5.79310174692 -9.95027641519
2.68430027954 5.81204274967 -9.96772295972
2.69419112398 5.82988380218 -9.98679303346
2.6984764164 5.84654502273 -10.0075941675
2.69729574809 5.86211325848 -10.0301639319
2.69120866837 5.87667320707 -10.0542830989
2.68101532369 5.89017145523 -10.0793931536
2.66753896818 5.90236067968 -10.1046493866
2.65143682057 5.91284030343 -10.1290922702
2.63309337169 5.92117426874 -10.1518772744
2.61262165274 5.92703846201 -10.1724810705
2.58996268391 5.93033926552 -10.1908078698
2.56504272868 5.93125449627 -10.2071518689
2.53793168639 5.9301753791 -10.2220200695
2.50894874382 5.92756397359 -10.2358682738
2.47868178457 5.92377246398 -10.2488356569
2.44791784261 5.91888781714 -10.2605687078
2.41751262042 5.91266116135 -10.2702009348
2.38824748454 5.90455642323 -10.276507564
2.36072564671 5.89391475347 -10.2781991147
2.33534442526 5.88019213185 -10.2742717366
2.31235260834 5.86320008881 -10.2643104942
2.29197046133 5.84327315017 -10.2486519231
2.27452559082 5.82130433782 -10.2283517668
2.26054920637 5.79862717037 -10.2049611462
2.25078773469 5.7767681423 -10.180172046
2.24611137301 5.75713370004 -10.1554331208
2.24733569358 5.7407177274 -10.1316468373
2.25500366 5.72791227311 -10.1090354814
2.2691929548 5.71847614085 -10.0872134933
2.28941104928 5.71167109183 -10.0654420923
2.31461792803 5.70652708452 -10.0429879148
2.34338018392 5.70216067494 -10.019476898
2.37412121159 5.69805563494 -9.9951370488

/group/RPA_011/87
87
posId 87
2.49234232458 5.67329658481 -9.95537456642
2.53506727365 5.68057584204 -9.93924828336
2.5760449802 5.69233978148 -9.93041267325
2.61287861869 5.70791149649 -9.92940003807
2.64389489368 5.72619090379 -9.93571188802
2.66831007266 5.74590977324 -9.94807067165
2.68615553041 5.76589741471 -9.96483386696
2.69802003238 5.78527862636 -9.9844266113
2.70471585165 5.80355406953 -10.0056580472
2.70698561895 5.82055603353 -10.0278398878
2.70533615075 5.83631432122 -10.050702432
2.70002802843 5.85089347381 -10.0741752575
2.69118777802 5.8642654362 -10.0981418162
2.67896598099 5.87626136496 -10.1222755819
2.66365468188 5.8866112051 -10.1460228759
2.64570322454 5.89504350968 -10.1687315571
2.6256218466 5.90139434729 -10.1898611949
2.60381660438 5.90567170711 -10.2091736767
2.58043566703 5.90804121068 -10.2268077226
2.55531061698 5.90873260718 -10.2431852559
2.52804446629 5.90790148133 -10.2587656342
2.49824161214 5.90550320581 -10.2737297528
2.46581469841 5.90123716765 -10.2877143937
2.43126247257 5.89459730209 -10.299711779
2.39580824388 5.8850271424 -10.3081995914
2.36132487188 5.872137255 -10.3114885015
2.33003905379 5.85591487895 -10.3081943258
2.30408316388 5.83685081153 -10.2976889946
2.28502091788 5.81593018155 -10.2803788502
2.27349240423 5.79447558598 -10.2577049807
2.26909571552 5.77387960979 -10.2318449754
2.27055366493 5.75530260237 -10.2051915534
2.27612605579 5.73942707693 -10.1797590122
2.28414908559 5.72634608689 -10.1566974285
2.29353990669 5.71562308467 -10.1360660161
2.30411127296 5.70650753867 -10.1169390051
2.31659738934 5.69824116744 -10.0978143996
2.33238020797 5.69036026812 -10.0772011513
2.35299755918 5.68290007271 -10.0542043701
2.37958132499 5.6764374221 -10.0289292799
2.41239423477 5.67195855985 -10.0025821637

/group/RPA_011/90
90
posId 90
2.4517297019 5.64207218699 -9.98216962821
2.48729424021 5.64116233654 -9.95565814966
2.52250447076 5.64323738582 -9.93309666221
2.55551900558 5.64911671692 -9.91681436221
2.58507743083 5.65928514032 -9.90831136918
2.61067958174 5.67370977548 -9.90790395476
2.6325307868 5.69181867815 -9.91473715285
2.65128183325 5.71263815648 -9.9271404418
2.66765936526 5.73503232182 -9.94318825914
2.682115423 5.75795707283 -9.96126473158
2.69461321922 5.78064156665 -9.98044134945
2.70461490127 5.80264187532 -10.0005521606
2.71126449534 5.8237616935 -10.0219649808
2.71369110234 5.84388505063 -10.0451577813
2.71131743815 5.8627977483 -10.0702772979
2.70406054944 5.88007632746 -10.0968582426
2.69235373516 5.8950953016 -10.1238166156
2.6769858349 5.90715572291 -10.1497236572
2.65882186493 5.91568862849 -10.1732572356
2.63851311745 5.92045410407 -10.1936553264
2.61630940427 5.9216532548 -10.2109887132
2.59204934429 5.91989839834 -10.2261310007
2.56533944113 5.91603694372 -10.2404126525
2.53586235564 5.91087905951 -10.2550636485
2.50370447499 5.90491861019 -10.2706340301
2.4695809763 5.89814609101 -10.2866015601
2.43486802785 5.8900268398 -10.3013217516
2.40141624165 5.87966521035 -10.3123643638
2.3711948745 5.86611297557 -10.3171493451
2.3458763164 5.84872923029 -10.3136891849
2.32649385935 5.82747735444 -10.3012010034
2.31328384522 5.80306042739 -10.2803869441
2.30576294448 5.77684548544 -10.253285201
2.30301282473 5.75059348662 -10.2227323677
2.30407461714 5.72607396353 -10.1916045915
2.30831843311 5.70468048588 -10.1620775386
2.31566171276 5.68716279173 -10.1351387634
2.32656178129 5.67355377737 -10.110502591
2.34178524529 5.66330690751 -10.0869449092
2.36203350739 5.65559273098 -10.0629377258
2.38755357809 5.6496540521 -10.037366871

/group/RPA_011/93
93
posId 93
2.42311866602 5.67200073339 -9.99869596343
2.39983547128 5.68553314191 -10.0314828752
2.3832656771 5.70214711914 -10.0653374094
2.37366302092 5.72085071315 -10.0986299669
2.37067422224 5.74067479973 -10.130088595
2.37356428444 5.76082124614 -10.1589022319
2.38151856914 5.78072331555 -10.1846508485
2.39390413148 5.80001004391 -10.2071126108
2.41039094178 5.81840342647 -10.2260444262
2.43089086072 5.8356017509 -10.2410386712
2.45534639607 5.85120507073 -10.2515234016
2.4834633628 5.86471895448 -10.2569103681
2.51450700457 5.8756383656 -10.2568299598
2.54725930408 5.88357851812 -10.2513510861
2.58017374468 5.88839777138 -10.2410839146
2.61168583261 5.89025787621 -10.2271052766
2.64057317749 5.88958937267 -10.2107147818
2.66623315605 5.88696615621 -10.1930979762
2.68877005841 5.88292920131 -10.1750143556
2.70884930521 5.87782109069 -10.1566257006
2.72736000339 5.87169162827 -10.1375335713
2.74499781401 5.86431045923 -10.1170204556
2.76191135399 5.85528415734 -10.0944144739
2.77753514147 5.84423704704 -10.0694507679
2.79066747885 5.8309915393 -10.0425017193
2.79976618481 5.81568394952 -10.0145939563
2.80335996878 5.79877569841 -9.98720615997
2.80043575152 5.78095854894 -9.96192003509
2.7906755165 5.76299154618 -9.9400485132
2.7744745468 5.74553190872 -9.9223712618
2.75275378123 5.72902302236 -9.90906586092
2.72665209132 5.71367961688 -9.89984934166
2.69722258275 5.69957196044 -9.89426676167
2.66524717402 5.68677203372 -9.89201017356
2.63123074651 5.67549994268 -9.89314232582
2.59556140643 5.666207725 -9.89813758182
2.55875610018 5.65956069249 -9.90772301312
2.52167689754 5.65631490005 -9.92257861707
2.48561539782 5.65712876563 -9.94300855442

/group/RPA_011/96
96
posId 96
2.4203844562 5.6756620391 -9.99572834586
2.39781708969 5.68972608538 -10.0289890723
2.38198805061 5.7070639279 -10.0632400226
2.37285755633 5.72641566733 -10.0966623464
2.36988833993 5.74662880635 -10.1278742746
2.37235022042 5.76688087015 -10.1560849676
2.37962019791 5.78674415364 -10.1810201618
2.39136133212 5.80608296011 -10.2026712695
2.40751515094 5.82484038696 -10.2209880558
2.42811925615 5.84281445929 -10.2356541764
2.45303395876 5.85952558643 -10.2460474
2.48170073223 5.87423823327 -10.2514072884
2.51304535154 5.88613486352 -10.2511439422
2.54558306152 5.89457530947 -10.245157833
2.57770308855 5.89933563954 -10.2340286893
2.6080361871 5.90072332484 -10.2189768472
2.6357705852 5.89950984021 -10.2015868505
2.66079436068 5.89669127925 -10.1833774382
2.68360227605 5.89315555564 -10.1653676427
2.70499057308 5.88937483026 -10.1477991482
2.7256422892 5.88523777387 -10.1301246529
2.74574841848 5.88008862549 -10.1112782657
2.76480016572 5.8729658914 -10.0901413237
2.78162781054 5.86296042149 -10.0660438118
2.79467410626 5.84956795194 -10.0391256336
2.80240697578 5.83291203424 -10.0104300265
2.80372819073 5.81375964697 -9.98169626008
2.79823925294 5.79332669771 -9.9549256798
2.78628066789 5.77294631484 -9.93187482533
2.76874523792 5.75372122264 -9.91365253238
2.7467481121 5.73628473903 -9.90055643523
2.72128551931 5.72075211272 -9.89219400882
2.69301250971 5.70687134696 -9.8878281351
2.662219126 5.694307707 -9.88680630746
2.62900433216 5.68294684824 -9.88890569534
2.59356869373 5.67309613661 -9.89446255801
2.55650015975 5.66550380659 -9.90423932574
2.51892986996 5.66118553743 -9.91908342211
2.48248524402 5.66112114156 -9.93951041066

/group/RPA_011/99
99
posId 99
2.42236226991 5.68487462841 -9.99598107254
2.39781751956 5.69756812299 -10.0284055164
2.37945983535 5.71258979928 -10.0606598283
2.36838617885 5.72983659283 -10.0919670027
2.36479267663 5.74907352204 -10.1218745928
2.36808206202 5.7698447606 -10.1500644727
2.37716919255 5.79144115376 -10.176130961
2.39086857773 5.81294759395 -10.1994276287
2.40822883443 5.83336702047 -10.2190554168
2.4287067677 5.85179041166 -10.2340091225
2.45213716963 5.86756359969 -10.2434361967
2.47853021332 5.88039891573 -10.246914333
2.50778951151 5.89039421697 -10.2446403706
2.5394692607 5.89794950492 -10.2374485603
2.5726702467 5.90360328919 -10.2266331701
2.60611947908 5.90783659993 -10.2136191615
2.63840738231 5.91090349423 -10.1995810541
2.66829581203 5.91273922771 -10.1851337001
2.69498186905 5.91297329003 -10.1702001764
2.71821698107 5.91104194365 -10.1541065672
2.73823296508 5.90636429834 -10.1358791969
2.75549801393 5.89852716007 -10.114651901
2.7703899599 5.88742280693 -10.0900524879
2.78290808929 5.87330047323 -10.0624422051
2.79253518792 5.8567208431 -10.0329288064
2.79831078589 5.8384336447 -10.0031474164
2.79910192576 5.81922135306 -9.97487928476
2.79398529409 5.79975980516 -9.94963129261
2.7826101352 5.78053722495 -9.9283110227
2.76541157341 5.76185058404 -9.91109940648
2.74359004608 5.74387058918 -9.89755658265
2.71884970645 5.72674354445 -9.88691908407
2.69297095821 5.71068763453 -9.87848387354
2.6673514801 5.69604602449 -9.87194789224
2.64266534745 5.68327723802 -9.8675892137
2.61875502046 5.67288762599 -9.86623108748
2.59479689755 5.6653323882 -9.86900389341
2.56969214318 5.66092275498 -9.87698708985
2.54256020904 5.65977371478 -9.8908510926
2.51317776083 5.66181051552 -9.9106154903
2.48222230346 5.66682922379 -9.93559729499

