/group/celiac/0
0
posId 0
-3.68667438661 -1.18415830614 -6.1173976759
-3.69073169874 -1.18133433778 -6.05968709012
-3.69442295665 -1.17853912265 -6.00164860289
-3.6976485226 -1.1757856848 -5.94332023251
-3.70030690974 -1.17308755951 -5.88474730128
-3.70229560716 -1.17045869223 -5.82598228875
-3.70351192763 -1.16791333272 -5.76708462894
-3.70385387082 -1.16546592522 -5.70812045404
-3.70322099457 -1.16313099556 -5.64916228719
-3.70151528657 -1.16092303633 -5.59028868774
-3.69864202902 -1.15885639105 -5.53158385227
-3.69451064844 -1.15694513837 -5.47313717522
-3.68903554306 -1.15520297738 -5.41504277324
-3.68213688047 -1.15364311506 -5.35739897742
-3.67374135814 -1.15227815683 -5.30030779795
-3.66378291998 -1.15112000129 -5.24387436561
-3.65220342219 -1.15017973993 -5.18820635498
-3.63895324231 -1.14946756295 -5.13341339382
-3.62399182569 -1.14899267186 -5.07960646351
-3.60728816411 -1.14876319965 -5.02689729502
-3.58882120208 -1.14878613941 -4.97539776521
-3.56858016659 -1.1490672819 -4.92521929767
-3.54656481721 -1.14961116261 -4.87647227255
-3.52278561376 -1.15042101892 -4.82926544941
-3.4972637996 -1.15149875762 -4.78370540697
-3.47003139954 -1.1528449331 -4.73989600339
-3.44113113186 -1.15445873644 -4.69793786043
-3.41061623477 -1.15633799539 -4.65792787449
-3.37855020859 -1.15847918533 -4.61995875733
-3.34500647536 -1.16087745097 -4.58411860878
-3.31006795868 -1.16352663869 -4.55049052359
-3.27382658702 -1.16641933913 -4.51915223404
-3.23638272453 -1.16954693966 -4.49017578972
-3.19784453418 -1.17289968613 -4.46362727549
-3.15832727829 -1.17646675354 -4.43956656819
-3.11795256254 -1.18023632468 -4.41804713262
-3.07684752968 -1.18419567626 -4.39911585657
-3.03514400969 -1.18833127158 -4.38281292468
-2.9929776338 -1.19262885899 -4.36917173057
-2.95048691955 -1.19707357509 -4.35821882627
-2.90781233487 -1.20165005197 -4.34997390786
-2.86509534903 -1.20634252726 -4.34444983587
-2.82247747833 -1.21113495622 -4.34165268897
-2.78009933477 -1.21601112472 -4.34158184915
-2.73809968547 -1.22095476225 -4.34423011641
-2.69661453086 -1.22594965385 -4.34958385104
-2.65577620914 -1.23097975002 -4.35762314123
-2.61571253447 -1.2360292738 -4.36832199396
-2.57654597592 -1.2410828239 -4.38164854677
-2.53839288377 -1.24612547321 -4.39756529827
-2.50136276944 -1.25114286179 -4.41602935503
-2.46555764457 -1.25612128361 -4.43699269281
-2.43107142448 -1.26104776642 -4.46040242972
-2.3979894004 -1.26591014404 -4.48620110946
-2.36638778436 -1.27069712067 -4.51432699249
-2.33633332986 -1.27539832674 -4.54471435337
-2.30788303082 -1.2800043658 -4.5772937824
-2.28108390049 -1.2845068525 -4.61199249
-2.25597283141 -1.28889844114 -4.64873461241
-2.23257653646 -1.29317284496 -4.68744151719
-2.21091157092 -1.297324846 -4.72803210759
-2.19098443393 -1.30135029579 -4.77042312454
-2.17279174772 -1.30524610691 -4.81452944555
-2.15632051201 -1.30901023572 -4.86026437968
-2.14154843028 -1.31264165668 -4.90753995804
-2.12844430411 -1.31614032864 -4.95626721931
-2.11696849128 -1.31950715348 -5.00635649007
-2.10707342259 -1.32274392789 -5.05771765945
-2.0987041721 -1.32585328865 -5.1102604483
-2.09179907504 -1.3288386523 -5.16389467244
-2.08629038709 -1.33170414971 -5.21853050032
-2.08210497878 -1.33445455645 -5.27407870487
-2.07916505829 -1.33709521961 -5.33045090984
-2.07738891585 -1.33963198194 -5.38755983046
-2.0766916828 -1.34207110405 -5.44531950873
-2.07698609854 -1.34441918554 -5.50364554325
-2.07818327832 -1.34668308569 -5.56245531358
-2.08019347533 -1.34886984474 -5.62166819923
-2.08292683034 -1.35098660625 -5.68120579307
-2.08629410261 -1.35304054144 -5.74099210888
-2.09020737607 -1.35503877613 -5.80095378306
-2.09458073507 -1.3569883209 -5.86102026979
-2.09933090433 -1.35889600511 -5.92112402937
-2.10437784829 -1.36076841527 -5.98120070917
-2.1096453256 -1.36261183828 -6.04118931634
-2.11506139465 -1.36443220991 -6.1010323817
-2.12055886708 -1.36623506887 -6.16067611375
-2.12607570644 -1.36802551675 -6.22007054185
-2.13155536982 -1.36980818408 -6.27916964758
-2.13694709095 -1.37158720255 -6.33793148296
-2.1422061038 -1.37336618351 -6.39631827444
-2.14729380634 -1.37514820272 -6.45429651132
-2.15217786462 -1.37693579131 -6.51183701729
-2.15683225809 -1.37873093273 -6.56891500375
-2.1612372674 -1.38053506551 -6.6255101036
-2.16537940661 -1.38234909165 -6.68160638425
-2.16925130224 -1.38417339013 -6.73719233847
-2.17285152186 -1.38600783531 -6.79226085197
-2.17618435561 -1.38785181982 -6.84680914666
-2.17925955415 -1.38970428132 -6.90083869846
-2.1820920272 -1.39156373281 -6.95435512894
-2.18470150661 -1.3934282959 -7.00736807008
-2.18711217869 -1.39529573647 -7.05989100157
-2.18935229028 -1.39716350227 -7.11194106044
-2.19145373341 -1.39902876185 -7.16353882278
-2.19345161326 -1.4008884442 -7.21470805788
-2.19538380436 -1.40273927873 -7.26547545501
-2.19729049979 -1.40457783491 -7.31587032357
-2.19921375801 -1.40640056116 -7.36592426748
-2.20119705201 -1.40820382245 -7.41567083504
-2.20328482495 -1.40998393622 -7.46514514572
-2.20552205671 -1.41173720615 -7.51438349554
-2.20795384487 -1.41345995353 -7.5634229432
-2.21062500403 -1.41514854577 -7.61230087913
-2.21357968635 -1.41679942192 -7.66105458007
-2.21686102643 -1.41840911485 -7.70972075193
-2.22051081288 -1.41997427007 -7.75833506398
-2.22456918856 -1.42149166099 -7.80693167761
-2.22907438132 -1.42295820059 -7.85554277303
-2.23406246627 -1.42437094952 -7.90419807752
-2.23956716048 -1.42572712069 -7.95292439899
-2.24561965048 -1.42702408044 -8.00174516856
-2.25224845238 -1.42825934652 -8.05067999614
-2.25947930445 -1.42943058298 -8.0997442429
-2.26733509098 -1.43053559233 -8.1489486145
-2.27583579654 -1.4315723052 -8.19829877912
-2.28499848901 -1.43253876784 -8.24779501389
-2.29483732951 -1.4334331279 -8.29743188352
-2.30536360726 -1.4342536187 -8.34719795474
-2.31658579701 -1.4349985426 -8.39707554976
-2.32850963654 -1.43566625369 -8.44704054191
-2.34113822159 -1.43625514035 -8.49706219638
-2.35447211542 -1.43676360815 -8.54710305856
-2.3685094702 -1.43719006325 -8.59711889218
-2.38324615738 -1.43753289705 -8.64705866914
-2.39867590415 -1.43779047219 -8.69686461258
-2.41479043321 -1.43796111046 -8.74647229405
-2.43157960324 -1.43804308281 -8.79581078564
-2.44903154736 -1.4380346019 -8.84480286706
-2.46713280731 -1.43793381731 -8.8933652875
-2.48586846113 -1.43773881378 -8.94140908148
-2.50522224231 -1.43744761249 -8.98883993742
-2.52517664882 -1.43705817571 -9.03555861727
-2.54571304045 -1.43656841466 -9.08146142503
-2.56681172353 -1.43597620082 -9.12644072143
-2.58845202188 -1.43527938054 -9.17038548186
-2.61061233385 -1.43447579286 -9.21318189384
-2.63327017492 -1.43356329047 -9.25471399023
-2.65640220623 -1.43253976358 -9.29486431392
-2.67998424936 -1.43140316645 -9.33351460923
-2.70399128809 -1.43015154629 -9.37054653517
-2.72839745823 -1.42878307429 -9.40584239532
-2.75317602679 -1.42729607824 -9.43928587889
-2.77829936208 -1.42568907648 -9.47076280725
-2.80373889646 -1.42396081264 -9.50016188024
-2.82946508377 -1.42211029083 -9.52737541637
-2.8554473535 -1.42013681059 -9.55230008102
-2.88165406407 -1.4180400013 -9.57483759669
-2.90805245748 -1.41581985545 -9.59489542958
-2.9346086178 -1.41347676026 -9.61238744669
-2.96128743588 -1.41101152711 -9.62723453803
-2.9880525827 -1.40842541844 -9.63936519853
-3.01486649374 -1.40572017138 -9.64871606464
-3.04169036645 -1.40289801801 -9.65523240095
-3.06848417314 -1.39996170144 -9.6588685324
-3.09520669098 -1.3969144877 -9.65958821822
-3.12181555094 -1.39376017277 -9.65736496401
-3.14826730711 -1.3905030848 -9.65218226902
-3.17451752748 -1.3871480809 -9.64403380609
-3.2005209072 -1.38370053869 -9.63292353227
-3.22623140481 -1.38016634224 -9.6188657288
-3.25160240163 -1.37655186239 -9.60188496943
-3.27658688421 -1.37286393157 -9.58201601716
-3.30113764938 -1.369109813 -9.55930364941
-3.32520753093 -1.36529716465 -9.53380241287
-3.34874964685 -1.36143399788 -9.50557630945
-3.37171766537 -1.35752863132 -9.47469841545
-3.39406608796 -1.35358964006 -9.44125043678
-3.41575054703 -1.34962580078 -9.40532220333
-3.43672811563 -1.34564603309 -9.36701110645
-3.45695762645 -1.3416593377 -9.32642148366
-3.4763999967 -1.33767473189 -9.28366395542
-3.49501855585 -1.33370118299 -9.23885471909
-3.51277937231 -1.32974754038 -9.19211480554
-3.52965157554 -1.32582246676 -9.14356930442
-3.54560766971 -1.32193436939 -9.093346564
-3.56062383492 -1.31809133195 -9.04157737219
-3.57468021221 -1.31430104775 -8.98839412498
-3.5877611682 -1.31057075509 -8.93392998923
-3.59985553589 -1.30690717536 -8.87831806625
-3.61095682748 -1.30331645473 -8.82169056304
-3.6210634161 -1.29980410992 -8.76417797764
-3.63017868275 -1.29637497885 -8.70590830527
-3.63831112567 -1.29303317679 -8.6470062715
-3.64547442924 -1.2897820584 -8.58759259844
-3.65168749004 -1.28662418639 -8.52778331
-3.65697439802 -1.28356130712 -8.46768908142
-3.66136437125 -1.28059433356 -8.40741463831
-3.66489164299 -1.27772333596 -8.34705820984
-3.66759530051 -1.27494754046 -8.28671104021
-3.66951907532 -1.27226533584 -8.22645696204
-3.67071108534 -1.2696742884 -8.16637203501
-3.67122352962 -1.26717116516 -8.10652425205
-3.67111233711 -1.26475196509 -8.04697331532
-3.6704367714 -1.26241195845 -7.98777048324
-3.66925899363 -1.2601457337 -7.92895848936
-3.66764358672 -1.25794725201 -7.87057153329
-3.66565704409 -1.25580990859 -7.81263534322
-3.66336722685 -1.25372660067 -7.75516730902
-3.6608427936 -1.25168980139 -7.69817668415
-3.6581526076 -1.24969163899 -7.64166485432
-3.65536512629 -1.24772398074 -7.58562567006
-3.65254777838 -1.24577852065 -7.53004583985
-3.64976633422 -1.24384687036 -7.47490538008
-3.64708427511 -1.24192065229 -7.42017811761
-3.64456216755 -1.23999159413 -7.36583224013
-3.6422570484 -1.2380516239 -7.31183088945
-3.64022182699 -1.2360929645 -7.25813279219
-3.63850471021 -1.23410822697 -7.20469292241
-3.63714865658 -1.23209050149 -7.15146319009
-3.63619086486 -1.23003344515 -7.09839314961
-3.63566230303 -1.22793136571 -7.04543072198
-3.63558728271 -1.22577930038 -6.99252292462
-3.63598308401 -1.22357308888 -6.93961660254
-3.63685963548 -1.22130943992 -6.88665915457
-3.63821925309 -1.21898599054 -6.83359924883
-3.64005644207 -1.21660135737 -6.78038752132
-3.6423577645 -1.21415517955 -6.72697725201
-3.64510177535 -1.21164815251 -6.67332501303
-3.64825902876 -1.20908205243 -6.61939128368
-3.65179215591 -1.20645975078 -6.56514102764
-3.65565601509 -1.20378521892 -6.51054422776
-3.65979791389 -1.20106352248 -6.45557637456
-3.6641579028 -1.19830080543 -6.40021890481
-3.66866913885 -1.19550426398 -6.34445958715
-3.67325831717 -1.19268211039 -6.28829285204
-3.67784616761 -1.18984352688 -6.23172006406

/group/celiac/3
3
posId 3
-3.71017990348 -1.09431945836 -6.61666885492
-3.71081089227 -1.09112080424 -6.5687707538
-3.71003894434 -1.08770947442 -6.51815388307
-3.70779470005 -1.08408082903 -6.46477142461
-3.7040235518 -1.08023343705 -6.40861965023
-3.69868605324 -1.0761690907 -6.34973800338
-3.69175814251 -1.07189278005 -6.28820864956
-3.68323117946 -1.06741262872 -6.22415550508
-3.67311179824 -1.06273979166 -6.15774276026
-3.66142157963 -1.05788831657 -6.08917291879
-3.64819654885 -1.0528749709 -6.01868438072
-3.63348650697 -1.04771903693 -5.94654860166
-3.61735420589 -1.04244207747 -5.87306686565
-3.59987437844 -1.03706767534 -5.79856671343
-3.58113263699 -1.03162114999 -5.72339807192
-3.56122425529 -1.02612925481 -5.64792913371
-3.54025284956 -1.02061985894 -5.57254203834
-3.51832897589 -1.01512161767 -5.49762840917
-3.49556866205 -1.00966363534 -5.42358480095
-3.4720918922 -1.00427512504 -5.35080811431
-3.44802106365 -0.998985069253 -5.27969103326
-3.42347943507 -0.993821885613 -5.21061754131
-3.39858958516 -0.98881310176 -5.14395857092
-3.37347190115 -0.983985043358 -5.08006783872
-3.34824311545 -0.979362538976 -5.01927791696
-3.32301490849 -0.974968645404 -4.96189658826
-3.29789259468 -0.9708243967 -4.90820352747
-3.27297390744 -0.966948579968 -4.8584473501
-3.24834789801 -0.96335754054 -4.81284306251
-3.22409396113 -0.960065018846 -4.77156994372
-3.20028099925 -0.957082020915 -4.73476988393
-3.17696673518 -0.954416723977 -4.70254619871
-3.15419718119 -0.952074418262 -4.6749629323
-3.13200627063 -0.950057485617 -4.65204465756
-3.11041565627 -0.948365415112 -4.63377677375
-3.08943467723 -0.946994855381 -4.62010629761
-3.06906049467 -0.945939702966 -4.61094313685
-3.04927839399 -0.945191225506 -4.60616182964
-3.03006224946 -0.944738218191 -4.60560372758
-3.01137514517 -0.944567191487 -4.60907959459
-2.9931701441 -0.944662587747 -4.61637258884
-2.97539119565 -0.945007023991 -4.62724159002
-2.95797416977 -0.945581557776 -4.64142483036
-2.94084800471 -0.946365972831 -4.65864378348
-2.92393595374 -0.94733908085 -4.67860726233
-2.90715691494 -0.948479035638 -4.70101567467
-2.89042682729 -0.949763655659 -4.72556538221
-2.87366011514 -0.951170750894 -4.7519531086
-2.85677116286 -0.952678449862 -4.77988034009
-2.83967580062 -0.954265522654 -4.80905766302
-2.82229278241 -0.955911695821 -4.83920898255
-2.80454523713 -0.957597955081 -4.87007556831
-2.78636207413 -0.959306831915 -4.90141987453
-2.76767932469 -0.961022670295 -4.93302908461
-2.74844140194 -0.962731870028 -4.96471833326
-2.72860226237 -0.964423103431 -4.99633356283
-2.70812645337 -0.966087502399 -5.02775397477
-2.68699003239 -0.96771881322 -5.05889404173
-2.66518134486 -0.96931351691 -5.08970505093
-2.64270164948 -0.970870913195 -5.1201761548
-2.61956558163 -0.972393166739 -5.15033491083
-2.59580144696 -0.973885314622 -5.18024729844
-2.57145133971 -0.975355234559 -5.21001720686
-2.54657108224 -0.976813573795 -5.23978539452
-2.52122998402 -0.978273639108 -5.26972792646
-2.49551042115 -0.979751248792 -5.30005410303
-2.46950723885 -0.981264547981 -5.33100389874
-2.44332698226 -0.982833789104 -5.36284493686
-2.41708696222 -0.984481079715 -5.39586903043
-2.39091416547 -0.986230100317 -5.4303883264
-2.36494401996 -0.988105795231 -5.46673109421
-2.33931902826 -0.990134039855 -5.50523720512
-2.3141872835 -0.992341288019 -5.54625335251
-2.28970088387 -0.994754203385 -5.59012806701
-2.26601426296 -0.997399279086 -5.63720658347
-2.24328245465 -1.00030244998 -5.68782561881
-2.22165931177 -1.00348870205 -5.74230812204
-2.20129569902 -1.00698168346 -5.8009580582
-2.18233768063 -1.01080332206 -5.86405528869
-2.16492472403 -1.01497345379 -5.93185061007
-2.14918794037 -1.0195094666 -6.00456101209
-2.13524838296 -1.02442596434 -6.08236521428
-2.1232154239 -1.02973445476 -6.1653995377
-2.11318522884 -1.03544306573 -6.25375416555
-2.10523934867 -1.04155629348 -6.34746984243
-2.09944344594 -1.04807478609 -6.44653505783
-2.09584617244 -1.05499516559 -6.55088375457
-2.09447821295 -1.06230989114 -6.66039359736
-2.09535150834 -1.07000716564 -6.77488483109
-2.09845866942 -1.07807088762 -6.89411975203
-2.10377259095 -1.08648064965 -7.01780280884
-2.11124627306 -1.09521178416 -7.14558134325
-2.12081285512 -1.10423545696 -7.27704697374
-2.13238586484 -1.11351880828 -7.41173761812
-2.14585968299 -1.12302514058 -7.54914014415
-2.16111022182 -1.13271415192 -7.68869363038
-2.17799581277 -1.14254221306 -7.82979321217
-2.19635829702 -1.15246268621 -7.97179448182
-2.21602430969 -1.16242628244 -8.11401840483
-2.23680674676 -1.17238145483 -8.2557567086
-2.2585064014 -1.18227482363 -8.39627769426
-2.28091375447 -1.19205162948 -8.5348324172
-2.30381090222 -1.20165621039 -8.67066117728
-2.32697360256 -1.21103249776 -8.80300025588
-2.35017341961 -1.22012452673 -8.93108883342
-2.37317994527 -1.22887695564 -9.05417601862
-2.39576307538 -1.2372355894 -9.17152791855
-2.41769531712 -1.24514790145 -9.28243467761
-2.43875410405 -1.25256354899 -9.38621741298
-2.45872409454 -1.259434876 -9.48223497442
-2.47739942949 -1.26571739891 -9.56989045759
-2.49458592547 -1.27137026964 -9.64863740163
-2.51010317976 -1.27635671118 -9.71798560457
-2.5237865645 -1.28064442083 -9.77750649339
-2.53548908822 -1.28420593677 -9.8268379895
-2.5450831041 -1.28701896381 -9.8656888151
-2.55246184591 -1.28906665463 -9.89384219125
-2.55754077395 -1.29033784317 -9.91115888401
-2.56025871536 -1.29082722737 -9.91757956161
-2.56057878526 -1.29053549893 -9.91312643209
-2.55848907695 -1.28946941823 -9.89790413808
-2.55400311218 -1.2876418332 -9.87209989267
-2.54716004457 -1.28507164137 -9.83598284796
-2.53802461201 -1.28178369495 -9.78990269539
-2.52668683605 -1.27780864943 -9.73428750503
-2.5132614695 -1.27318275668 -9.66964081841
-2.49788719526 -1.26794760407 -9.59653801718
-2.48072558272 -1.26214980178 -9.51562199744
-2.46195981012 -1.255840621 -9.4275981864
-2.44179316383 -1.2490755861 -9.33322894522
-2.42044732789 -1.24191402437 -9.23332740786
-2.39816047939 -1.23441857767 -9.12875081203
-2.37518520721 -1.2266546801 -9.02039338324
-2.35178627365 -1.21869000687 -8.90917883821
-2.32823824015 -1.21059389935 -8.79605257739
-2.30482297963 -1.20243677174 -8.68197364028
-2.28182709965 -1.19428950497 -8.56790649933
-2.25953930094 -1.1862228337 -8.45481277059
-2.2382476974 -1.17830673209 -8.34364291987
-2.21823712338 -1.1706098044 -8.23532804395
-2.19978645501 -1.16319868611 -8.13077180521
-2.18316597163 -1.15613746153 -8.03084259754
-2.16863478365 -1.14948710324 -7.9363660184
-2.15643835217 -1.14330493902 -7.84811771971
-2.14680612505 -1.1376441513 -7.76681670629
-2.13994931293 -1.13255331394 -7.69311914622
-2.13605882751 -1.12807597084 -7.62761275265
-2.13530340251 -1.12425026048 -7.57081179095
-2.13782791636 -1.12110858993 -7.52315275887
-2.14375193335 -1.11867736146 -7.48499078082
-2.15316847791 -1.11697675442 -7.45659675037
-2.1661430545 -1.11602056436 -7.43815524752
-2.18271292299 -1.11581610091 -7.42976324982
-2.20288663694 -1.11636414533 -7.4314296484
-2.22664384949 -1.11765896809 -7.44307557214
-2.25393538913 -1.11968840607 -7.46453551515
-2.28468360451 -1.12243399868 -7.49555925473
-2.31878297527 -1.12587118135 -7.53581453938
-2.35610098266 -1.12996953435 -7.58489051866
-2.39647923174 -1.13469308449 -7.64230187952
-2.43973481377 -1.14000065653 -7.70749364685
-2.48566189564 -1.14584627075 -7.77984659926
-2.53403352046 -1.15217958273 -7.85868324575
-2.58460360157 -1.15894636087 -7.9432743027
-2.63710909029 -1.16608899683 -8.03284560667
-2.69127229605 -1.17354704397 -8.12658539389
-2.74680333582 -1.18125777821 -8.22365187401
-2.80340268894 -1.18915677598 -8.32318102339
-2.86076383202 -1.19717850336 -8.42429452088
-2.91857592815 -1.20525691088 -8.5261077483
-2.97652654396 -1.21332602785 -8.62773777747
-3.03430436805 -1.22132055075 -8.72831126622
-3.09160190421 -1.22917641976 -8.82697218696
-3.14811811339 -1.23683137806 -8.92288931375
-3.2035609787 -1.24422550839 -9.01526339652
-3.25764996897 -1.251301742 -9.10333395462
-3.31011837706 -1.25800633498 -9.18638562632
-3.36071551091 -1.26428930784 -9.26375401544
-3.40920871665 -1.270104844 -9.33483098229
-3.45538521478 -1.27541164397 -9.39906933136
-3.49905373282 -1.28017323182 -9.45598685546
-3.54004591939 -1.28435821156 -9.50516970207
-3.57821752757 -1.28794047125 -9.54627503536
-3.61344935725 -1.29089933337 -9.57903297452
-3.64564794908 -1.2932196505 -9.60324779648
-3.67474602496 -1.29489184588 -9.61879839887
-3.70070267276 -1.29591189909 -9.62563802669
-3.72350327539 -1.29628127751 -9.62379327352
-3.74315918719 -1.29600681496 -9.6133623757
-3.75970716295 -1.29510053917 -9.59451282489
-3.77320854748 -1.29357945069 -9.5674783313
-3.78374823607 -1.29146525567 -9.53255517627
-3.7914334182 -1.28878405625 -9.49009799903
-3.79639211951 -1.28556600179 -9.44051506764
-3.79877155841 -1.28184490532 -9.3842630894
-3.79873633591 -1.27765782942 -9.32184162002
-3.79646647866 -1.27304464632 -9.25378713461
-3.79215535661 -1.26804757691 -9.18066682649
-3.78600749777 -1.26271071396 -9.10307220203
-3.77823632347 -1.25707953458 -9.02161254118
-3.76906182814 -1.25120040714 -8.93690829423
-3.75870822812 -1.24512009808 -8.84958448496
-3.74740160378 -1.23888528355 -8.76026419016
-3.73536755965 -1.2325420712 -8.66956216327
-3.72282892626 -1.22613553697 -8.5780786683
-3.71000352715 -1.21970928153 -8.48639358682
-3.69710203351 -1.21330501104 -8.39506085746
-3.68432592763 -1.20696214611 -8.30460330311
-3.67186559525 -1.20071746308 -8.21550789627
-3.65989856517 -1.1946047708 -8.12822150764
-3.64858791277 -1.18865462602 -8.04314717756
-3.63808084223 -1.18289409003 -7.96064094353
-3.62850746027 -1.17734652841 -7.88100925088
-3.61997975182 -1.17203145577 -7.80450696688
-3.61259076606 -1.16696442627 -7.73133601175
-3.60641401875 -1.16215697073 -7.66164461317
-3.60150311443 -1.15761658026 -7.59552718407
-3.59789158967 -1.15334673597 -7.53302481625
-3.59559297618 -1.14934698383 -7.47412637613
-3.59460108022 -1.14561305319 -7.41877018198
-3.59489047231 -1.14213701706 -7.36684623596
-3.59641717932 -1.1389074918 -7.31819897843
-3.59911956851 -1.13590987342 -7.27263052617
-3.60291941146 -1.13312660731 -7.22990435165
-3.60772311362 -1.13053748799 -7.18974935538
-3.61342309402 -1.12811998495 -7.15186428
-3.61989929765 -1.1258495906 -7.1159224109
-3.62702082212 -1.1237001861 -7.08157650595
-3.63464763899 -1.12164442049 -7.04846389451
-3.64263238938 -1.11965409882 -7.01621168475
-3.65082223273 -1.11770057446 -6.9844420176
-3.65906072735 -1.11575514111 -6.95277730574
-3.66718972118 -1.11378941999 -6.92084539676
-3.67505123138 -1.11177573766 -6.88828460099
-3.68248929148 -1.10968749024 -6.85474852673
-3.68935174581 -1.10749948994 -6.81991066831
-3.6954919713 -1.10518828996 -6.78346869551
-3.700770508 -1.10273248422 -6.74514839728
-3.70505658094 -1.10011297868 -6.70470723643

/group/celiac/6
6
posId 6
-2.5653784928 -0.604810788774 -6.23877899568
-2.58971513251 -0.603046576993 -6.19366203769
-2.61533230693 -0.601907781701 -6.14972472456
-2.64222268413 -0.601425519718 -6.10713197263
-2.67036588315 -0.601627502739 -6.06605136204
-2.69972823842 -0.602537697172 -6.02665180609
-2.73026273399 -0.60417602541 -5.98910217141
-2.76190911115 -0.606558112374 -5.95356986318
-2.79459415021 -0.609695080605 -5.92021939
-2.82823212483 -0.613593396515 -5.88921092379
-2.86272542508 -0.618254769763 -5.86069887045
-2.89796534255 -0.623676106993 -5.83483046698
-2.93383300899 -0.629849520479 -5.81174442085
-2.97020047731 -0.636762391475 -5.79156960708
-3.00693193197 -0.644397487372 -5.77442383812
-3.04388501362 -0.652733131022 -5.760412721
-3.08091224142 -0.661743419943 -5.74962861511
-3.11786251479 -0.671398492426 -5.74214970347
-3.15458267517 -0.681664836996 -5.73803918867
-3.19091910735 -0.692505641092 -5.73734462356
-3.22671935953 -0.703881174339 -5.74009738533
-3.26183376047 -0.715749201366 -5.74631229988
-3.29611701248 -0.728065418725 -5.75598742176
-3.32942973891 -0.740783910233 -5.76910397317
-3.36163996552 -0.753857614803 -5.78562644361
-3.39262451594 -0.767238800735 -5.80550285003
-3.42227030255 -0.780879540394 -5.82866515518
-3.45047549549 -0.794732179246 -5.85502984032
-3.47715055419 -0.808749793351 -5.88449862634
-3.50221910772 -0.822886629621 -5.91695933568
-3.52561867229 -0.837098523442 -5.95228688574
-3.54730119648 -0.851343288611 -5.99034440297
-3.56723342711 -0.865581074971 -6.03098444509
-3.58539709137 -0.879774689606 -6.07405031812
-3.60178889294 -0.893889878014 -6.11937747313
-3.61642032289 -0.907895562226 -6.16679496722
-3.62931728826 -0.921764033498 -6.21612697218
-3.64051956407 -0.935471097819 -6.26719431376
-3.65008007672 -0.948996173152 -6.31981602431
-3.658064029 -0.962322337995 -6.37381089121
-3.66454787943 -0.975436331512 -6.4289989838
-3.66961818996 -0.988328506146 -6.48520314164
-3.67337035854 -1.00099273424 -6.54225040774
-3.67590725397 -1.01342627083 -6.59997339085
-3.67733777205 -1.0256295753 -6.65821154191
-3.67777533275 -1.0376060951 -6.71681233111
-3.67733633911 -1.04936201531 -6.77563231291
-3.67613861865 -1.06090597798 -6.83453806806
-3.67429986824 -1.07224877581 -6.89340701322
-3.67193612335 -1.08340302483 -6.9521280703
-3.66916027174 -1.09438282097 -7.01060218957
-3.6660806311 -1.10520338549 -7.06874272226
-3.66279960898 -1.11588070446 -7.12647564045
-3.65941246197 -1.12643116722 -7.18373960366
-3.65600616963 -1.13687120888 -7.24048587365
-3.65265843682 -1.14721696155 -7.29667808068
-3.64943683607 -1.15748391888 -7.35229184617
-3.64639809973 -1.16768661828 -7.40731426872
-3.64358756911 -1.17783834453 -7.46174328147
-3.6410388059 -1.18795085855 -7.51558689098
-3.63877336844 -1.19803415414 -7.56886230841
-3.6368007533 -1.20809624554 -7.62159498563
-3.63511850022 -1.2181429877 -7.67381756922
-3.63371245617 -1.228177931 -7.72556878678
-3.63255719208 -1.23820221137 -7.77689228016
-3.63161656393 -1.24821447634 -7.82783540074
-3.63084440759 -1.25821084705 -7.87844798239
-3.63018535558 -1.26818491557 -7.92878110727
-3.62957576197 -1.27812777675 -7.97888588003
-3.62894472061 -1.28802809276 -8.0288122252
-3.62821516073 -1.29787218881 -8.07860772211
-3.62730500322 -1.30764417739 -8.12831649118
-3.6261283602 -1.3173261087 -8.17797814419
-3.62459676057 -1.32689814415 -8.22762681044
-3.62262038377 -1.33633874986 -8.27729024932
-3.62010928477 -1.34562490685 -8.32698905864
-3.61697459328 -1.35473233439 -8.37673598674
-3.61312967147 -1.36363572319 -8.42653535486
-3.60849121509 -1.37230897465 -8.47638259477
-3.60298028432 -1.380725443 -8.52626390538
-3.59652325189 -1.38885817684 -8.57615602994
-3.58905265774 -1.39668015688 -8.62602615471
-3.58050796106 -1.40416452705 -8.67583192767
-3.57083618229 -1.41128481608 -8.72552159506
-3.55999242976 -1.41801514729 -8.77503425175
-3.54794030718 -1.42433043428 -8.82430020028
-3.53465220048 -1.43020656086 -8.87324141228
-3.52010944417 -1.43562054385 -8.9217720848
-3.50430236927 -1.4405506774 -8.96979928321
-3.48723023669 -1.4449766585 -9.01722366143
-3.46890106153 -1.44887969311 -9.06394024972
-3.4493313354 -1.45224258293 -9.10983929948
-3.42854565499 -1.45504979337 -9.15480717453
-3.40657626671 -1.45728750315 -9.19872727767
-3.38346253776 -1.45894363671 -9.2414810016
-3.3592503653 -1.46000788049 -9.28294869318
-3.33399153539 -1.46047168464 -9.32301062027
-3.30774304432 -1.46032825175 -9.36154793066
-3.28056639471 -1.45957251434 -9.39844359322
-3.25252687876 -1.45820110296 -9.43358331185
-3.2236928609 -1.45621230687 -9.46685640346
-3.19413507135 -1.45360602915 -9.49815663208
-3.16392592162 -1.45038373809 -9.527382992
-3.13313885199 -1.44654841673 -9.55444043357
-3.10184772007 -1.44210451213 -9.57924052653
-3.07012623829 -1.43705788587 -9.60170205626
-3.03804746703 -1.43141576722 -9.62175154975
-3.00568336853 -1.42518670986 -9.63932372873
-2.97310442559 -1.41838055323 -9.65436188837
-2.94037932733 -1.41100838897 -9.66681820103
-2.907574723 -1.40308253274 -9.67665394527
-2.87475504324 -1.39461650164 -9.68383966102
-2.84198238705 -1.38562499683 -9.68835523286
-2.80931647106 -1.376123891 -9.69018990369
-2.77681463664 -1.36613021982 -9.68934222188
-2.74453190946 -1.3556621765 -9.68581992537
-2.71252110469 -1.34473910823 -9.67963976669
-2.68083297067 -1.33338151317 -9.67082728311
-2.64951636292 -1.32161103633 -9.65941651642
-2.61861844007 -1.309450463 -9.64544968705
-2.58818487285 -1.29692370767 -9.62897682721
-2.55826005738 -1.2840557971 -9.61005537772
-2.5288873239 -1.27087284543 -9.58874975334
-2.5001091325 -1.2574020201 -9.5651308809
-2.47196724786 -1.24367149663 -9.53927571476
-2.44450288555 -1.22971040116 -9.51126673361
-2.41775682338 -1.2155487394 -9.48119142232
-2.39176947212 -1.20121731097 -9.44914174267
-2.36658090107 -1.18674760853 -9.41521359573
-2.34223081493 -1.17217170107 -9.3795062793
-2.31875847997 -1.15752210139 -9.34212194246
-2.29620259855 -1.14283161789 -9.30316503997
-2.27460113231 -1.12813319117 -9.26274178818
-2.25399107612 -1.11345971642 -9.22095962434
-2.23440818553 -1.09884385277 -9.1779266708
-2.21588666233 -1.08431782124 -9.13375120545
-2.19845880357 -1.0699131931 -9.08854113948
-2.18215462083 -1.05566067097 -9.04240350374
-2.16700143708 -1.04158986518 -8.99544394464
-2.15302346974 -1.02772906792 -8.94776623068
-2.14024140894 -1.01410502853 -8.89947177071
-2.12867200042 -1.00074273261 -8.85065914522
-2.11832764318 -0.987665188633 -8.80142365183
-2.10921601153 -0.974893225043 -8.75185686667
-2.10133971178 -0.962445301386 -8.7020462232
-2.09469598291 -0.950337336654 -8.65207461054
-2.0892764505 -0.938582558089 -8.6020199933
-2.08506694231 -0.927191373459 -8.55195505542
-2.08204737313 -0.916171269639 -8.50194687053
-2.08019170551 -0.905526740054 -8.45205660169
-2.07946799173 -0.89525924322 -8.40233923356
-2.07983850113 -0.885367194261 -8.35284334001
-2.08125993539 -0.875845990862 -8.3036108906
-2.0836837331 -0.866688074688 -8.25467709917
-2.0870564629 -0.857883028801 -8.20607031784
-2.09132030348 -0.849417711129 -8.15781197979
-2.09641360653 -0.841276423505 -8.10991659386
-2.10227153742 -0.833441115287 -8.06239179392
-2.10882678696 -0.825891620025 -8.0152384457
-2.11601034575 -0.818605923142 -7.96845081329
-2.12375233151 -0.811560458068 -7.92201678728
-2.13198285861 -0.804730427822 -7.87591817568
-2.14063293765 -0.798090148559 -7.83013105861
-2.14963539232 -0.79161341121 -7.78462620665
-2.15892577984 -0.785273856988 -7.73936956241
-2.16844330101 -0.779045362203 -7.6943227838
-2.1781316853 -0.772902427626 -7.64944384695
-2.18794003673 -0.766820567407 -7.60468770576
-2.19782362619 -0.760776692488 -7.56000700415
-2.20774461638 -0.754749483371 -7.51535283639
-2.21767270636 -0.748719747162 -7.47067554991
-2.22758568333 -0.742670753887 -7.42592558427
-2.23746987055 -0.736588547285 -7.38105433903
-2.24732046164 -0.73046222551 -7.33601506276
-2.25714173288 -0.724284187499 -7.29076375449
-2.26694712701 -0.718050341165 -7.24526006854
-2.27675920348 -0.711760269997 -7.19946821307
-2.28660945257 -0.705417355171 -7.15335783231
-2.29653797222 -0.699028850827 -7.10690486204
-2.30659300894 -0.692605910741 -7.06009234813
-2.31683036597 -0.686163565282 -7.01291121736
-2.32731268415 -0.679720648165 -6.96536099033
-2.33810860277 -0.67329967319 -6.91745042632
-2.34929180982 -0.666926661848 -6.86919809034
-2.36093999283 -0.660630923303 -6.82063283342
-2.37313370319 -0.654444788966 -6.77179417736
-2.38595514838 -0.648403304469 -6.72273259663
-2.39948692794 -0.642543882465 -6.67350969058
-2.41381073006 -0.636905920242 -6.6241982404
-2.42900600669 -0.631530386648 -6.57488214637
-2.44514864547 -0.626459383256 -6.52565624241
-2.46230965749 -0.621735685117 -6.47662598603
-2.48055389961 -0.617402266737 -6.42790702341
-2.49993885018 -0.613501819171 -6.3796246307
-2.52051345639 -0.610076264284 -6.33191303431

/group/celiac/9
9
posId 9
-2.90158254075 -0.403736179224 -6.38872148913
-2.93389350172 -0.39920257082 -6.35397636586
-2.9668262857 -0.395543281504 -6.321161288
-3.00026840622 -0.392830799122 -6.29055046509
-3.03409474563 -0.391133475459 -6.2624157216
-3.06816903609 -0.390514464057 -6.23702259533
-3.10234556943 -0.391030716998 -6.21462643586
-3.136471108 -0.392732058266 -6.19546857006
-3.17038696441 -0.395660350124 -6.17977260134
-3.20393121448 -0.39984876751 -6.16774090815
-3.23694100522 -0.405321193644 -6.15955140394
-3.26925491694 -0.412091748074 -6.15535461729
-3.30071533781 -0.420164456089 -6.15527114547
-3.33117080812 -0.429533066043 -6.15938952886
-3.36047829187 -0.440181018554 -6.16776458632
-3.38850533445 -0.452081568886 -6.18041624399
-3.41513206654 -0.465198061158 -6.1973288813
-3.44025301744 -0.479484350306 -6.21845120909
-3.46377870381 -0.494885365149 -6.24369668537
-3.48563696403 -0.51133780337 -6.27294446464
-3.50577401267 -0.528770946906 -6.30604086751
-3.52415519467 -0.547107584078 -6.34280134783
-3.5407654242 -0.566265022912 -6.38301292575
-3.55560929864 -0.586156178479 -6.42643704701
-3.56871088441 -0.606690715784 -6.47281282076
-3.58011317694 -0.627776228773 -6.52186058187
-3.58987724313 -0.649319435405 -6.57328571766
-3.59808106059 -0.67122736852 -6.62678269436
-3.60481807313 -0.693408542335 -6.68203921522
-3.6101954876 -0.715774074939 -6.73874043976
-3.61433234132 -0.738238747975 -6.796573193
-3.61735737399 -0.76072198596 -6.85523009352
-3.61940674131 -0.783148739149 -6.91441353117
-3.62062161022 -0.805450255739 -6.97383942798
-3.62114567806 -0.82756473123 -7.0332407201
-3.62112265904 -0.849437825072 -7.0923705039
-3.62069378195 -0.871023037186 -7.15100479538
-3.61999534275 -0.892281939533 -7.20894485977
-3.61915635463 -0.913184260569 -7.26601907566
-3.618296336 -0.933707823115 -7.32208430689
-3.61752327442 -0.953838338828 -7.37702676452
-3.61693180109 -0.973569065046 -7.43076235017
-3.61660160648 -0.99290033226 -7.48323648195
-3.61659612326 -1.01183895272 -7.53442341299
-3.61696149768 -1.0303975228 -7.58432506212
-3.61772586511 -1.04859363354 -7.63296938456
-3.61889894015 -1.06644900531 -7.68040831871
-3.62047192568 -1.08398856387 -7.72671535235
-3.6224177396 -1.10123947584 -7.77198275813
-3.62469155231 -1.11823016224 -7.81631855338
-3.62723162243 -1.13498930892 -7.85984324401
-3.62996041302 -1.15154489254 -7.90268641513
-3.63278596579 -1.1679232403 -7.94498323311
-3.6356035063 -1.18414814053 -7.98687092466
-3.63829724935 -1.20024002046 -8.02848529772
-3.64074237074 -1.21621520565 -8.06995736751
-3.64280710874 -1.23208527406 -8.1114101479
-3.64435495706 -1.24785651569 -8.15295566451
-3.64524690993 -1.26352950663 -8.19469224063
-3.64534371961 -1.27909880408 -8.2367021014
-3.64450812717 -1.29455276635 -8.27904933461
-3.64260702839 -1.30987349984 -8.32177823944
-3.63951353876 -1.32503693203 -8.36491208637
-3.63510892382 -1.34001300759 -8.40845230335
-3.62928436457 -1.35476600219 -8.45237809494
-3.62194253103 -1.36925494653 -8.49664649285
-3.61299894129 -1.38343415102 -8.54119282794
-3.60238308801 -1.39725382005 -8.58593160606
-3.59003931874 -1.41066074292 -8.63075776254
-3.57592746177 -1.42359904757 -8.67554826351
-3.56002319383 -1.43601100204 -8.72016401605
-3.54231815112 -1.44783784829 -8.7644520442
-3.52281979002 -1.45902065225 -8.80824788339
-3.50155100818 -1.46950115439 -8.85137814285
-3.47854954117 -1.47922260505 -8.89366318324
-3.45386715378 -1.48813056976 -8.93491985596
-3.42756864815 -1.49617369017 -8.97496425025
-3.39973071426 -1.50330438805 -9.01361439579
-3.37044065008 -1.50947950039 -9.05069287028
-3.33979498082 -1.51466083607 -9.08602926495
-3.30789800729 -1.5188156457 -9.11946246482
-3.27486031425 -1.52191699834 -9.15084270541
-3.24079726876 -1.52394406103 -9.18003337324
-3.20582753822 -1.52488227853 -9.2069125235
-3.17007165579 -1.5247234533 -9.23137409475
-3.1336506591 -1.52346572733 -9.25332880737
-3.09668482554 -1.52111346941 -9.27270473948
-3.05929252419 -1.51767707339 -9.28944758074
-3.02158920142 -1.51317267431 -9.30352057151
-2.98368651324 -1.50762179104 -9.31490414092
-2.94569161377 -1.50105090501 -9.32359526373
-2.90770660514 -1.49349098579 -9.32960656108
-2.86982815023 -1.48497697488 -9.33296517501
-2.8321472457 -1.47554723965 -9.33371145071
-2.7947491489 -1.46524300953 -9.3318974636
-2.75771344891 -1.45410780637 -9.32758543042
-2.72111426863 -1.44218688073 -9.32084604505
-2.68502058203 -1.42952666517 -9.31175678014
-2.64949662837 -1.41617425471 -9.30040019475
-2.61460240311 -1.4021769239 -9.28686228729
-2.5803942042 -1.38758168823 -9.27123093002
-2.5469252114 -1.37243491675 -9.25359441887
-2.51424607597 -1.35678200097 -9.23404016796
-2.48240549885 -1.34066708352 -9.21265357401
-2.45145077572 -1.32413284873 -9.18951707071
-2.4214282893 -1.30722037522 -9.16470938778
-2.39238393078 -1.28996904937 -9.13830502373
-2.3643634349 -1.27241653687 -9.11037393561
-2.33741261568 -1.254598808 -9.08098144337
-2.31157749302 -1.23655021125 -9.05018834056
-2.28690430361 -1.21830358849 -9.01805119808
-2.26343939308 -1.1998904242 -8.98462284259
-2.24122898976 -1.18134102043 -8.94995298673
-2.220318864 -1.16268468857 -8.91408898465
-2.20075388046 -1.14394994894 -8.87707668305
-2.18257745395 -1.12516472907 -8.83896133583
-2.16583092243 -1.10635655174 -8.79978854878
-2.15055285343 -1.08755270435 -8.7596052202
-2.13677830255 -1.06878038193 -8.7184604435
-2.12453804427 -1.05006679682 -8.67640633902
-2.11385779695 -1.0314392492 -8.63349878432
-2.10475746445 -1.01292515402 -8.58979801472
-2.09725041721 -0.994552020906 -8.54536906959
-2.09134283514 -0.976347385412 -8.50028206389
-2.0870331341 -0.958338691258 -8.4546122692
-2.0843114959 -0.940553124841 -8.40843999367
-2.08315952023 -0.923017404793 -8.36185025554
-2.08355001412 -0.905757530824 -8.31493225096
-2.08544693208 -0.888798497473 -8.26777862208
-2.08880547628 -0.872163979658 -8.2204845374
-2.09357236339 -0.855875997993 -8.17314660161
-2.09968625999 -0.839954572787 -8.1258616173
-2.10707838554 -0.824417376342 -8.0787252256
-2.11567327713 -0.809279393636 -8.03183045673
-2.12538970694 -0.794552601758 -7.98526622498
-2.13614173914 -0.780245678403 -7.93911580517
-2.14783990965 -0.766363749515 -7.89345532938
-2.16039250871 -0.752908185598 -7.84835234358
-2.17370694348 -0.739876455491 -7.80386446394
-2.18769115535 -0.727262045359 -7.76003817123
-2.20225506461 -0.715054449468 -7.71690778024
-2.21731201389 -0.703239237873 -7.67449461786
-2.23278018082 -0.691798204596 -7.63280644017
-2.24858393032 -0.680709598154 -7.59183711403
-2.2646550773 -0.669948434503 -7.55156658395
-2.28093403162 -0.659486890615 -7.51196113856
-2.29737079902 -0.649294775012 -7.47297398563
-2.31392581386 -0.639340069756 -7.43454613706
-2.33057058256 -0.629589536597 -7.39660759915
-2.34728811983 -0.620009378318 -7.35907885626
-2.36407316387 -0.610565944767 -7.3218726291
-2.38093216056 -0.601226471722 -7.2848958826
-2.3978830115 -0.59195983962 -7.24805205183
-2.41495458507 -0.582737338239 -7.21124344893
-2.43218599487 -0.573533422838 -7.17437380902
-2.4496256543 -0.564326446894 -7.13735092855
-2.46733012088 -0.555099356531 -7.10008934657
-2.4853627486 -0.545840331988 -7.06251301654
-2.50379217032 -0.536543362059 -7.02455791518
-2.52269063657 -0.527208738265 -6.98617453442
-2.54213224025 -0.517843456707 -6.94733020338
-2.56219105931 -0.508461516927 -6.90801118889
-2.58293925231 -0.499084108805 -6.86822452641
-2.60444514264 -0.489739680375 -6.82799953688
-2.62677132871 -0.480463881507 -6.78738899016
-2.64997285691 -0.471299380619 -6.74646988145
-2.67409549421 -0.462295553867 -6.70534379385
-2.69917413552 -0.453508048644 -6.6641368274
-2.72523137888 -0.444998225572 -6.62299908276
-2.75227629935 -0.436832485529 -6.58210369612
-2.78030344835 -0.429081490475 -6.54164542992
-2.80929210204 -0.421819289015 -6.50183883287
-2.83920577731 -0.415122359533 -6.46291599089

/group/celiac/12
12
posId 12
-3.04150945361 -0.121590489791 -6.56624012873
-3.05420600272 -0.111561341979 -6.52196530586
-3.06735452716 -0.102008904237 -6.47896518919
-3.08094864436 -0.0930129335604 -6.43751751334
-3.09497570802 -0.0846508962423 -6.39789710463
-3.10941684107 -0.0769970313249 -6.36037265276
-3.12424702869 -0.0701214426829 -6.32520353316
-3.13943527185 -0.064089231946 -6.29263672151
-3.15494480089 -0.0589596840217 -6.2629038408
-3.17073334864 -0.0547855163837 -6.23621837967
-3.18675348164 -0.0516122025398 -6.21277311873
-3.20295298762 -0.0494773791899 -6.19273779882
-3.2192753166 -0.0484103455487 -6.17625706219
-3.23566007291 -0.0484316621447 -6.16344869388
-3.25204355418 -0.0495528551448 -6.15440218696
-3.26835933338 -0.0517762308891 -6.14917765075
-3.28453887921 -0.0550948038951 -6.14780507694
-3.30051220962 -0.0594923401039 -6.15028397368
-3.31620857293 -0.0649435156234 -6.15658337287
-3.33155715054 -0.0714141896931 -6.16664221108
-3.34648777482 -0.0788617890745 -6.18037007957
-3.36093165545 -0.087235799573 -6.19764833388
-3.37482210739 -0.0964783589586 -6.21833154898
-3.38809527326 -0.106524944171 -6.24224930111
-3.40069083287 -0.117305144415 -6.26920825343
-3.4125526927 -0.128743510557 -6.29899451843
-3.42362964792 -0.140760470198 -6.33137626633
-3.43387600989 -0.153273296845 -6.36610654574
-3.44325219211 -0.166197120869 -6.40292627982
-3.45172524775 -0.179445969289 -6.44156739901
-3.4592693526 -0.192933821014 -6.48175606967
-3.46586622712 -0.206575663892 -6.52321597666
-3.47150549223 -0.220288539845 -6.56567161728
-3.47618495383 -0.233992564465 -6.60885156396
-3.47991081154 -0.247611907718 -6.65249165355
-3.48269778805 -0.261075722893 -6.69633806196
-3.48456917606 -0.274319011534 -6.74015022485
-3.4855568004 -0.287283412911 -6.78370356679
-3.48570089419 -0.299917907539 -6.82679200426
-3.48504988813 -0.31217942534 -6.8692301908
-3.4836601135 -0.324033350277 -6.91085547604
-3.48159541966 -0.335453914609 -6.95152955446
-3.47892670843 -0.346424477369 -6.99113978371
-3.47573138802 -0.356937683139 -7.0296001568
-3.47209275037 -0.366995498775 -7.0668519172
-3.46809927649 -0.376609127328 -7.10286381063
-3.46384387525 -0.385798799992 -7.13763197207
-3.45942306184 -0.394593448528 -7.17117945161
-3.45493608267 -0.403030262165 -7.20355538725
-3.4504839945 -0.4111541345 -7.23483383764
-3.44616870577 -0.419017007348 -7.26511229218
-3.44209198896 -0.426677119872 -7.29450987997
-3.43835447291 -0.434198172532 -7.32316530329
-3.4350546248 -0.441648416545 -7.35123452444
-3.43228773132 -0.449099680484 -7.37888823841
-3.43014488896 -0.456626346516 -7.40630916598
-3.42871201344 -0.464304289382 -7.43368920459
-3.42806887808 -0.472209791768 -7.46122647556
-3.4282881909 -0.480418449968 -7.48912230774
-3.42943471999 -0.489004083887 -7.51757819804
-3.43156447635 -0.498037665382 -7.54679278952
-3.43472396281 -0.507586278664 -7.57695890709
-3.43894949737 -0.517712126072 -7.60826068988
-3.44426661845 -0.52847159193 -7.64087085783
-3.45068957896 -0.539914376427 -7.67494814788
-3.45822093519 -0.552082710533 -7.71063495269
-3.46685123585 -0.5650106619 -7.7480551917
-3.47655881553 -0.578723540507 -7.7873124413
-3.48730969588 -0.5932374115 -7.82848834665
-3.49905759694 -0.608558721262 -7.87164133426
-3.51174405978 -0.624684041294 -7.91680563973
-3.52529868087 -0.64159993295 -7.96399066104
-3.53963945716 -0.659282934477 -8.01318064293
-3.55467324011 -0.677699670278 -8.06433469354
-3.57029629559 -0.6968070807 -8.11738712998
-3.58639496576 -0.716552769125 -8.17224814479
-3.60284642787 -0.736875461652 -8.22880478121
-3.619519544 -0.757705573214 -8.28692220088
-3.63627579501 -0.778965872652 -8.34644522371
-3.65297029087 -0.800572238035 -8.4072001163
-3.66945284904 -0.82243449239 -8.46899660181
-3.68556913162 -0.84445730905 -8.5316300616
-3.70116183179 -0.866541174987 -8.59488389654
-3.71607189899 -0.888583399838 -8.65853201394
-3.73013979256 -0.910479157831 -8.72234140473
-3.74320675261 -0.932122549477 -8.78607477458
-3.7551160773 -0.953407669771 -8.84949319236
-3.76571439508 -0.974229669635 -8.91235871928
-3.77485292092 -0.994485797563 -8.97443698313
-3.78238868546 -1.0140764088 -9.03549966259
-3.78818572625 -1.0329059299 -9.09532684898
-3.79211623069 -1.05088376727 -9.15370925416
-3.79406162079 -1.06792514902 -9.21045023652
-3.79391357008 -1.08395189062 -9.26536761937
-3.79157494414 -1.09889307573 -9.31829527966
-3.78696065649 -1.112685645 -9.36908448826
-3.77999843255 -1.12527488666 -9.41760498709
-3.77062947538 -1.1366148245 -9.46374579199
-3.75880902748 -1.14666849958 -9.50741571477
-3.74450682418 -1.15540814431 -9.54854360165
-3.72770743508 -1.16281524815 -9.5870782896
-3.70841049092 -1.16888051616 -9.62298828637
-3.68663079441 -1.17360372294 -9.65626118369
-3.66239831453 -1.17699346558 -9.68690281722
-3.63575806493 -1.17906682096 -9.71493619016
-3.60676986795 -1.17984891353 -9.74040018107
-3.57550800695 -1.17937240121 -9.76334805905
-3.54206077039 -1.17767688757 -9.78384583243
-3.50652989225 -1.17480826979 -9.80197045909
-3.4690298941 -1.17081803229 -9.81780794833
-3.42968733492 -1.16576249662 -9.83145138572
-3.38863997553 -1.15970203849 -9.84299891297
-3.34603586535 -1.15270028346 -9.85255169537
-3.30203235932 -1.14482329222 -9.86021190915
-3.25679507386 -1.13613874715 -9.86608078059
-3.21049679073 -1.12671515084 -9.87025670748
-3.16331631813 -1.11662104752 -9.87283349204
-3.11543731876 -1.10592427733 -9.87389871257
-3.06704711425 -1.09469127304 -9.8735322585
-3.01833547601 -1.08298640782 -9.87180505081
-2.96949341195 -1.07087140187 -9.86877796696
-2.92071195863 -1.05840479462 -9.86450098576
-2.87218098837 -1.04564148827 -9.85901256436
-2.82408804 -1.03263236707 -9.85233925559
-2.7766171822 -1.01942399563 -9.84449557016
-2.72994791743 -1.00605839841 -9.83548408424
-2.68425413413 -0.992572921041 -9.82529578908
-2.63970311443 -0.979000173123 -9.81391067545
-2.59645460366 -0.965368050669 -9.80129854201
-2.55465994763 -0.951699835399 -9.78742001301
-2.51446130275 -0.938014366803 -9.77222774762
-2.47599092337 -0.924326281874 -9.75566781997
-2.43937053005 -0.910646316483 -9.73768124628
-2.40471076162 -0.896981661433 -9.71820563312
-2.37211071316 -0.88333636554 -9.69717691888
-2.34165756145 -0.869711777437 -9.67453117896
-2.31342627831 -0.856107017315 -9.65020646416
-2.28747943196 -0.842519469464 -9.62414464097
-2.26386707562 -0.82894528629 -9.59629320265
-2.2426267218 -0.815379894416 -9.56660701991
-2.22378340036 -0.801818493581 -9.53505000116
-2.20734979771 -0.788256539284 -9.50159663349
-2.1933264738 -0.774690200506 -9.46623337707
-2.18170215347 -0.761116784351 -9.42895988821
-2.17245408778 -0.747535120115 -9.38979004846
-2.16554848096 -0.733945896001 -9.34875278035
-2.16094097817 -0.720351942613 -9.30589263331
-2.15857720869 -0.706758458278 -9.26127012699
-2.1583933795 -0.693173172277 -9.21496184289
-2.16031691339 -0.67960644317 -9.16706025876
-2.16426712617 -0.666071290495 -9.11767332467
-2.17015593713 -0.652583359301 -9.06692378317
-2.17788860701 -0.639160818124 -9.01494824026
-2.18736449775 -0.625824192148 -8.96189599762
-2.19847784836 -0.612596134447 -8.90792766042
-2.21111856131 -0.599501139223 -8.85321353858
-2.22517299411 -0.586565202032 -8.79793186259
-2.24052475069 -0.573815432844 -8.74226683834
-2.25705546772 -0.561279628698 -8.68640656762
-2.27464559089 -0.548985813382 -8.63054086389
-2.29317513669 -0.536961752223 -8.57485899426
-2.31252443538 -0.525234450539 -8.51954738043
-2.33257485114 -0.513829644671 -8.46478729218
-2.35320947555 -0.502771294705 -8.41075256764
-2.37431379126 -0.492081088091 -8.35760739419
-2.39577630234 -0.481777963254 -8.305504184
-2.41748912879 -0.471877662092 -8.25458157646
-2.43934856253 -0.462392319884 -8.2049625988
-2.46125558264 -0.45333010061 -8.15675301409
-2.48311632796 -0.444694885077 -8.11003988332
-2.50484252523 -0.436486018473 -8.06489036552
-2.52635187161 -0.428698123095 -8.02135077675
-2.54756837021 -0.421320981064 -7.97944592525
-2.56842261791 -0.414339490745 -7.93917873619
-2.58885204471 -0.407733699534 -7.90053017554
-2.60880110438 -0.401478914428 -7.86345947831
-2.62822141605 -0.395545890676 -7.82790468231
-2.64707185696 -0.389901097517 -7.79378346385
-2.66531860644 -0.38450705883 -7.76099426796
-2.68293514186 -0.379322765318 -7.72941772103
-2.69990218696 -0.374304153691 -7.69891830987
-2.7162076135 -0.369404647177 -7.66934630721
-2.73184629744 -0.364575750713 -7.64053992001
-2.74681993069 -0.359767693178 -7.61232763339
-2.76113678997 -0.354930108207 -7.58453072037
-2.77481146439 -0.350012744412 -7.55696588442
-2.78786454365 -0.344966195217 -7.52944800026
-2.80032226865 -0.339742638088 -7.50179291617
-2.81221614699 -0.334296572597 -7.47382027995
-2.82358253548 -0.32858554662 -7.44535635034
-2.83446219237 -0.322570859964 -7.41623675488
-2.84489980208 -0.316218234864 -7.38630915631
-2.85494347526 -0.309498443101 -7.35543578992
-2.86464422736 -0.30238787996 -7.32349583599
-2.87405543906 -0.29486907586 -7.29038759353
-2.88323230191 -0.286931137214 -7.25603042345
-2.89223125291 -0.278570108984 -7.22036643285
-2.90110940176 -0.269789252384 -7.18336187483
-2.90992395464 -0.260599232276 -7.14500824227
-2.9187316387 -0.25101821001 -7.10532303778
-2.92758813116 -0.241071838735 -7.06435020644
-2.9365474974 -0.230793159495 -7.02216022226
-2.94566164224 -0.220222397834 -6.97884982416
-2.95497977866 -0.209406661982 -6.9345414016
-2.96454791822 -0.198399545079 -6.88938203505
-2.97440838745 -0.187260635272 -6.84354220107
-2.9845993744 -0.176054938812 -6.79721415617
-2.99515450926 -0.164852222574 -6.75061001834
-3.00610248311 -0.153726283577 -6.70395956902
-3.01746670844 -0.142754154195 -6.65750780234

/group/celiac/15
15
posId 15
-2.88545856012 0.0506295231595 -6.8136179451
-2.87661158116 0.04982096576 -6.75522795115
-2.8713176738 0.0500239355763 -6.69848825672
-2.86934287264 0.0511521786368 -6.6439137872
-2.87034703833 0.0530975317691 -6.59170614268
-2.87393959319 0.0557457505164 -6.54178073925
-2.87974252527 0.0589933634669 -6.49383042822
-2.88745142638 0.0627630417674 -6.44741756616
-2.89688530575 0.0670150872115 -6.402082644
-2.90801725704 0.0717531153314 -6.35745526408
-2.92098058842 0.0770227816807 -6.31335281086
-2.93604841149 0.0829033656238 -6.26985366867
-2.95358845649 0.0894930519143 -6.22733510583
-2.97399850461 0.0968896903235 -6.18647053634
-2.99763078409 0.105169531238 -6.14818617146
-3.02471553063 0.114366823268 -6.11358237169
-3.05529438286 0.124457155093 -6.08382959226
-3.08917327592 0.135347019831 -6.06005206902
-3.12590212837 0.146871324218 -6.04321388662
-3.1647851948 0.158799554672 -6.03402161897
-3.20492193909 0.170850182861 -6.0328554114
-3.2452742163 0.182711797601 -6.03973651735
-3.28475199418 0.194068538059 -6.0543344494
-3.32230728957 0.20462680151 -6.0760117237
-3.35702479805 0.214139991892 -6.1038993745
-3.38819802833 0.222428294234 -6.13699263641
-3.41538157773 0.229391077465 -6.17425392831
-3.43841325712 0.235010462614 -6.21470980234
-3.45740367858 0.239345719702 -6.25752986658
-3.47269512613 0.242519323701 -6.30207862162
-3.48479547057 0.244696551035 -6.34793522283
-3.4942960311 0.246061293255 -6.39488079499
-3.5017842113 0.24679119892 -6.44285742241
-3.50776219509 0.247035273706 -6.49190668535
-3.51258193323 0.246896674732 -6.54209810248
-3.51640424688 0.24642268664 -6.59345874854
-3.51918646717 0.245602870903 -6.64591456187
-3.52069910091 0.244375275102 -6.69925159338
-3.52056811008 0.242639527872 -6.75310205102
-3.51833605321 0.240274771599 -6.80695599195
-3.5135330095 0.237159814318 -6.86019552054
-3.50574719523 0.233192686224 -6.91214496145
-3.49468559818 0.228306982668 -6.96212819427
-3.48021670949 0.222482927382 -7.0095234856
-3.46239024761 0.215751910423 -7.05380684468
-3.44143222094 0.20819422235 -7.09457703389
-3.41771725882 0.199930678409 -7.13155854674
-3.39172333795 0.191109665215 -7.16458262199
-3.36397639015 0.181891730532 -7.19355010618
-3.3349934739 0.172434095807 -7.21838312238
-3.30523307547 0.162877371648 -7.23897455289
-3.27505971944 0.153336321861 -7.25514496738
-3.24472764018 0.143895823901 -7.2666157076
-3.21438517477 0.134612322237 -7.27300449194
-3.18409825414 0.125520196696 -7.27384646419
-3.15388838913 0.116641702529 -7.26863958561
-3.12377831624 0.107998597235 -7.25690926177
-3.09383731546 0.0996233306597 -7.23828371597
-3.06421830745 0.0915677732739 -7.21256939988
-3.03518015987 0.0839078753641 -7.17981503657
-3.00709098046 0.0767433215987 -7.14035387155
-2.98041118917 0.0701920672531 -7.09481627015
-2.95565838782 0.064380487635 -7.04410861649
-2.9333589911 0.0594306104581 -6.98935902396
-2.91399379744 0.0554464171471 -6.93183502212

/group/celiac/18
18
posId 18
-3.3130628606 0.461247540454 -6.64920398656
-3.29962355141 0.47587839014 -6.70865541487
-3.28495523456 0.488429194799 -6.76396504769
-3.26841876204 0.498254477765 -6.81420148419
-3.24921588117 0.504773564344 -6.85883335198
-3.2265412483 0.507545777828 -6.89773133989
-3.19974534626 0.506326212544 -6.93110083101
-3.16848252823 0.501093715698 -6.95935707394
-3.1328202585 0.492047638391 -6.98296610496
-3.09329142298 0.479575297802 -7.00228174988
-3.050880399 0.464196958259 -7.01741056473
-3.00694394968 0.446498632059 -7.02813212022
-2.96307821606 0.427064531825 -7.03389231004
-2.92095142819 0.406420355455 -7.03387407945
-2.88212707336 0.384995937615 -7.02713552703
-2.84790333587 0.36311170751 -7.012792382
-2.81919154031 0.340988656698 -6.99021281874
-2.7964496801 0.318777051005 -6.95918917451
-2.77967808016 0.296595756177 -6.92005410912
-2.76847439139 0.274572401419 -6.87371765811
-2.76213611252 0.252874954086 -6.82161496789
-2.75979215617 0.231727511379 -6.76556992764
-2.76054165018 0.21140675899 -6.70759468943
-2.76357860988 0.19221986129 -6.64965655015
-2.76828507472 0.174468667784 -6.59344978069
-2.77428191422 0.15840822223 -6.54020960333
-2.78143447824 0.144209020741 -6.49059866792
-2.78981811339 0.13193197974 -6.4446842441
-2.79965489803 0.121522720015 -6.40200905747
-2.81123670807 0.112827991728 -6.36174293885
-2.82485038352 0.105632583253 -6.32288899274
-2.84071839307 0.0997107469405 -6.28450917095
-2.85896363459 0.0948828904346 -6.24593146688
-2.87960093572 0.0910666931717 -6.20690483141
-2.90255171827 0.0883122709435 -6.16767758487
-2.92767340593 0.0868134979044 -6.12898877261
-2.95479244883 0.0868916902604 -6.09197710239
-2.98372980368 0.0889528305215 -6.05802609008
-3.01431028195 0.0934244555892 -6.02857436289
-3.04635176019 0.10068232212 -6.0049249613
-3.07963582091 0.110979232948 -5.98808619038
-3.11386673796 0.124388496408 -5.97866947945
-3.14862965117 0.140772327205 -5.97685825021
-3.18336038446 0.159781425955 -5.98244817401
-3.21733820613 0.180886692418 -5.99494598334
-3.24970902547 0.203438464005 -6.01370363425
-3.27954073387 0.226743820366 -6.03805896657
-3.30590572491 0.250149235322 -6.06745403632
-3.32797938573 0.273114791318 -6.10150787668
-3.34513883048 0.295267513551 -6.14003041235
-3.35704435179 0.316424915877 -6.18297662197
-3.36368751809 0.336584969618 -6.23035239582
-3.36539445963 0.355884514509 -6.28209347668
-3.36277997271 0.374533606299 -6.33794448613
-3.35665644336 0.3927374726 -6.39736525138
-3.34790977 0.410619891392 -6.45948642501
-3.33736094687 0.428161540505 -6.52312674461

/group/celiac/21
21
posId 21
-2.72531328821 0.334137409363 -6.75738144867
-2.7111086706 0.336079630849 -6.69540815352
-2.70092170799 0.340884366232 -6.63476032534
-2.69492099178 0.348332306235 -6.5771055526
-2.69306909032 0.358166018301 -6.52352739734
-2.69511643374 0.370107132183 -6.47442107065
-2.70062376737 0.383872717258 -6.42949903742
-2.70901149609 0.399189365963 -6.38790737565
-2.7196296247 0.415803802934 -6.34843511993
-2.73183828873 0.433489276866 -6.30978296114
-2.74508672963 0.452047506522 -6.27084728279
-2.75897840508 0.471306478282 -6.23097241106
-2.77331181356 0.491114863652 -6.1901287305
-2.78809027718 0.511334182872 -6.14898622857
-2.8034987865 0.531830042751 -6.10887011996
-2.81985127295 0.552463802592 -6.07160461938
-2.8375164671 0.573085874831 -6.03926942825
-2.85683402149 0.593531573439 -6.01390796897
-2.87803422836 0.613620028278 -5.99723440884
-2.90117415576 0.633156244325 -5.99038671863
-2.92610042879 0.651935961346 -5.99376538018
-2.95244461572 0.669752617035 -6.00698318403
-2.97965193817 0.686405477352 -6.02893323442
-3.00703867299 0.701707896042 -6.05796288893
-3.03386903147 0.715494705254 -6.09212415471
-3.05943924156 0.727627905285 -6.12945891069
-3.08315551786 0.738000082256 -6.16827222223
-3.10459374342 0.74653529611 -6.2073497554
-3.12353180316 0.753187502601 -6.24608534244
-3.13995006948 0.757936859769 -6.28450032635
-3.15400078096 0.760784489089 -6.32315472645
-3.16595209739 0.761746393914 -6.36296836618
-3.17611662974 0.760847277347 -6.40498482473
-3.18477657656 0.758114955846 -6.45011995781
-3.19211788924 0.753575951559 -6.4989383493
-3.19818411998 0.747252689412 -6.55149523483
-3.20285711146 0.739162549222 -6.6072692933
-3.20586708171 0.729318850396 -6.66519542145
-3.20682973837 0.717733692401 -6.72378906946
-3.20530365694 0.70442244611 -6.78133798853
-3.20085801237 0.689409589683 -6.8361260402
-3.19313936554 0.672735503331 -6.88664894241
-3.18192677272 0.654463773196 -6.93178423454
-3.16716686097 0.634688500092 -6.97088682177
-3.14898424112 0.613541062321 -7.00379552725
-3.12766703121 0.591195747186 -7.030752588
-3.10363154979 0.567873652745 -7.0522540122
-3.07737365874 0.543844283389 -7.06886131081
-3.04941620148 0.519424334329 -7.08101207935
-3.02026217511 0.494973292418 -7.08886699229
-2.99036169546 0.47088567818 -7.09222396953
-2.96009778108 0.447580010773 -7.09051779061
-2.92979207322 0.425484876405 -7.0829074983
-2.89972755593 0.405022793098 -7.06843739814
-2.87018189676 0.386592853999 -7.04624329927
-2.84146283596 0.370553357526 -7.01576642429
-2.81393652183 0.357205757873 -6.97693485443
-2.78804093396 0.346781264888 -6.93027701554
-2.76427933935 0.339431273642 -6.87694282781

/group/celiac/24
24
posId 24
-2.5421281535 0.484106696783 -6.79004646679
-2.51163410757 0.496175297468 -6.74020048557
-2.48429437699 0.510042220928 -6.69325338744
-2.46064418583 0.524965219428 -6.6504730298
-2.4409501729 0.540553997427 -6.61250623957
-2.42519637478 0.556813744608 -6.5793277585
-2.41311542848 0.574124497329 -6.55029738901
-2.40426046176 0.59315825857 -6.52431783096
-2.39810551825 0.614745706984 -6.50006814306
-2.3941568384 0.639712498785 -6.47627429381
-2.3920549488 0.668710236195 -6.45197133425
-2.3916487952 0.702068275638 -6.42671263055
-2.39302791005 0.739689470931 -6.40069025409
-2.3965060114 0.781006183768 -6.37474557142
-2.40255816671 0.825003554307 -6.35026771525
-2.41172214195 0.870306643274 -6.32899669335
-2.42448124237 0.915318331195 -6.31276406588
-2.4411495975 0.958387360272 -6.30321456986
-2.46178075492 0.997981806935 -6.30155498651
-2.48611660189 1.03284316682 -6.30837146819
-2.51358669186 1.06210002879 -6.32354441747
-2.54335923892 1.08532727073 -6.34627303501
-2.5744359291 1.10254557845 -6.37520285591
-2.60577491503 1.11416534168 -6.40863230055
-2.63642130874 1.12088707827 -6.44476149018
-2.6656230767 1.12357619996 -6.48194049076
-2.69291272894 1.12313235079 -6.51887569365
-2.71814113646 1.12037251188 -6.55476178224
-2.74145814646 1.11594297379 -6.58932094604
-2.76324390296 1.11026904522 -6.62274801323
-2.78400327556 1.10354424128 -6.65557684738
-2.80424204649 1.09575400957 -6.68849668675
-2.82434641334 1.08672398336 -6.72215475986
-2.84448644761 1.07618010351 -6.7569822423
-2.86455961381 1.06380802035 -6.79307448434
-2.88418315697 1.0493017314 -6.83014476535
-2.90273545116 1.03239571215 -6.86755595411
-2.91943785385 1.01287982341 -6.90441926398
-2.93346176326 0.990600896689 -6.93973668521
-2.94404163333 0.965458106959 -6.97255601145
-2.95057432055 0.937400367911 -7.00210603352
-2.95268831666 0.906432819533 -7.02788460178
-2.95027250386 0.872636314698 -7.04968276145
-2.94346187506 0.836199382254 -7.06754191722
-2.93258570808 0.797457470114 -7.08165524027
-2.91809046637 0.756930453137 -7.09223645876
-2.90045397116 0.715347379284 -7.09938639461
-2.88010839151 0.673647825753 -7.10298865764
-2.85738719482 0.632952162567 -7.1026605156
-2.83250589923 0.594498066721 -7.09777411002
-2.80557932746 0.559546924179 -7.08754894432
-2.77667047408 0.529270120317 -7.07120167807
-2.7458595397 0.504630384361 -7.04812663761
-2.71331742589 0.486276208783 -7.01807262347
-2.67936685356 0.474467177983 -6.98128021619
-2.64451649151 0.46904461486 -6.93854930335
-2.60945864716 0.469455688571 -6.89121812132

/group/celiac/27
27
posId 27
-2.11684244163 0.6919447094 -7.01738097568
-2.09661952255 0.71498872425 -6.97509540438
-2.07879228937 0.740917133845 -6.93486730497
-2.06345827029 0.769268957034 -6.89708454713
-2.05065662146 0.799598753759 -6.86203974689
-2.04039294412 0.831516434404 -6.82994635947
-2.03266690364 0.864713251374 -6.80096621711
-2.02749801288 0.89897064817 -6.77524334148
-2.02494519405 0.934151230322 -6.75293787428
-2.02511660985 0.97017378754 -6.73425387668
-2.02816764217 1.00697666959 -6.71945556971
-2.03428660749 1.04447557265 -6.70886821871
-2.04366960452 1.08252268524 -6.70286208957
-2.05648754395 1.12087404656 -6.70182042425
-2.07284968728 1.15917089239 -6.70609485372
-2.09276873892 1.19693884474 -6.71595374678
-2.11613258754 1.23360629542 -6.73153038647
-2.14268715448 1.26854057856 -6.75277836404
-2.17203355071 1.30109789599 -6.77944108793
-2.20364101822 1.3306808147 -6.81104085987
-2.2368751541 1.35679580057 -6.84689073125
-2.27103893643 1.37910288711 -6.88612959323
-2.30542234767 1.39745027686 -6.92777801502
-2.33935515098 1.41188836781 -6.97080960367
-2.37225678769 1.42266019008 -7.01423047195
-2.40367751885 1.43016821881 -7.05715806437
-2.43332582629 1.43492062076 -7.09889029775
-2.46107862164 1.43746279368 -7.13895678631
-2.48697280419 1.43830219808 -7.17714576885
-2.51117892118 1.43783566781 -7.21350303187
-2.53395984414 1.43628844204 -7.24830231623
-2.55561921566 1.43367305172 -7.28199002361
-2.57644570968 1.42977402974 -7.31511010021
-2.59665972104 1.42416144341 -7.3482173902
-2.61636887762 1.41623282414 -7.38178922092
-2.63553777178 1.40527960721 -7.41614531429
-2.6539756517 1.39057112312 -7.45138526363
-2.67134369586 1.37144688476 -7.48735086393
-2.68718117025 1.34740668683 -7.52361776263
-2.70094751984 1.31818804125 -7.5595175404
-2.71207554674 1.2838217304 -7.59418783665
-2.72002950766 1.24465863198 -7.62664491864
-2.72436138375 1.2013641798 -7.65587054023
-2.72475880462 1.15488049472 -7.68090334792
-2.72107911626 1.10635991328 -7.7009246543
-2.71336574457 1.0570769145 -7.71532915646
-2.70184511618 1.00832790832 -7.723773031
-2.68690469893 0.961329706515 -7.72619455508
-2.66905493445 0.917127589258 -7.7228056515
-2.64887968655 0.876522701516 -7.71405613818
-2.6269811021 0.840026209878 -7.70057557172
-2.60392532538 0.807844505369 -7.68310004127
-2.58019526768 0.779896133907 -7.66239280602
-2.55615564963 0.755857508535 -7.63916810924
-2.53203393807 0.735231240589 -7.6140268121
-2.50791879668 0.71742849987 -7.58741077941
-2.48377551529 0.701855455475 -7.55958044958
-2.45947584487 0.687993703622 -7.53061705711
-2.43483799483 0.675465650564 -7.50044792609
-2.40967144713 0.664077933329 -7.46889049682
-2.38382083411 0.653838847336 -7.43570862204
-2.35720344983 0.644949036108 -7.40067342344
-2.32983596233 0.637767969801 -7.36362076727
-2.30184742449 0.632761591129 -7.32449820088
-2.27347753662 0.630438594956 -7.28339586341
-2.24506105007 0.631283889661 -7.24055820251
-2.21700096436 0.635697754731 -7.19637597775
-2.18973453633 0.643948093893 -7.15136065534
-2.16369691652 0.656141158153 -7.106105552

/group/celiac/30
30
posId 30
-1.8814203408 -0.196112338375 -8.89791220662
-1.85597305206 -0.233498215061 -8.85427429272
-1.83151295304 -0.273646490226 -8.81558363767
-1.80873958714 -0.315807846293 -8.78325492386
-1.78827118956 -0.359105901875 -8.75837296507
-1.77059374785 -0.402627980052 -8.74161766046
-1.75602903322 -0.4455145466 -8.73324198315
-1.74472492394 -0.487032375222 -8.73310092525
-1.73666788835 -0.526619589344 -8.74072186713
-1.73171417454 -0.563895798605 -8.75540129155
-1.72963357579 -0.59863675452 -8.77630992623
-1.7301580053 -0.630719270443 -8.80258862104
-1.73302675435 -0.660047539192 -8.83342040261
-1.73802125326 -0.686475534859 -8.86806958973
-1.74498423137 -0.709741289251 -8.90588562245
-1.75382102822 -0.729427262818 -8.94627618478
-1.76448397361 -0.744956987983 -8.98866009819
-1.77694371253 -0.755632253845 -9.03241432993
-1.7911536233 -0.760708240301 -9.07683063485
-1.80701469449 -0.759497282394 -9.12109562202
-1.82434819085 -0.751486440279 -9.16430368323
-1.84288215225 -0.736450686559 -9.20550595674
-1.86225543607 -0.714542906069 -9.24379137338
-1.88204000549 -0.68634422455 -9.27838905262
-1.90177896706 -0.652863181359 -9.30877606202
-1.9210349909 -0.615479257789 -9.3347717787
-1.93944167881 -0.575834263949 -9.35660037171
-1.95674953169 -0.535682895923 -9.37490635208
-1.97285858248 -0.496720223649 -9.39071430134
-1.98783147143 -0.46040796046 -9.40533192393
-2.00188350991 -0.427822430933 -9.42020428425
-2.01534969903 -0.399544965031 -9.43673514527
-2.02863222417 -0.375610251242 -9.45609744178
-2.04213508737 -0.355520673452 -9.47905807296
-2.05619477336 -0.338325878308 -9.50584178306
-2.07101680607 -0.3227580124 -9.5360548345
-2.08662756538 -0.30740548894 -9.56868193354
-2.10284883699 -0.290902881125 -9.60216039857
-2.11929951777 -0.272112354509 -9.63452517885
-2.13542512453 -0.250273262496 -9.66360851248
-2.15055180457 -0.225100967134 -9.68727018481
-2.16395800154 -0.19682297677 -9.70362967661
-2.17495431748 -0.166149105478 -9.71127070071
-2.18296082786 -0.134181325748 -9.70939189227
-2.1875713524 -0.102277030775 -9.6978843344
-2.18859593951 -0.0718854143072 -9.67732623027
-2.18607584149 -0.0443797898351 -9.64889604338
-2.18026910972 -0.0209085083357 -9.61421627891
-2.1716090676 -0.00228377635666 -9.57514925152
-2.16064172548 0.0110783310541 -9.53357239102
-2.14795113357 0.0191611020759 -9.4911630187
-2.13408330203 0.0222964043281 -9.44922076782
-2.11947941681 0.0210702688888 -9.40855020142
-2.10442763758 0.0162011084849 -9.36941752572
-2.08903999693 0.00841013704592 -9.33158486044
-2.07325723731 -0.00169614514735 -9.29441480511
-2.05688036798 -0.0137142077861 -9.2570285483
-2.03962388971 -0.0274904551132 -9.21849382688
-2.02118257879 -0.043121668873 -9.17801558744
-2.00130187955 -0.0609110707063 -9.13510264678
-1.97984158232 -0.0812889437583 -9.08968783875
-1.95682359527 -0.104711950703 -9.04218637493
-1.93245706738 -0.131558119427 -8.99348631447

/group/celiac/33
33
posId 33
-0.623323194936 0.319938542082 -7.51483046615
-0.611199326961 0.313054149555 -7.5880204612
-0.590716963237 0.263634170093 -7.58207297677
-0.574254901366 0.219506153206 -7.56217501668
-0.564450340984 0.194019867693 -7.55305292568
-0.554645780603 0.162007743949 -7.52155081406
-0.54914793291 0.133291151194 -7.46696480135
-0.554645780603 0.131554006003 -7.41711131386
-0.564450340984 0.142195828486 -7.37532509592
-0.574254901366 0.154241300408 -7.33835262026
-0.590716963237 0.184516664069 -7.31074363122
-0.611199326961 0.226380582367 -7.29077799941
-0.623323194936 0.257814753848 -7.30178018624

/group/celiac/36
36
posId 36
-0.644858609328 1.42428968671 -7.06531609694
-0.673214735527 1.48437081142 -7.04615029324
-0.691497784351 1.54376858651 -7.03515251483
-0.698581557146 1.59788099606 -7.03293812537
-0.695540682666 1.64543261926 -7.03854699599
-0.684968344992 1.68753823019 -7.04993816267
-0.669680260814 1.7258625711 -7.0649254164
-0.651427897143 1.76097417956 -7.08211813054
-0.630241902523 1.79176345855 -7.10141829007
-0.604717947036 1.8161185212 -7.12383191371
-0.57309407627 1.83231373741 -7.15068202708
-0.534581556546 1.84017288322 -7.18260011969
-0.490291637367 1.84123036199 -7.21878112746
-0.44330502276 1.83773061944 -7.25686093827
-0.397852827791 1.83102624139 -7.29347876602
-0.358003991634 1.82034838648 -7.32526643565
-0.326473409759 1.80278363121 -7.34981863866
-0.304075377651 1.7746558295 -7.36622950755
-0.29000473358 1.73371436831 -7.37500740436
-0.282715719893 1.68100731655 -7.37748162619
-0.280897797976 1.62137358094 -7.37503917305
-0.284049825931 1.56212621867 -7.36856994164
-0.292414303677 1.51041111751 -7.35834650467
-0.306402408403 1.47044416585 -7.34431107293
-0.325916232497 1.44197106573 -7.32652673842
-0.35001054556 1.42075859392 -7.30548558528
-0.37711894052 1.40096119935 -7.28208005651
-0.405723339366 1.37828566114 -7.25726535406
-0.435066555334 1.35246125118 -7.23164102633
-0.465454120934 1.32782901794 -7.20524365778
-0.497900341995 1.3117484677 -7.17773059455
-0.533236833701 1.31155124797 -7.14890630461
-0.571123750922 1.33144518969 -7.11932480818

/group/celiac/39
39
posId 39
-0.308648193524 1.5445392433 -6.60396804879
-0.377248566281 1.50618113294 -6.61284666076
-0.418189753576 1.48783724854 -6.61686414899
-0.436640853259 1.48191391582 -6.61801447665
-0.46159999658 1.48751899396 -6.61573439866
-0.499543337177 1.51226132502 -6.60769856128
-0.527515776446 1.55703432879 -6.59430009908
-0.529671578346 1.60907392028 -6.5795798093
-0.516446655198 1.65465812218 -6.5671100732
-0.500569029159 1.69144099199 -6.55719421782
-0.475217402783 1.72250525704 -6.54915544001
-0.430420874741 1.74458967048 -6.54419252923
-0.375966699178 1.75077695343 -6.5439791806
-0.329615688164 1.74161644172 -6.54786173902
-0.292137358559 1.72384747624 -6.55392009294
-0.255396655816 1.69793832178 -6.56225084614
-0.23138397523 1.65674800917 -6.57452882132

/group/celiac/42
42
posId 42
-0.430175195871 1.25207219094 -6.39495779611
-0.470514676184 1.32535926103 -6.39911280091
-0.500680368775 1.38118331516 -6.40174602714
-0.521344388157 1.39777592744 -6.41360402767
-0.535906475189 1.37468982069 -6.43811335293
-0.545183434003 1.32747230577 -6.46882648949
-0.546132992722 1.27469681858 -6.49423675352
-0.535457046399 1.22808702043 -6.50577657701
-0.513747684773 1.19077912667 -6.50254994501
-0.485483138292 1.16092177165 -6.48965662302
-0.454864193197 1.13524161116 -6.47259412609
-0.422168293695 1.11065288235 -6.45305829645
-0.384951110033 1.08589559476 -6.42932007979
-0.343255695923 1.06450767625 -6.39977707061
-0.303332497054 1.05635727599 -6.36576388303
-0.275259517622 1.07338138776 -6.33127813518
-0.265757844412 1.11968803859 -6.30077528796
-0.272654739495 1.18323363062 -6.27779180317
-0.286523100875 1.23812694795 -6.26542727498
-0.298554980995 1.25940853445 -6.26693475231
-0.307794968749 1.24100320962 -6.28423124742
-0.32124159513 1.20263333595 -6.31478292203
-0.346800126404 1.17852201242 -6.35017964447

/group/celiac/45
45
posId 45
-0.431490056279 1.24094805121 -6.26839816537
-0.50958707712 1.26007556691 -6.22833755637
-0.582451994311 1.2368021787 -6.21580781888
-0.615757939633 1.19412888408 -6.22943831751
-0.605272272655 1.16107242548 -6.25324003285
-0.577855357578 1.13792706445 -6.2772321093
-0.559408991487 1.10725777885 -6.30249670362
-0.548369996617 1.06860842078 -6.32987995193
-0.523955684236 1.04411295047 -6.35359201161
-0.474647160379 1.0476355281 -6.36945923978
-0.41100088568 1.06436165419 -6.38258078802
-0.351818784651 1.07272019662 -6.39912930811
-0.306762412127 1.07778002167 -6.41251575411
-0.276913054866 1.10558181965 -6.40661004045
-0.265183054147 1.16214710839 -6.37671068243
-0.275821338318 1.21426147806 -6.34133725493
-0.303317169439 1.22414083161 -6.32533254981
-0.331794944792 1.19683430131 -6.33143956785
-0.352752669111 1.1774855603 -6.3354825208

/group/celiac/48
48
posId 48
-0.444871761192 1.13091526482 -6.01786850308
-0.431531507461 1.18026618402 -5.98661126148
-0.4006998765 1.20934134089 -5.97346854816
-0.348972655168 1.221351011 -5.97698923663
-0.292832899122 1.21928733453 -5.99130941077
-0.259322189948 1.19838479339 -6.01353652898
-0.256792298865 1.15710019102 -6.04282686345
-0.265278069604 1.10542748768 -6.0768128848
-0.263087477212 1.05498913282 -6.11239094498
-0.25470435606 1.00788951085 -6.14706851643
-0.262418454328 0.963844225756 -6.17592747595
-0.295543327267 0.932606472604 -6.190047738
-0.340147585739 0.927313971071 -6.18349071783
-0.378590665382 0.946066146549 -6.16162691601
-0.406814517785 0.971954352901 -6.13714614982
-0.428537892667 0.995138921797 -6.11603749265
-0.443374953795 1.02481749203 -6.09199338106

