/group/posterior_tibial_left/0
0
posId 0
-11.5545343856 -5.4162429353 -84.8564289792
-11.5806654156 -5.35171545929 -84.8623835554
-11.6110362098 -5.39098182968 -84.8602944802
-11.6124380356 -5.46112899267 -84.8548097942
-11.6103010101 -5.50303054703 -84.851434951
-11.6399708914 -5.53652886964 -84.8497774491
-11.6717777982 -5.57856127644 -84.8475178917
-11.667538034 -5.61755604292 -84.8443025233
-11.641407004 -5.65664138861 -84.8403540835
-11.6124380356 -5.69355136131 -84.8364830661
-11.579229303 -5.70437968069 -84.8345280188
-11.5552352985 -5.68567812945 -84.8352069969
-11.5516964472 -5.64030261692 -84.8386675491

/group/posterior_tibial_left/3
3
posId 3
-7.28614880989 -3.06959075643 -85.3405465196
-7.31033485324 -3.04171619996 -85.3440999336
-7.31989924365 -2.96884731939 -85.3501297933
-7.31502535933 -2.89369028825 -85.3554537899
-7.31015147501 -2.84224769415 -85.3590044877
-7.3155215326 -2.79579294333 -85.3628044142
-7.32089159018 -2.73013325768 -85.3680404316
-7.30931066341 -2.66369298147 -85.3723052356
-7.2831080837 -2.64085159457 -85.3724217346
-7.26227556157 -2.67455469313 -85.3686361678
-7.25606469239 -2.73188687928 -85.3639717874
-7.25034999648 -2.77877883161 -85.3601182352
-7.23001364761 -2.81486821533 -85.3561843658
-7.20278687808 -2.85555555695 -85.3514881575
-7.19018176149 -2.90244151557 -85.3472165371
-7.20126651498 -2.94869863036 -85.344430836
-7.22697292143 -2.99643652939 -85.342422509

/group/posterior_tibial_left/6
6
posId 6
-7.27347028951 -3.14150988411 -86.1932390281
-7.30707622737 -3.10549120158 -86.200216081
-7.33910300791 -3.05178656309 -86.208727998
-7.35924829516 -3.01825502382 -86.2140581363
-7.36718725516 -2.97600646198 -86.2189495273
-7.36718725516 -2.90813245241 -86.2254737815
-7.35924829516 -2.85054379111 -86.2301790452
-7.33910300791 -2.82134139607 -86.2308790816
-7.30707622737 -2.79334062593 -86.2302209346
-7.27347028951 -2.76676359133 -86.2292607706
-7.25174584492 -2.78536862225 -86.22520025
-7.24617026089 -2.85247852854 -86.218166296
-7.24853363684 -2.91545070719 -86.2123604048
-7.24853363684 -2.95843297878 -86.2082288194
-7.24617026089 -3.0219587626 -86.2018753454

/group/posterior_tibial_left/9
9
posId 9
-7.30546812482 -3.23388817077 -87.0074985847
-7.25869481462 -3.26583675382 -86.9948210682
-7.22543072224 -3.23422034266 -86.99488373
-7.21862365637 -3.17165917166 -87.0042681886
-7.22598272948 -3.11137456135 -87.0154952138
-7.22808622851 -3.05761863627 -87.0248067402
-7.22161232416 -2.99928196068 -87.0335376565
-7.21950882513 -2.93811206997 -87.0434277394
-7.23157146507 -2.88860773387 -87.0535916919
-7.25285462113 -2.85381863404 -87.0627439181
-7.27317090482 -2.81870490368 -87.0717986628
-7.29099203462 -2.77582363504 -87.0817596585
-7.31130831831 -2.74658849798 -87.0898322178
-7.33259147437 -2.76208146167 -87.0905834026
-7.34465411431 -2.82354358659 -87.082207268
-7.34255061528 -2.89600162355 -87.0697710246
-7.33607671093 -2.94822878589 -87.0600291235
-7.33818020996 -2.98933226405 -87.0534917026
-7.34553928307 -3.05293695624 -87.0440195144

/group/posterior_tibial_left/12
12
posId 12
-7.29859984402 -3.32733152477 -87.7019304456
-7.26953901735 -3.34974283413 -87.6943354302
-7.23433544165 -3.33615457011 -87.6899185838
-7.20047262392 -3.29959054573 -87.6884286862
-7.17439090372 -3.2561910361 -87.6890703986
-7.15856754218 -3.21466276733 -87.691244417
-7.15110394942 -3.17278197165 -87.6948876075
-7.14792274324 -3.1228513302 -87.7002074563
-7.14597518423 -3.0610946603 -87.7071266884
-7.14529330797 -2.99315229459 -87.7149884516
-7.14864061667 -2.93118729405 -87.7228364648
-7.15922071165 -2.88494732186 -87.7300732432
-7.17817310125 -2.85409958435 -87.7369324836
-7.2035656548 -2.82835985261 -87.744291834
-7.2313928343 -2.79591533654 -87.7528543155
-7.25765416159 -2.75400168966 -87.7622612883
-7.27996919075 -2.71340438209 -87.7708396945
-7.29776025385 -2.69287961417 -87.7762884021
-7.31126113802 -2.70698348442 -87.7769380708
-7.32048637105 -2.75594171556 -87.772764676
-7.32515046442 -2.82502039817 -87.7654496076
-7.32553217122 -2.89408905939 -87.7574043213
-7.32329739236 -2.95063607911 -87.7503825321
-7.32117976924 -2.99691001905 -87.744587082
-7.32132337916 -3.04608741206 -87.7388368892
-7.3233241202 -3.11034257561 -87.7316333513
-7.32355069514 -3.18957026196 -87.7223686329

/group/posterior_tibial_left/15
15
posId 15
-7.30430004317 -3.3767479058 -88.6801394255
-7.2722899441 -3.40307609673 -88.6749592764
-7.24070945244 -3.39207091078 -88.6723648812
-7.21302981899 -3.3548726011 -88.6719657024
-7.18916149661 -3.30889036628 -88.6725676867
-7.16691886572 -3.26775939782 -88.6730116778
-7.14478281997 -3.23460104577 -88.6729244718
-7.12388778522 -3.20250991612 -88.6728960265
-7.10780177585 -3.16139369542 -88.6739907755
-7.10028529558 -3.10624137898 -88.6769477824
-7.10267611899 -3.04122067133 -88.6816250857
-7.1128389149 -2.97705904197 -88.6870667029
-7.12653410085 -2.92382424265 -88.6921387771
-7.14034040772 -2.88433296561 -88.6962874648
-7.15409993264 -2.85290318603 -88.6998826718
-7.17107336111 -2.82040745736 -88.7038906441
-7.19549491409 -2.78215179979 -88.7090790235
-7.22901772869 -2.74302568234 -88.7152901229
-7.26842151055 -2.71608937785 -88.7212943708
-7.3062774715 -2.71516860606 -88.7253645868
-7.33441728199 -2.74616565209 -88.7262344339
-7.34821191231 -2.80285895992 -88.7238372002
-7.34904138323 -2.87016314533 -88.7193454339
-7.34337046226 -2.9329508426 -88.7144728287
-7.33891183768 -2.98480492722 -88.710472517
-7.34015470369 -3.03097991476 -88.7074622076
-7.34592186929 -3.08353405497 -88.7044967998
-7.35034992425 -3.15168710194 -88.700328233
-7.3465763993 -3.23364151657 -88.6943523323

/group/posterior_tibial_left/18
18
posId 18
-7.30489462194 -3.08394176615 -90.1345835796
-7.25474316036 -3.11288712452 -90.1292512019
-7.21797620228 -3.07342607732 -90.1358624109
-7.19113011295 -3.04171375731 -90.1411923319
-7.16428402363 -3.01625193611 -90.1454385899
-7.16074330656 -2.96443246823 -90.1544004739
-7.19042883051 -2.92089553331 -90.1621344646
-7.22365507153 -2.90534206484 -90.1650390721
-7.24766172623 -2.87575411245 -90.1703191347
-7.27874981506 -2.83294564107 -90.1779356133
-7.31267733852 -2.82288481981 -90.1798923398
-7.3324419937 -2.8441256457 -90.17633354
-7.34166158003 -2.88759163881 -90.1688554786

/group/posterior_tibial_left/30
30
posId 30
-10.0154308489 -5.69947091998 -94.113948649
-10.0096291745 -5.64907602421 -94.1187228448
-10.0393842613 -5.61249232301 -94.1255455618
-10.0667380583 -5.57651362328 -94.1320667606
-10.0789149847 -5.53591241174 -94.13757854
-10.0979147327 -5.50219937237 -94.1430336912
-10.1424088167 -5.48352513306 -94.1494126286
-10.2015850721 -5.4766444029 -94.1559911552
-10.2516478429 -5.48264903436 -94.1603016863
-10.2800227872 -5.51129576009 -94.1600661794
-10.2839650006 -5.5598133845 -94.1553074167
-10.26188643 -5.60414712933 -94.148420986
-10.2219649626 -5.62743778281 -94.1420040967
-10.1880280032 -5.64607053883 -94.1366729216
-10.1762418209 -5.68706623701 -94.1311578991
-10.1691071334 -5.74345770935 -94.1244688854
-10.1335503721 -5.7741841664 -94.1176943213

/group/posterior_tibial_left/33
33
posId 33
-9.84805806829 -5.86828882028 -95.2357828713
-9.83024333128 -5.81906743787 -95.2400465868
-9.83367033441 -5.76588855489 -95.2452029066
-9.85261558904 -5.7162686306 -95.2503959855
-9.8787629351 -5.6746836877 -95.2549971672
-9.90480394221 -5.64084390356 -95.2588568884
-9.92741256781 -5.61074406274 -95.2622765949
-9.9480846123 -5.57985326029 -95.265724801
-9.97145967538 -5.54655685355 -95.2694680417
-10.0020908994 -5.5138162655 -95.2733342023
-10.0414464064 -5.48805461232 -95.2767461214
-10.0867600429 -5.47589883606 -95.2790045212
-10.1322957348 -5.48066307369 -95.2796541494
-10.1722453674 -5.5006102583 -95.2787198878
-10.2035984474 -5.529991179 -95.2766772093
-10.2273860641 -5.56224047888 -95.2741774451
-10.247653831 -5.59345548586 -95.2716910037
-10.2688008879 -5.62412937324 -95.2692775053
-10.2928039613 -5.65814383101 -95.2666145707
-10.3178435359 -5.6996412914 -95.2632628964
-10.3389979969 -5.74964593347 -95.2590054389
-10.3504904721 -5.80445415919 -95.2540554431
-10.3481530783 -5.85678052024 -95.2490068736
-10.3307709271 -5.89903085387 -95.2445547494
-10.2997450459 -5.92682678683 -95.2411507354
-10.2575710912 -5.94075589121 -95.2387992914
-10.2063180104 -5.94535733727 -95.2371175512
-10.1471962315 -5.94596691419 -95.235625835
-10.0815025096 -5.94529191944 -95.2340973117
-10.0122298054 -5.94173527195 -95.232756914
-9.94507299091 -5.93045246335 -95.2322048913

/group/posterior_tibial_left/36
36
posId 36
-9.75949824721 -5.94649033957 -96.1725993952
-9.71486913944 -5.89928265142 -96.1735561063
-9.69474999539 -5.83955750506 -96.1788887909
-9.69767288443 -5.77775765729 -96.187099541
-9.71654702717 -5.72381416385 -96.1961179149
-9.74242126764 -5.68287457777 -96.2042723336
-9.76894082208 -5.65390583788 -96.2109737147
-9.79504788411 -5.63175199118 -96.2167594385
-9.82448428881 -5.61123490475 -96.222714114
-9.8624879685 -5.59077760608 -96.2296329126
-9.91167577938 -5.57342802937 -96.2374240534
-9.96954901101 -5.56479653363 -96.245088822
-10.0290907328 -5.56930134345 -96.251268016
-10.0821105481 -5.58711907506 -96.2550101192
-10.1233864647 -5.61377371439 -96.2562934985
-10.1531860928 -5.64265709388 -96.2559910213
-10.1766870938 -5.66895035829 -96.2553043491
-10.2006099629 -5.69251278997 -96.255013697
-10.22898137 -5.71787756131 -96.2549978311
-10.2604351764 -5.75121726767 -96.2543148166
-10.2885571127 -5.79599539041 -96.2517955338
-10.3050236653 -5.84989065811 -96.2467918378
-10.3037033646 -5.90492565885 -96.2396253513
-10.2833953961 -5.95090369718 -96.2314599073
-10.247746574 -5.98031415024 -96.2236667196
-10.2025846925 -5.99194911908 -96.2170608097
-10.1524229184 -5.99114187724 -96.2114741148
-10.098330502 -5.98643057329 -96.2059393371
-10.0384772706 -5.9844900415 -96.1993978754
-9.9709811026 -5.98618421457 -96.1915261017
-9.89722763252 -5.98598050795 -96.1831865632

/group/posterior_tibial_left/39
39
posId 39
-9.68497779734 -5.91223757266 -96.9045480258
-9.64352539967 -5.86953158887 -96.9054330189
-9.62943011339 -5.81999453683 -96.9094309426
-9.64121186932 -5.77146299519 -96.915585003
-9.67068087155 -5.72969935326 -96.9225708046
-9.70711280964 -5.69646797333 -96.9292644904
-9.74236539867 -5.67003197549 -96.935137604
-9.7741316604 -5.64754487629 -96.9402889942
-9.80565536292 -5.62773913676 -96.9451360763
-9.84230330098 -5.61222695036 -96.9499778241
-9.88718538361 -5.60465120528 -96.9547014993
-9.93849375602 -5.60828294148 -96.9588036884
-9.99013165694 -5.62363147695 -96.9616976075
-10.0351861325 -5.64763155508 -96.9631025264
-10.0700661193 -5.67500242703 -96.9632620469
-10.0967067113 -5.70102405809 -96.9628436934
-10.1213824978 -5.72406519507 -96.9625682524
-10.1507040129 -5.74628857881 -96.9627853038
-10.1870897368 -5.77201538492 -96.9632500465
-10.2263893238 -5.80463718773 -96.9632415484
-10.259141754 -5.84388140441 -96.9619614599
-10.2748714373 -5.88510234645 -96.9589844519
-10.2670688315 -5.92113561643 -96.9544978569
-10.2360988013 -5.94576334123 -96.9491900665
-10.1884705042 -5.95685947599 -96.9438546149
-10.1329961753 -5.95740267155 -96.9389474209
-10.0761427462 -5.95371387175 -96.9343664802
-10.019303703 -5.9518402204 -96.9295951508
-9.95954365684 -5.95407244 -96.9241349481
-9.89328483331 -5.95753439065 -96.9179767528
-9.82063577214 -5.95564103737 -96.9118253129

/group/posterior_tibial_left/42
42
posId 42
-9.53502496429 -5.91552664639 -98.0290745064
-9.5016237051 -5.87362434077 -98.0235338234
-9.5118141762 -5.8316395241 -98.0250848566
-9.54809229981 -5.79806255893 -98.0309014804
-9.58687426903 -5.77190411615 -98.0371443344
-9.61799223497 -5.74766232651 -98.0421452118
-9.64925059781 -5.72433994764 -98.0471712702
-9.69327477429 -5.70855809264 -98.0542933859
-9.75119025965 -5.70833327775 -98.0637150674
-9.809893647 -5.724147184 -98.0733057511
-9.85505880364 -5.74709006317 -98.0807120473
-9.88566179031 -5.76672472731 -98.0857408088
-9.91432218841 -5.78110157734 -98.0904401499
-9.95254290058 -5.79858787806 -98.0967027693
-9.99583908596 -5.8289977156 -98.1038240065
-10.024450567 -5.87231341741 -98.1085890389
-10.0198774424 -5.91620167424 -98.1079567346
-9.98135728637 -5.9453293306 -98.1017640316
-9.92600165863 -5.95401328112 -98.0927803411
-9.87233857619 -5.95026791951 -98.0840403777
-9.8235893231 -5.94739336682 -98.07610206
-9.76746867282 -5.95110959875 -98.0669812654
-9.6929141246 -5.95438012705 -98.0548603309

/group/posterior_tibial_left/45
45
posId 45
-8.78421449718 -3.56604323498 -98.8776701368
-8.75645103766 -3.56345582429 -98.8741061818
-8.75532708859 -3.48550987709 -98.873320391
-8.75597600089 -3.43637909695 -98.872998292
-8.75597600089 -3.37813784925 -98.8725183096
-8.75532708859 -3.31209443624 -98.8718912257
-8.75645103766 -3.26344202846 -98.8716336841
-8.78421449718 -3.22696823499 -98.8748757247
-8.81439973038 -3.25605711846 -98.8789671052
-8.81375081808 -3.32471850068 -98.8794501614
-8.81375081808 -3.36342914631 -98.8797691867

/group/posterior_tibial_left/48
48
posId 48
-8.76706031515 -3.71375732619 -99.9051438229
-8.73198326705 -3.69026930839 -99.903356462
-8.73782944174 -3.62584484928 -99.9053194545
-8.73198326705 -3.57311651625 -99.9062109175
-8.73782944174 -3.50869205713 -99.90817391
-8.76121414047 -3.48529980495 -99.9103169691
-8.82552206198 -3.47954750752 -99.9147831538
-8.84890676071 -3.5147316514 -99.9154989851
-8.8547529354 -3.56745998443 -99.9146075221

/group/posterior_tibial_left/66
66
posId 66
-8.12027914326 -4.0956294216 -105.057552973
-8.03116020755 -4.09063596198 -105.057982639
-7.95317429881 -4.08648158265 -105.058340433
-7.88803974806 -4.08581283212 -105.058402515
-7.83205668296 -4.08912787903 -105.058127091
-7.77888622254 -4.09466297129 -105.057663783
-7.72328764209 -4.09905810671 -105.057297034
-7.66419593538 -4.0985480823 -105.057345184
-7.60582619091 -4.0902420179 -105.058052219
-7.55634385658 -4.07303978466 -105.059510429
-7.52467929767 -4.04788873415 -105.061638981
-7.51685260393 -4.01734332453 -105.064221447
-7.53338011199 -3.98464918754 -105.066983454
-7.56887404194 -3.95273115307 -105.069678245
-7.61401839772 -3.92346519858 -105.072148049
-7.65910189772 -3.89746627891 -105.074341718
-7.69763595085 -3.87439616172 -105.076288394
-7.72855703938 -3.85358558804 -105.078044735
-7.75611797426 -3.83465872158 -105.079642145
-7.78755284545 -3.81788274987 -105.081057424
-7.82953944381 -3.80411767843 -105.082217312
-7.88498241951 -3.79443747638 -105.083030785
-7.95148963186 -3.7896442806 -105.083430249
-8.02217865583 -3.78993608944 -105.083399554
-8.08844436889 -3.79490088604 -105.08297426
-8.14347131125 -3.80383947654 -105.082214047
-8.1849484699 -3.81624631492 -105.081161842
-8.21578060152 -3.83218448865 -105.079812065
-8.24244882946 -3.85232457733 -105.078107483
-8.27169062874 -3.87756683512 -105.075971429
-8.30691233962 -3.90836791808 -105.073365015
-8.34589656046 -3.94405650396 -105.070345172
-8.38085227256 -3.98246898198 -105.06709544
-8.40088794211 -4.02013714713 -105.063909893
-8.39597075354 -4.05304759088 -105.061128613
-8.36079595958 -4.07775135396 -105.05904357
-8.29700037204 -4.09243344219 -105.057808033

/group/posterior_tibial_left/69
69
posId 69
-8.75899555646 -6.83361730112 -105.212768589
-8.77316347298 -6.7870155715 -105.209884779
-8.81091327564 -6.77016151224 -105.208343825
-8.83937741147 -6.73558432891 -105.205930106
-8.89225279576 -6.73384606167 -105.20502353
-8.93096026353 -6.77026605693 -105.206517447
-8.95096809485 -6.79026093875 -105.20735659
-8.98562267523 -6.82715551013 -105.208939535
-8.98693087009 -6.88304228774 -105.212118612
-8.94870223488 -6.90786129148 -105.2141228
-8.90559134997 -6.9193577383 -105.215438907

/group/posterior_tibial_left/72
72
posId 72
-8.56694546718 -6.84821344601 -105.565036189
-8.55002560411 -6.80105478978 -105.556513738
-8.56297397064 -6.76007418506 -105.547342019
-8.59435905654 -6.72886500053 -105.538982734
-8.63026639267 -6.70480603007 -105.531790666
-8.66366007933 -6.68309765452 -105.525237765
-8.69727029284 -6.6615475074 -105.518703257
-8.73845348422 -6.64263056436 -105.512221358
-8.79070328756 -6.63164922214 -105.506648701
-8.84888976864 -6.63277793889 -105.503162912
-8.90211280289 -6.6461757968 -105.502492438
-8.94183381226 -6.66824606691 -105.504450128
-8.9685865955 -6.69450464226 -105.508088797
-8.99150978226 -6.72249256905 -105.51232416
-9.02053278712 -6.7523026299 -105.516541047
-9.05699500346 -6.78441894884 -105.52075251
-9.09012838812 -6.81694054686 -105.525259069
-9.10274550806 -6.84492370942 -105.53015158
-9.08259185354 -6.86292740066 -105.535104625
-9.03131046607 -6.86912610499 -105.539641554
-8.96433390418 -6.8677283263 -105.543633864
-8.90141764227 -6.86731217397 -105.547566783
-8.85431990162 -6.87557545301 -105.552256966
-8.82029800378 -6.89381019035 -105.558142647
-8.78597409399 -6.91499637836 -105.564648616
-8.73868974451 -6.92717975637 -105.570148964
-8.67713652056 -6.92023561916 -105.572665551

/group/posterior_tibial_left/75
75
posId 75
-8.43150450141 -6.78226579577 -105.978929816
-8.46020082121 -6.73291126863 -105.965832722
-8.49576551174 -6.68860629323 -105.953128961
-8.53200899461 -6.65367439331 -105.942320764
-8.56746363206 -6.62953009562 -105.933845798
-8.60490599056 -6.61513937787 -105.927219626
-8.64860712966 -6.60823813204 -105.921556144
-8.70092696598 -6.60663619171 -105.916169246
-8.76016702821 -6.6090278093 -105.91094973
-8.82086309354 -6.61508420835 -105.906356404
-8.87633712491 -6.62500894667 -105.903076653
-8.92207069449 -6.63897574712 -105.9015831
-8.95798643883 -6.65683320016 -105.901851537
-8.98829051528 -6.678202763 -105.903396637
-9.01884235406 -6.70278942891 -105.905590921
-9.05338141072 -6.73056146973 -105.908066689
-9.09062261416 -6.76153849907 -105.910952123
-9.12385401065 -6.79520790789 -105.914788044
-9.1434097578 -6.82989750035 -105.920157863
-9.14089627158 -6.86256961387 -105.92723646
-9.11310010843 -6.88935988655 -105.935525574
-9.06360981284 -6.90680963655 -105.943955065
-9.00130463085 -6.9133224579 -105.951333587
-8.9364353788 -6.9101459906 -105.956932416
-8.87624140352 -6.90129111579 -105.960891745
-8.82228302882 -6.89223564469 -105.964207027
-8.77079478716 -6.88782773293 -105.968256203
-8.71582539602 -6.89023089378 -105.974066565
-8.65351315349 -6.89781469969 -105.981669848
-8.58527496891 -6.90553811487 -105.989874519
-8.51825251415 -6.90674388439 -105.996598134
-8.46276514142 -6.89566728544 -105.999638172
-8.42804158095 -6.86964637183 -105.997546604

/group/posterior_tibial_left/78
78
posId 78
-8.46569549376 -6.72085147807 -106.387380064
-8.50516209995 -6.66862424405 -106.377401561
-8.55017329395 -6.62484337197 -106.368346252
-8.59646450942 -6.59518845985 -106.361297695
-8.6432773 -6.58122646385 -106.356530626
-8.6917776464 -6.5803789565 -106.353597716
-8.74269792713 -6.58760027457 -106.351713297
-8.79472775765 -6.59792441187 -106.350221706
-8.84461662683 -6.60865642831 -106.348914156
-8.88886062313 -6.62020414246 -106.34805359
-8.92585362265 -6.63524840884 -106.348127911
-8.95705552982 -6.65677629243 -106.349492609
-8.98626114431 -6.68603684031 -106.35211197
-9.01715844286 -6.72146526132 -106.35554196
-9.05043179584 -6.75908336362 -106.359156939
-9.08208372297 -6.79411244 -106.362484412
-9.10414518937 -6.82293063368 -106.365452241
-9.10774217022 -6.84437356483 -106.368402691
-9.0871997742 -6.85976596776 -106.371859471
-9.04318358417 -6.87176179919 -106.376174991
-8.98319939676 -6.88268822856 -106.381257494
-8.91898403324 -6.89331035129 -106.386540145
-8.86183913396 -6.90265197888 -106.391224805
-8.81802431241 -6.90888845729 -106.39468027
-8.7863817251 -6.9107150253 -106.396781375
-8.75935424341 -6.90832680735 -106.397994406
-8.72696252326 -6.9033730109 -106.399140084
-8.68190117464 -6.89784689623 -106.400935001
-8.62339017664 -6.89251668354 -106.40353748
-8.55802809251 -6.88583142021 -106.406337014
-8.49733015402 -6.87405328397 -106.408116285
-8.45318487131 -6.85274968186 -106.407534018
-8.43337226389 -6.81903930342 -106.403715328

/group/posterior_tibial_left/81
81
posId 81
-8.4841399661 -6.72406747856 -106.882760352
-8.43665652514 -6.7770415506 -106.887241463
-8.40197153931 -6.82611728046 -106.891458379
-8.38934197836 -6.86041737443 -106.894487508
-8.40533338444 -6.87560814332 -106.895981154
-8.44966215068 -6.87573893351 -106.896305434
-8.51385721927 -6.87058220862 -106.896289039
-8.58403583116 -6.87005390659 -106.896735569
-8.64670794229 -6.87898380595 -106.89798902
-8.6946076568 -6.89517638692 -106.899798599
-8.72934051392 -6.91159989409 -106.901536383
-8.75934758672 -6.92102442438 -106.902604606
-8.79433652055 -6.92008498704 -106.902765775
-8.83932748027 -6.91036544371 -106.902199253
-8.89160602912 -6.89619435208 -106.901279409
-8.94210067449 -6.88099381016 -106.90025341
-8.98011652555 -6.86482678682 -106.89905161
-8.99853099188 -6.84478200762 -106.897359161
-8.99654530916 -6.81776898859 -106.894889486
-8.97878257111 -6.78360588542 -106.891658632
-8.95177916539 -6.74611515101 -106.888060153
-8.92030688236 -6.71138410011 -106.884681056
-8.88570237202 -6.68438197094 -106.881982502
-8.84679014876 -6.6663296635 -106.880067196
-8.80222129948 -6.65473874229 -106.878699414
-8.75229790689 -6.64617561878 -106.877569147
-8.69903563845 -6.63983181559 -106.876617104
-8.64474312256 -6.63927073347 -106.876183492
-8.59060751864 -6.65082560994 -106.876852416

/group/posterior_tibial_left/84
84
posId 84
-8.53397399566 -6.75820443752 -107.445226352
-8.47553013306 -6.79502870655 -107.442702357
-8.43416425598 -6.83187032121 -107.441658258
-8.41910190316 -6.86372616251 -107.442548243
-8.4359865269 -6.88656140278 -107.445583042
-8.48325711188 -6.89782846343 -107.450452023
-8.55104684998 -6.8977326023 -107.456315004
-8.62385046894 -6.89063781627 -107.462130042
-8.68610539355 -6.88524636573 -107.467149042
-8.72803721247 -6.8924291091 -107.471274446
-8.74879153966 -6.92088232411 -107.475031258
-8.75529161956 -6.97238754845 -107.479141636
-8.75761521124 -7.03925471086 -107.48394849
-8.76356744973 -7.10582776499 -107.489049272
-8.77541142688 -7.15394029051 -107.493388671
-8.79026662144 -7.17000958659 -107.495781728
-8.80342735167 -7.15037139042 -107.495568616
-8.81219104332 -7.10221355531 -107.493010414
-8.81770507071 -7.03971666599 -107.489183197
-8.8238039676 -6.97749797546 -107.485425783
-8.83381355303 -6.9247658171 -107.482660387
-8.8475494775 -6.88300091232 -107.480973039
-8.86048503743 -6.84788773235 -107.479674546
-8.86556144083 -6.81388425594 -107.477772002
-8.85641288405 -6.77858341075 -107.474548427
-8.83000199229 -6.74449956414 -107.469914015
-8.7872593822 -6.71766903286 -107.464365112
-8.73179879707 -6.7043260569 -107.458644014
-8.66806355598 -6.70778897774 -107.453364008

/group/posterior_tibial_left/87
87
posId 87
-8.5059405968 -6.82711013619 -108.045959437
-8.54215249569 -6.8049264944 -108.050485999
-8.59284915414 -6.797286009 -108.057813023
-8.65803057214 -6.80418867999 -108.067940508
-8.67975771147 -6.82600341457 -108.0721412
-8.65803057214 -6.86273021275 -108.0704151
-8.59284915414 -6.85582754176 -108.060287614

/group/posterior_tibial_left/90
90
posId 90
-8.44820645927 -6.79377481564 -108.721246769
-8.35930304324 -6.81988196857 -108.712275392
-8.32741320316 -6.84962281737 -108.708840098
-8.30441712664 -6.88116006987 -108.706255289
-8.32563445045 -6.90607373832 -108.708064313
-8.39154178996 -6.9115038379 -108.714450881
-8.44464895385 -6.90667665755 -108.719695199
-8.50439451323 -6.90983434034 -108.725503492
-8.56544220996 -6.90941911441 -108.731477202
-8.58843828649 -6.8778818619 -108.734062011
-8.59637881933 -6.82370335774 -108.735416071

