/group/profunda_left/0
0
posId 0
-8.98478303065 2.40021005802 -37.6870687473
-8.95448848118 2.43441327911 -37.7184849303
-8.92759787105 2.4666773218 -37.747319823
-8.90522814053 2.49664520438 -37.7728656011
-8.8883844332 2.52444692846 -37.7947101327
-8.87784754594 2.55063406447 -37.8127577862
-8.87409314403 2.57605438724 -37.8272052943
-8.87725317219 2.60168566882 -37.8384772474
-8.88712275852 2.62845369213 -37.8471321397
-8.90320852784 2.65706159496 -37.8537544135
-8.92480785836 2.68785549992 -37.858849902
-8.95110427407 2.72074542304 -37.86276116
-8.98126253021 2.75519167706 -37.8656155739
-9.01450820483 2.79025683555 -37.8673134906
-9.05018043091 2.8247134347 -37.867556862
-9.08775202923 2.85718952749 -37.8659122183
-9.12681766937 2.88632920353 -37.8618962666
-9.16705662925 2.91094395929 -37.8550689843
-9.20818117582 2.93013342007 -37.8451182619
-9.24988377743 2.9433598217 -37.8319220619
-9.2917959304 2.95046877006 -37.815578297
-9.3334684721 2.951657693 -37.7963984525
-9.37437844656 2.94740157913 -37.7748673261
-9.41396181838 2.93835172614 -37.7515770555
-9.45166570263 2.9252263589 -37.727147836
-9.48700937156 2.90871172698 -37.7021496942
-9.51964096856 2.88938885434 -37.6770390808
-9.54937708033 2.86769523983 -37.6521210118
-9.57621509601 2.84392364868 -37.6275426018
-9.60031314715 2.81825303418 -37.6033179896
-9.62193851346 2.79080087689 -37.5793788967
-9.64139158983 2.76168283371 -37.5556404239
-9.6589176886 2.73106510478 -37.5320689911
-9.67462210699 2.69919735299 -37.5087390375
-9.68840437127 2.66641881168 -37.4858672642
-9.69992519228 2.63313641352 -37.4638174148
-9.70861474878 2.59978013946 -37.443074097
-9.71372423637 2.56674606487 -37.4241899462
-9.71441528914 2.53434072309 -37.4077154754
-9.70987515381 2.50274076722 -37.3941243302
-9.69944055225 2.4719793662 -37.3837477413
-9.68271091218 2.44196574723 -37.3767305376
-9.65963253987 2.41253770125 -37.3730173714
-9.63053928926 2.38353992327 -37.3723724561
-9.59614176064 2.35491508887 -37.3744300724
-9.55746501517 2.3267907522 -37.3787674188
-9.5157429329 2.29954430841 -37.3849871044
-9.47228432943 2.27383069747 -37.3927944757
-9.42833061506 2.25056295233 -37.4020554608
-9.3849263334 2.23084327926 -37.4128236538
-9.34282206768 2.21585085184 -37.4253304737
-9.30242422345 2.20670044684 -37.4399385537
-9.26379887651 2.2042920389 -37.4570649726
-9.22672839282 2.20917438059 -37.4770864173
-9.19081125416 2.22144480031 -37.5002418907
-9.15558879862 2.24070293827 -37.5265495258
-9.12067848917 2.26606852993 -37.5557522149
-9.08589250524 2.29626379263 -37.5873023927
-9.05132301825 2.32975098662 -37.6203901184

/group/profunda_left/3
3
posId 3
-9.66948346575 2.6756545799 -37.8198334333
-9.64933466219 2.7154297566 -37.8487964143
-9.62583519945 2.75268936316 -37.878077891
-9.59920199518 2.78688766003 -37.9073081535
-9.56977872952 2.81760152189 -37.9361189633
-9.53802277235 2.84452910144 -37.9641489728
-9.50446167548 2.86747004126 -37.9910542046
-9.46962843202 2.88629280135 -38.0165220546
-9.43398973576 2.90089726427 -38.0402862229
-9.39788365783 2.91118176322 -38.0621394464
-9.3614820198 2.91702284247 -38.0819410203
-9.3247884282 2.91827353433 -38.099616864
-9.28767619725 2.91478216987 -38.1151511565
-9.24996244725 2.90642941916 -38.1285701344
-9.21150700463 2.89317718776 -38.1399202004
-9.17231881504 2.8751199575 -38.1492437422
-9.13264960094 2.85252776438 -38.1565567621
-9.09305513836 2.82587058187 -38.1618324009
-9.0544088438 2.79581640792 -38.1649936782
-9.01785973932 2.76319946586 -38.1659173697
-8.98473612041 2.72895995936 -38.1644491144
-8.95640582982 2.69406191766 -38.1604279024
-8.93411227446 2.65939994078 -38.1537163726
-8.91881072312 2.62570832751 -38.1442321528
-8.91103094444 2.5934866186 -38.1319750417
-8.91078947527 2.56295383585 -38.1170452524
-8.91756805711 2.5340398534 -38.0996491875
-8.93036503469 2.50641696783 -38.0800910954
-8.94781529543 2.47956867356 -38.0587511904
-8.96836344606 2.45288686892 -38.0360530272
-8.9904661593 2.42578415807 -38.0124247519
-9.0127944518 2.39780533161 -37.9882599791
-9.03440598168 2.36872194897 -37.9638842831
-9.05486146218 2.33859626351 -37.9395325677
-9.07426740091 2.30780518126 -37.9153409988
-9.09323834044 2.27702083232 -37.891354988
-9.11278387554 2.24715073414 -37.8675522427
-9.13413704233 2.21924642873 -37.843877541
-9.15854942743 2.19439395571 -37.8202840321
-9.18708315629 2.17360188859 -37.7967747859
-9.22043005479 2.15770256956 -37.7734382123
-9.25878376062 2.14727968308 -37.7504718385
-9.30178215926 2.14263085595 -37.7281906462
-9.34852662109 2.14376831444 -37.7070184523
-9.39767288976 2.15045470301 -37.6874632982
-9.44757797256 2.16226593547 -37.6700801217
-9.49647964997 2.17866923177 -37.6554257432
-9.54268140642 2.19910284942 -37.6440121677
-9.58471617413 2.22304464416 -37.6362642327
-9.62146703009 2.25005930632 -37.6324867647
-9.6522309685 2.27981838665 -37.6328447958
-9.67672165592 2.31209227272 -37.6373583298
-9.69501697645 2.34671821727 -37.6459109787
-9.70746553973 2.38355251135 -37.6582698675
-9.71457181929 2.42241728347 -37.6741128259
-9.71688141289 2.46305283341 -37.6930582511
-9.71488592951 2.50508487105 -37.7146931881
-9.70896173472 2.5480128668 -37.7385960686
-9.69934931198 2.59122155038 -37.7643519719

/group/profunda_left/6
6
posId 6
-9.78504380643 2.26091278816 -38.2426488899
-9.79260472164 2.31595645967 -38.2657634541
-9.79206709346 2.36988343941 -38.291947101
-9.78358816422 2.42013237052 -38.3198975423
-9.7678813165 2.46476784027 -38.3483659793
-9.74616815254 2.50270796598 -38.3762879333
-9.72005100329 2.53381947947 -38.4028857629
-9.69131944308 2.55886507102 -38.4277294914
-9.66171710504 2.57931232473 -38.4507487241
-9.63270395046 2.59703660895 -38.4721955713
-9.6052523248 2.61396777793 -38.4925654946
-9.57971178389 2.63173946533 -38.5124887751
-9.55576809101 2.65139859437 -38.5326090181
-9.53250739469 2.67322175809 -38.5534662351
-9.50857972529 2.69666632665 -38.5754005156
-9.48243942857 2.72046087194 -38.5984884637
-9.45262683605 2.74281587004 -38.6225191385
-9.41804771013 2.76171577733 -38.6470101325
-9.37820624028 2.77524088158 -38.6712586604
-9.33335386312 2.78186389139 -38.694417977
-9.28452895256 2.7806724523 -38.7155867561
-9.23347940904 2.77148334301 -38.7338985011
-9.18247856978 2.75483422017 -38.7485995497
-9.13406161547 2.7318607143 -38.7591073243
-9.09072198705 2.70408645107 -38.7650444984
-9.05461323017 2.67316767809 -38.7662489071
-9.02730023375 2.64064022292 -38.762762583
-9.00959535436 2.60771362764 -38.7548056898
-9.00150093539 2.57514629538 -38.7427420511
-9.00226266064 2.54321862792 -38.7270424689
-9.01052092698 2.51180175014 -38.7082503797
-9.02453284448 2.4805012318 -38.686952141
-9.04242791374 2.44884164845 -38.6637519691
-9.06245729974 2.41645135478 -38.6392498309
-9.08320018465 2.38320855781 -38.6140198292
-9.10370003748 2.34931917421 -38.5885869785
-9.12351691349 2.31531205969 -38.5634016205
-9.1426966058 2.28195495133 -38.5388127212
-9.16167098325 2.25011131625 -38.5150433808
-9.18111385773 2.22057089788 -38.4921734925
-9.2017816633 2.19389258017 -38.4701350911
-9.22436752532 2.17029605865 -38.4487252198
-9.24939144566 2.14962908424 -38.4276390722
-9.27713976111 2.13142158903 -38.4065229917
-9.30765581555 2.11501981733 -38.3850431555
-9.34077321367 2.09977624541 -38.3629621371
-9.37617516406 2.08525804703 -38.3402127727
-9.4134597242 2.07143083801 -38.3169575073
-9.45219179527 2.05877679864 -38.2936220691
-9.49192806981 2.04831682492 -38.2708950178
-9.53220952031 2.04152332148 -38.2496891335
-9.57252553169 2.04013057869 -38.2310661619
-9.61226230637 2.04586961872 -38.2161322238
-9.65065379225 2.06017017641 -38.2059162908
-9.68675478685 2.08388101378 -38.2012476051
-9.71945260528 2.11705923947 -38.202649126
-9.74752628878 2.15886953799 -38.2102626827

/group/profunda_left/9
9
posId 9
-9.62444705522 1.8537297888 -38.8131360013
-9.60594113829 1.90798458114 -38.8457808531
-9.59121360638 1.9623671241 -38.8769284541
-9.58051818889 2.01484596587 -38.9055373724
-9.57440086474 2.06431813591 -38.9308740367
-9.57357345606 2.11052768255 -38.9525272269
-9.57871563294 2.15376542843 -38.9703511442
-9.5902622032 2.19445203127 -38.9843607204
-9.60823626929 2.2327357602 -38.9946148241
-9.63217540009 2.26822729092 -39.0011243518
-9.66117140525 2.29994947389 -39.0038126785
-9.69401232882 2.32651376692 -39.0025385493
-9.72938706923 2.34646639374 -38.9971714568
-9.76609656172 2.35869634653 -38.987692839
-9.80321523358 2.36277882899 -38.9742879822
-9.84016223103 2.35914680416 -38.9573958057
-9.87666887739 2.34903411753 -38.9376960317
-9.912658952 2.33420111331 -38.9160319449
-9.94808287865 2.31651785838 -38.8932864619
-9.98275875376 2.29752218696 -38.8702437698
-10.0162691071 2.27807748548 -38.8474740129
-10.0479438591 2.2582262867 -38.8252727878
-10.0769328343 2.23727890097 -38.8036721555
-10.1023436271 2.21410823831 -38.7825198357
-10.1234008753 2.1875626786 -38.7616040287
-10.1395769513 2.1568757151 -38.7407885217
-10.1506534871 2.12195378416 -38.7201200991
-10.1566950967 2.08346129436 -38.6998785826
-10.1579444868 2.04268318163 -38.6805566388
-10.1546733723 2.00121214231 -38.66277693
-10.1470385077 1.96056018578 -38.6471722526
-10.1349920132 1.92181665307 -38.6342647437
-10.1182797848 1.88546054152 -38.6243799786
-10.0965354887 1.85138790574 -38.6176208951
-10.0694481271 1.81914904761 -38.6139081749
-10.0369571994 1.7883246717 -38.6130733516
-9.99941835979 1.7589247028 -38.6149745224
-9.95768780892 1.73168186332 -38.6195969919
-9.91309431956 1.70813840283 -38.6271047944
-9.86729813297 1.69048150414 -38.6378228964
-9.82206742352 1.68115470426 -38.6521500444
-9.77902659374 1.68233853981 -38.6704229002
-9.73943946327 1.69543441814 -38.6927672915
-9.70408173555 1.72068933928 -38.7189776555
-9.67323322245 1.75706404881 -38.7484594315

/group/profunda_left/12
12
posId 12
-10.3207460317 1.87563242838 -39.1082488749
-10.3036453202 1.93628457985 -39.1391620385
-10.2838570569 1.99238131152 -39.1690909084
-10.2633225823 2.04186572845 -39.196528688
-10.2432469524 2.08361288018 -39.2206030286
-10.2237904116 2.11745689962 -39.2411911784
-10.2039978371 2.14404400902 -39.2588827774
-10.1820060566 2.16455365089 -39.2747943882
-10.1555001461 2.18035382365 -39.290272897
-10.1223242142 2.19266464117 -39.3065503047
-10.0811071805 2.20229552613 -39.3244240059
-10.0317522907 2.20949954313 -39.3440315368
-9.97566493075 2.21395933213 -39.3647680271
-9.9156514739 2.21489028199 -39.3853630518
-9.8554986854 2.21122465308 -39.4040986253
-9.79931982714 2.20182966188 -39.4191198412
-9.75081092891 2.18571417348 -39.4287710389
-9.71258419398 2.16219043368 -39.4318873483
-9.68572900456 2.13097461748 -39.4279842183
-9.66969829425 2.09222731506 -39.4173124708
-9.66254202938 2.04654752842 -39.4007771879
-9.66142886058 1.99493843964 -39.3797478543
-9.66333140259 1.93875998376 -39.3558079265
-9.66571587103 1.87967456194 -39.3305000894
-9.66708084997 1.81958221251 -39.3051179452
-9.66723089128 1.76053468161 -39.2805782437
-9.66723740179 1.70461741482 -39.25738511
-9.66911462312 1.65379557515 -39.2356752938
-9.67530355686 1.60973314155 -39.2153169256
-9.68809574807 1.57360902546 -39.1960272886
-9.70913337549 1.54596586099 -39.1774784458
-9.73909270889 1.52663093746 -39.1593710408
-9.77760399127 1.51474178757 -39.1414718888
-9.8233974798 1.50889126936 -39.1236249694
-9.87460979227 1.50738181613 -39.1057537146
-9.92915108724 1.50855163939 -39.0878726527
-9.98502964241 1.51111396427 -39.0701188035
-10.0405553684 1.51444009302 -39.0528005435
-10.0943890368 1.5187220662 -39.0364484905
-10.1454555114 1.52497116279 -39.0218441002
-10.1927817598 1.53484079053 -39.0100007605
-10.2353416084 1.55029961046 -39.0020805008
-10.2719832718 1.57321453004 -38.9992454481
-10.3014848302 1.60492541494 -39.0024627632
-10.322736596 1.64589836959 -39.0122994326
-10.3350018452 1.69553047639 -39.0287534887
-10.3381733704 1.75214864307 -39.0511671399

/group/profunda_left/15
15
posId 15
-9.90949411348 1.45549130486 -39.4754151058
-9.84531105251 1.4651664623 -39.4926310105
-9.79061975056 1.47858097429 -39.5090119208
-9.74773695362 1.49747056334 -39.5246263982
-9.71736549589 1.52361564423 -39.5399101845
-9.69858136805 1.55831541922 -39.5554949843
-9.68916359424 1.60193529893 -39.5719866639
-9.6861937643 1.65364277372 -39.589746937
-9.68678566056 1.71140269599 -39.6087324929
-9.68877315279 1.77223989128 -39.6284317054
-9.69119510995 1.83271140025 -39.6479150361
-9.69446692894 1.88947953641 -39.6659872272
-9.7002062179 1.93985353013 -39.6814046114
-9.7107649466 1.98217759664 -39.6931056901
-9.7285901543 2.01598365717 -39.7004012607
-9.75557254569 2.04188653216 -39.7030819629
-9.79253839844 2.06126225477 -39.7014227609
-9.83899760626 2.07579985459 -39.6960896265
-9.89319197396 2.08704120961 -39.6879767146
-9.9524120889 2.09601731224 -39.6780168037
-10.0134883052 2.10305591251 -39.6670104345
-10.0733272369 2.10778553924 -39.6555100995
-10.1293667514 2.10930887963 -39.6437782754
-10.1798567357 2.10647868402 -39.6318174254
-10.2239280227 2.09819175778 -39.6194522417
-10.261470918 2.0836242875 -39.6064340468
-10.2928908997 2.062360328 -39.5925366555
-10.3188303096 2.03440450415 -39.5776213464
-10.3399373858 2.00010706569 -39.5616624896
-10.3567328381 1.9600529789 -39.5447399769
-10.3695813064 1.91497016915 -39.527015087
-10.3787353796 1.86569544599 -39.5087095982
-10.3843965154 1.81320662318 -39.4901031162
-10.3867374202 1.75869673553 -39.4715527486
-10.3858533878 1.70364266301 -39.4535264402
-10.3816471972 1.64981455299 -39.4366312228
-10.3736899625 1.59918706651 -39.4216142265
-10.3611247655 1.55374475156 -39.4093193119
-10.342680969 1.5152121482 -39.4005946275
-10.3168421973 1.48477211874 -39.3961627173
-10.2821660207 1.46285195893 -39.3964799359
-10.2377013885 1.44904931971 -39.401620789
-10.1834070729 1.44223906061 -39.4112219298
-10.1204554625 1.44085530999 -39.4245091711
-10.0513193516 1.44329299319 -39.4404114146

/group/profunda_left/18
18
posId 18
-10.0402007946 1.36360104231 -39.813495335
-9.9829317348 1.38046831133 -39.8266905985
-9.93233601579 1.39974062035 -39.8396040426
-9.88909685303 1.4216319888 -39.8521975606
-9.85288422644 1.44679392119 -39.8647064591
-9.8227702922 1.47596741693 -39.8774789117
-9.79775726737 1.50962229265 -39.8907953692
-9.77725659413 1.54768529722 -39.9047205856
-9.76137717491 1.58942889866 -39.9190296445
-9.75094063175 1.63354418588 -39.9332266806
-9.74722495208 1.67836837044 -39.9466476196
-9.75151995004 1.72219510893 -39.9586141485
-9.76463463356 1.76357602311 -39.9685921682
-9.78651130188 1.8015293105 -39.9763079906
-9.81606982453 1.83560306481 -39.9817892344
-9.85133741569 1.86578672555 -39.9853204626
-9.88983442741 1.89230992385 -39.9873291436
-9.92911021382 1.91540018368 -39.9882379125
-9.96727748719 1.9350801465 -39.988328408
-10.0033922765 1.95106896864 -39.9876575502
-10.0375701054 1.96281671751 -39.9860504866
-10.0708046923 1.96965634366 -39.9831706883
-10.1045412748 1.9710189917 -39.9786440169
-10.1401274984 1.96663716843 -39.972197151
-10.1782999961 1.95666334152 -39.9637665109
-10.2188539727 1.94165815952 -39.9535430422
-10.2605894512 1.9224446421 -39.9419381574
-10.3015469643 1.89986945071 -39.929480782
-10.3394610235 1.87454573308 -39.9166773591
-10.3722963824 1.84666323661 -39.9038791114
-10.3987084822 1.81593610454 -39.8911999173
-10.4182925194 1.78172063146 -39.878513835
-10.4315486349 1.74328489955 -39.8655376522
-10.4395753953 1.70016428279 -39.8519777169
-10.443585227 1.65250568098 -39.8376994874
-10.4443898201 1.60129891868 -39.822869038
-10.4420146115 1.54841840224 -39.8080212307
-10.4355657189 1.49644588766 -39.7940281894
-10.4234002089 1.44830328014 -39.7819689708
-10.4035621913 1.40677670409 -39.7729292419
-10.3743685063 1.37404487332 -39.7677803839
-10.3349816335 1.35132678799 -39.7669947457
-10.2858074647 1.33873493354 -39.7705454758
-10.2286020365 1.33536799567 -39.7779176019
-10.166251105 1.33961571298 -39.7882277577

/group/profunda_left/21
21
posId 21
-10.0895283176 1.24430225834 -40.1884139303
-10.0302130323 1.26370156803 -40.2012900316
-9.97832906789 1.288759151 -40.2151210859
-9.93623381624 1.31871719727 -40.2293995391
-9.90506888488 1.35264310188 -40.2437000163
-9.88462651728 1.38958166911 -40.2577427732
-9.87352860924 1.42869824977 -40.2714188692
-9.86967769655 1.4693607004 -40.2847651191
-9.87086228821 1.51112862906 -40.2978921307
-9.87535413086 1.55365094358 -40.310884142
-9.88233625238 1.5965063334 -40.3236999028
-9.89204814471 1.63904446414 -40.3361058144
-9.90561457057 1.68029001918 -40.3476648486
-9.92461379463 1.71895498949 -40.3577893441
-9.95051339915 1.75357143058 -40.3658470444
-9.98413626784 1.78271749894 -40.3712933359
-10.0253062979 1.80527658165 -40.3737936402
-10.0727676549 1.82065374767 -40.3733012805
-10.1243902825 1.82888137587 -40.3700677456
-10.1775924858 1.83057524599 -40.3645808959
-10.2298529245 1.82674526673 -40.3574468913
-10.2791657784 1.8185085403 -40.3492475477
-10.3243181265 1.80678325269 -40.3404117375
-10.3649282356 1.79205017289 -40.3311353305
-10.4012578493 1.77425127921 -40.3213702652
-10.4338773096 1.75285689239 -40.3108837846
-10.4632996369 1.72708476291 -40.2993694328
-10.4896984595 1.69621097897 -40.2865777088
-10.5127874195 1.65988623896 -40.272430138
-10.531879277 1.61836971015 -40.2570868286
-10.546081874 1.5726166066 -40.2409520856
-10.5545456779 1.52419744871 -40.2246207449
-10.5566672234 1.475074135 -40.2087840382
-10.5521767468 1.42729648742 -40.1941233244
-10.541087284 1.38270172395 -40.1812204368
-10.5235387164 1.34269346268 -40.1705051784
-10.4996135511 1.30814904017 -40.1622467572
-10.4692159027 1.27946338765 -40.1565814202
-10.4320852821 1.25669728078 -40.1535579616
-10.3879683695 1.2397698043 -40.153179377
-10.3369110135 1.22862737844 -40.1554234633
-10.2795801961 1.22333599279 -40.1602356423
-10.2175005257 1.22407376105 -40.1674998171

/group/profunda_left/24
24
posId 24
-9.96281535059 1.347067889 -40.6792331184
-9.95975171735 1.40106001327 -40.7011514355
-9.96441076193 1.45422365161 -40.7219529027
-9.97598370308 1.50509393106 -40.7411335445
-9.99349917551 1.55234365465 -40.7582610142
-10.0159512242 1.59480345418 -40.7729696428
-10.0424081061 1.63148215587 -40.7849575254
-10.0720882135 1.66159224609 -40.793988992
-10.1043956727 1.68458246929 -40.7999040319
-10.1389152197 1.70017605659 -40.802634114
-10.1753726844 1.70840956683 -40.8022217484
-10.2135728016 1.70966452896 -40.7988394731
-10.2533292869 1.70468260728 -40.7928030329
-10.2944027241 1.69455526528 -40.7845735599
-10.3364597409 1.68068099475 -40.774744608
-10.3790625953 1.66468691687 -40.7640118381
-10.421692368 1.64831647214 -40.7531257149
-10.4638024457 1.63329029646 -40.7428303933
-10.5048929514 1.62115240647 -40.7337945956
-10.5445922353 1.61311766568 -40.7265422829
-10.5827292614 1.60993847453 -40.721391946
-10.6193811437 1.61180826506 -40.7184131519
-10.6548832155 1.6183165419 -40.7174075276
-10.6897944472 1.62846511106 -40.7179187711
-10.7248179847 1.64074832753 -40.7192728462
-10.7606840166 1.65329250027 -40.7206456802
-10.7980089661 1.66404201123 -40.7211519651
-10.8371500392 1.67097326192 -40.7199455655
-10.8780766209 1.67231317261 -40.7163200367
-10.9202793687 1.6667373037 -40.709797153
-10.9627340904 1.65352407688 -40.7001922983
-11.0039309907 1.63264598291 -40.687647992
-11.0419714682 1.60478560525 -40.6726304579
-11.0747254609 1.5712729505 -40.6558885447
-11.1000336423 1.53394989735 -40.6383789205
-11.1159318157 1.49497638415 -40.6211656928
-11.1208706679 1.45660012652 -40.605305908
-11.1139033026 1.42091625849 -40.5917342931
-11.0948158987 1.38964471332 -40.5811608808
-11.0641831265 1.36395119548 -40.5739937302
-11.0233388643 1.34433247084 -40.5702959999
-10.9742631407 1.33057905025 -40.5697825105
-10.9193967398 1.32181912 -40.571856178
-10.8614041499 1.31663793661 -40.5756798983
-10.8029122684 1.31325805589 -40.5802752429
-10.7462555818 1.3097587994 -40.5846361982
-10.6932579462 1.30430911648 -40.5878445426
-10.6450766604 1.29538695709 -40.589173493
-10.6021268047 1.28196049474 -40.5881679202
-10.5640938248 1.26361167523 -40.5846925121
-10.5300313763 1.24058989514 -40.5789433049
-10.498530939 1.21379215352 -40.5714224927
-10.4679410353 1.18467466122 -40.5628807633
-10.4366081496 1.15510854829 -40.5542350554
-10.4031093607 1.12719806237 -40.5464721491
-10.3664484888 1.10308286157 -40.5405496008
-10.3261929103 1.08474639946 -40.5373051493
-10.2825363533 1.07385008277 -40.5373839632
-10.2362827969 1.07160831814 -40.5411902737
-10.1887567415 1.07871349184 -40.5488664768
-10.1416542308 1.09531325103 -40.5602991915
-10.0968559103 1.12103611227 -40.575148517
-10.056227249 1.1550562472 -40.5928942743
-10.0214314114 1.19618490451 -40.6128916206
-9.99377722466 1.24297464551 -40.634428222

/group/profunda_left/27
27
posId 27
-10.3446403517 1.02262645665 -40.9490392702
-10.2947782887 0.996804281238 -40.9405710823
-10.2492494834 0.982842739762 -40.9379229849
-10.2085958506 0.981150336986 -40.9412546119
-10.172140469 0.990309787036 -40.9498870339
-10.1386821989 1.00779481803 -40.9626095118
-10.1072307209 1.03093365937 -40.9781124659
-10.0775189844 1.05775086071 -40.9953792613
-10.0501464522 1.08739004274 -41.0138948197
-10.0263659566 1.12000165581 -41.0336084371
-10.0076619696 1.15619578021 -41.0546883292
-9.99532601991 1.19632335167 -41.0771857631
-9.99019918429 1.23989741751 -41.1007558539
-9.99264645882 1.28538586463 -41.1245506459
-10.0027063219 1.33043828044 -41.1473235031
-10.0202780143 1.37242672591 -41.1676955397
-10.0452047375 1.40906021129 -41.184471837
-10.0771820919 1.43882262135 -41.1968824882
-10.1155310079 1.46108192302 -41.2046639412
-10.1589680149 1.47587634662 -41.2079698386
-10.2055346877 1.48352817145 -41.2071741648
-10.252793665 1.48430302153 -41.2026707421
-10.2982808512 1.47829370501 -41.1947648061
-10.3400735892 1.4655825671 -41.1836997727
-10.3772531466 1.44658428379 -41.1697903882
-10.4100494725 1.42236401019 -41.1535758821
-10.4395617468 1.39471635885 -41.1358907737
-10.467112578 1.36588792954 -41.1177853147
-10.4934514023 1.33799056771 -41.1002981014
-10.5181066933 1.312312305 -41.0841591212
-10.5391566834 1.28881453378 -41.0695477512
-10.553548979 1.26606461792 -41.0560239022
-10.557900144 1.24170073065 -41.0426906484
-10.5495227355 1.2133174514 -41.0285556605
-10.5273315113 1.17948059811 -41.0129735256
-10.4923120251 1.14050424278 -40.996007831
-10.4473839894 1.09868819363 -40.9785709233

/group/profunda_left/30
30
posId 30
-10.4907841614 0.969731700602 -41.3963638227
-10.493255045 1.02724510882 -41.425948443
-10.4848471056 1.08138775652 -41.4546133874
-10.4678502489 1.12903187458 -41.480565853
-10.4448222685 1.1684708 -41.5027283575
-10.4177385181 1.19959419719 -41.5208939452
-10.3875169698 1.22358419748 -41.5356049184
-10.3540678421 1.24223376366 -41.5477962219
-10.3168003407 1.25712244285 -41.5583303294
-10.2753403084 1.26893538834 -41.5675902948
-10.2301423319 1.27715887887 -41.5752757057
-10.1827420241 1.2802486789 -41.5804706984
-10.1355574294 1.27619773779 -41.5819528947
-10.0913406434 1.26329035786 -41.5786253967
-10.0525202075 1.24077197457 -41.5699133843
-10.0207050625 1.20920594513 -41.5559864356
-9.99653362861 1.1704114705 -41.5377378401
-9.979889324 1.12703039867 -41.5165440044
-9.97034025011 1.08189612671 -41.4939044095
-9.96756836104 1.03743008786 -41.4710966456
-9.97157197564 0.995256357584 -41.4489615494
-9.98254492478 0.956123640148 -41.4278719877
-10.0005007605 0.920101751399 -41.407863073
-10.0248453218 0.886926782382 -41.3888432617
-10.0541423459 0.856339314262 -41.3707872123
-10.0862424786 0.828298018339 -41.3538365696
-10.1187852368 0.803032077895 -41.3382890257
-10.1499052644 0.780978670403 -41.3245123836
-10.1788580697 0.762697278207 -41.3128527349
-10.2062818363 0.748841833781 -41.3036001811
-10.2339374571 0.74021364239 -41.2970359487
-10.2639719809 0.737844877846 -41.2935314825
-10.2979494349 0.743014284905 -41.2936300909
-10.3360042759 0.757102400275 -41.2980362151
-10.3764467655 0.781256569682 -41.3074719581
-10.4159917083 0.815931470235 -41.3224218835
-10.4505516788 0.860455680121 -41.3428484784

/group/profunda_left/33
33
posId 33
-10.5570535335 0.912701266106 -41.8628586545
-10.5367057259 0.973284416726 -41.8847755659
-10.5073380759 1.02206767258 -41.9027225058
-10.4700369456 1.05652530681 -41.9157802734
-10.426789272 1.07739609362 -41.9241646879
-10.3800000658 1.08812311366 -41.9290393659
-10.3318803067 1.09342762918 -41.9320249111
-10.2839756189 1.09752728853 -41.9345789445
-10.2370376709 1.10263208163 -41.9374665795
-10.1912814908 1.10823790412 -41.9405043961
-10.1468937824 1.11143350434 -41.9426574113
-10.1045394469 1.10806160208 -41.9424384975
-10.065609315 1.09427379861 -41.9384531734
-10.0320653636 1.06790361311 -41.9298892702
-10.0059223973 1.02918837376 -41.9167844362
-9.98857768822 0.980646304369 -41.8999980507
-9.98028534087 0.926243223456 -41.8809283047
-9.98002922541 0.870232123826 -41.8611042955
-9.98589081841 0.81612580835 -41.8418138375
-9.99579979551 0.766150103449 -41.8238926036
-10.008383216 0.721284257701 -41.8077188831
-10.0235683027 0.681736969679 -41.7933682378
-10.0426740983 0.647542678089 -41.7808224999
-10.0679203112 0.618957732185 -41.7701213359
-10.1015114623 0.596481052125 -41.7613906401
-10.1446282113 0.580543195822 -41.7547556703
-10.1967039744 0.571094211463 -41.7502117827
-10.2552631867 0.567384392247 -41.7475505341
-10.3163871803 0.568141101826 -41.7464115613
-10.3756380213 0.572139899996 -41.7464635161
-10.4291031929 0.578944923733 -41.7476421408
-10.4741901318 0.589459948586 -41.7503270762
-10.5099102689 0.605959358459 -41.7553462882
-10.536599994 0.63145862202 -41.7637596162
-10.5552452336 0.668564041382 -41.7764670904
-10.5667188021 0.718193588608 -41.7937736159
-10.5712506727 0.778671157039 -41.8150804985

/group/profunda_left/36
36
posId 36
-10.5740453375 0.638468940927 -42.285966034
-10.5751471003 0.704989873579 -42.3047717198
-10.5672232889 0.765265420407 -42.3218769528
-10.5516729187 0.815993778535 -42.3363376893
-10.5301426196 0.856349554376 -42.3479084665
-10.5039777378 0.887715419915 -42.3569705153
-10.4738605257 0.912758224069 -42.3642731044
-10.4397748644 0.934197675866 -42.3705855508
-10.4013098503 0.95370386894 -42.3763831974
-10.3581814713 0.971291520081 -42.3816722799
-10.3107636584 0.985383407519 -42.3860039919
-10.2604114339 0.993468160876 -42.3886581644
-10.2094337885 0.993070112123 -42.3889177612
-10.1607045489 0.98265555536 -42.3863280322
-10.1170366576 0.962149842442 -42.3808473283
-10.08053699 0.932907992708 -42.3728435003
-10.0521700297 0.897199039706 -42.3629512441
-10.031684678 0.857446011273 -42.3518576839
-10.0179266513 0.815540764111 -42.3401063097
-10.0094186135 0.77250001067 -42.3279954581
-10.0049939233 0.728571580372 -42.3156037385
-10.0042535135 0.683704578438 -42.3029196701
-10.0076846656 0.638143756457 -42.2900089172
-10.0164087441 0.592859138206 -42.277137639
-10.0316636865 0.549596234298 -42.2647904705
-10.0542239637 0.510499326323 -42.253568212
-10.0839798228 0.477451632362 -42.2440042846
-10.1198326229 0.451412320372 -42.2363779849
-10.1599396803 0.432052962391 -42.2306098787
-10.2022079103 0.417891480172 -42.2262960794
-10.2448420378 0.406927334576 -42.2228838929
-10.2867356454 0.397572432118 -42.2199322457
-10.327557862 0.389531469274 -42.2173600344
-10.3675095527 0.384272821889 -42.2155810846
-10.4068533446 0.384858328746 -42.2154594413
-10.4454111769 0.395125282692 -42.2180816835
-10.4822367542 0.418455343884 -42.2244111353
-10.5156030553 0.45653251926 -42.2349366832
-10.5433228793 0.508520395601 -42.2494377374

/group/profunda_left/39
39
posId 39
-10.4408840281 0.738136420558 -42.8575217457
-10.3836941835 0.755363755865 -42.8648664021
-10.3283844777 0.764229570206 -42.8694405372
-10.2775002005 0.764980182151 -42.8712459399
-10.2321035279 0.758377866649 -42.8704973195
-10.191858609 0.74542662367 -42.8675307223
-10.1555490606 0.7270700805 -42.8626896353
-10.1218327295 0.703963561057 -42.8562278686
-10.0899653523 0.676396118247 -42.8482620473
-10.0602446519 0.64438580098 -42.8387888888
-10.0340310463 0.607910652713 -42.8277595119
-10.013352961 0.567189900585 -42.8151827809
-10.0002503296 0.522911174404 -42.8012191753
-9.99609866189 0.476316979446 -42.7862295927
-10.0011578414 0.429111217236 -42.7707588697
-10.01450511 0.383208054536 -42.7554563621
-10.0343713661 0.340399785557 -42.7409578637
-10.0587541128 0.302048837177 -42.7277668659
-10.0860809528 0.268901907735 -42.7161738917
-10.1156796187 0.241083821338 -42.706240074
-10.1478804344 0.218268835362 -42.6978495897
-10.1837099533 0.199968304504 -42.6908123932
-10.2242831411 0.185835811674 -42.6849818694
-10.2701129222 0.175886855415 -42.6803473026
-10.3205901938 0.170561019256 -42.6770700074
-10.3738316124 0.170609362945 -42.6754514663
-10.426965413 0.176849547468 -42.6758451087
-10.4767714072 0.189875381507 -42.6785424324
-10.5204642429 0.209821080744 -42.6836724778
-10.5563541372 0.236259305119 -42.6911484659
-10.5841568784 0.268263839754 -42.7006786193
-10.6048430093 0.304609768027 -42.7118357359
-10.6200745628 0.34403656757 -42.7241598364
-10.6314218128 0.385479278573 -42.7372572062
-10.6396319778 0.428186644882 -42.7508611724
-10.6442083186 0.471687796498 -42.7648342131
-10.6434551895 0.515625335157 -42.7791124213
-10.6349868175 0.559522528685 -42.7936143565
-10.6165385511 0.602577921273 -42.808149507
-10.5868134969 0.643572775113 -42.8223622734
-10.5460813306 0.680937935145 -42.8357352815

/group/profunda_left/42
42
posId 42
-10.3970922871 0.558797479724 -43.4028500971
-10.3261473658 0.564688073916 -43.4137578819
-10.2576463291 0.56188194399 -43.4197319788
-10.1972326181 0.550327162368 -43.420128291
-10.1486452365 0.530740375558 -43.4149231071
-10.1129870593 0.504353322225 -43.4046569741
-10.0888122615 0.472548859394 -43.3902298356
-10.0729693768 0.436537336907 -43.3726353107
-10.0618859437 0.397201163327 -43.3527370091
-10.0528468259 0.355160750378 -43.3311643331
-10.0448451013 0.311018968474 -43.3083507445
-10.0387567627 0.265662614916 -43.2846764627
-10.036840949 0.220470301061 -43.2606345919
-10.0418023913 0.177309297583 -43.2369318045
-10.0557876849 0.138287311167 -43.2144647406
-10.0796775898 0.10532673167 -43.1941688178
-10.1128951319 0.0797084928614 -43.176794412
-10.1537347165 0.0617578715267 -43.1627023143
-10.2000166218 0.0508032804833 -43.151770151
-10.2497612747 0.0454448679775 -43.1434628928
-10.3015975428 0.0440568091724 -43.1370578105
-10.3547554341 0.0453579086575 -43.1319514687
-10.4086866109 0.0488538981186 -43.1279385089
-10.4625249321 0.0549948118918 -43.1253550057
-10.5146736972 0.0649887697896 -43.1250236101
-10.5627551964 0.0803342759575 -43.1280080806
-10.6040018578 0.102232748547 -43.1352553242
-10.6359704974 0.131084910991 -43.1472471586
-10.6573039748 0.166243527751 -43.1637844566
-10.6682154227 0.206102296256 -43.1839819725
-10.6704547079 0.248480670774 -43.206478508
-10.666707221 0.291161016993 -43.2297908084
-10.6596001595 0.332385263872 -43.2526885842
-10.6506631149 0.371140197795 -43.2744611027
-10.6396373095 0.407144228079 -43.294985514
-10.6244260665 0.440561613321 -43.3145789075
-10.6017595163 0.471570156032 -43.3336937465
-10.568386912 0.499958344852 -43.3525714927
-10.5224059542 0.524910430119 -43.3709821194

/group/profunda_left/45
45
posId 45
-10.627905446 0.00549485615668 -43.6790653596
-10.6300576762 0.0724325272947 -43.7272216741
-10.6323249067 0.138630557778 -43.7748186889
-10.6338473303 0.199714943757 -43.8188505422
-10.6321236743 0.251959861564 -43.8571033306
-10.6237762665 0.292928189003 -43.8884700718
-10.6056447895 0.321801698512 -43.9129760662
-10.5758649767 0.339317971751 -43.9315217992
-10.5345918123 0.347345579673 -43.9454329668
-10.4841406187 0.348232695039 -43.9559601125
-10.4285057521 0.344124619873 -43.9638776315
-10.3724135807 0.336444564739 -43.9692924826
-10.3202091688 0.325671355831 -43.9717009644
-10.2749186946 0.311448693829 -43.9702516779
-10.2377602888 0.292956150892 -43.9641105921
-10.2082205194 0.269396007249 -43.9527993677
-10.1846263113 0.240425572284 -43.9363970617
-10.1649862464 0.206397164844 -43.9155494758
-10.1478021888 0.168343631489 -43.89129965
-10.1325836215 0.127738445106 -43.8648130032
-10.1199181994 0.0861342995854 -43.8371012337
-10.1111174966 0.0448179081271 -43.8088411973
-10.1076072981 0.00460190529241 -43.7803433282
-10.1103144495 -0.0341840890521 -43.7516652692
-10.1192898663 -0.0715189824815 -43.7228123534
-10.1337068873 -0.107415777988 -43.6939370864
-10.1522242809 -0.141663915988 -43.6654550217
-10.1735597535 -0.173692659083 -43.6380315543
-10.1970358683 -0.202607519692 -43.6124485402
-10.2228670501 -0.227380207215 -43.5894102238
-10.2520519473 -0.247109388056 -43.5693750854
-10.2858854277 -0.261239152843 -43.5524928953
-10.3252541853 -0.269636719632 -43.5386863134
-10.3699738484 -0.272485975758 -43.5278580073
-10.4184273324 -0.270028981969 -43.5201490946
-10.4676702265 -0.262255212287 -43.516144022
-10.5140099468 -0.248671657346 -43.5169239499
-10.5538960694 -0.228271193045 -43.5239152927
-10.5848396802 -0.199754438202 -43.5385486122
-10.6060537867 -0.161971405224 -43.5618126474
-10.618587117 -0.114463943247 -43.5938344421

/group/profunda_left/48
48
posId 48
-10.7232143468 -0.296817850161 -44.1308854543
-10.7222403346 -0.231223849106 -44.1711310571
-10.7129735827 -0.174376827721 -44.2077673559
-10.6953221567 -0.130998018697 -44.2379314207
-10.6691303097 -0.101965246966 -44.2611198745
-10.6347334414 -0.0846613477702 -44.2788604014
-10.5934781523 -0.0746936502604 -44.2935535608
-10.5478636988 -0.0681700547982 -44.3070538217
-10.5011472157 -0.0634854272527 -44.3196614191
-10.4565389114 -0.0618393363185 -44.3299742272
-10.4163447858 -0.0663342160385 -44.3356171725
-10.3814672846 -0.0801785324497 -44.3344433185
-10.3515142595 -0.104912927829 -44.3255939936
-10.3254706793 -0.139507604158 -44.3099096415
-10.3026056904 -0.180700937956 -44.2895338452
-10.2831656132 -0.224318690011 -44.2669634042
-10.2685068558 -0.266852530487 -44.2440569783
-10.2606018916 -0.306508561259 -44.2214980918
-10.2611659846 -0.343273553064 -44.1989369145
-10.2708426556 -0.378091916883 -44.1756626468
-10.288855113 -0.411703342051 -44.1513858246
-10.3132948142 -0.443821857861 -44.126679256
-10.3418973704 -0.473087112144 -44.1028458645
-10.372913432 -0.497740731857 -44.0813240806
-10.4056403333 -0.516548478882 -44.0630139723
-10.4403582732 -0.529346745586 -44.047956949
-10.4777194869 -0.536820956813 -44.0355984929
-10.5179136124 -0.53959691169 -44.0255170103
-10.5600382043 -0.537177164633 -44.0182044743
-10.6019897726 -0.527421069443 -44.0154065718
-10.640920905 -0.507036227929 -44.019727312
-10.6740251215 -0.473023801965 -44.0335829572
-10.6992595106 -0.424470918285 -44.0579570502

/group/profunda_left/51
51
posId 51
-10.6583779082 -0.334789873255 -44.7244043318
-10.5875570311 -0.331046348051 -44.7386463489
-10.516744387 -0.334129434533 -44.7500392621
-10.4526440394 -0.343852227607 -44.7574606757
-10.4002503372 -0.360353508304 -44.7599584627
-10.3617169055 -0.38392406074 -44.7570257204
-10.3361757589 -0.414691738131 -44.748764529
-10.3205329506 -0.452286476008 -44.7358832262
-10.3109180454 -0.495618230627 -44.7195295093
-10.3042399173 -0.542863630472 -44.7010174387
-10.2992825778 -0.591684217246 -44.6815401932
-10.2969656459 -0.639616989107 -44.6619605236
-10.2997196842 -0.684516429791 -44.6427382121
-10.3102622414 -0.724908552739 -44.6240015361
-10.3302792644 -0.760148125793 -44.6057177773
-10.3595377447 -0.790338521166 -44.5878855356
-10.3957744277 -0.816054344327 -44.5706703569
-10.4353947475 -0.837970861239 -44.554434169
-10.4746972091 -0.856528833047 -44.5396558657
-10.5111344802 -0.871741276202 -44.5267861164
-10.54411129 -0.883189943625 -44.5161059704
-10.5750036556 -0.890187296629 -44.5076558498
-10.6063910752 -0.892021900937 -44.5012706616
-10.6408030512 -0.888182670416 -44.4967106919
-10.6794728706 -0.878477074154 -44.4938354328
-10.7215902975 -0.863010628105 -44.4927459423
-10.7643509598 -0.842057576104 -44.493829945
-10.8037888878 -0.815899920738 -44.4976799129
-10.8360709343 -0.784724777817 -44.5049041171
-10.8587478765 -0.748643370791 -44.5158946948
-10.8714696276 -0.707839839542 -44.5306375172
-10.8758780648 -0.662797037213 -44.5486371912
-10.8747122448 -0.614504927678 -44.5689903393
-10.8704735033 -0.564552982175 -44.5905860713
-10.8641803631 -0.515044389112 -44.6123647043
-10.8547224435 -0.468334036387 -44.6335427414
-10.839103251 -0.426659790504 -44.6537232078
-10.8135248176 -0.391781169143 -44.6728521692
-10.7749397706 -0.364742845638 -44.691039485

/group/profunda_left/54
54
posId 54
-10.844026207 -0.615231883433 -45.1480432986
-10.793545241 -0.569098304759 -45.166805371
-10.7358169761 -0.539925782617 -45.1819956665
-10.6790148639 -0.529457339021 -45.1920976932
-10.6285387437 -0.534915358169 -45.1971533855
-10.5855536095 -0.550959508679 -45.1984312973
-10.5479731672 -0.572561141508 -45.1975362269
-10.5131280621 -0.597188149484 -45.1954848929
-10.4804238898 -0.625189355299 -45.1922612377
-10.452374144 -0.658368929244 -45.187062014
-10.4334217039 -0.697791612176 -45.1790317394
-10.427317968 -0.742248068243 -45.1680081819
-10.4347043667 -0.788329036259 -45.15481437
-10.4524203082 -0.832017796506 -45.140924736
-10.4750215077 -0.870750467684 -45.1277220889
-10.4976555607 -0.90459482945 -45.1158138293
-10.5186062066 -0.935740315007 -45.1048395171
-10.5399858553 -0.966545594238 -45.0939002912
-10.5661349472 -0.997315313385 -45.0823557979
-10.6006423385 -1.02520526646 -45.0704990722
-10.6437304753 -1.04503053963 -45.0596788612
-10.6915554846 -1.05163049183 -45.0517615552
-10.7378595684 -1.04248958089 -45.0482219719
-10.7770293214 -1.01910090724 -45.0493869454
-10.8067726432 -0.986237385754 -45.0542839289
-10.8288304353 -0.949486910003 -45.0612040722
-10.8472793039 -0.912425208412 -45.068672035
-10.8653991795 -0.875044153616 -45.0762672392
-10.8829473998 -0.834365578356 -45.0848121367
-10.8954848543 -0.786931916645 -45.0957973988
-10.8962427577 -0.73178034523 -45.1103512091

/group/profunda_left/57
57
posId 57
-9.04738032889 0.768270994582 -46.2796955004
-8.98775100629 0.748356948346 -46.2775286106
-8.9296378755 0.736947890484 -46.2780216748
-8.87567340791 0.734539236883 -46.2811453871
-8.82723017588 0.74102973616 -46.2867673718
-8.78449186446 0.755707304125 -46.2946424271
-8.74684971282 0.77736817247 -46.3044226172
-8.71346664517 0.804544536369 -46.3156905543
-8.68380894231 0.835782564783 -46.3280114318
-8.65796919693 0.869895841221 -46.3409921728
-8.63668475361 0.906124677721 -46.3543319764
-8.62106505933 0.944158144588 -46.3678492382
-8.61214269753 0.984015404482 -46.3814754186
-8.61042282368 1.0258241328 -46.3952155134
-8.61560473231 1.0695639796 -46.4090846724
-8.62658810574 1.1148530004 -46.4230381959
-8.64177581994 1.16084171114 -46.4369151028
-8.65957886173 1.20624695551 -46.4504125938
-8.67895286622 1.24951600704 -46.4631006371
-8.69977621967 1.28907294884 -46.4744748227
-8.72292440707 1.32357594038 -46.4840347604
-8.7499909838 1.352112376 -46.4913678429
-8.78272183335 1.37427929009 -46.4962164021
-8.82232846671 1.39013206694 -46.4985107366
-8.86889502596 1.40002436113 -46.4983599248
-8.92107491774 1.40439383989 -46.4960040194
-8.97619060368 1.40356238946 -46.4917417547
-9.03072852849 1.39761192097 -46.4858542586
-9.08109803034 1.38637079149 -46.4785456701
-9.1244372067 1.36950979432 -46.4699160387
-9.15922794643 1.34671226015 -46.459972179
-9.18553455825 1.31786084752 -46.4486712199
-9.20479077554 1.28318068422 -46.4359826459
-9.21919520767 1.24329502111 -46.4219502027
-9.23089419121 1.19917960181 -46.4067362151
-9.24119679069 1.15203540627 -46.3906369947
-9.25005883366 1.10312523622 -46.3740669879
-9.25599333862 1.05362939423 -46.3575182627
-9.25643753603 1.0045664654 -46.3415081307
-9.24847054637 0.956800267397 -46.3265294358
-9.229671992 0.91112193084 -46.3130151041
-9.1988716215 0.868367747883 -46.3013222347
-9.15657497798 0.829518621213 -46.2917336594

/group/profunda_left/60
60
posId 60
-12.3202312671 -1.19403694482 -45.9697082071
-12.3426435712 -1.14275120076 -45.99819067
-12.3876719439 -1.107947708 -46.0172591462
-12.431199195 -1.09495985866 -46.0241418007
-12.4610982601 -1.09891703954 -46.0216680443
-12.4845490682 -1.1103830327 -46.015051775
-12.5179868268 -1.12145713821 -46.0085674725
-12.5701879404 -1.12838869239 -46.0042358381
-12.6344386008 -1.13106064271 -46.0021809262
-12.6957945995 -1.13200814771 -46.0011155596
-12.74452148 -1.13614057207 -45.9983794738
-12.7817136641 -1.14966034476 -45.9904948271
-12.8123156131 -1.17660760763 -45.9751592862
-12.834326257 -1.21452488892 -45.9537644922
-12.836816324 -1.25341347218 -45.9319969462
-12.8097242805 -1.28068544278 -45.9169834096
-12.7554118411 -1.28960434774 -45.9124701745
-12.6893252682 -1.28453654662 -45.9158808285
-12.6278997692 -1.27782827477 -45.9201681213
-12.5752197813 -1.27984002169 -45.9195029988
-12.5220427795 -1.28991221117 -45.9143349568
-12.4588995978 -1.29593497689 -45.9115182699
-12.3906420178 -1.28335162836 -45.9191504352

/group/profunda_left/63
63
posId 63
-12.2369060048 -1.22936592989 -46.5703741818
-12.2061315531 -1.19622675358 -46.5907830614
-12.2074236761 -1.16135008189 -46.6128427566
-12.2330209517 -1.13048270611 -46.6327882238
-12.2707985057 -1.10623630402 -46.6487601514
-12.3113041213 -1.08811396353 -46.6609095294
-12.3519340346 -1.07435139241 -46.6703062568
-12.3959862373 -1.0639984146 -46.6776075884
-12.4478376134 -1.05771197293 -46.682473898
-12.5079751699 -1.05683691786 -46.6840638167
-12.5714558903 -1.06169003402 -46.6820919427
-12.6307674607 -1.07057389684 -46.6775012812
-12.6808540751 -1.08049671554 -46.6720950646
-12.7224845938 -1.08925510358 -46.6672787978
-12.7612760104 -1.09739678877 -46.6628032482
-12.8027725212 -1.10846675895 -46.6565240585
-12.8468944875 -1.12700332879 -46.6455722444
-12.8857706925 -1.155315238 -46.6283532602
-12.9068868851 -1.19107309438 -46.6061231782
-12.8999471208 -1.22745025429 -46.5830179873
-12.8632061558 -1.25605473934 -46.5643102062
-12.8051111083 -1.27111911099 -46.5537897487
-12.7399402587 -1.27250594355 -46.5517896615
-12.6799542867 -1.26567363306 -46.5550723857
-12.6288949431 -1.25851736617 -46.5587137363
-12.5809264378 -1.25687397234 -46.5589249828
-12.525732487 -1.26129091546 -46.5551823088
-12.4565961915 -1.26689900449 -46.55044657
-12.3763868005 -1.26636888801 -46.5493984178

/group/profunda_left/66
66
posId 66
-8.7593721659 0.435760446633 -48.1080992254
-8.69812657618 0.416072462137 -48.0968277893
-8.63804470556 0.406440517484 -48.0911792297
-8.58274667457 0.406831211673 -48.0911510223
-8.53441746329 0.416237632165 -48.0961904056
-8.49360696425 0.433063109345 -48.1054078697
-8.45947688385 0.455578865541 -48.1178339168
-8.4303925056 0.482312787338 -48.1326388817
-8.40465995332 0.512262962168 -48.1492555081
-8.38117824769 0.544897575018 -48.1673817967
-8.35981763573 0.579977647863 -48.1868836668
-8.34143471423 0.617295144559 -48.2076487194
-8.3275560679 0.656438097999 -48.2294536177
-8.31986486288 0.696672280189 -48.2518956958
-8.31967628882 0.736975910835 -48.2744100098
-8.32757378214 0.77620096436 -48.296357829
-8.34330724244 0.81328556818 -48.3171448359
-8.36595464929 0.847424730491 -48.3363172217
-8.39425606951 0.878126902048 -48.3535947726
-8.42697625728 0.905133226692 -48.3688273762
-8.46315569491 0.92823541635 -48.381894398
-8.50216585456 0.947073912758 -48.3925921738
-8.54356962525 0.961012103654 -48.4005631193
-8.58686903997 0.96915823662 -48.4053068479
-8.63126858332 0.970552018706 -48.4062833575
-8.67557591245 0.964467184315 -48.403081614
-8.71830517354 0.950728956869 -48.395597358
-8.7579627235 0.929926850986 -48.3841532578
-8.79341372059 0.903427717311 -48.3695078306
-8.82418275019 0.873155224531 -48.3527335926
-8.85055180236 0.841180479653 -48.3349888006
-8.87338380939 0.809237530014 -48.3172460059
-8.8936984219 0.77831246877 -48.3000606227
-8.9121241847 0.748441910789 -48.2834559068
-8.92841184613 0.718797726249 -48.2669681222
-8.9411927791 0.688047787498 -48.2498469914
-8.94810062749 0.654894845522 -48.2313572743
-8.94626227655 0.618636185417 -48.211093602
-8.93304196227 0.579575423625 -48.1892138386
-8.90683073318 0.539159230516 -48.1665189786
-8.8676446669 0.499793260679 -48.1443529845

/group/profunda_left/69
69
posId 69
-8.71464216883 0.33668634128 -48.5649385774
-8.65039206513 0.31699588408 -48.5581457699
-8.58632543005 0.308124075457 -48.5560518269
-8.52760508914 0.308636096632 -48.5578907822
-8.47690323076 0.316644752324 -48.5627685349
-8.43422676034 0.330473198296 -48.5699558083
-8.39774336339 0.349081111339 -48.5790507091
-8.36519677406 0.372125657246 -48.5899662798
-8.33528376441 0.399685600363 -48.6027726395
-8.30841677208 0.431811625211 -48.617480473
-8.28658609233 0.46812394139 -48.6338698638
-8.27243593655 0.507639040368 -48.6514404013
-8.268007074 0.54889225488 -48.6694990786
-8.27373218084 0.590284364356 -48.6873386499
-8.2881449484 0.630480111507 -48.704418911
-8.30843835131 0.668667324595 -48.7204639979
-8.33162481777 0.704554182388 -48.7354292633
-8.35577858148 0.738106964753 -48.7493530544
-8.38079719047 0.769154810967 -48.7621639013
-8.40832466865 0.79705530144 -48.7735372289
-8.44084501967 0.820593853879 -48.7828765662
-8.48032331999 0.83818863871 -48.789440048
-8.52698192297 0.84833453833 -48.7925671336
-8.57875741942 0.850105454304 -48.7919119553
-8.63170379778 0.843495798408 -48.7875807009
-8.68120537525 0.829439229583 -48.7801063732
-8.7235101799 0.809474329814 -48.7702612194
-8.75694290695 0.785178651714 -48.7587772685
-8.78227521664 0.757599669765 -48.7460887186
-8.80207501995 0.726925882104 -48.7322068441
-8.81928432025 0.692553655873 -48.716788206
-8.8356082164 0.653548307259 -48.6993794722
-8.85039412479 0.609334326654 -48.679748376
-8.86049563999 0.560346925809 -48.6581707537
-8.86122204572 0.508378974681 -48.6355552558
-8.84803228343 0.456465660335 -48.6133465688
-8.81832280967 0.408322297551 -48.5932317649

/group/profunda_left/72
72
posId 72
-8.56934953586 0.0637773629892 -49.1183013237
-8.5133314384 0.0480222686789 -49.1170286955
-8.45750066512 0.0411766942505 -49.1190604229
-8.40420637242 0.0424647096259 -49.123914579
-8.35507336091 0.0506616806731 -49.1310015003
-8.31090062384 0.0644350688256 -49.1397590975
-8.27176636966 0.0826780968969 -49.1497685608
-8.23729458181 0.104740495853 -49.1608184592
-8.2069956272 0.130490770559 -49.1728999845
-8.18057779455 0.16019472528 -49.1861361194
-8.1581417336 0.194250211903 -49.2006668447
-8.14021002583 0.232861415327 -49.2165253484
-8.12759652509 0.275754240172 -49.2335427029
-8.12116832556 0.3220219406 -49.2513098815
-8.12158270694 0.3701508607 -49.2692089413
-8.12908388914 0.418222053069 -49.2865048281
-8.143420298 0.464232121804 -49.3024717153
-8.16390102386 0.506441769595 -49.31651824
-8.18956433556 0.54365357761 -49.3282771742
-8.2193963408 0.575343210777 -49.3376363651
-8.25252500377 0.601613124064 -49.3447055622
-8.28832718991 0.622990853326 -49.3497324729
-8.32641928897 0.640138771162 -49.352995386
-8.36654374747 0.6535652992 -49.3547048811
-8.40840025628 0.663422524795 -49.3549422752
-8.4514891131 0.669444404719 -49.3536494533
-8.4950291653 0.671033655683 -49.3506679795
-8.53798555996 0.667458980875 -49.3458103065
-8.57920257161 0.65809214174 -49.3389372081
-8.61759772663 0.642606302023 -49.3300157497
-8.65234884178 0.621074837399 -49.3191407537
-8.68300433947 0.593946812741 -49.306516608
-8.70947049852 0.561918839896 -49.292410566
-8.73187012379 0.525758384346 -49.2770985097
-8.75031235483 0.486149018567 -49.2608261835
-8.76464795758 0.443618576083 -49.2438025095
-8.77429638383 0.39857995515 -49.2262289854
-8.77821504911 0.351472032336 -49.2083547108
-8.77504139148 0.302949151301 -49.1905353324
-8.76338592306 0.254045405822 -49.1732702035
-8.74220564754 0.206242521467 -49.1571970284
-8.71115729989 0.16139753358 -49.1430359217
-8.67082885539 0.121530407836 -49.1314912732

/group/profunda_left/75
75
posId 75
-8.53068106014 -0.0314149136204 -49.9993185775
-8.48321978141 -0.0648618966039 -49.9995497771
-8.43654068638 -0.0869923614939 -50.0039058336
-8.39339621628 -0.0969715128591 -50.0119495884
-8.35492461835 -0.0957502138086 -50.0230031884
-8.32061637104 -0.0857691223556 -50.036270793
-8.28880699815 -0.0702013069037 -50.0509934484
-8.2575190721 -0.0519677432958 -50.0665949892
-8.22535955667 -0.0328515338068 -50.0827748512
-8.1921665306 -0.013014473573 -50.0995155351
-8.15919484892 0.00891188507616 -50.1169965976
-8.1287974136 0.0351845251045 -50.1354362428
-8.10373593036 0.0679717828674 -50.1549061977
-8.08637829272 0.108373947467 -50.1751769305
-8.07806614691 0.15577707432 -50.1956438381
-8.07885943858 0.207760653977 -50.2153621219
-8.08771670176 0.260589041728 -50.2331856537
-8.10300787781 0.310117951227 -50.247973532
-8.12314131822 0.352811044935 -50.2588074454
-8.1470595822 0.386534496249 -50.2651599845
-8.17442628509 0.410886038508 -50.2669694275
-8.20545886347 0.426984338097 -50.264604975
-8.24050587372 0.43683133859 -50.2587385021
-8.27956568177 0.442497092845 -50.2501643574
-8.32195867895 0.445416785622 -50.2396199478
-8.36629350115 0.446023742501 -50.2276542855
-8.41073974125 0.443800440224 -50.2145725166
-8.4534880874 0.43766906337 -50.2004591018
-8.49319757241 0.426525610644 -50.1852595969
-8.52923227052 0.409689351913 -50.1688879018
-8.56157619582 0.387100083446 -50.1513253256
-8.59045130783 0.359219872233 -50.132688008
-8.61579467124 0.326730279524 -50.113254655
-8.63682297779 0.290204335896 -50.0934605555
-8.65189407399 0.249938650706 -50.0738712919
-8.65876936928 0.206053087583 -50.0551487677
-8.65522626256 0.158836441236 -50.0380152746
-8.63982487101 0.109191144326 -50.0232130849
-8.61255545415 0.0589624699937 -50.011452571

/group/profunda_left/78
78
posId 78
-8.46700194265 -0.120471814233 -50.2932728595
-8.51890016511 -0.0840067839288 -50.2828363026
-8.55899506041 -0.0352973146396 -50.2805666055
-8.58427933531 0.021270057309 -50.2864272107
-8.5946569711 0.0800751792796 -50.2988711362
-8.59260103233 0.135760245613 -50.3153995883
-8.58197852889 0.184585031054 -50.3334134658
-8.56653251915 0.225168553632 -50.3510286514
-8.54862306008 0.258384264785 -50.3675491749
-8.528694668 0.28649966128 -50.3834371553
-8.50561976859 0.311929902054 -50.3998240873
-8.47770114481 0.336100027445 -50.4177896284
-8.44385474607 0.358837246406 -50.4377178905
-8.40444348404 0.378479951448 -50.4589952633
-8.36140815289 0.392594408047 -50.4801603002
-8.31766293039 0.398955675355 -50.4994217867
-8.27604920737 0.396369064917 -50.5153081834
-8.23833211404 0.385008099519 -50.5271636348
-8.20469853747 0.366174319466 -50.5352806544
-8.17398712988 0.34164040615 -50.5406229934
-8.14455082684 0.31291006076 -50.5442724723
-8.1153654924 0.280744510235 -50.5468527457
-8.08688052417 0.245164309823 -50.5481901709
-8.06121152328 0.205903096574 -50.5473648703
-8.04155820736 0.163072867267 -50.5431308146
-8.0310713068 0.117696314323 -50.5345184216
-8.03164257477 0.0718182215337 -50.5213491181
-8.04314160633 0.0281008193582 -50.5044259304
-8.06344624632 -0.0109480763791 -50.4853036176
-8.08928138491 -0.0437800753819 -50.4657266713
-8.11753310991 -0.0702697894385 -50.4469738207
-8.14649006016 -0.0915907189379 -50.4293973798
-8.17647621159 -0.109504614872 -50.4123710364
-8.20957929522 -0.125328223112 -50.3946897514
-8.24855056301 -0.13900513983 -50.3752708825
-8.29530170355 -0.148699654479 -50.3538689214
-8.34960695081 -0.151140180829 -50.3314968572

/group/profunda_left/81
81
posId 81
-8.57685755989 0.0443418019672 -49.5916328617
-8.51444347809 0.0231184890048 -49.5932840854
-8.44966559989 0.0139693695863 -49.5974680518
-8.38823865111 0.0152830120964 -49.6033517289
-8.33410283343 0.024334397727 -49.6100511711
-8.28863223076 0.0382732252156 -49.6168936665
-8.25084825316 0.0551724114177 -49.6235992875
-8.21847913222 0.0747141221398 -49.630315347
-8.1893757767 0.0982122600279 -49.6374909042
-8.1626775571 0.127925027603 -49.6456380227
-8.1392607593 0.165898459894 -49.6550688263
-8.12133149686 0.212783915522 -49.665705997
-8.11139933867 0.267103244989 -49.6770359212
-8.11112715135 0.325276724379 -49.688219496
-8.12058822155 0.382439906912 -49.6983169223
-8.13826286595 0.433769484567 -49.7065423375
-8.16176393603 0.475836837613 -49.7124569333
-8.18894586925 0.507492058474 -49.7160368465
-8.21887288264 0.529957825903 -49.7176024006
-8.25217809893 0.54611170219 -49.7176475134
-8.29061381537 0.559238939132 -49.7166416969
-8.33595777503 0.571727005476 -49.7148799207
-8.388741839 0.584176480705 -49.7124286241
-8.44737375756 0.595224769302 -49.7091724185
-8.50807912891 0.602095605332 -49.7049248128
-8.5657548557 0.601614556924 -49.6995447575
-8.61543723198 0.591276232098 -49.6930067565
-8.65381245147 0.56996803377 -49.6854012093
-8.68015540809 0.538130294908 -49.6768790577
-8.69629809386 0.497382214277 -49.667582931
-8.70561730591 0.4498585925 -49.6576127298
-8.71143402987 0.397594564798 -49.647054354
-8.71546638845 0.342231581859 -49.636065141
-8.71696838355 0.285134080003 -49.6249752059
-8.71291804121 0.227790481734 -49.6143471107
-8.69919835904 0.172224415733 -49.6049464722
-8.67231337684 0.121130296471 -49.597610637

/group/profunda_left/84
84
posId 84
-8.56617014446 0.0261541648845 -49.6752948043
-8.50385698464 0.00723940901006 -49.6665645469
-8.44070025191 0.00050138774235 -49.6604285526
-8.38138168661 0.00384267015712 -49.6567751101
-8.32895042742 0.0146163162286 -49.6552520071
-8.28447199471 0.0305480457959 -49.6554417861
-8.24731102272 0.0503833219244 -49.6570238057
-8.21588433131 0.0740562146769 -49.6598667181
-8.18857130715 0.102365085134 -49.6640249712
-8.1644457611 0.136322370831 -49.6696510215
-8.1435977767 0.176452596953 -49.6768659593
-8.12699584386 0.222307504792 -49.6856435397
-8.11602122599 0.272359364525 -49.6957525061
-8.11191546116 0.324272966205 -49.7067751121
-8.11538009615 0.375411567891 -49.7181879319
-8.12646575475 0.42335978653 -49.7294677442
-8.14473778322 0.466270712984 -49.7401794987
-8.1695778063 0.502946913014 -49.7500162675
-8.20043086916 0.532694636548 -49.7587856961
-8.23685499829 0.555087744191 -49.7663621617
-8.27834765379 0.569800377 -49.7726374446
-8.32405320167 0.576608767684 -49.7774995122
-8.37253349961 0.575554123973 -49.7808511061
-8.42177013776 0.567154540615 -49.7826561399
-8.46946438871 0.552506799369 -49.7829840693
-8.51355417265 0.53315496511 -49.7820194166
-8.55274389756 0.510709369786 -49.7800177889
-8.58680342517 0.486330171636 -49.7772152944
-8.61646249932 0.460283301782 -49.7737238638
-8.64288471621 0.431785224408 -49.7694585195
-8.66688795342 0.399263601437 -49.7641366502
-8.68820833581 0.361003479968 -49.7573646116
-8.70512218603 0.315984868745 -49.7487925293
-8.71462906574 0.264616450138 -49.7382878953
-8.71319598719 0.209078649456 -49.7260653965
-8.69784491932 0.153111569963 -49.7127209928
-8.66721912221 0.101277281375 -49.6991497514

/group/profunda_left/87
87
posId 87
-13.4589010628 -1.72814369588 -50.4650144608
-13.4831368449 -1.64801545995 -50.4868879941
-13.473442532 -1.60021476254 -50.4969215377
-13.4976783142 -1.57712366359 -50.5053786733
-13.5316084092 -1.60183326205 -50.5038022653

/group/profunda_left/90
90
posId 90
-13.4766991712 -1.75770400665 -50.9676035832
-13.4640987143 -1.7151164142 -50.9755145123
-13.4720233573 -1.64588851452 -50.991768464
-13.4695983982 -1.59610930221 -51.0024854183
-13.4671734391 -1.53679476953 -51.0153107336
-13.4724990189 -1.47703672177 -51.0291602351
-13.4960988436 -1.4544316281 -51.0369784311
-13.528098973 -1.47843724303 -51.0354942634
-13.5298741663 -1.53837415395 -51.0224536923
-13.5225992891 -1.59744435501 -51.0085233574
-13.5347240844 -1.64746789894 -50.9989114228

/group/profunda_left/93
93
posId 93
-13.4186312089 -1.70433022887 -50.6195719334
-13.4127725979 -1.64004936397 -50.624282549
-13.447924264 -1.61663124649 -50.6253930394
-13.4713587081 -1.58153805832 -50.627532137
-13.5065103742 -1.55811994084 -50.6286426274
-13.5299448183 -1.58147008222 -50.626585413
-13.5358034293 -1.64575094712 -50.6218747973
-13.5299448183 -1.69835674133 -50.6181927889
-13.5358034293 -1.76263760623 -50.6134821732

/group/profunda_left/96
96
posId 96
-13.4762944661 -1.80305769219 -51.015099181
-13.4605470366 -1.76689029827 -51.0201770918
-13.4656970546 -1.69635529537 -51.0325776884
-13.4683458516 -1.63945871527 -51.0424757034
-13.4649974055 -1.58841847422 -51.0509562447
-13.463379858 -1.52449203414 -51.0617572987
-13.4699291742 -1.46655175247 -51.0721051392
-13.4929962422 -1.44402664095 -51.0775571378
-13.5220970017 -1.46715443887 -51.0756353427
-13.5296775675 -1.52525796076 -51.0662436732
-13.5199638295 -1.58905349235 -51.0546758296
-13.5233122756 -1.6400937334 -51.0461952883
-13.5319947641 -1.69712122199 -51.0370640628

/group/profunda_left/99
99
posId 99
-13.4638442988 -1.84134191844 -51.2193797133
-13.4469674414 -1.81014100151 -51.2239102151
-13.4484284787 -1.7423919758 -51.2372098865
-13.4532823674 -1.67913900062 -51.2499440155
-13.4526771859 -1.62895528957 -51.2596421655
-13.4493341967 -1.57364110875 -51.2700886707
-13.4484284787 -1.50818431966 -51.2827278168
-13.4564991685 -1.45282134367 -51.294220799
-13.478434835 -1.43157633454 -51.3003427093
-13.504743695 -1.45364222099 -51.2984445357
-13.5157364593 -1.50932956035 -51.2886205306
-13.5087458361 -1.57465199374 -51.2752900716
-13.504192484 -1.62983181886 -51.2641522535
-13.5126940068 -1.68014988561 -51.2551454164
-13.5157364593 -1.74353721649 -51.2431026004

