/group/A_com/0
0
posId 0
0.466988696144 1.69315999554 -9.58339875979
0.484429175321 1.70743374304 -9.60770355304
0.481522428792 1.7402143945 -9.62067279322
0.469895442673 1.76585817221 -9.62148963679
0.452454963496 1.78674403409 -9.6142048826
0.440827977378 1.8123878118 -9.61502172617
0.4233874982 1.79811406431 -9.59071693292
0.42629424473 1.76533341285 -9.57774769273
0.4233874982 1.72779484556 -9.5566768548

/group/A_com/3
3
posId 3
0.464854797673 1.64549967767 -9.56998448761
0.481704822287 1.65920008042 -9.59329917744
0.496395854814 1.68086387353 -9.61799406168
0.500010140435 1.69673131999 -9.62880499987
0.491510093073 1.7129126348 -9.62742129223
0.482095227421 1.7398555495 -9.62994216364
0.474831908345 1.77393151716 -9.63785939098
0.460204774718 1.80059898044 -9.63494896844
0.437912174112 1.80775115234 -9.61546310972
0.421496195962 1.79334517005 -9.59227331989
0.415008422384 1.76725380942 -9.57394190252
0.407382401255 1.74531063233 -9.55631557485
0.396946122534 1.73318934216 -9.54024145828
0.398771563632 1.71858368413 -9.53553667521
0.419297758026 1.68967036976 -9.54344469568

/group/A_com/6
6
posId 6
0.47256667872 1.61816438101 -9.60176907335
0.494033500798 1.6446072895 -9.63489922081
0.494083503036 1.68807678467 -9.65251972912
0.484192881586 1.7243333 -9.65683234019
0.474252257897 1.74584470494 -9.65513342637
0.463064013163 1.76571294212 -9.65146605682
0.447569539274 1.79348857328 -9.64649237216
0.431333884791 1.82009101914 -9.64026965107
0.418414722531 1.83176090428 -9.63147926386
0.406036731913 1.82783675282 -9.61695232054
0.390780207201 1.81569055678 -9.59609296914
0.377523091288 1.79595416745 -9.57425638539
0.373865436377 1.76461849083 -9.55776802562
0.377983718594 1.72628562527 -9.54658136613
0.381503428804 1.69265031866 -9.53666743128
0.385073141254 1.66710953969 -9.5300771829
0.400920839844 1.643031842 -9.53691468123

/group/A_com/9
9
posId 9
0.471133507118 1.57826294061 -9.63965903518
0.486352627968 1.5964738391 -9.66237745745
0.493310117804 1.63099898591 -9.6817524612
0.494550727121 1.67152719518 -9.69700024426
0.49227598725 1.70833189763 -9.70716615058
0.486796738562 1.73837206971 -9.71154320289
0.47751536956 1.76478214968 -9.7105600824
0.464846960803 1.79113027161 -9.7058902162
0.450692001347 1.81653180626 -9.69928681707
0.436874178044 1.8362136999 -9.69108586757
0.423352802544 1.84626931202 -9.67990297038
0.408420311425 1.84718609137 -9.66405742656
0.391020013407 1.84238303755 -9.6435787293
0.372916637975 1.83354233554 -9.62095384211
0.358302315947 1.81808290278 -9.59983396394
0.350847001729 1.7919353093 -9.58279453891
0.350847001729 1.75506125252 -9.57014309118
0.35527053997 1.71388071506 -9.56080129163
0.36083504181 1.67751628366 -9.5543466548
0.367288745666 1.65097868218 -9.55222589559
0.377726837961 1.63184293513 -9.55695664899
0.395484626294 1.6139312104 -9.57002881065
0.420379701147 1.59476423567 -9.59039433959

/group/A_com/12
12
posId 12
0.431775910897 1.5830358534 -9.66378531725
0.456506538798 1.58767654461 -9.69303100547
0.465128339308 1.61821052703 -9.71063457722
0.462019619309 1.66299900609 -9.71858159953
0.45727475776 1.70654195666 -9.72435334496
0.456677069183 1.74144340243 -9.73261627858
0.457101169176 1.77051416584 -9.74054473191
0.451240884709 1.79874180558 -9.74112757484
0.43571728856 1.8253991947 -9.73034514756
0.413930851121 1.84478703364 -9.71059523643
0.391761009946 1.85312069029 -9.68757850764
0.372119750098 1.85222239965 -9.66506541963
0.354540346246 1.84563131722 -9.64343313011
0.339051796868 1.83278722014 -9.62257102058
0.328382756109 1.80949212173 -9.6044993079
0.325263520814 1.77474235821 -9.5920583903
0.328501546172 1.73532031968 -9.58563283284
0.333673331114 1.70133983682 -9.58279513239
0.338639054566 1.67673969954 -9.58212670118
0.347400339656 1.65572711107 -9.58668337998
0.366654426915 1.63038156317 -9.6020341069

/group/A_com/15
15
posId 15
0.392234440972 1.60964711815 -9.69095206096
0.422550958057 1.61494535752 -9.72843273377
0.441950457167 1.63462062064 -9.75441195116
0.449810665388 1.66476961317 -9.76765544606
0.4504518842 1.69972480101 -9.77271750461
0.448393918018 1.73451201604 -9.77447974655
0.444794856808 1.76644754156 -9.77402029872
0.437962623859 1.79501248869 -9.76921988095
0.4266534219 1.82041165665 -9.75859250015
0.412344549017 1.84208769104 -9.74386463071
0.398139847304 1.85829681336 -9.72859346044
0.3857071146 1.86689936545 -9.71454302259
0.373730399317 1.86660745873 -9.69995676558
0.359684251611 1.85774037792 -9.68180564673
0.343123242586 1.842062514 -9.65976470529
0.326951358531 1.82195988284 -9.6376543464
0.3151599738 1.79951574702 -9.62057894477
0.309259246437 1.77590576983 -9.61051724216
0.307181327478 1.75126491467 -9.60497354959
0.306054866881 1.7250498265 -9.60039289203
0.306213902922 1.69687224182 -9.59713351823
0.312211099971 1.66758781103 -9.60083129438
0.329254291769 1.64008661916 -9.6181673291

/group/A_com/18
18
posId 18
0.36626312476 1.62220924056 -9.72153142347
0.387648929195 1.6251392359 -9.75005028215
0.402893729489 1.63865642735 -9.76926790076
0.413670828685 1.66123471005 -9.78158648827
0.423010760823 1.68952513296 -9.79141362598
0.43158283993 1.71959563576 -9.80003336894
0.436655205041 1.74872509075 -9.80403100636
0.4347231621 1.77621905082 -9.79875373187
0.425191375753 1.80244084087 -9.78336435492
0.41145265433 1.82689295706 -9.76248095857
0.398242575029 1.84716728034 -9.74271605914
0.387768166972 1.85987654702 -9.72737181005
0.378270146864 1.86286097437 -9.71428882113
0.36628562478 1.85672562479 -9.69874415338
0.350328398466 1.84430183748 -9.67846060411
0.332478188955 1.82847105352 -9.65595893734
0.316586678546 1.81023574177 -9.63632933875
0.305164895359 1.78864689535 -9.62304617608
0.298146146163 1.76250467604 -9.61613636191
0.29456967492 1.73224159886 -9.61426379896
0.295081966869 1.70042312991 -9.61804960959
0.302269110021 1.67069471157 -9.63062223472
0.318137999426 1.64633974848 -9.65436524157

/group/A_com/21
21
posId 21
0.335992492135 1.64723433542 -9.73145065326
0.366665957372 1.65538547824 -9.77493162434
0.387166944359 1.67083141345 -9.80006622611
0.399351396692 1.69000770784 -9.81107885879
0.409627462537 1.71402015276 -9.81728784718
0.419231779814 1.74415484061 -9.8200701604
0.423548570617 1.77734125434 -9.81360688138
0.419605839471 1.80717700645 -9.79588927171
0.410199281298 1.82867829795 -9.7731293596
0.399172995627 1.84076487809 -9.75160173745
0.385628047716 1.84442212374 -9.72955133306
0.366155611429 1.84025315609 -9.70155337795
0.342009582207 1.82880277264 -9.66930222811
0.320282285416 1.81195681754 -9.64285111743
0.306361177336 1.79193992438 -9.62952558098
0.297883240055 1.76870069414 -9.62574951535
0.289326831518 1.74016158241 -9.62393540238
0.281802631467 1.70663512671 -9.62565085091
0.284450909667 1.67436242527 -9.64235546898

/group/A_com/24
24
posId 24
0.328667507883 1.64569377875 -9.78637370534
0.349992096138 1.65811761797 -9.81396063847
0.366792240493 1.67884295701 -9.8272464314
0.381862719517 1.70283565557 -9.83499257986
0.396585750881 1.72749124542 -9.84162088303
0.408531373853 1.75354992778 -9.84232257024
0.414220425902 1.78228194018 -9.83005001531
0.413131276697 1.81204460125 -9.80516246181
0.407897815456 1.83788504883 -9.77607808926
0.400652523199 1.85454785466 -9.75057448722
0.390342072108 1.85975649336 -9.72857337131
0.374621080956 1.85469580574 -9.70507001341
0.354111949047 1.84186001389 -9.67922315446
0.333554954504 1.82303256225 -9.65792074851
0.317849696165 1.79936054181 -9.64882006636
0.307265729968 1.77261397702 -9.65102397157
0.297622188013 1.74539232824 -9.65523461562
0.285816441422 1.71975035057 -9.65445496708
0.274747731643 1.69612960261 -9.65339928468
0.271855013468 1.6743943423 -9.6651434833
0.282311995435 1.6561090535 -9.69750039921

/group/A_com/27
27
posId 27
0.296459976513 1.66567710003 -9.79036224215
0.324296386369 1.67843302689 -9.83064130781
0.349118999722 1.70238750827 -9.85074005782
0.368211885571 1.72862242894 -9.85637836211
0.383734447927 1.7525713069 -9.85766778221
0.397244566889 1.77595456418 -9.8555968067
0.406684385735 1.80116615801 -9.84299136804
0.409207942792 1.825886733 -9.81701004292
0.405064162369 1.8444185561 -9.78532159899
0.39683894479 1.85304943443 -9.7578262055
0.385460162857 1.85219944611 -9.73587292067
0.369128621333 1.84355707597 -9.71369817527
0.34702193898 1.8274290053 -9.68925241805
0.322497191133 1.80428192436 -9.66874098718
0.300901622442 1.77742023035 -9.65882730973
0.284675572481 1.75164702883 -9.6584087155
0.272519822636 1.7289080142 -9.6624097641
0.263923259245 1.70728503267 -9.67220849831
0.26263517767 1.68583063979 -9.69658214923

/group/A_com/30
30
posId 30
0.26481074625 1.7070511633 -9.7600584402
0.277484610088 1.69952324104 -9.8042045602
0.291497160391 1.70081609917 -9.83502475582
0.305430946292 1.70743120184 -9.85570158066
0.321087102743 1.71842170724 -9.87227875382
0.339474593296 1.73524708269 -9.88441932689
0.358041987968 1.75779017854 -9.88629027738
0.372486901432 1.78241455369 -9.87448886759
0.380676975294 1.80485921704 -9.8519281936
0.38381679671 1.8238731951 -9.82380587067
0.38381679671 1.8404613876 -9.79277367516
0.380563897652 1.85386586675 -9.75998126447
0.372373823791 1.86015657498 -9.72878552896
0.35844003789 1.85581768183 -9.70385050788
0.339872643218 1.84173878068 -9.68614524966
0.318573914444 1.82225972681 -9.67206334841
0.296408031433 1.80055420576 -9.66008963496
0.276140641528 1.77658166767 -9.65686028591
0.262128091225 1.75023642233 -9.67290659353

/group/A_com/33
33
posId 33
0.229046980845 1.71160025159 -9.80180209351
0.242188990176 1.70788592588 -9.84836045726
0.263081569619 1.72052601491 -9.87358226641
0.289430068765 1.74508261075 -9.88272144183
0.317015228958 1.77218005654 -9.88863675696
0.339914605004 1.79507798347 -9.89248580349
0.354652689717 1.8138106637 -9.88445021693
0.363472351822 1.83210202632 -9.86100972236
0.371466074102 1.85138805665 -9.83264024243
0.379883216401 1.86866398388 -9.81074483116
0.383659276194 1.87943634252 -9.79297057868
0.376710844479 1.88131385993 -9.76858139599
0.358915053844 1.87449172261 -9.73671980326
0.336394396176 1.86022964884 -9.71120857646
0.3150028136 1.84027720255 -9.70382994359
0.295200226362 1.8173185578 -9.70880878476
0.274268564033 1.79421640932 -9.71100484531
0.252330694025 1.77201895464 -9.70800407311
0.234315552651 1.74982627303 -9.71597073586

/group/A_com/36
36
posId 36
0.204748949173 1.73846514277 -9.860984744
0.182606596177 1.73020868519 -9.81738182
0.194334404766 1.74909578722 -9.79039411738
0.216415019337 1.77289859475 -9.78015167981
0.22825402424 1.78812859288 -9.76614524792
0.237561444541 1.80255694022 -9.74666247701
0.258380966368 1.82506079794 -9.73679624578
0.286945485269 1.8511900039 -9.73963709789
0.311532111549 1.8715289864 -9.74950621935
0.327498058818 1.88024376147 -9.7714180693
0.332800820081 1.87442385258 -9.8087654134
0.325631367983 1.85720300158 -9.84484497357
0.31273265939 1.83952654841 -9.86384289915
0.3023655354 1.82649596245 -9.87505228248
0.28622377197 1.8071028469 -9.8894147571

/group/A_com/39
39
posId 39
0.189785034042 1.78530190148 -9.89588129595
0.179865936943 1.79666488518 -9.81158898871
0.197224356866 1.8117792389 -9.8118352383
0.224501873887 1.83359490578 -9.8203659045
0.234420970985 1.84029621895 -9.82865032112

/group/A_com/42
42
posId 42
-0.301346203738 1.3316041525 -10.4226042984
-0.280505932679 1.34915512204 -10.4212442822
-0.26190221687 1.36242013473 -10.4318227136
-0.246696992692 1.37079797197 -10.452563276
-0.234879463539 1.37486233708 -10.4806938065
-0.225763328034 1.37579243974 -10.5132183097
-0.218736285833 1.37462516631 -10.5475383194
-0.213788505622 1.37174528053 -10.5818051776
-0.211521491141 1.3668597239 -10.6150101107
-0.212688538316 1.35940282413 -10.6468649187
-0.217612940073 1.34907762618 -10.6775118867
-0.225884085974 1.33619525458 -10.7070944381
-0.236521411087 1.32163847502 -10.7352689522
-0.248471889753 1.30652674426 -10.7608247967
-0.261088346834 1.29183170766 -10.781625641
-0.274265626834 1.27818223614 -10.7950124348
-0.288161452685 1.26593160089 -10.7986093916
-0.30272229166 1.25536422515 -10.7912381903
-0.317368623504 1.24683476315 -10.7735158121
-0.331077001821 1.24071214704 -10.7477953168
-0.342810003395 1.23717958263 -10.7173982899
-0.351989073268 1.23608074839 -10.6854459701
-0.358660578069 1.23699240852 -10.6538272121
-0.363210209476 1.23954151269 -10.6228039476
-0.365801336833 1.24378115956 -10.5914508489
-0.365930531119 1.25034442267 -10.5587086577
-0.362451802754 1.26019256764 -10.5245214758
-0.354133629885 1.27401993591 -10.4904916314
-0.340459426627 1.29161974388 -10.4597359341

/group/A_com/45
45
posId 45
-0.290010946605 1.447984166 -10.2394760363
-0.266289768128 1.46603321292 -10.2442507378
-0.242876779123 1.48234659748 -10.2573092515
-0.221176248658 1.49588968853 -10.2781807081
-0.202485968469 1.50581061739 -10.3058500081
-0.187803837866 1.51157175441 -10.3388839812
-0.177680134627 1.51303468236 -10.375613628
-0.172142140448 1.51048251869 -10.4143440379
-0.170705000218 1.50457448884 -10.4535588191
-0.172467248838 1.49623979954 -10.4920867943
-0.176274216937 1.48652882956 -10.5292051887
-0.180920372549 1.4764473832 -10.5646644386
-0.18535483552 1.46680277872 -10.5986331432
-0.18885406898 1.45808830021 -10.6315751858
-0.191132112406 1.4504254531 -10.6640822739
-0.192370432522 1.44357287114 -10.6966921366
-0.193164288812 1.43699862536 -10.7297241973
-0.194397630753 1.43000135171 -10.7631605449
-0.197071131105 1.42185715138 -10.7965912962
-0.202115699779 1.41196516704 -10.8292316615
-0.21022535939 1.39996578499 -10.8600053987
-0.221738546135 1.38581126526 -10.8876781511
-0.236586796403 1.36977805467 -10.9110163867
-0.254316453204 1.35242122027 -10.9289445365
-0.274175118439 1.33448218266 -10.9406748481
-0.295242784139 1.3167691882 -10.9457908045
-0.316580122485 1.30003421438 -10.9442743351
-0.337364624594 1.28486954304 -10.9364775294
-0.356989329793 1.2716422854 -10.9230491342
-0.375107797071 1.26047680181 -10.9048330024
-0.39162080879 1.25128497337 -10.8827587176
-0.406612587752 1.24383468564 -10.8577435066
-0.420254535722 1.23783958968 -10.8306197856
-0.432700614335 1.23304962682 -10.802095498
-0.443999313261 1.22932257444 -10.7727464606
-0.454042614548 1.22666173503 -10.7430329913
-0.462563502932 1.22521275802 -10.7133286118
-0.469182312877 1.22522176532 -10.683947466
-0.473490954285 1.22696550366 -10.6551593995
-0.475155219884 1.230670378 -10.6271867269
-0.474010842472 1.2364396487 -10.6001833099
-0.470129737827 1.2442062982 -10.5742030451
-0.463838832153 1.25372346192 -10.5491696303
-0.455683835859 1.26459604976 -10.5248612982
-0.44634224241 1.27634799324 -10.5009224943
-0.436501219761 1.28851138399 -10.4769094248
-0.426724508891 1.30071837114 -10.4523689821
-0.417336101013 1.31277525623 -10.4269422892
-0.408346434211 1.32470115471 -10.4004768164
-0.399439382459 1.33672037856 -10.373126388
-0.390026771414 1.34920702679 -10.3454176504
-0.379363770492 1.36259028936 -10.3182651856
-0.366705927962 1.37723763819 -10.2929250224
-0.351479383789 1.39333858496 -10.2708866013
-0.333431851078 1.41081281765 -10.253714425

/group/A_com/48
48
posId 48
-0.262781284846 1.52302829524 -10.1784287228
-0.245010066669 1.53252374039 -10.2046395613
-0.229184395275 1.53968364871 -10.2359715303
-0.215950533949 1.54423090325 -10.2710510096
-0.205724069708 1.54606636059 -10.3085072256
-0.198636888235 1.54528660561 -10.3471156735
-0.194522446043 1.54217708351 -10.3859107046
-0.192942248122 1.53718060833 -10.42425341
-0.19325049355 1.53084474034 -10.461847758
-0.194688269442 1.52375460111 -10.4987055918
-0.196494283332 1.51645989927 -10.535068446
-0.198016582721 1.50940593769 -10.5713001062
-0.198809405803 1.5028780026 -10.6077675751
-0.198701298024 1.49696683159 -10.6447291164
-0.19782463558 1.49156005232 -10.6822462335
-0.196602141399 1.48636096782 -10.7201321569
-0.195692071069 1.48093233353 -10.7579433553
-0.195899599315 1.4747593572 -10.7950137266
-0.198066701343 1.46732353737 -10.8305245263
-0.202955808546 1.45817751169 -10.8635977616
-0.211143298873 1.44701101099 -10.8933975189
-0.222937358448 1.43369931299 -10.9192229589
-0.238331161476 1.41832806477 -10.9405785701
-0.256997200989 1.40119163358 -10.9572113741
-0.278322724387 1.38276577446 -10.969110445
-0.301480451331 1.36365885005 -10.9764703948
-0.325523919757 1.34454861685 -10.9796263919
-0.349493611691 1.32611331968 -10.9789728614
-0.372518896078 1.30896628848 -10.9748805405
-0.39390191809 1.29360237485 -10.9676266382
-0.413172659908 1.28036255739 -10.9573504643
-0.430108996894 1.26942020813 -10.9440424509
-0.444720957399 1.26078928636 -10.9275687024
-0.457203739409 1.25435159491 -10.9077270213
-0.467868536486 1.24989765977 -10.8843247705
-0.477063214251 1.24717414028 -10.8572648784
-0.485095932341 1.24593016249 -10.8266244335
-0.492173803803 1.24595563245 -10.7927110109
-0.498365820514 1.2471062866 -10.7560850409
-0.503595030192 1.24931267705 -10.7175417191
-0.507660016401 1.25257306471 -10.6780523801
-0.510280895184 1.25693285584 -10.6386719136
-0.511161064724 1.26245534647 -10.6004246396
-0.510053449598 1.26918980738 -10.564185147
-0.506819352434 1.27714316284 -10.5305722307
-0.501469350282 1.286260676 -10.4998729316
-0.494178728442 1.29641930635 -10.4720098834
-0.485274235405 1.30743505198 -10.4465592124
-0.475193777907 1.31908302659 -10.4228189769
-0.464425277048 1.33112667786 -10.3999206302
-0.453434532335 1.34335082157 -10.3769693827
-0.442593999414 1.35559233892 -10.3531946133
-0.432124533383 1.36776260877 -10.3280894042
-0.422060337463 1.37985700031 -10.3015191823
-0.412243850368 1.39194884174 -10.2737832892
-0.402352638676 1.40416787953 -10.2456195367
-0.391955255392 1.41666593111 -10.2181495718
-0.380588282555 1.42957477499 -10.1927710727
-0.367843147701 1.44296292233 -10.171010225
-0.353449380783 1.45679849346 -10.154353535
-0.337341092332 1.47092485559 -10.144080984
-0.319695626606 1.48505401855 -10.1411224004
-0.300937278621 1.49878025966 -10.1459557262

