/group/r_lima/0
0
posId 0
-6.69224020535 6.82655705401 -2.79606196492
-6.69535469178 6.85894734964 -2.79559938047
-6.69847843473 6.89209194689 -2.79514631775
-6.70146336887 6.92579626832 -2.79474704536
-6.70410351211 6.95982356469 -2.79446370983
-6.70614383666 6.99390157977 -2.79437360073
-6.70729199919 7.02773107692 -2.79456552945
-6.70723236023 7.06099578102 -2.79513549729
-6.7056415937 7.09337321547 -2.79618186827
-6.70220509397 7.12454586939 -2.7978002916
-6.69663333794 7.15421211742 -2.80007863459
-6.68867735416 7.1820963334 -2.80309218846
-6.67814249223 7.2079576893 -2.80689939767
-6.66489977052 7.23159720811 -2.81153833703
-6.64889420451 7.25286274036 -2.81702412286
-6.6301496751 7.27165165186 -2.82334739602
-6.60877007739 7.28791113858 -2.83047395867
-6.58493668581 7.30163621626 -2.83834558612
-6.55890187035 7.31286555937 -2.84688197332
-6.53097949028 7.32167547951 -2.85598371635
-6.50153246517 7.3281724307 -2.86553617477
-6.47095816949 7.33248450322 -2.87541401528
-6.4396724077 7.33475241393 -2.88548620245
-6.40809279648 7.33512051805 -2.89562117983
-6.37662240508 7.33372835335 -2.90569197715
-6.34563448329 7.33070318521 -2.91558098525
-6.31545904019 7.32615395122 -2.92518416057
-6.28637192953 7.32016691251 -2.93441445385
-6.25858695597 7.31280321108 -2.94320430161
-6.23225134798 7.30409841423 -2.95150707059
-6.20744475771 7.29406400594 -2.95929740322
-6.18418175629 7.28269066852 -2.96657047165
-6.16241760473 7.26995309173 -2.97334020641
-6.14205690727 7.25581595829 -2.97963661999
-6.12296460454 7.24024068818 -2.98550239266
-6.10497864612 7.22319248408 -2.99098892444
-6.08792360316 7.20464720845 -2.99615208289
-6.07162444486 7.18459763942 -3.00104788799
-6.05591970913 7.16305869699 -3.00572837437
-6.04067334831 7.14007130006 -3.01023785568
-6.02578461946 7.115704604 -3.01460978951
-6.01119551279 7.09005647263 -3.01886440254
-5.99689536134 7.06325215084 -3.02300719006
-5.98292244257 7.03544121832 -3.02702835185
-5.96936255803 7.00679301349 -3.03090317193
-5.95634474999 6.97749081332 -3.03459329607
-5.94403447475 6.94772513382 -3.03804881042
-5.93262469159 6.91768657204 -3.04121098115
-5.92232543641 6.88755864068 -3.04401547992
-5.91335252434 6.85751104863 -3.0463958962
-5.90591606142 6.82769385497 -3.04828732519
-5.90020944123 6.79823287164 -3.04962982097
-5.89639945781 6.76922661382 -3.05037151714
-5.89461808603 6.74074500271 -3.05047124178
-5.89495636787 6.71282991706 -3.04990048746
-5.89746070759 6.68549757503 -3.04864463898
-5.90213172628 6.65874261356 -3.04670340833
-5.90892566826 6.63254362484 -3.04409047525
-5.91775819612 6.60686981552 -3.04083238032
-5.92851026869 6.58168838035 -3.0369667617
-5.94103567393 6.55697213114 -3.03254006541
-5.95516969511 6.53270689942 -3.02760488825
-5.97073832809 6.50889823663 -3.02221713246
-5.98756744416 6.48557697081 -3.01643315876
-6.00549130742 6.46280324005 -3.01030712134
-6.02435990695 6.44066870854 -3.00388865277
-6.04404464891 6.41929677488 -2.99722104177
-6.06444206637 6.39884069907 -2.99034001232
-6.08547533833 6.37947969738 -2.98327317177
-6.10709355562 6.36141317562 -2.97604015081
-6.12926882072 6.34485338437 -2.96865341203
-6.15199141256 6.33001687804 -2.96111965936
-6.17526337588 6.31711523585 -2.95344174057
-6.19909100088 6.30634555488 -2.94562090192
-6.22347673543 6.29788124675 -2.93765922983
-6.24841111411 6.29186366183 -2.92956210092
-6.27386529329 6.28839502584 -2.92134045932
-6.29978474915 6.28753310665 -2.91301274965
-6.32608462654 6.28928793747 -2.90460635459
-6.35264712657 6.29362081064 -2.89615841613
-6.37932119446 6.30044563134 -2.8877159581
-6.40592462429 6.30963258915 -2.87933527186
-6.43224854343 6.32101397464 -2.87108057433
-6.45806408443 6.3343918465 -2.86302199496
-6.48313090727 6.34954714828 -2.85523299328
-6.5072071076 6.36624978933 -2.84778734783
-6.53005994605 6.38426914627 -2.84075588878
-6.55147676526 6.4033844141 -2.83420316772
-6.57127543109 6.42339423977 -2.82818426831
-6.58931364299 6.44412510737 -2.8227419589
-6.60549650766 6.4654380102 -2.81790437384
-6.6197818563 6.4872330372 -2.81368338393
-6.63218290518 6.5094516157 -2.81007378026
-6.64276800469 6.53207628051 -2.80705335083
-6.65165738619 6.55512797691 -2.80458387933
-6.65901698845 6.57866104141 -2.80261304213
-6.66504961722 6.60275613358 -2.80107712675
-6.66998385184 6.62751150713 -2.79990444538
-6.67406125239 6.65303310108 -2.79901927404
-6.67752253181 6.67942399924 -2.79834611316
-6.68059343198 6.70677384208 -2.7978140424
-6.68347107676 6.73514877966 -2.79736093142
-6.68631156601 6.76458252527 -2.79693727085

/group/r_lima/3
3
posId 3
-6.68584543696 6.82759157136 -2.7735342087
-6.6886973739 6.85993431932 -2.77342212342
-6.69142438962 6.89304354061 -2.77337375933
-6.69389630384 6.92672268062 -2.77342870819
-6.69593429819 6.96073089154 -2.77364213915
-6.69731847801 6.99478985904 -2.77408237533
-6.69779778002 7.02859263062 -2.77482771544
-6.69710175413 7.06181398598 -2.77596265073
-6.69495364326 7.09412180793 -2.77757366133
-6.69108411091 7.12518886109 -2.77974480024
-6.68524492633 7.15470436679 -2.78255328643
-6.67722191382 7.18238477817 -2.78606533015
-6.66684650671 7.20798320785 -2.790332403
-6.65400531581 7.23129703845 -2.7953881438
-6.63864722288 7.2521733503 -2.80124605884
-6.6207876373 7.27051192323 -2.8078981351
-6.6005097002 7.28626570512 -2.81531443765
-6.57796237907 7.2994387792 -2.82344371189
-6.55335555614 7.31008199921 -2.83221495953
-6.52695236941 7.31828658648 -2.84153990689
-6.49905920553 7.32417609054 -2.8513162389
-6.47001386288 7.32789719832 -2.86143143288
-6.44017249344 7.32960993153 -2.87176699696
-6.40989598978 7.32947779542 -2.88220289855
-6.37953650464 7.32765843289 -2.89262196068
-6.34942477527 7.32429529772 -2.90291400826
-6.31985887309 7.31951079069 -2.9129795624
-6.29109491524 7.3134012088 -2.92273290698
-6.26334016241 7.30603374459 -2.93210438776
-6.23674879387 7.29744564768 -2.94104184657
-6.21142050308 7.28764553067 -2.94951114072
-6.18740190426 7.27661667521 -2.95749574705
-6.1646905899 7.26432207687 -2.96499549883
-6.14324154021 7.25071086863 -2.97202454877
-6.12297546467 7.2357256858 -2.97860869124
-6.10378856113 7.21931048551 -2.9847822079
-6.08556311201 7.20141831429 -2.99058442338
-6.06817830594 7.18201852773 -2.99605616843
-6.05152067538 7.16110300705 -3.00123634838
-6.035493578 7.13869098493 -3.00615880401
-6.02002521718 7.11483218333 -3.01084963054
-6.00507479257 7.08960807418 -3.01532509085
-5.99063648761 7.06313119185 -3.01959022204
-5.97674113151 7.03554254846 -3.02363819279
-5.9634555102 7.0070073213 -3.0274504247
-5.95087943628 6.97770908822 -3.03099744734
-5.93914081416 6.94784297694 -3.03424041526
-5.92838904645 6.91760816074 -3.03713317932
-5.91878721497 6.88720017305 -3.03962477568
-5.91050352987 6.85680352435 -3.04166217528
-5.90370256992 6.82658508562 -3.04319312601
-5.89853683541 6.79668865514 -3.04416891887
-5.89513910248 6.76723105177 -3.0445469191
-5.89361600623 6.73829998334 -3.04429272121
-5.89404319479 6.70995382814 -3.04338181406
-5.89646229204 6.6822233484 -3.04180067426
-5.90087978986 6.65511523338 -3.03954724359
-5.90726786923 6.62861725436 -3.03663078474
-5.91556703021 6.60270471074 -3.03307114812
-5.92569030089 6.57734776277 -3.02889751814
-5.93752870224 6.55251918623 -3.02414673784
-5.95095757365 6.52820205254 -3.01886133466
-5.9658433187 6.50439683575 -3.01308738597
-5.98205011286 6.4811274757 -3.0068723695
-5.99944612744 6.45844598427 -3.00026314149
-6.01790886391 6.43643526371 -2.99330417318
-6.03732925946 6.41520991012 -2.98603615698
-6.05761431119 6.39491489332 -2.97849506595
-6.0786880702 6.37572213094 -2.97071171885
-6.10049096867 6.35782510151 -2.96271186697
-6.12297755779 6.34143176132 -2.95451678333
-6.14611284353 6.32675613559 -2.9461442996
-6.16986750483 6.31400903989 -2.93761020491
-6.19421235767 6.30338844704 -2.92892989517
-6.21911248462 6.29507004505 -2.92012014288
-6.24452147804 6.28919852986 -2.91120084751
-6.27037624545 6.2858801434 -2.90219662563
-6.29659279596 6.28517690432 -2.89313810835
-6.32306337005 6.28710288832 -2.88406283077
-6.3496551937 6.29162280342 -2.87501562318
-6.37621103684 6.29865297812 -2.86604844515
-6.40255164199 6.30806474514 -2.85721963924
-6.42847996786 6.31969006718 -2.84859261936
-6.45378707229 6.33332912291 -2.84023404668
-6.4782593473 6.3487594573 -2.83221158143
-6.50168672168 6.3657462085 -2.82459133012
-6.52387137183 6.38405285753 -2.8174351316
-6.54463643196 6.40345191312 -2.81079784156
-6.56383417606 6.42373494178 -2.80472478161
-6.58135315626 6.44472138573 -2.79924951539
-6.59712382612 6.46626567423 -2.79439210132
-6.61112225043 6.48826222618 -2.79015794813
-6.62337160215 6.51064805679 -2.78653736895
-6.63394126602 6.53340283322 -2.78350589189
-6.64294350098 6.55654636568 -2.78102534329
-6.6505277525 6.58013366347 -2.77904567562
-6.65687284282 6.60424782206 -2.77750746874
-6.66217739409 6.62899112958 -2.77634499245
-6.6666489493 6.65447488216 -2.77548968326
-6.67049234174 6.68080847183 -2.77487386072
-6.67389792007 6.70808835351 -2.77443449021
-6.67703025995 6.73638750718 -2.77411679136
-6.68001798184 6.76574598618 -2.77387749431

/group/r_lima/6
6
posId 6
-6.65714595306 6.8288523535 -2.72046946344
-6.66006930442 6.8606598049 -2.72063107389
-6.66313279591 6.89342666941 -2.72077813675
-6.66623001253 6.92695290976 -2.72094253897
-6.66918439118 6.96098532358 -2.72118029059
-6.67175478221 6.99522461109 -2.72156972464
-6.67364479715 7.02933481445 -2.72220837541
-6.67451556393 7.06295465673 -2.72320865807
-6.67400131546 7.09571020963 -2.72469254153
-6.67172707031 7.12722825225 -2.72678546669
-6.6673275347 7.15714964994 -2.72960980893
-6.66046627073 7.18514208614 -2.7332782156
-6.65085414292 7.21091151953 -2.73788716293
-6.6382660746 7.23421181167 -2.74351107262
-6.62255521879 7.2548520725 -2.7501973048
-6.60366376977 7.27270139672 -2.75796230367
-6.5816298069 7.2876908057 -2.76678911607
-6.55658976149 7.29981235993 -2.77662643443
-6.52877632078 7.30911555666 -2.78738923812
-6.49851181806 7.31570126948 -2.79896102512
-6.4661973922 7.31971361138 -2.81119754298
-6.43229841996 7.32133020597 -2.82393185027
-6.3973269193 7.32075142511 -2.83698046929
-6.36182178046 7.31818919347 -2.85015033378
-6.32632779451 7.31385596839 -2.86324619289
-6.29137451163 7.30795447722 -2.87607810874
-6.25745596884 7.30066873636 -2.8884686795
-6.22501227937 7.29215678976 -2.90025963448
-6.19441397629 7.28254549542 -2.91131748047
-6.16594985627 7.27192756291 -2.92153792862
-6.13981888413 7.2603609106 -2.93084889496
-6.11612650462 7.24787027597 -2.93921194247
-6.09488547731 7.23445088394 -2.94662211363
-6.07602111509 7.22007386414 -2.95310618611
-6.05938058028 7.20469301446 -2.95871946475
-6.04474568636 7.18825244048 -2.96354129791
-6.03184847915 7.1706945623 -2.96766956935
-6.02038873801 7.15196797297 -2.97121446662
-6.01005245211 7.1320346567 -2.97429185974
-6.00053029333 7.1108761284 -2.97701663863
-5.99153512677 7.08849813452 -2.97949635349
-5.98281767121 7.06493365472 -2.9818254797
-5.97417953943 7.04024405717 -2.98408058925
-5.96548304626 7.01451838073 -2.98631665641
-5.95665735997 6.98787083774 -2.98856466007
-5.94770078075 6.96043674351 -2.99083057154
-5.93867914484 6.93236717691 -2.99309574053
-5.92972056436 6.90382275393 -2.99531861571
-5.92100690716 6.87496694895 -2.99743766598
-5.91276258949 6.84595942284 -2.99937530636
-5.90524138589 6.81694981215 -3.0010425832
-5.89871205066 6.78807239982 -3.00234433836
-5.89344358734 6.75944202675 -3.00318455386
-5.88969099686 6.7311515203 -3.00347157748
-5.8876822817 6.70327081398 -3.00312294552
-5.88760738673 6.67584782016 -3.00206955086
-5.88960962405 6.64891100027 -3.00025894948
-5.89377996744 6.62247346323 -2.99765765466
-5.90015442159 6.59653831841 -2.99425233141
-5.90871448388 6.57110492262 -2.99004987014
-5.91939053264 6.54617559535 -2.98507638512
-5.93206780619 6.52176233772 -2.97937524454
-5.94659449283 6.49789308132 -2.97300429312
-5.96279133915 6.47461701332 -2.96603247079
-5.98046211113 6.45200857342 -2.95853606017
-5.99940421183 6.43016979399 -2.95059481028
-6.01941877239 6.40923075204 -2.94228818255
-6.04031958862 6.38934801528 -2.93369194932
-6.06194036918 6.37070108779 -2.92487534452
-6.08413988662 6.35348698579 -2.91589892436
-6.10680477227 6.33791319398 -2.906813245
-6.12984985904 6.32418935954 -2.89765840684
-6.15321614351 6.31251816871 -2.88846445651
-6.17686659906 6.30308591315 -2.87925257974
-6.20078021529 6.29605328672 -2.87003696642
-6.22494475675 6.29154695549 -2.86082718476
-6.24934881846 6.28965241324 -2.85163086897
-6.273973802 6.29040857384 -2.84245650518
-6.29878644062 6.29380446305 -2.83331609488
-6.32373246545 6.29977826063 -2.82422748457
-6.34873192844 6.30821881501 -2.81521617366
-6.37367658749 6.31896961491 -2.80631644844
-6.39842962073 6.33183506262 -2.79757173625
-6.42282777958 6.34658876015 -2.78903412749
-6.44668592394 6.36298340066 -2.78076307054
-6.46980371735 6.38076175932 -2.77282330266
-6.49197410682 6.3996682071 -2.76528213454
-6.51299307999 6.41946013147 -2.75820625361
-6.53267009088 6.43991864279 -2.75165824943
-6.55083848067 6.46085797471 -2.74569308929
-6.5673651973 6.48213304989 -2.74035478371
-6.58215913807 6.5036447759 -2.73567347694
-6.59517750364 6.52534275498 -2.73166317888
-6.60642965576 6.54722522909 -2.72832032104
-6.61597810915 6.56933623122 -2.72562327342
-6.62393645322 6.59176006609 -2.72353290367
-6.63046418082 6.6146133908 -2.7219941977
-6.63575858986 6.63803529964 -2.72093889565
-6.64004410688 6.66217592981 -2.72028903315
-6.64355954912 6.68718419003 -2.71996121849
-6.64654398309 6.71319526692 -2.7198714257
-6.64922194343 6.74031858147 -2.7199400444
-6.65178884027 6.76862684871 -2.72009690277

/group/r_lima/9
9
posId 9
-6.61426716548 6.83017475776 -2.64102351895
-6.61704065036 6.85802610293 -2.64141158989
-6.62014133341 6.8867801097 -2.64171515251
-6.62344371806 6.91634128113 -2.64198032754
-6.62676474866 6.94656887528 -2.64227431
-6.62987106146 6.97727975387 -2.6426825585
-6.63248882133 7.00825309758 -2.64330502872
-6.63431570481 7.03923675163 -2.644251618
-6.6350344772 7.06995489144 -2.64563702989
-6.63432752628 7.10011664038 -2.64757529943
-6.6318916613 7.12942523334 -2.65017423977
-6.62745246768 7.15758730243 -2.65353007717
-6.62077752523 7.18432186467 -2.6577225347
-6.61168785067 7.20936861656 -2.66281060449
-6.60006701095 7.2324951841 -2.66882921574
-6.58586746803 7.25350303771 -2.67578696242
-6.56911385223 7.27223185458 -2.68366500261
-6.54990301363 7.2885621943 -2.69241718377
-6.52840086039 7.30241644021 -2.70197138764
-6.50483615176 7.31375804623 -2.71223202845
-6.47949156373 7.32258921114 -2.72308358088
-6.45269247793 7.32894717557 -2.73439496415
-6.42479405427 7.33289939743 -2.746024567
-6.39616722793 7.33453790711 -2.75782566781
-6.36718431813 7.33397317068 -2.76965198667
-6.33820494794 7.33132779905 -2.78136310179
-6.30956294961 7.32673043106 -2.79282947223
-6.28155487133 7.32031009181 -2.80393683146
-6.25443061159 7.31219128518 -2.81458975061
-6.22838659127 7.30249002443 -2.82471421479
-6.20356173847 7.29131094085 -2.8342591077
-6.18003641293 7.27874554093 -2.84319655638
-6.15783424455 7.26487161219 -2.85152114651
-6.1369267122 7.24975371039 -2.85924807584
-6.11724015122 7.23344460001 -2.86641036616
-6.09866475982 7.21598746969 -2.87305529972
-6.08106508031 7.19741870627 -2.87924028301
-6.06429136639 7.17777098869 -2.88502836539
-6.04819121538 7.15707645531 -2.89048365342
-6.03262084539 7.13536970715 -2.89566686145
-6.01745543158 7.11269043263 -2.90063122647
-6.00259798029 7.08908547592 -2.90541899067
-5.98798631144 7.06461021792 -2.91005862041
-5.97359783172 7.03932919294 -2.91456288716
-5.95945190862 7.01331592219 -2.91892788714
-5.94560978987 6.9866520032 -2.92313302453
-5.93217214742 6.95942554851 -2.92714193086
-5.91927445232 6.93172911418 -2.93090424395
-5.90708049955 6.90365729544 -2.93435812551
-5.89577449411 6.87530419178 -2.9374333602
-5.88555217722 6.84676095353 -2.94005485186
-5.87661150997 6.81811361829 -2.94214631664
-5.86914344063 6.7894414264 -2.94363396804
-5.86332326064 6.76081577243 -2.94444999601
-5.85930300466 6.73229990618 -2.94453565975
-5.85720527596 6.70394944427 -2.94384384181
-5.85711878374 6.67581369567 -2.94234094627
-5.85909577052 6.64793774476 -2.94000806512
-5.863151391 6.62036517835 -2.93684138147
-5.86926498678 6.59314129072 -2.93285182327
-5.87738308998 6.56631655823 -2.92806402447
-5.88742389045 6.53995014456 -2.92251468912
-5.89928282045 6.51411318069 -2.91625048588
-5.91283885353 6.48889156358 -2.90932562416
-5.927961082 6.4643880326 -2.90179927672
-5.94451513345 6.44072331404 -2.89373301717
-5.96236900952 6.41803616958 -2.88518843392
-5.981397979 6.3964822419 -2.87622506529
-6.0014882286 6.37623165698 -2.8668987748
-6.02253906396 6.35746541443 -2.8572606534
-6.04446355515 6.34037066991 -2.84735649744
-6.0671876287 6.32513508363 -2.83722687115
-6.0906477153 6.31194047174 -2.8269077219
-6.11478716249 6.30095604936 -2.81643147834
-6.13955170807 6.29233159146 -2.80582852842
-6.16488437784 6.28619085915 -2.79512894728
-6.19072021616 6.28262564102 -2.78436432734
-6.21698127632 6.28169074301 -2.7735695538
-6.24357228932 6.28340022496 -2.76278437084
-6.27037739378 6.28772512962 -2.75205459531
-6.29725824899 6.29459288246 -2.74143285586
-6.3240537701 6.30388846213 -2.73097876526
-6.35058162522 6.31545735469 -2.72075846948
-6.37664152265 6.32911021539 -2.71084355769
-6.40202020144 6.34462907381 -2.70130935984
-6.42649792471 6.36177483634 -2.69223270038
-6.44985617109 6.38029576932 -2.68368921539
-6.47188613074 6.39993658947 -2.6757503738
-6.49239754499 6.42044775029 -2.66848036874
-6.51122738622 6.44159449429 -2.66193306139
-6.52824786148 6.4631652447 -2.65614916548
-6.54337323947 6.48497893455 -2.65115385495
-6.55656504709 6.50689091679 -2.64695496118
-6.56783525517 6.52879716285 -2.64354189915
-6.57724717152 6.55063653628 -2.64088542649
-6.58491387588 6.57239101939 -2.63893829606
-6.59099416147 6.59408386825 -2.63763681547
-6.59568608314 6.61577577166 -2.6369032766
-6.59921834598 6.63755918653 -2.63664916887
-6.60183989286 6.65955111109 -2.63677904401
-6.60380815741 6.68188463383 -2.63719485978
-6.60537653483 6.70469965601 -2.6378005986
-6.60678168053 6.72813322627 -2.63850693533
-6.60823127326 6.75230994451 -2.63923571886
-6.60989287214 6.77733288886 -2.63992403473

/group/r_lima/12
12
posId 12
-6.57527607326 6.84428920976 -2.53472243534
-6.57477147624 6.87519592791 -2.53722812666
-6.57493468671 6.90611788159 -2.53943231387
-6.57577717974 6.93692189667 -2.54131998538
-6.57725538878 6.96747227733 -2.54290088673
-6.57927175642 6.99763301899 -2.54420920744
-6.58167787522 7.02726984627 -2.54530230786
-6.58427961749 7.05625200226 -2.54625852634
-6.58684407343 7.08445373291 -2.5471741445
-6.58910804438 7.11175543088 -2.54815962262
-6.59078777467 7.13804442405 -2.54933524765
-6.59158955517 7.1632154154 -2.55082636044
-6.59122079571 7.18717060109 -2.55275834683
-6.5894011433 7.20981951183 -2.55525158757
-6.58587322046 7.23107863761 -2.55841656443
-6.58041257201 7.25087090721 -2.56234931436
-6.57283643919 7.26912510109 -2.56712741009
-6.56301102629 7.28577527827 -2.57280662491
-6.55085698435 7.3007602955 -2.57941841229
-6.53635290669 7.31402348974 -2.58696829836
-6.51953671007 7.32551258323 -2.59543524907
-6.50050485844 7.33517985566 -2.60477203465
-6.47940947105 7.34298260896 -2.61490657432
-6.45645344006 7.34888393072 -2.6257442051
-6.43188375966 7.3528537404 -2.63717078184
-6.40598333814 7.35487008172 -2.64905648298
-6.37906162166 7.35492060454 -2.66126016865
-6.35144440242 7.35300416208 -2.67363411692
-6.3234632125 7.34913243502 -2.68602894984
-6.29544471665 7.34333148381 -2.69829855455
-6.26770051271 7.33564312542 -2.71030480682
-6.24051772673 7.32612603026 -2.72192191385
-6.21415075337 7.31485644073 -2.73304021013
-6.18881444126 7.30192842309 -2.74356926415
-6.16467896078 7.28745358022 -2.75344018302
-6.1418665204 7.27156017305 -2.7626070357
-6.12045002053 7.25439162185 -2.77104735271
-6.10045365404 7.2361043855 -2.77876169766
-6.08185538357 7.21686524452 -2.78577234451
-6.06459115049 7.19684804211 -2.7921211301
-6.04856060275 7.17622996486 -2.79786658448
-6.03363407046 7.15518746962 -2.80308046973
-6.01966047246 7.13389198514 -2.80784388033
-6.0064758051 7.1125055337 -2.81224307373
-5.99391184789 7.09117642993 -2.81636520843
-5.98180471954 7.07003521947 -2.82029416744
-5.97000293225 7.049191019 -2.8241066387
-5.95837462155 7.0287284114 -2.82786861008
-5.94681367083 7.00870503527 -2.83163241631
-5.93524450348 6.98914998742 -2.83543444971
-5.92362537774 6.97006313065 -2.83929361605
-5.91195008729 6.95141536817 -2.84321058413
-5.9002480418 6.93314991199 -2.84716784273
-5.88858277215 6.91518453569 -2.85113054396
-5.87704897251 6.89741476514 -2.85504807874
-5.8657682525 6.87971792411 -2.85885629987
-5.85488382472 6.8619579177 -2.86248028181
-5.84455439441 6.84399060579 -2.86583748561
-5.83494754622 6.82566959362 -2.86884118234
-5.82623293799 6.80685224661 -2.87140398066
-5.81857561178 6.78740572479 -2.87344130248
-5.81212971903 6.76721282656 -2.87487465716
-5.8070329299 6.74617743525 -2.87563457614
-5.80340175822 6.72422937219 -2.87566308917
-5.80132798499 6.70132847876 -2.87491564572
-5.80087630747 6.67746777539 -2.87336241306
-5.80208327975 6.65267557623 -2.87098891221
-5.80495754771 6.62701647529 -2.86779598408
-5.8094813194 6.60059115862 -2.86379910929
-5.81561295335 6.57353503964 -2.85902713475
-5.82329049541 6.54601575592 -2.85352048643
-5.83243595187 6.51822960734 -2.84732897053
-5.84296005416 6.49039705273 -2.84050928249
-5.85476725022 6.46275741632 -2.83312235512
-5.86776065077 6.43556298315 -2.82523068207
-5.88184666468 6.40907268377 -2.81689575201
-5.89693907711 6.38354558293 -2.80817572078
-5.9129623551 6.35923439207 -2.79912343555
-5.92985400696 6.33637922365 -2.7897849054
-5.94756587203 6.31520179452 -2.78019828982
-5.96606427358 6.29590026722 -2.77039344937
-5.98532902742 6.27864489339 -2.76039207395
-6.00535135855 6.26357459212 -2.75020837481
-6.02613083689 6.25079456045 -2.73985029716
-6.04767149505 6.24037497471 -2.72932118375
-6.06997733716 6.23235080017 -2.71862179607
-6.09304748261 6.22672268655 -2.70775258106
-6.11687121255 6.22345888707 -2.6967160572
-6.14142319817 6.22249810319 -2.68551918649
-6.16665918692 6.2237531249 -2.67417559749
-6.19251240728 6.22711511048 -2.66270752985
-6.21889092347 6.23245833001 -2.65114738255
-6.24567613132 6.23964518395 -2.63953876526
-6.27272253549 6.24853130381 -2.62793697504
-6.29985889057 6.25897054382 -2.61640884707
-6.32689072464 6.27081968316 -2.60503195743
-6.35360419841 6.28394267476 -2.5938931873
-6.37977118824 6.29821429954 -2.58308668881
-6.40515541944 6.313523113 -2.57271132265
-6.42951942218 6.32977360223 -2.56286766485
-6.45263203613 6.34688750565 -2.5536547032
-6.474276156 6.36480428236 -2.54516636179
-6.49425638891 6.38348075244 -2.53748800447
-6.51240628757 6.40288996177 -2.5306930734
-6.52859483121 6.42301935437 -2.52484001748
-6.54273184885 6.44386835976 -2.51996965696
-6.55477211609 6.46544552291 -2.51610311546
-6.56471790586 6.4877653174 -2.51324042932
-6.57261983325 6.51084479049 -2.51135991752
-6.57857590279 6.53470018885 -2.51041836484
-6.58272873978 6.55934370898 -2.51035203714
-6.58526106305 6.58478050433 -2.51107851245
-6.58638953123 6.61100606501 -2.51249927651
-6.58635716517 6.63800406475 -2.5145029981
-6.58542461248 6.66574474556 -2.51696936861
-6.58386057336 6.69418388419 -2.51977336457
-6.58193174763 6.72326235717 -2.52278977124
-6.5798926895 6.75290629433 -2.52589779141
-6.57797596703 6.78302778521 -2.52898555676

/group/r_lima/15
15
posId 15
-6.49437735761 6.8507805805 -2.42759360998
-6.49307976058 6.88132102004 -2.43124857335
-6.4923527031 6.91249588378 -2.43467496732
-6.49215235968 6.94411317143 -2.43787630566
-6.49237606499 6.97595694034 -2.44088374113
-6.49286583434 7.00779262572 -2.44375479287
-6.49341435165 7.03937284672 -2.44657086399
-6.49377320384 7.07044347708 -2.44943364021
-6.49366304031 7.10074975784 -2.45246051156
-6.49278524894 7.13004223652 -2.45577920432
-6.49083466973 7.15808233385 -2.45952184748
-6.48751281758 7.184647362 -2.46381872612
-6.48254105805 7.20953484852 -2.46879199065
-6.47567317696 7.23256605428 -2.47454959588
-6.46670680568 7.25358861169 -2.48117973715
-6.4554932082 7.27247824836 -2.48874603156
-6.4419450025 7.28913959981 -2.4972836627
-6.42604147379 7.30350615168 -2.50679666725
-6.40783123736 7.31553938429 -2.51725649408
-6.38743212047 7.32522722066 -2.52860191234
-6.3650282498 7.33258190054 -2.54074028731
-6.34086444999 7.3376374181 -2.55355018388
-6.31523817283 7.34044666857 -2.56688519989
-6.28848928246 7.34107844951 -2.58057887782
-6.26098811341 7.33961445567 -2.59445049609
-6.23312229253 7.33614639343 -2.60831150199
-6.20528286879 7.33077332206 -2.6219723196
-6.17785032492 7.32359930641 -2.63524924842
-6.15118105019 7.31473143945 -2.64797116326
-6.12559483378 7.30427826568 -2.65998573334
-6.10136389513 7.29234860906 -2.6711648977
-6.07870390175 7.27905078277 -2.68140936529
-6.05776734022 7.26449213498 -2.69065194867
-6.03863950595 7.24877886542 -2.69885958974
-6.02133726561 7.23201603313 -2.70603399116
-6.00581062856 7.21430766704 -2.71221082644
-5.99194704442 7.19575688847 -2.71745756171
-5.97957822921 7.17646595781 -2.72186998166
-5.96848921627 7.15653616722 -2.72556756646
-5.9584292358 7.13606751544 -2.72868791543
-5.94912395179 7.11515812005 -2.73138045333
-5.94028853068 7.09390334459 -2.73379968468
-5.93164098481 7.07239464253 -2.73609828039
-5.92291522641 7.05071814513 -2.73842028682
-5.91387328478 7.02895304432 -2.74089474108
-5.90431618024 7.00716984428 -2.7436299581
-5.89409301025 6.9854285735 -2.74670872493
-5.88310788412 6.96377706347 -2.75018459792
-5.87132443833 6.94224940846 -2.75407945066
-5.85876777148 6.92086472263 -2.75838236606
-5.84552374993 6.89962630685 -2.76304990853
-5.83173574923 6.87852132581 -2.76800775298
-5.81759900554 6.85752107913 -2.77315359
-5.80335285231 6.83658192689 -2.77836117291
-5.78927120476 6.81564690226 -2.78348532517
-5.7756517255 6.7946480127 -2.78836768732
-5.76280415527 6.77350919799 -2.79284295384
-5.75103832158 6.75214987939 -2.79674533205
-5.74065234379 6.73048900171 -2.79991494928
-5.73192153585 6.70844944023 -2.80220394022
-5.72508846863 6.68596261865 -2.80348196398
-5.72035459435 6.66297316471 -2.80364092887
-5.71787375914 6.63944341685 -2.80259874022
-5.71774783951 6.61535759016 -2.80030193251
-5.72002463942 6.59072541301 -2.79672709752
-5.72469808004 6.565585057 -2.79188107487
-5.73171061058 6.54000520292 -2.78579992589
-5.74095766902 6.51408611263 -2.7785467654
-5.75229393173 6.4879596109 -2.77020857507
-5.76554101399 6.46178792101 -2.76089216487
-5.78049622365 6.4357613412 -2.75071948434
-5.79694192926 6.41009479488 -2.7398225102
-5.81465508418 6.3850233331 -2.72833795185
-5.83341645042 6.36079671238 -2.71640201921
-5.8530190888 6.33767321093 -2.70414548981
-5.87327572609 6.31591288216 -2.69168929306
-5.89402467059 6.29577047163 -2.67914080123
-5.91513402444 6.27748824392 -2.66659097962
-5.93650402808 6.26128897582 -2.65411250502
-5.95806746694 6.2473693726 -2.64175891301
-5.97978816758 6.23589415425 -2.62956478471
-6.00165770504 6.22699103835 -2.61754693298
-6.02369053181 6.22074681722 -2.60570650025
-6.04591781623 6.21720468896 -2.59403183695
-6.06838034104 6.21636295749 -2.58250199317
-6.09112085887 6.21817516699 -2.57109062758
-6.11417632732 6.22255168276 -2.55977011957
-6.13757045191 6.22936267639 -2.5485156621
-6.16130694967 6.23844241993 -2.53730911565
-6.18536391012 6.24959474339 -2.52614241694
-6.20968957626 6.26259946539 -2.51502035938
-6.23419979783 6.2772195686 -2.50396259426
-6.25877732603 6.29320886265 -2.49300474137
-6.28327302723 6.3103198577 -2.48219854222
-6.3075089973 6.32831156317 -2.47161103743
-6.33128346194 6.34695692861 -2.46132279876
-6.35437725763 6.36604965677 -2.45142529416
-6.37656160576 6.38541014307 -2.44201750813
-6.39760682329 6.40489032874 -2.43320197829
-6.4172915614 6.42437729665 -2.42508043972
-6.43541212961 6.44379548683 -2.41774929035
-6.45179145058 6.46310746148 -2.41129510241
-6.46628719968 6.48231320446 -2.40579040568
-6.47879871359 6.50144799561 -2.40128995837
-6.48927230261 6.52057895408 -2.39782770106
-6.49770466971 6.53980039413 -2.39541455898
-6.50414422249 6.55922818051 -2.39403722017
-6.5086901587 6.57899330631 -2.39365797197
-6.51148930731 6.59923494314 -2.39421562961
-6.51273081091 6.62009323001 -2.39562753931
-6.5126388362 6.64170207373 -2.39779258745
-6.51146359367 6.66418222907 -2.40059509876
-6.50947103011 6.68763491197 -2.4039094632
-6.50693162436 6.71213617471 -2.40760529447
-6.50410876581 6.73773223884 -2.41155289507
-6.50124722184 6.76443594166 -2.41562878521
-6.49856220584 6.79222440656 -2.41972104556

/group/r_lima/18
18
posId 18
-6.38546420117 6.90072355312 -2.3298722652
-6.38464721578 6.92693772859 -2.33376688146
-6.3839013444 6.95380528603 -2.33770509527
-6.38308340197 6.98110809456 -2.34174217486
-6.38202528067 7.00861765371 -2.34594660584
-6.38054022732 7.0360986931 -2.3503968909
-6.37843000738 7.0633126734 -2.35517781827
-6.37549267094 7.09002114068 -2.3603763592
-6.37153060955 7.11598889756 -2.36607737156
-6.36635857791 7.14098696476 -2.37235929661
-6.35981135405 7.16479531662 -2.3792900377
-6.35175072418 7.18720538157 -2.38692320303
-6.34207150394 7.20802230536 -2.39529488088
-6.33070634581 7.22706697885 -2.40442109361
-6.31762913046 7.24417783503 -2.41429604945
-6.30285679694 7.25921242024 -2.42489127745
-6.28644952938 7.27204874383 -2.43615569421
-6.2685092849 7.28258640801 -2.44801661178
-6.24917671508 7.29074751605 -2.46038165558
-6.22862659904 7.29647735348 -2.47314152294
-6.20706196785 7.29974483223 -2.48617347565
-6.18470715365 7.30054268438 -2.4993454285
-6.16180004235 7.2988873889 -2.5125204686
-6.13858384172 7.2948188132 -2.52556162071
-6.11529869822 7.2883995509 -2.53833666156
-6.09217350281 7.27971393898 -2.55072278174
-6.06941821978 7.26886674101 -2.56261089841
-6.04721705215 7.25598148877 -2.57390943446
-6.02572272417 7.24119848202 -2.58454740003
-6.00505211641 7.22467245559 -2.59447664001
-5.98528343465 7.2065699337 -2.60367314417
-5.96645503096 7.18706630318 -2.61213735482
-5.94856592851 7.1663426495 -2.61989344755
-5.93157803139 7.14458241197 -2.6269876035
-5.9154199316 7.12196792608 -2.63348533316
-5.89999215923 7.09867693133 -2.6394679521
-5.88517366167 7.07487913153 -2.645028345
-5.8708292462 7.05073290084 -2.65026618561
-5.85681767907 7.02638223189 -2.65528280445
-5.8430001055 7.0019540225 -2.66017591306
-5.82924843967 6.97755579412 -2.66503440202
-5.81545337293 6.95327392757 -2.66993342967
-5.8015316612 6.9291724913 -2.67493000936
-5.78743238 6.90529272257 -2.6800592853
-5.7731418749 6.88165320501 -2.68533166185
-5.75868718628 6.85825076548 -2.69073091838
-5.74413778734 6.83506209119 -2.69621340414
-5.72960554109 6.81204604443 -2.70170836503
-5.71524285321 6.78914662833 -2.70711941006
-5.70123906963 6.76629653307 -2.71232707943
-5.6878152385 6.74342116988 -2.71719243233
-5.67521742234 6.72044307956 -2.72156153118
-5.66370880486 6.69728658488 -2.72527066212
-5.65356088679 6.67388254276 -2.72815210115
-5.64504410283 6.65017304264 -2.73004021161
-5.63841821645 6.62611589323 -2.73077764392
-5.63392286068 6.60168874076 -2.73022140198
-5.63176858865 6.57689266782 -2.72824854389
-5.63212877996 6.55175513396 -2.72476129651
-5.63513271695 6.5263321356 -2.71969138443
-5.64086010087 6.5007094847 -2.71300340232
-5.64933722274 6.47500313081 -2.70469709534
-5.66053494071 6.44935848056 -2.69480845275
-5.67436854606 6.42394869962 -2.68340956497
-5.69069952746 6.39897201513 -2.67060724056
-5.70933917046 6.37464806963 -2.65654042684
-5.7300538587 6.3512134097 -2.64137652287
-5.75257187837 6.32891622288 -2.62530671575
-5.77659147071 6.30801046344 -2.60854050766
-5.80178983041 6.28874953105 -2.59129963164
-5.82783271291 6.27137968431 -2.57381157696
-5.85438429245 6.25613338407 -2.55630295865
-5.88111690531 6.24322276773 -2.5389929713
-5.9077203199 6.23283345586 -2.52208716269
-5.93391019667 6.22511888604 -2.50577174985
-5.95943543502 6.22019535564 -2.49020867807
-5.98408415084 6.21813793658 -2.47553159409
-6.00768808378 6.21897740052 -2.46184286895
-6.03012529724 6.22269826342 -2.44921176478
-6.05132110207 6.22923802601 -2.43767379579
-6.0712472058 6.23848765038 -2.42723128776
-6.08991915891 6.2502932759 -2.41785509454
-6.10739223597 6.26445914018 -2.40948738654
-6.12375594983 6.28075163367 -2.40204538614
-6.13912744855 6.29890438252 -2.39542589012
-6.15364408582 6.31862422228 -2.3895103915
-6.16745548465 6.33959789874 -2.38417059233
-6.18071542939 6.36149930987 -2.37927408733
-6.19357392334 6.38399708695 -2.37468999501
-6.20616973688 6.40676230353 -2.37029431863
-6.2186237459 6.42947609778 -2.36597483398
-6.23103332317 6.45183699738 -2.3616353228
-6.2434679973 6.47356774669 -2.35719900035
-6.25596653778 6.49442145192 -2.35261102039
-6.26853556257 6.51418688209 -2.34783998022
-6.28114969857 6.5326927902 -2.34287839005
-6.29375325933 6.54981114918 -2.33774211411
-6.3062633397 6.56545923051 -2.33246883255
-6.31857416776 6.57960048811 -2.32711561266
-6.33056250169 6.59224424533 -2.32175571321
-6.34209381642 6.60344421711 -2.31647477527
-6.3530289927 6.61329593256 -2.31136657606
-6.36323120167 6.62193315257 -2.3065285374
-6.37257267163 6.62952340362 -2.30205718795
-6.38094103063 6.6362627704 -2.29804377672
-6.38824493818 6.64237010645 -2.29457022628
-6.39441875202 6.64808083347 -2.29170559647
-6.39942601815 6.65364050521 -2.28950320526
-6.40326162467 6.65929831202 -2.28799852299
-6.40595251824 6.6653006966 -2.28720792138
-6.40755694488 6.67188524107 -2.28712832053
-6.40816224126 6.67927497079 -2.2877377375
-6.40788126589 6.68767320138 -2.2889967009
-6.40684761924 6.6972590341 -2.29085045785
-6.405209855 6.70818358112 -2.29323186588
-6.40312492923 6.72056697704 -2.29606483279
-6.40075116869 6.73449620833 -2.29926814426
-6.39824106177 6.75002376761 -2.30275950259
-6.39573418498 6.76716711672 -2.30645959171
-6.39335057435 6.7859089216 -2.31029598267
-6.39118483404 6.80619800373 -2.31420670157
-6.38930124528 6.82795093807 -2.31814329703
-6.38773009801 6.85105421562 -2.32207326652

/group/r_lima/21
21
posId 21
-6.33634799975 6.92189265505 -2.18656663335
-6.32811873533 6.9484418678 -2.19689088417
-6.31989343552 6.97493585865 -2.20720272106
-6.31180236903 7.00124090529 -2.2173889563
-6.30394684742 7.02724095218 -2.22735944814
-6.29639587187 7.05283781187 -2.23704944607
-6.2891841265 7.07795016065 -2.24642079711
-6.28231140144 7.10251144296 -2.2554619758
-6.27574346897 7.12646685228 -2.26418695124
-6.26941437441 7.14976960149 -2.27263295499
-6.263230044 7.17237672976 -2.28085726037
-6.25707305631 7.1942447146 -2.28893312618
-6.25080837451 7.2153251665 -2.29694509278
-6.24428979661 7.23556087821 -2.30498384601
-6.23736684997 7.25488248242 -2.31314088147
-6.22989183827 7.27320594054 -2.32150320971
-6.22172674247 7.29043104336 -2.33014833932
-6.2127496839 7.30644105345 -2.3391397619
-6.20286067633 7.32110356125 -2.34852313959
-6.19198642455 7.3342725652 -2.35832336421
-6.18008396739 7.34579172336 -2.36854261772
-6.16714301296 7.35549866261 -2.37915951909
-6.15318686959 7.36323017521 -2.3901293942
-6.13827193613 7.36882808325 -2.40138565524
-6.12248577686 7.37214551153 -2.41284222675
-6.10594386722 7.37305328193 -2.42439690873
-6.08878515321 7.37144612677 -2.4359355251
-6.07116661876 7.36724841774 -2.44733667075
-6.05325709786 7.36041911965 -2.45847684285
-6.03523060114 7.35095570501 -2.46923572454
-6.01725944775 7.33889680444 -2.47950138093
-5.99950750239 7.3243234185 -2.48917513061
-5.98212381325 7.30735857576 -2.49817586835
-5.96523693011 7.28816538769 -2.50644363828
-5.94895015331 7.26694352083 -2.51394228822
-5.93333792484 7.24392417654 -2.52066107554
-5.91844352426 7.21936373646 -2.5266151402
-5.9042781767 7.19353629448 -2.53184480976
-5.89082161958 7.16672534934 -2.53641375233
-5.8780241122 7.13921497615 -2.5404060442
-5.86580981005 7.1112808247 -2.54392226692
-5.85408136675 7.0831813093 -2.54707479228
-5.84272557267 7.05514935522 -2.54998245072
-5.83161979401 7.02738505232 -2.55276480746
-5.82063893976 7.00004953654 -2.55553629012
-5.80966265985 6.97326037583 -2.55840042105
-5.79858246548 6.94708868054 -2.5614444055
-5.78730846355 6.92155809156 -2.56473431494
-5.77577541098 6.89664572473 -2.5683110819
-5.76394782112 6.87228507123 -2.57218749086
-5.75182389178 6.84837077285 -2.5763463095
-5.73943807241 6.82476511262 -2.58073965835
-5.72686214279 6.80130598795 -2.58528966571
-5.71420473688 6.77781606838 -2.58989040137
-5.70160930929 6.75411278635 -2.59441102937
-5.68925060611 6.73001876916 -2.5987000683
-5.67732976393 6.70537229517 -2.60259060101
-5.6660682179 6.68003734944 -2.60590623438
-5.65570064969 6.65391286225 -2.60846757734
-5.64646724631 6.62694074007 -2.61009898184
-5.63860557049 6.59911234042 -2.61063527853
-5.63234236019 6.5704730982 -2.60992823721
-5.62788557881 6.54112508021 -2.60785249123
-5.62541702871 6.51122732318 -2.60431068521
-5.62508581848 6.48099389579 -2.59923763557
-5.62700294059 6.45068971423 -2.59260333217
-5.63123717155 6.42062422873 -2.58441465564
-5.63781245374 6.39114318387 -2.57471573624
-5.64670685839 6.36261873246 -2.56358693475
-5.65785316569 6.33543825024 -2.55114248163
-5.67114103302 6.30999225289 -2.53752686464
-5.68642065895 6.28666185546 -2.5229101059
-5.70350779069 6.26580623644 -2.50748211418
-5.72218986985 6.24775057267 -2.49144633571
-5.74223306652 6.23277489726 -2.47501295474
-5.76338991782 6.22110430099 -2.45839191336
-5.78540726466 6.21290084958 -2.44178602672
-5.80803417092 6.20825752651 -2.42538446551
-5.83102951285 6.20719443634 -2.40935686199
-5.85416894302 6.20965741933 -2.39384826974
-5.8772509614 6.21551913854 -2.37897517191
-5.90010186622 6.22458260792 -2.36482268938
-5.92257940534 6.23658703934 -2.35144309046
-5.94457500538 6.25121579993 -2.33885565066
-5.96601451605 6.26810619337 -2.32704785496
-5.98685747019 6.286860712 -2.31597788053
-6.0070949224 6.30705935341 -2.30557824532
-6.02674598854 6.32827255841 -2.2957604605
-6.04585326207 6.3500743072 -2.28642048444
-6.06447732926 6.37205490831 -2.27744474357
-6.08269064144 6.39383303121 -2.26871646347
-6.10057102772 6.41506656572 -2.2601220421
-6.11819514418 6.43546194065 -2.25155719642
-6.13563215573 6.45478159562 -2.24293262511
-6.15293793423 6.47284937377 -2.23417895088
-6.17015003184 6.48955368398 -2.22525073784
-6.18728365255 6.50484836744 -2.21612941852
-6.20432880024 6.51875129047 -2.20682501186
-6.22124872833 6.53134077075 -2.19737656456
-6.23797975873 6.5427500234 -2.18785130196
-6.25443247706 6.5531598842 -2.17834252877
-6.27049425014 6.5627901267 -2.16896637225
-6.28603295403 6.57188973571 -2.15985750865
-6.30090174698 6.58072653017 -2.15116405549
-6.31494467628 6.58957654275 -2.14304184699
-6.3280028706 6.59871356147 -2.13564833437
-6.33992104365 6.60839921979 -2.12913636792
-6.35055402077 6.61887398851 -2.12364812147
-6.35977299821 6.6303493755 -2.11930941268
-6.36747125593 6.64300158093 -2.11622465508
-6.37356906738 6.65696678873 -2.11447265014
-6.3780175839 6.67233820215 -2.11410339161
-6.38080151499 6.68916485593 -2.11513601083
-6.38194047692 6.707452163 -2.1175579435
-6.38148893929 6.72716408269 -2.12132534674
-6.37953475906 6.7482267333 -2.12636474238
-6.37619635226 6.77053321704 -2.13257581136
-6.37161861211 6.7939493822 -2.13983521603
-6.36596773632 6.81832021733 -2.14800128476
-6.35942517358 6.84347655625 -2.15691935777
-6.35218093732 6.86924177169 -2.16642756689

/group/r_lima/24
24
posId 24
-6.22567669042 6.9606064544 -2.08530597976
-6.22352802688 6.98303038081 -2.09255182416
-6.22161358104 7.00478838779 -2.09943866004
-6.21983493302 7.0259289945 -2.10606131041
-6.21805682321 7.04656469239 -2.11256118971
-6.21611376358 7.06685680639 -2.11911705608
-6.21381829681 7.08699677377 -2.12593350522
-6.21097052482 7.10718511812 -2.13322783441
-6.20736845236 7.12760954032 -2.14121600459
-6.20281863811 7.14842360238 -2.15009848665
-6.19714661885 7.16972744107 -2.1600467909
-6.19020657382 7.19155181889 -2.17119144636
-6.18188972656 7.21384660836 -2.18361211965
-6.17213103927 7.23647452486 -2.1973304465
-6.16091383746 7.25921059143 -2.21230599876
-6.14827210571 7.28174745638 -2.22843563496
-6.13429031389 7.3037063135 -2.24555629246
-6.11910076028 7.32465281899 -2.26345108588
-6.10287854759 7.34411708036 -2.28185838987
-6.08583443194 7.3616165305 -2.30048341617
-6.06820589752 7.37668031149 -2.31901165393
-6.05024690367 7.3888736891 -2.33712343795
-6.03221682281 7.39782100673 -2.35450884615
-6.01436913092 7.40322576851 -2.3708821103
-5.99694042669 7.40488660954 -2.38599475302
-5.98014033916 7.40270815741 -2.39964673729
-5.964142837 7.39670609821 -2.41169502892
-5.9490793798 7.38700611262 -2.42205911927
-5.9350342547 7.37383672275 -2.43072322845
-5.92204232718 7.35751646416 -2.43773509594
-5.91008930894 7.33843614755 -2.44320145742
-5.89911451407 7.31703727897 -2.44728049061
-5.88901594661 7.29378794736 -2.45017167985
-5.87965744252 7.26915764815 -2.45210368901
-5.87087748543 7.24359258245 -2.45332093681
-5.86249923275 7.21749294713 -2.45406963299
-5.85434123107 7.19119361341 -2.45458405339
-5.84622827098 7.16494938733 -2.45507380759
-5.83800183115 7.13892576656 -2.45571278456
-5.82952959128 7.11319577097 -2.45663035561
-5.82071354947 7.0877430498 -2.45790527595
-5.81149635944 7.06247107912 -2.45956256394
-5.80186560167 7.03721788242 -2.46157346232
-5.79185581398 7.01177535892 -2.46385840674
-5.78154822552 6.98591200949 -2.4662927557
-5.77106825639 6.95939762703 -2.46871488241
-5.76058095706 6.93202838179 -2.47093610097
-5.75028466147 6.90365068969 -2.47275180567
-5.74040320936 6.87418230847 -2.47395314611
-5.73117715386 6.84362925779 -2.47433854727
-5.72285440636 6.81209739799 -2.47372441051
-5.71568078057 6.7797978139 -2.47195439884
-5.70989088316 6.74704551655 -2.46890681103
-5.70569975887 6.71425137493 -2.4644996787
-5.70329563919 6.68190759941 -2.45869336998
-5.70283406692 6.65056749164 -2.45149064279
-5.70443358238 6.62082053136 -2.44293425051
-5.70817306271 6.59326416489 -2.43310235323
-5.71409071282 6.56847387682 -2.42210211916
-5.72218461789 6.54697325104 -2.41006200542
-5.73241468966 6.52920575262 -2.39712327935
-5.7447057758 6.5155098852 -2.38343137581
-5.75895165641 6.50609920439 -2.36912768223
-5.77501962662 6.50104840498 -2.35434230031
-5.79275535982 6.5002863645 -2.33918825606
-5.81198776169 6.50359663646 -2.32375752238
-5.83253355866 6.51062546654 -2.30811908826
-5.85420141322 6.52089697833 -2.29231916411
-5.87679541858 6.53383476748 -2.27638346353
-5.90011789113 6.54878877687 -2.26032135706
-5.92397144753 6.56506602396 -2.24413156284
-5.94816041797 6.58196353085 -2.22780893136
-5.97249170386 6.59880168174 -2.21135180252
-5.9967752337 6.61495620804 -2.1947693694
-6.02082420076 6.62988708075 -2.17808847703
-6.04445527977 6.64316276672 -2.16135931569
-6.06748901525 6.6544785708 -2.14465953661
-6.08975055265 6.66366812375 -2.12809641794
-6.11107084583 6.67070746545 -2.11180683466
-6.13128842484 6.6757115928 -2.09595493039
-6.15025174795 6.67892376598 -2.08072754148
-6.16782209845 6.68069827149 -2.06632757634
-6.18387692227 6.68147770159 -2.05296569421
-6.19831344326 6.68176610665 -2.0408507498
-6.21105234306 6.68209959287 -2.03017956449
-6.22204125603 6.68301605984 -2.02112664529
-6.23125780982 6.68502579534 -2.013834495
-6.23871194085 6.68858456647 -2.00840513899
-6.24444723263 6.69407067347 -2.00489343683
-6.2485410625 6.70176717562 -2.00330265259
-6.25110339756 6.71185017357 -2.00358263236
-6.25227415065 6.72438365933 -2.00563078837
-6.25221908777 6.73932104674 -2.0092959239
-6.25112436498 6.75651309507 -2.01438476387
-6.24918985993 6.77572156117 -2.02067089052
-6.24662154551 6.79663758323 -2.02790563377
-6.24362322515 6.81890353119 -2.03583034027
-6.24038800594 6.84213687178 -2.04418935175
-6.23708992337 6.86595449898 -2.05274296812
-6.23387614647 6.88999598014 -2.06127965804
-6.23086018321 6.91394426234 -2.06962680998

/group/r_lima/27
27
posId 27
-6.09118667691 6.99398632415 -2.01654269144
-6.0965471222 7.01540230547 -2.0181952433
-6.10076642153 7.03432155045 -2.02022250312
-6.10366235063 7.05101812967 -2.02292130097
-6.10508777472 7.06590798696 -2.02659987783
-6.10494041613 7.07952000127 -2.03155695587
-6.10316966539 7.092458696 -2.03806111607
-6.09978003977 7.10536096063 -2.04633175105
-6.0948311235 7.11884960177 -2.05652276833
-6.08843406027 7.13348680434 -2.06871005105
-6.08074489685 7.14973063822 -2.08288345262
-6.07195528005 7.16789758537 -2.09894382109
-6.06228117456 7.1881336968 -2.11670523882
-6.05195038632 7.2103964407 -2.13590234121
-6.04118973683 7.23444860952 -2.15620226707
-6.03021273595 7.25986486112 -2.17722051172
-6.01920854479 7.28605063101 -2.19853972011
-6.00833291112 7.31227232671 -2.21973028637
-5.99770160611 7.33769695736 -2.24037152781
-5.98738670524 7.36143871434 -2.26007218157
-5.97741585078 7.38260954616 -2.27848903135
-5.96777442364 7.40037049444 -2.2953426044
-5.95841035422 7.41398049895 -2.31042907659
-5.94924112741 7.42283954035 -2.32362777109
-5.94016240015 7.42652336066 -2.33490391779
-5.93105755797 7.42480755703 -2.34430663729
-5.92180749697 7.41767954702 -2.35196240443
-5.91229993081 7.4053377048 -2.35806451477
-5.90243758594 7.38817781351 -2.36285930468
-5.89214475833 7.36676781075 -2.36663004847
-5.88137185 7.34181256689 -2.36967956463
-5.87009767447 7.31411107646 -2.37231260177
-5.85832950147 7.28450891924 -2.37481904281
-5.84610099079 7.25384912842 -2.37745886828
-5.83346832737 7.22292466967 -2.38044966388
-5.8205050048 7.19243558494 -2.38395725708
-5.80729579949 7.16295349972 -2.388089837
-5.79393052871 7.13489565874 -2.39289566847
-5.78049818677 7.10850998053 -2.39836427219
-5.76708200622 7.08387185358 -2.40443072428
-5.75375589878 7.06089259047 -2.41098254624
-5.74058260129 7.03933866651 -2.41786852
-5.72761369483 7.01886015082 -2.42490868223
-5.71489149436 6.99902614034 -2.4319047299
-5.70245263287 6.97936456941 -2.43865010466
-5.69033300437 6.95940351989 -2.44493911233
-5.67857359482 6.93871111271 -2.45057456677
-5.66722663179 6.91693122275 -2.45537361206
-5.65636142965 6.89381261119 -2.45917156054
-5.64606930297 6.86922958495 -2.46182377022
-5.63646696748 6.84319293403 -2.46320575965
-5.62769794357 6.81585061651 -2.46321190664
-5.61993161436 6.78747840617 -2.461753189
-5.61335976092 6.75846143504 -2.45875449063
-5.60819058789 6.7292682022 -2.45415201203
-5.60464045015 6.70041913512 -2.44789128863
-5.60292368086 6.67245214583 -2.43992623723
-5.60324108841 6.64588779687 -2.43021952803
-5.60576782174 6.62119667064 -2.41874442698
-5.61064139004 6.59877132454 -2.40548808404
-5.61795065514 6.57890483034 -2.39045607167
-5.62772659088 6.56177736848 -2.3736778188
-5.63993552213 6.54745171844 -2.35521245319
-5.65447542211 6.53587779945 -2.33515447066
-5.67117566799 6.52690572547 -2.31363860255
-5.68980044299 6.52030619352 -2.29084325872
-5.71005574213 6.5157964738 -2.26699198306
-5.73159970433 6.51306985368 -2.24235246973
-5.75405577127 6.51182613611 -2.21723284392
-5.77702797904 6.51180072407 -2.19197510041
-5.80011753606 6.512789942 -2.16694580272
-5.82293974049 6.51467054262 -2.14252436084
-5.84514025075 6.51741180143 -2.11908940887
-5.86640974652 6.52107917783 -2.0970039807
-5.88649610505 6.52582917731 -2.07660031718
-5.90521336246 6.53189573645 -2.05816522058
-5.92244692381 6.53956911823 -2.04192689357
-5.9381547165 6.54916890146 -2.02804415651
-5.95236423346 6.56101312837 -2.0165988289
-5.96516566979 6.57538600367 -2.00759189418
-5.97670160142 6.59250668961 -2.00094385138
-5.98715387111 6.61250170279 -1.99649940494
-5.99672852105 6.63538319122 -1.99403637294
-6.005639731 6.66103496815 -1.99327842085
-6.0140937782 6.689207632 -1.9939109721
-6.02227402671 6.71952344669 -1.99559942553
-6.03032787965 6.75149094146 -1.99800863929
-6.03835649335 6.78452846541 -2.00082253366
-6.04640786668 6.81799525217 -2.00376262964
-6.05447369447 6.85122796416 -2.006604381
-6.06249012547 6.88358023835 -2.00919027186
-6.07034231051 6.91446247918 -2.01143883582
-6.07787238082 6.94337906287 -2.01334899288

/group/r_lima/30
30
posId 30
-5.9199162333 7.00555789417 -2.02386070669
-5.92284475313 7.02675055796 -2.0311976167
-5.92587994781 7.04788569015 -2.03833160591
-5.92887370684 7.06902668301 -2.04553507078
-5.9316638749 7.09020951341 -2.05308729131
-5.93408054085 7.11143724671 -2.06126127513
-5.93595280528 7.13267589858 -2.07031060712
-5.93711576652 7.15385188642 -2.08045685159
-5.93741745059 7.17485123801 -2.09187803951
-5.93672540834 7.19552065195 -2.10469873722
-5.93493271029 7.21567042636 -2.1189821353
-5.93196308967 7.2350791916 -2.13472452019
-5.92777501314 7.2535003036 -2.15185239894
-5.92236449791 7.27066967975 -2.17022244309
-5.91576654047 7.28631479244 -2.18962430539
-5.90805507492 7.30016447953 -2.20978624708
-5.89934143557 7.31195918835 -2.23038339889
-5.88977135684 7.32146124266 -2.25104837033
-5.87952060126 7.32846471124 -2.27138382351
-5.86878936122 7.33280446392 -2.29097654413
-5.85779562959 7.3343640245 -2.30941247664
-5.84676777717 7.33308187106 -2.32629214587
-5.83593660799 7.32895588942 -2.34124586539
-5.82552718683 7.32204575455 -2.35394813496
-5.81575074536 7.31247309326 -2.36413065499
-5.80679697274 7.30041936763 -2.37159343518
-5.79882698511 7.28612150853 -2.376213544
-5.79196724436 7.26986541808 -2.37795113471
-5.7863046628 7.25197754644 -2.37685248652
-5.78188308661 7.23281482712 -2.37304991403
-5.77870129983 7.21275332381 -2.36675851873
-5.77671263399 7.1921759972 -2.35826987831
-5.775826208 7.17146003992 -2.34794288822
-5.77590976174 7.1509642501 -2.33619208089
-5.77679398686 7.13101691826 -2.32347384546
-5.77827820174 7.1119046874 -2.31027105317
-5.78013716744 7.09386281329 -2.29707665476
-5.78212879877 7.0770672023 -2.28437685628
-5.78400249159 7.06162853876 -2.27263449556
-5.78550776508 7.04758873652 -2.26227323304
-5.78640290737 7.03491986212 -2.25366313846
-5.78646331379 7.02352558384 -2.24710819967
-5.78548922064 7.01324510493 -2.24283620491
-5.78331256153 7.00385944527 -2.24099135688
-5.77980270833 6.99509984617 -2.24162987114
-5.77487090211 6.98665799268 -2.24471869607
-5.7684732302 6.97819767854 -2.25013737183
-5.76061206121 6.9693674851 -2.25768292594
-5.75133590786 6.95981400757 -2.2670775892
-5.74073774672 6.94919514277 -2.27797900998
-5.72895188059 6.93719295163 -2.28999255434
-5.71614948219 6.92352562842 -2.30268520508
-5.70253300441 6.90795814448 -2.31560051904
-5.68832968122 6.89031118737 -2.32827407012
-5.67378437253 6.87046808344 -2.34024879656
-5.65915202542 6.84837947085 -2.35108968564
-5.64469003198 6.8240655769 -2.36039726556
-5.63065076095 6.79761604631 -2.36781943162
-5.61727452611 6.76918736001 -2.37306120946
-5.60478323039 6.73899797517 -2.37589214768
-5.59337489151 6.7073214019 -2.37615113373
-5.58321921434 6.67447750737 -2.37374853369
-5.57445432924 6.6408224012 -2.36866566663
-5.5671847654 6.60673730406 -2.36095173065
-5.56148067733 6.57261683326 -2.35071839792
-5.55737829155 6.53885715307 -2.3381323849
-5.55488149275 6.5058444336 -2.32340637824
-5.55396442537 6.47394404062 -2.30678875374
-5.55457494982 6.44349084059 -2.28855256323
-5.55663876321 6.41478095236 -2.2689842802
-5.56006397491 6.38806521187 -2.24837279047
-5.5647459163 6.36354454137 -2.22699908841
-5.57057196376 6.34136733364 -2.20512709413
-5.57742616301 6.32162887769 -2.18299594509
-5.58519346083 6.30437276887 -2.16081403913
-5.59376337691 6.28959416718 -2.13875501919
-5.60303298129 6.27724469532 -2.116955796
-5.61290908133 6.26723870637 -2.09551660907
-5.62330956389 6.25946060156 -2.0745030318
-5.63416388132 6.2537728441 -2.0539497379
-5.64541271284 6.25002429609 -2.03386576751
-5.65700687274 6.24805850278 -2.01424096607
-5.66890557294 6.24772156233 -1.99505321888
-5.68107417751 6.24886924791 -1.97627607307
-5.69348160959 6.25137309192 -1.95788632619
-5.706097586 6.25512519676 -1.93987116813
-5.71888986077 6.26004160046 -1.92223448964
-5.73182165582 6.26606409569 -1.9050020154
-5.74484944535 6.27316047423 -1.88822497986
-5.7579212406 6.28132324222 -1.87198213757
-5.77097549437 6.29056692164 -1.8563799825
-5.78394071185 6.30092411706 -1.84155113994
-5.79673581684 6.31244058121 -1.82765098488
-5.80927128255 6.32516955608 -1.81485262915
-5.82145099527 6.33916569581 -1.8033405012
-5.83317478023 6.35447889312 -1.79330281436
-5.84434148194 6.37114833115 -1.78492327726
-5.85485246031 6.38919706787 -1.77837244255
-5.86461533816 6.40862743142 -1.77379911383
-5.87354781819 6.42941746305 -1.77132223547
-5.88158137825 6.45151859185 -1.77102367495
-5.88866465341 6.4748546648 -1.77294227349
-5.89476632219 6.49932238912 -1.77706948878
-5.89987733197 6.52479317517 -1.78334688659
-5.90401232441 6.55111629966 -1.79166565803
-5.90721015456 6.57812324466 -1.80186825021
-5.90953343579 6.6056330099 -1.81375210382
-5.91106708542 6.63345814729 -1.82707539572
-5.91191589034 6.66141123004 -1.84156459218
-5.91220115725 6.68931144455 -1.85692353346
-5.91205655475 6.71699098479 -1.87284369641
-5.91162329435 6.74430093389 -1.88901522214
-5.91104483077 6.77111633874 -1.90513825343
-5.91046128886 6.79734021717 -1.92093410388
-5.91000384239 6.82290628466 -1.93615577781
-5.90978927885 6.84778024411 -1.95059737896
-5.90991498305 6.87195954768 -1.96410198429
-5.91045456129 6.89547160963 -1.97656761729
-5.91145430646 6.91837052121 -1.98795102942
-5.91293067475 6.94073238922 -1.99826908649
-5.91486890654 6.96264948636 -2.00759765481

/group/r_lima/33
33
posId 33
-5.8694124576 7.03973937994 -1.83669351783
-5.85260141187 7.01284325226 -1.85557160849
-5.83620676593 6.9888956321 -1.87665178623
-5.82127189153 6.96799248593 -1.89692201171
-5.80795107036 6.94961739033 -1.91531622363
-5.79581210589 6.93338640819 -1.93267949689
-5.78433133034 6.9196760485 -1.95102032796
-5.77330745124 6.90978646081 -1.97246229765
-5.76300640623 6.90552981066 -1.99832882462
-5.7540238827 6.90843477408 -2.02862431117
-5.74700849536 6.91896245027 -2.06194589413
-5.74243915275 6.93612829723 -2.09570786947
-5.74057642519 6.95772108496 -2.12654343358
-5.74156748605 6.98101375317 -2.15082195791
-5.74557263709 7.00362917869 -2.16528283458
-5.75277110221 7.02417298426 -2.16775834415
-5.76319974949 7.04239064426 -2.15784036132
-5.77651573494 7.05885698958 -2.1372279034
-5.79185889637 7.07442235395 -2.10949132076
-5.8079588888 7.0897110277 -2.07916481359
-5.82349466492 7.10487414363 -2.05038093861
-5.83754906221 7.11961509766 -2.02553911941
-5.8499121287 7.13335029359 -2.0045853895
-5.86103788826 7.14533166644 -1.9852851747
-5.87163427984 7.15464863849 -1.96445347585
-5.88207280446 7.16017168156 -1.93965661726
-5.89192519691 7.16059053932 -1.91064435669
-5.89989358811 7.15466737758 -1.87985512643
-5.90421054647 7.14168178625 -1.85173867431
-5.90334311198 7.12188092202 -1.83117443521
-5.89667014942 7.09667638211 -1.8216735399

/group/r_lima/36
36
posId 36
-5.7316912802 7.08569638555 -1.78076897628
-5.75031102599 7.13029351412 -1.7913151092
-5.76442734387 7.16528452406 -1.80791194053
-5.77302441187 7.1882318451 -1.8299511604
-5.77642328706 7.19966355227 -1.85585898467
-5.7756683575 7.20167381058 -1.88325867449
-5.77175276536 7.19620794287 -1.9095542557
-5.76516081144 7.18410838067 -1.9327059022
-5.75595664404 7.16540356015 -1.95183747276
-5.74427616162 7.14046661097 -1.96737306485
-5.73081603694 7.1110914679 -1.98062039016
-5.71692123612 7.0805886114 -1.99299042471
-5.70414306648 7.05265435309 -2.00522112787
-5.6935032518 7.02960858392 -2.01696353382
-5.68492603242 7.01109471375 -2.02689842049
-5.67724072052 6.99416092282 -2.03328528475
-5.66883561976 6.97486924288 -2.03464494853
-5.65864718617 6.95065438848 -2.03024431833
-5.64693558222 6.92213426561 -2.02019268712
-5.63537931361 6.8932939927 -2.00518453061
-5.62638489131 6.86983179844 -1.98610385614
-5.62195126327 6.85648893194 -1.96374372227
-5.62269734071 6.85479275913 -1.93878246894
-5.62759257313 6.86245852218 -1.91197416967
-5.6345540661 6.87480363544 -1.88437101911
-5.64159588333 6.88741929547 -1.85738294964
-5.64790540424 6.89863997022 -1.83259619295
-5.65425505692 6.91045171449 -1.8114391601
-5.66251927104 6.92733292428 -1.79489227139
-5.67455499632 6.95365031661 -1.78341728416
-5.69104762021 6.99100980855 -1.77714230087

/group/r_lima/39
39
posId 39
-5.64596241619 7.24620625324 -1.86988080507
-5.63948375188 7.24838802928 -1.82769425469
-5.62922103737 7.24173076651 -1.78831612996
-5.61613188647 7.22686931769 -1.75538371882
-5.60145739856 7.20555081693 -1.73110230623
-5.58636798209 7.18005449704 -1.71583730779
-5.57166949061 7.15250474622 -1.70833376962
-5.55768614125 7.12436521654 -1.70643403217
-5.54435861954 7.09630941564 -1.70797810927
-5.53150127208 7.06848477151 -1.71152665262
-5.51909371822 7.04100573129 -1.71665495839
-5.50747014704 7.0144108068 -1.7237721094
-5.49731887177 6.98984420786 -1.73362550984
-5.48949244358 6.96886125879 -1.74676609681
-5.48471466873 6.95294210546 -1.76322818634
-5.48331639606 6.94294278917 -1.78254035705
-5.48511710344 6.93874860794 -1.80400343036
-5.48950207919 6.93930503903 -1.82703857464
-5.49565707658 6.94302845256 -1.85138608996
-5.50285422213 6.94842347453 -1.87703022428
-5.5106651766 6.95463813718 -1.90388563043
-5.51901667137 6.96171641088 -1.93142283977
-5.52807966348 6.97044668279 -1.95845904017
-5.53805985951 6.98188897856 -1.98326867965
-5.54899839606 6.99680710736 -2.00400896999
-5.56067879474 7.01526794126 -2.01928665355
-5.57267765082 7.03658296117 -2.02860038844
-5.58452150484 7.05959926311 -2.03242903348
-5.59585812186 7.08317863738 -2.03189013236
-5.60654368685 7.10661440214 -2.02809667098
-5.61659165071 7.1297688279 -2.02149775374
-5.62600254834 7.15285367475 -2.01152163671
-5.63456074886 7.17595620918 -1.99672445377
-5.6417101711 7.19854704278 -1.97543029648
-5.64659189635 7.21922911881 -1.9466230307

/group/r_lima/42
42
posId 42
-5.51068430555 7.27556300798 -1.93576516325
-5.49676174129 7.28914508499 -1.88256557576
-5.47887555045 7.28441971938 -1.84470662469
-5.46073561375 7.26710494686 -1.82352693859
-5.44429300961 7.24719440827 -1.81012521849
-5.42898603962 7.23071944995 -1.79481633354
-5.41330171504 7.21581197158 -1.77641660728
-5.39725238638 7.19644174405 -1.76324731758
-5.38337296408 7.16981260054 -1.76543904391
-5.37514142742 7.14007878462 -1.7859053039
-5.37416257175 7.11493543841 -1.81804614507
-5.37871208413 7.09876585261 -1.85155911813
-5.38506902539 7.0893025244 -1.88033421174
-5.39053223317 7.08103480437 -1.90524917353
-5.39549111007 7.07173411561 -1.93033363035
-5.40281181167 7.06539094669 -1.95720898864
-5.41522001701 7.06859520472 -1.98357448366
-5.43302401752 7.08408614509 -2.00642858072
-5.45395555165 7.10804528063 -2.02539610321
-5.47481853117 7.13383303456 -2.04167954566
-5.49312265267 7.15823183534 -2.0535269264
-5.50731651528 7.18363531224 -2.05380008001
-5.51597547535 7.21375305564 -2.03386593686

/group/r_lima/45
45
posId 45
-5.38757385259 7.3199816952 -2.02813105959
-5.38146803175 7.35803147684 -1.97976573484
-5.37250430375 7.38023437116 -1.9430363847
-5.36057072726 7.3843269053 -1.92007168038
-5.34414025125 7.37558638243 -1.90309218542
-5.32197617691 7.36130450913 -1.88272445342
-5.29507164062 7.3451036576 -1.85684399435
-5.26728832256 7.32596430436 -1.83257173458
-5.24394642434 7.30184980495 -1.82036176039
-5.22912884817 7.27349159488 -1.82590037537
-5.22352603585 7.24438414367 -1.84671655108
-5.22436211071 7.21747876952 -1.87543242518
-5.2274742903 7.19266368972 -1.90560485135
-5.23009709748 7.16813385891 -1.93471596405
-5.23248873755 7.14431573537 -1.96273819229
-5.23746806595 7.12589464967 -1.98934035784
-5.24839403606 7.11914236423 -2.01342648031
-5.26700086334 7.12663914133 -2.03510060227
-5.2923026444 7.14459161149 -2.05667274093
-5.32089863885 7.16584021163 -2.08007714292
-5.34822830037 7.18613573179 -2.1024574525
-5.37008613727 7.20775908721 -2.11486665961
-5.38386379274 7.236730149 -2.10706592622

/group/r_lima/48
48
posId 48
-5.20383713427 7.38390814238 -2.05630189831
-5.21675989243 7.41222244782 -2.04632238802
-5.22194106198 7.42845346623 -2.03811819697
-5.21598933923 7.43036426822 -2.02983405665
-5.20013713506 7.42210649332 -2.01926790644
-5.17836485489 7.41026446651 -2.00518682444
-5.15499102457 7.39914575586 -1.98869639207
-5.13332901883 7.38868770592 -1.9735460233
-5.11569067245 7.37605439781 -1.9647572334
-5.10381274666 7.35912192303 -1.96609676575
-5.09867089499 7.33879407305 -1.9778741719
-5.09960742179 7.31832094188 -1.99655600699
-5.10378002981 7.30042253983 -2.01662897976
-5.10707216254 7.28489872946 -2.0336742726
-5.10652678098 7.26901712994 -2.04674778097
-5.1028831758 7.25061404086 -2.05853804038
-5.1011845146 7.23141148458 -2.07318624353
-5.10839122776 7.21755165524 -2.09316400725
-5.12898134442 7.21631089487 -2.11719725091
-5.16120793667 7.23096875848 -2.14051231869
-5.19667813625 7.25755274963 -2.15717081823
-5.22401223499 7.28619313833 -2.16298349198
-5.23470771138 7.30666595254 -2.15727520971
-5.22775465512 7.31461693653 -2.14267074005
-5.21016599976 7.31423790847 -2.12338047892
-5.19306050295 7.31544135561 -2.10326580854
-5.18565480389 7.32730644353 -2.08478455605

/group/r_lima/51
51
posId 51
-5.04853811101 7.48702757541 -2.14069628912
-5.04884268653 7.51482320453 -2.11928762831
-5.00226498943 7.481963477 -2.10681403093
-5.01047360966 7.49558400652 -2.10291177071
-5.01382394039 7.45884069365 -2.13428010995

/group/r_lima/54
54
posId 54
-4.93417627998 7.44123709407 -2.40021691529
-4.90416695734 7.51752892373 -2.32642128255
-4.88936951553 7.49089736069 -2.33714449094

/group/r_lima/60
60
posId 60
-4.89454368334 7.87446694139 -2.66724919596
-4.87751137311 7.8824189859 -2.657429733
-4.85286263815 7.87969704443 -2.65313079382
-4.82969173958 7.87658402528 -2.6494756683
-4.80876054116 7.87863578322 -2.64278602746
-4.7849775893 7.8817989061 -2.63460557342
-4.75878283943 7.877860673 -2.63076526221
-4.74076280867 7.86365194249 -2.63613314472
-4.74148853903 7.84382705356 -2.650124115
-4.75738513571 7.82491009303 -2.66729550782
-4.77047774266 7.80825711656 -2.68218526098
-4.76530887657 7.79021700282 -2.69345162663
-4.74603775001 7.76878194088 -2.70353841437
-4.73449575307 7.7482663153 -2.71492731384
-4.74967522934 7.73613379821 -2.72719292634
-4.78938523905 7.73570344711 -2.73747279961
-4.83286347485 7.74349710728 -2.74297147443
-4.86085660801 7.75438448335 -2.74242349682
-4.87166332739 7.76814962543 -2.73555169959
-4.87741950451 7.78916397374 -2.72236130441
-4.8871487334 7.81908646149 -2.70396467468

/group/r_lima/63
63
posId 63
-4.79112259522 8.01994731141 -2.85740612911
-4.82734390453 8.02930380657 -2.85463493928
-4.85604524873 8.02814356959 -2.85839230205
-4.86831366034 8.0168649573 -2.8674849771
-4.86703906749 7.99969251104 -2.87927700925
-4.86109326668 7.98025942412 -2.89215823161
-4.85679688433 7.95885134163 -2.90658036104
-4.85350863176 7.93445329793 -2.92318215188
-4.8451948521 7.90898983515 -2.94000683056
-4.82539561405 7.88836619833 -2.95228991446
-4.79225183494 7.878457856 -2.95576076973
-4.75151942232 7.88007522609 -2.95044867612
-4.71608854476 7.88837613203 -2.94104132794
-4.70081854507 7.89746930368 -2.93315734257
-4.71379531219 7.90537559774 -2.92900246597
-4.74912713811 7.91436085787 -2.9263975519
-4.78785728868 7.92695624789 -2.92163556488
-4.8088477907 7.94258924061 -2.91294008454
-4.80304892104 7.95850135236 -2.9012956533
-4.78014001683 7.9732616034 -2.88869129618
-4.76151665296 7.98814156707 -2.87644456712

/group/r_lima/66
66
posId 66
-4.86515523215 8.09127840425 -3.13848732515
-4.8975018061 8.12640627408 -3.11264900467
-4.9099473201 8.15211812263 -3.09417901932
-4.90365544037 8.16655507654 -3.08433140265
-4.88374314964 8.17981626832 -3.07584248498
-4.85784650763 8.19814797337 -3.06404359069
-4.83501722596 8.21500979331 -3.0531517314
-4.81995697253 8.21984009865 -3.05036723052
-4.80697194089 8.21193566516 -3.05640611918
-4.78393005129 8.20099926303 -3.064961343
-4.74631053591 8.19449864932 -3.07098893239
-4.70637989614 8.1891973515 -3.07626890166
-4.68445423733 8.17729048144 -3.0854587844
-4.68947617601 8.15732516736 -3.09922228984
-4.71040312116 8.13480852592 -3.11414337994
-4.72876424017 8.1134083851 -3.12838479369
-4.73834008723 8.09128491556 -3.1434780713
-4.7499101062 8.06872705688 -3.1587965568
-4.7769864441 8.05517064355 -3.16720972195

/group/r_lima/69
69
posId 69
-4.83957088067 8.29828932883 -3.34987781322
-4.80737871774 8.31211321374 -3.34553541368
-4.79288203385 8.31710278213 -3.34445298961
-4.80737871774 8.34185031634 -3.32452358116
-4.83957088067 8.33508321174 -3.32387975564

/group/r_lima/75
75
posId 75
-4.86500187376 8.72769176859 -3.85135647964
-4.89471689237 8.74975201992 -3.82546531269
-4.90613002411 8.78676432215 -3.79532384375
-4.89724170757 8.82184792549 -3.77357016209
-4.87945620222 8.84606794996 -3.76258235182
-4.86454225661 8.8586417784 -3.75884311304
-4.85145115968 8.86087416979 -3.76179185707
-4.82983480825 8.85589443089 -3.77279370621
-4.79516707196 8.85036641752 -3.78869841866
-4.75601491377 8.8490732853 -3.80315742868
-4.72608596089 8.84818630215 -3.81413843512
-4.71297532766 8.83979990989 -3.82460877264
-4.71581138058 8.82346666338 -3.83518661824
-4.72980341967 8.80703214643 -3.84197695222
-4.74993652527 8.79423856031 -3.8440662527
-4.77276479476 8.77849279648 -3.84731245215
-4.79838854673 8.75451375969 -3.85541823982

/group/r_lima/78
78
posId 78
-4.97028217833 8.90138157464 -4.1359372765
-4.99822997064 8.93589207968 -4.10037897819
-5.00839745688 8.97772853623 -4.06687628377
-4.99841259051 9.01213591524 -4.04675342024
-4.97215222388 9.03272328093 -4.04292905366
-4.93582546879 9.04230184131 -4.05091393273
-4.89701556316 9.04569538662 -4.06424869207
-4.86317212544 9.04449872545 -4.07879603203
-4.83822872311 9.03825747321 -4.09328197662
-4.82230654619 9.02737524044 -4.10737395795
-4.81599214642 9.01313635422 -4.1199323419
-4.82209241855 8.99637660276 -4.12923328086
-4.84038859195 8.97756653563 -4.1350348773
-4.86313200137 8.95726404371 -4.14008354946
-4.88074406331 8.9355842614 -4.14817782586
-4.89263948844 8.91296318521 -4.15924852084
-4.9083664908 8.8936033538 -4.16647678965

/group/r_lima/84
84
posId 84
-5.36444433516 9.24068170341 -4.6514059125
-5.35357711173 9.27466530184 -4.63348615747
-5.32551150403 9.30111530712 -4.62893823014
-5.29105957294 9.31761005019 -4.63422729129
-5.26374739481 9.32621178463 -4.64146571575
-5.24625789777 9.33107648594 -4.64653882073
-5.22987341199 9.33518143237 -4.65159930041
-5.20764511414 9.33731273079 -4.6608044187
-5.18415128261 9.33192360877 -4.67573459702
-5.16966855863 9.31358336666 -4.69515960781
-5.16750587618 9.28313160328 -4.71692180183
-5.17176859826 9.24925170606 -4.73793700741
-5.17780264063 9.22255179411 -4.7532163918
-5.1900402812 9.20717285646 -4.75781687836
-5.21593616004 9.19845652805 -4.75133538429
-5.25424201077 9.18932566103 -4.73918700094
-5.29378107799 9.17876998346 -4.7274171706
-5.32438288186 9.17364086347 -4.71623832329
-5.34509977896 9.18225400357 -4.70044507099

/group/r_lima/87
87
posId 87
-5.48033742543 9.40462058467 -4.95052399068
-5.48987175225 9.45246578548 -4.91402369696
-5.48118487835 9.49344540891 -4.89114735601
-5.45713371142 9.51336485665 -4.8898945885
-5.42597570437 9.5158417235 -4.90375529633
-5.39619644329 9.51458713304 -4.91940656882
-5.37112919143 9.51720053275 -4.93014581248
-5.34866150433 9.51925074426 -4.93996527661
-5.32647104562 9.51259406379 -4.95542573796
-5.30701918219 9.49494882198 -4.97681677877
-5.29651336786 9.46976547493 -4.9987593425
-5.29883773577 9.44052786154 -5.01700833233
-5.31127117885 9.40961810464 -5.03133674322
-5.326804596 9.38197609744 -5.04195368878
-5.34051172281 9.36468081932 -5.04661207701
-5.35334176739 9.35987743192 -5.04341577924
-5.37006922299 9.36083518127 -5.03445628627
-5.39423260354 9.35953181993 -5.02329732113
-5.42478541683 9.35841742197 -5.00883346647

/group/r_lima/90
90
posId 90
-5.65866458444 9.56873983896 -5.21155119361
-5.65745088805 9.61933972255 -5.17966859603
-5.64625844476 9.6607473935 -5.15871745765
-5.62845663516 9.68756993442 -5.15046312633
-5.60736271706 9.70274283705 -5.15134888394
-5.58414681682 9.71362609304 -5.15605865596
-5.55815789861 9.72557722044 -5.16148002043
-5.52920422062 9.73793623163 -5.16813342871
-5.49957261641 9.74516561001 -5.17842259582
-5.47379752016 9.74170439181 -5.19363370093
-5.45618806553 9.72636202394 -5.21235986793
-5.44813982865 9.70288981542 -5.23148883642
-5.44752520085 9.67680197841 -5.24855162166
-5.45072153512 9.65154336865 -5.26316150453
-5.45559115306 9.62722727275 -5.27632293671
-5.46291719111 9.60252912471 -5.28849189503
-5.47513490928 9.57743457062 -5.29845044031
-5.49353356665 9.55399824014 -5.30422945884
-5.51642180302 9.53445168773 -5.30524818956
-5.53990475504 9.51878255633 -5.30347723667
-5.5606369243 9.50462205698 -5.30212362432
-5.57816488918 9.49015112076 -5.30258400541
-5.59478149214 9.47764327799 -5.30224297498
-5.61293214951 9.47409694968 -5.29537401759
-5.63233315301 9.48747655202 -5.27700551469

/group/r_lima/93
93
posId 93
-5.80958996792 9.82828736608 -5.41447487044
-5.77888716795 9.85837962566 -5.41125186646
-5.74837987725 9.87844203784 -5.41410094759
-5.72118159902 9.88873139174 -5.42131394458
-5.69750253497 9.89211095339 -5.43102498282
-5.67547885478 9.89191783162 -5.44210938632
-5.65316295116 9.88989473343 -5.45446491947
-5.63034181612 9.88540701327 -5.4685880141
-5.60902237774 9.87630052458 -5.48480444929
-5.59233737916 9.86071436672 -5.50269908201
-5.58267059024 9.8386120254 -5.52110749102
-5.58028867962 9.81206398209 -5.53862333407
-5.58338955621 9.78419229195 -5.55422347619
-5.58950083136 9.75757244937 -5.56755471758
-5.59724776323 9.73319620744 -5.57869150934
-5.60726889161 9.71064887203 -5.58757100312
-5.62164528206 9.68927719807 -5.59355884986
-5.64222522834 9.66943126115 -5.59551944825
-5.66898376084 9.65283063844 -5.59240750674
-5.69954323361 9.64174901597 -5.58400829748
-5.73020342365 9.63758141606 -5.57130607731
-5.75780804023 9.63984405355 -5.55616994624
-5.78119811125 9.64640548674 -5.54048802241
-5.80126662872 9.65491006636 -5.52526466051
-5.81956715965 9.66449200459 -5.5102588901
-5.83642034674 9.67658893022 -5.49442676732
-5.84983995391 9.69417684858 -5.47692667942
-5.85609748576 9.71975835045 -5.45807568699
-5.85167687726 9.75329137091 -5.43965031683

/group/r_lima/96
96
posId 96
-5.90545176326 9.89515090206 -5.74402637368
-5.90183347643 9.94252032757 -5.71822544466
-5.89053379325 9.97769645468 -5.70318636012
-5.87242357619 9.99761235172 -5.70027504417
-5.84964884216 10.0106946438 -5.70356710804
-5.82603123536 10.0265957809 -5.70562404954
-5.80519354463 10.0459280787 -5.70435679078
-5.78800764149 10.0598113061 -5.70450956741
-5.77216824905 10.0591623472 -5.71246452471
-5.75485038137 10.0441156042 -5.72949505539
-5.73623249236 10.024130946 -5.75001753854
-5.72043711084 10.0088544327 -5.76645323877
-5.71263906875 9.99903396505 -5.77589175608
-5.71476732404 9.98656740607 -5.78211936006
-5.72379592352 9.96345459294 -5.79123354485
-5.73439763975 9.93049761811 -5.8053167345
-5.74369427773 9.89701891578 -5.82032752793
-5.75379646339 9.87211843448 -5.82996712015
-5.76976775406 9.85662770976 -5.83132973626
-5.79478430103 9.84414291304 -5.82661788496
-5.82673234132 9.83008525513 -5.81950409272
-5.85905566167 9.81922847565 -5.81035035336
-5.88481103444 9.82330824689 -5.79565741261

/group/r_lima/105
105
posId 105
-6.21374500573 10.2930813995 -6.43334158372
-6.18038118418 10.2626275525 -6.45851697274
-6.19787289886 10.242670941 -6.46115970331
-6.23150055857 10.2376942169 -6.45151588452
-6.26796684366 10.234561633 -6.44005949461
-6.30850430109 10.2340350062 -6.42602066786
-6.33924742275 10.2359470521 -6.41435447582
-6.35393199531 10.2403071816 -6.40726206166
-6.34043405704 10.2500094888 -6.40773536101
-6.30644899021 10.2624305827 -6.41422212653
-6.2877554244 10.2812035107 -6.41252449334

/group/r_lima/111
111
posId 111
-6.28116087561 10.4309266077 -6.8749572804
-6.29179256784 10.4702659933 -6.85757151043
-6.30733419893 10.5026444826 -6.84128260334
-6.32583403428 10.5269175638 -6.82707509462
-6.34563777239 10.5439490665 -6.8151174555
-6.3657090433 10.5559755495 -6.804899511
-6.38572818395 10.5655829007 -6.79557531777
-6.40596010975 10.5746693525 -6.78637827797
-6.42695831137 10.5837575185 -6.77695726498
-6.44922051541 10.5918770147 -6.76751961818
-6.47291659844 10.5970235915 -6.75874370638
-6.49777157614 10.5969915523 -6.75151072407
-6.52312218409 10.5902503041 -6.74656986231
-6.54810006285 10.576536972 -6.74426969495
-6.57185244347 10.5569602422 -6.7444561415
-6.59370706594 10.5336053233 -6.74656786376
-6.61322117987 10.5088198291 -6.7498813293
-6.63010971884 10.4844731184 -6.75380073261
-6.64410179107 10.4614763259 -6.75807413509
-6.65480538019 10.4397327385 -6.76285092326
-6.66165542723 10.4185076257 -6.76856263014
-6.66398273575 10.3970361286 -6.77568208409
-6.66118638437 10.3750952304 -6.78446543209
-6.65294354768 10.3532873539 -6.79478798777
-6.63936857381 10.3329091647 -6.80614551124
-6.62104793318 10.3154582902 -6.81782316707
-6.59892443845 10.3019899906 -6.82916290936
-6.57406489753 10.2926097429 -6.8398154837
-6.5473957662 10.2863440769 -6.84986438615
-6.51951035484 10.2814852842 -6.85975687005
-6.49062941028 10.2763118446 -6.87005379788
-6.46074093373 10.2699219137 -6.88108619004
-6.42987516905 10.2628489386 -6.89265149903
-6.39841337443 10.257187642 -6.90387785666
-6.36730708282 10.2561276678 -6.91332953078
-6.33810822157 10.2630104611 -6.91934065929
-6.3127729598 10.2802109854 -6.92047855084
-6.29328191296 10.3082281242 -6.91598472485
-6.28118768764 10.3453118407 -6.9060421957

/group/r_lima/120
120
posId 120
-6.48965999256 10.6008114947 -7.40990636303
-6.52022980401 10.6487737554 -7.38569081064
-6.51474281286 10.6443586146 -7.38871241329
-6.56100620902 10.6821132289 -7.36306890202
-6.58916962161 10.6296202822 -7.37130278328
-6.59900577609 10.6420649191 -7.36445506329
-6.61248904123 10.590350945 -7.3767951671

/group/r_lima/123
123
posId 123
-6.48370298383 10.7760128781 -7.55911477683
-6.44895269521 10.7503323787 -7.57897475479
-6.42336625309 10.7251446464 -7.59564162551
-6.4120252432 10.7029459275 -7.60662108847
-6.41576728156 10.6830382912 -7.6118631359
-6.43064925062 10.662661112 -7.61357136393
-6.44977069459 10.6394672266 -7.61479348268
-6.46659715351 10.6136958446 -7.61761414868
-6.47805085959 10.5885832703 -7.62199842391
-6.48573480457 10.5687092512 -7.62592498679
-6.49468359543 10.5573439157 -7.62666316564
-6.51039167401 10.5545360625 -7.62237873532
-6.53576596532 10.5572169946 -7.61310861231
-6.56958611572 10.5612846108 -7.60059200127
-6.60711726226 10.5643356075 -7.58717820244
-6.64230607189 10.5672795982 -7.57457441375
-6.67022396059 10.5737837626 -7.56321794857
-6.68850230657 10.587894193 -7.55257557626
-6.69728641526 10.6113486951 -7.54203350903
-6.69815679238 10.6422769592 -7.5316775252
-6.69294018995 10.6760689666 -7.52240375517
-6.68312487541 10.7077897377 -7.51532613105
-6.66994865149 10.7345495135 -7.51097570268
-6.6546641902 10.7563296568 -7.50894397549
-6.63842061554 10.7748375924 -7.50829484606
-6.62165391773 10.7912935936 -7.50848679697
-6.60347210965 10.804750896 -7.51012321988
-6.58175567948 10.8121588721 -7.51489860685
-6.55432318549 10.8101679037 -7.52462527413

/group/r_lima/126
126
posId 126
-6.44717419829 10.7984359033 -7.77225054698
-6.45490125964 10.8438821394 -7.75339057342
-6.47101851555 10.881340376 -7.73410708903
-6.49452947475 10.9034840385 -7.71734501193
-6.52307710212 10.9079166699 -7.70484652101
-6.55355538428 10.8977237474 -7.696723501
-6.58299942595 10.8793024865 -7.6918753041
-6.60936944719 10.8588709184 -7.68890917821
-6.63190248837 10.8396996154 -7.68697370368
-6.65092133872 10.8214929683 -7.6860484922
-6.66724561788 10.8019242754 -7.68663307764
-6.68151305437 10.7790359994 -7.68916761892
-6.6937170761 10.7528562155 -7.69364481596
-6.70312155807 10.7253132125 -7.69967247575
-6.70851937479 10.6987919226 -7.70687930421
-6.70866386729 10.6745879309 -7.71529021138
-6.7026772132 10.6524756118 -7.72532076334
-6.69030938701 10.6316896927 -7.73733452956
-6.6720194396 10.6125046454 -7.75105945678
-6.64891324934 10.5970922532 -7.7653117726
-6.6225788403 10.5888187918 -7.77830498029
-6.59484065965 10.590286594 -7.78842913475
-6.56745330837 10.6014264544 -7.7950355548
-6.54179267458 10.6190736252 -7.79870358596
-6.51865182907 10.6385613762 -7.80076146274
-6.49825645476 10.6565021034 -7.80230758658
-6.48054275 10.6730099211 -7.80332650935
-6.4656066286 10.6918090952 -7.8024787363
-6.45410872744 10.7179176153 -7.79775566977

/group/r_lima/129
129
posId 129
-6.60961846659 10.8934200952 -7.8848406392
-6.5702511981 10.8788274172 -7.90839362353
-6.53882948117 10.8618030011 -7.92928499884
-6.51852274224 10.8439786883 -7.94544072198
-6.50962341787 10.8249105363 -7.95690074121
-6.50984200251 10.8030864397 -7.96529297397
-6.51565358935 10.7775627187 -7.97258511823
-6.52401229042 10.7491624852 -7.9798399314
-6.53359676121 10.7204770471 -7.98664913951
-6.54502993512 10.6946762764 -7.99149653487
-6.56006809308 10.6738854581 -7.99275773631
-6.58027572946 10.6581666479 -7.98969822231
-6.60591858617 10.6457794967 -7.98287447787
-6.63562138495 10.6346064934 -7.97373486079
-6.66687748142 10.6238881076 -7.96371306525
-6.69703625788 10.6151779048 -7.95340816143
-6.72418561405 10.6118533501 -7.94237423058
-6.74748635355 10.6173667203 -7.92964908162
-6.76689151919 10.6331949265 -7.91467938823
-6.78255518458 10.6576818221 -7.89803957759
-6.79437879516 10.6865050433 -7.88145617728
-6.80198710266 10.7145918799 -7.8670733013
-6.80508749572 10.7384724965 -7.85637388278
-6.80387500513 10.7577803462 -7.84941198455
-6.79909601348 10.7750603428 -7.84485850902
-6.79161555448 10.7939786841 -7.84089420595
-6.78170152699 10.8169179423 -7.83647040369
-6.76850342326 10.8432825637 -7.83220500748
-6.7501753797 10.8694401811 -7.83034946142
-6.72475950286 10.8903121818 -7.83376879409
-6.6914838473 10.9017214419 -7.84443878277

/group/r_lima/132
132
posId 132
-6.59143672962 10.8605191191 -8.14086842042
-6.57954312668 10.9026882711 -8.12862617727
-6.57372283231 10.9445913326 -8.11321215491
-6.57375709402 10.9833612797 -8.09601518111
-6.57910156223 11.0167925674 -8.07830735509
-6.58921682149 11.0436383193 -8.06093333094
-6.60377790363 11.0635757335 -8.04421216055
-6.62266491817 11.0769139521 -8.02807180758
-6.64574495235 11.084208355 -8.0123381847
-6.6725592047 11.085957884 -7.99703873327
-6.70208207305 11.0824978049 -7.98258043134
-6.73269583699 11.0740924965 -7.96972239397
-6.76243395945 11.0611321754 -7.95935692004
-6.78942610024 11.0442896556 -7.95219898721
-6.81238070098 11.0245189364 -7.94852547992
-6.83091002942 11.002863369 -7.94808412381
-6.84555402923 10.9801464359 -7.95021757844
-6.85747447828 10.9566924978 -7.95415283335
-6.86792343707 10.9322311914 -7.95933148922
-6.87768484631 10.9060706446 -7.96563547386
-6.88670493574 10.8775084752 -7.9734051283
-6.89405703767 10.8463357267 -7.98323497875
-6.89825649204 10.8132290361 -7.9956294008
-6.89780365536 10.7798508042 -8.01066410794
-6.89174337854 10.7485811091 -8.02780188914
-6.88002419271 10.7219491828 -8.04594995615
-6.86352191034 10.7019581208 -8.06374637138
-6.84372714862 10.6895508444 -8.07996592916
-6.82222951609 10.6844225846 -8.09388263788
-6.80020896497 10.6852588486 -8.1054397955
-6.77813632176 10.6903161116 -8.11515490444
-6.75579508197 10.6981290721 -8.12379449131
-6.73260326555 10.708076783 -8.13194892546
-6.70809273297 10.7205918032 -8.13968011946
-6.68234325536 10.7369321296 -8.14638746374
-6.65619301592 10.7586020923 -8.15095039893
-6.63114388731 10.7866405761 -8.15209510261

/group/r_lima/135
135
posId 135
-6.82646058508 10.9518570208 -8.21743545967
-6.83273990738 10.9633884088 -8.2075726567
-6.85884274044 10.9422302904 -8.20155939562
-6.86385983133 10.934521394 -8.20224786942
-6.87098305469 10.946576481 -8.19157911306
-6.90093351275 10.9525810475 -8.16934628933
-6.93025799438 10.9435708052 -8.15511743257
-6.94746424772 10.9202863863 -8.15588180099
-6.95395185603 10.8873112931 -8.168421652
-6.93487360118 10.8662591163 -8.19130697166
-6.90335946412 10.8656248445 -8.21182252625
-6.89806129982 10.8652607461 -8.21540197493
-6.90073011029 10.8682815286 -8.21216219891

/group/r_lima/147
147
posId 147
-7.35727516407 11.3515090748 -8.84633474649
-7.3248102106 11.3467106533 -8.88082519013
-7.32696916417 11.3286131875 -8.89034464998
-7.33213713604 11.3087104133 -8.89811062989
-7.3393886111 11.2771579983 -8.91133318534
-7.35774075392 11.2555010527 -8.90746757609
-7.38818356357 11.2447049561 -8.88493666321
-7.41707485758 11.2299431244 -8.8664507496
-7.4261490229 11.2370134191 -8.85313557321
-7.43306077267 11.2666342722 -8.82744789771
-7.44473241678 11.292036347 -8.79986071852

/group/r_lima/150
150
posId 150
-7.4764917991 11.4721350361 -9.04510074728
-7.49682034433 11.4934008599 -9.01048412719
-7.51658689831 11.5015283582 -8.98490447566
-7.53283817261 11.4992652851 -8.96963282074
-7.54769337949 11.4914912076 -8.95934623131
-7.56506147609 11.4806872716 -8.94842356749
-7.58580887655 11.4657976264 -8.93665272376
-7.60626814557 11.4446819155 -8.92918682339
-7.62130778823 11.4170628446 -8.93148661149
-7.62842424375 11.3853227252 -8.94459545104
-7.62864190545 11.3533885697 -8.96493064378
-7.62387833599 11.3255772336 -8.98773910565
-7.61427358429 11.3061260791 -9.01014865517
-7.59854425491 11.2983760819 -9.03132946079
-7.57656402284 11.3029550956 -9.05100734518
-7.55080578876 11.3164600758 -9.06882765507
-7.52492411832 11.3329325382 -9.08486455845
-7.50139035992 11.3480394342 -9.09936373766
-7.48118208925 11.3625279622 -9.1108378554
-7.46574653901 11.3812685117 -9.11466160677
-7.45829268973 11.4080897666 -9.10506684216

/group/r_lima/153
153
posId 153
-7.6342064782 11.5747366674 -9.23156559606
-7.64286009402 11.6061234477 -9.20229559111
-7.65792522934 11.6207074033 -9.1767330426
-7.67763231553 11.6202758293 -9.15566157198
-7.70046055102 11.6116333028 -9.13641473363
-7.7250420538 11.6006949967 -9.1167242753
-7.74970074781 11.5890418989 -9.09740334041
-7.77242680306 11.5749421051 -9.0817267203
-7.79157816727 11.5565367546 -9.07265134239
-7.8066757881 11.5336053773 -9.07083583922
-7.81834398153 11.50682531 -9.07517461765
-7.82717880881 11.4765890059 -9.08477328491
-7.83244718042 11.4437145283 -9.09990726423
-7.83188853755 11.4116048948 -9.12086771561
-7.8230354731 11.3868762502 -9.14613293041
-7.8051105161 11.3763498586 -9.17222077125
-7.77996165861 11.3820923692 -9.19581953
-7.75126582221 11.3990104157 -9.21617553027
-7.72268403559 11.4180304456 -9.23507548347
-7.69647260766 11.4329753516 -9.25399142134
-7.67352026269 11.4454327975 -9.27095427901
-7.65444200253 11.4631072875 -9.28041379381
-7.64048483084 11.4926651118 -9.27679333077

/group/r_lima/156
156
posId 156
-7.87917522846 11.6999855249 -9.31798924303
-7.83494441074 11.7143692556 -9.3591143838
-7.8046650304 11.7149357529 -9.39294817316
-7.79271153625 11.7019364586 -9.41439865454
-7.7932561984 11.6820614547 -9.42594937498
-7.79616850907 11.6637027415 -9.43389927492
-7.79533037623 11.6507663323 -9.44276381122
-7.79227485256 11.6406358046 -9.45241393521
-7.79284424591 11.6278851178 -9.45957591984
-7.80099309741 11.6098926125 -9.46139045134
-7.81582500445 11.588965484 -9.45745718211
-7.8339728893 11.5693522175 -9.44897648857
-7.85386856008 11.5527198351 -9.43669821702
-7.87693098939 11.5370662135 -9.42024608234
-7.90448634525 11.5202857489 -9.39941190152
-7.93410656163 11.5045833168 -9.37558695837
-7.95981013955 11.4967968287 -9.35133789353
-7.97640246459 11.5036717496 -9.32839966845
-7.98355889481 11.5262673413 -9.30649037406
-7.98512883972 11.558774467 -9.28482043884
-7.9839599786 11.5928977851 -9.26525289779
-7.97747487981 11.6236439735 -9.25375368533
-7.95904869986 11.651125887 -9.25773210411

/group/r_lima/159
159
posId 159
-8.06581307144 11.7834906682 -9.50237966282
-8.02586271977 11.8104199487 -9.53340403758
-7.99927538228 11.8085499789 -9.56550302255
-7.99169731085 11.7934905781 -9.58305741401
-7.98926159645 11.7874059337 -9.58941966872
-7.98890560755 11.7806335661 -9.59375363583
-8.00130246038 11.7531703875 -9.5951822908
-8.02312095617 11.715935449 -9.59127378624
-8.03650855311 11.6957478411 -9.58733679791
-8.03961950746 11.6937957126 -9.58483708932
-8.0496126546 11.6922139708 -9.57409425169
-8.0717428817 11.6887875142 -9.55025961252
-8.09182129229 11.6939886313 -9.52382649824
-8.10139517836 11.7066246081 -9.50534603178
-8.10392305461 11.7214559983 -9.49381516588

/group/r_lima/168
168
posId 168
-9.04867398076 11.9814471767 -9.59129756824
-9.0553259217 11.9957820137 -9.57715361699
-9.10633412404 12.0239946047 -9.50253872525

/group/r_lima/177
177
posId 177
-9.31927328962 12.1619542476 -10.587892009
-9.32756174226 12.2234240779 -10.5615965925
-9.3161405131 12.2594801984 -10.5665494581
-9.29392302165 12.2731304889 -10.5908169896
-9.26625079627 12.2722339548 -10.6256788896
-9.24541799081 12.2603315702 -10.6548327207
-9.24023829044 12.2491583352 -10.664209016
-9.23884088964 12.2201978649 -10.6734596337
-9.23672071078 12.1807464911 -10.6863323009
-9.24535134095 12.1651250806 -10.6795782779
-9.2663277569 12.1498384624 -10.657287729

/group/r_lima/183
183
posId 183
-10.0669375839 12.2786858922 -10.5652015366
-10.1159285073 12.3028893762 -10.4997270017
-10.1266316842 12.3016938008 -10.4866528643
-10.1271355171 12.3028583185 -10.4858057694
-10.1313327067 12.3138470815 -10.478504675

/group/r_lima/189
189
posId 189
-10.2218752261 12.3341279393 -11.2944584756
-10.2049134838 12.3356670654 -11.3149001051
-10.1840512065 12.3298826158 -11.3411619635
-10.167257801 12.325831118 -11.3622136603
-10.1604679446 12.3423040997 -11.3680844448
-10.1597450896 12.3793914333 -11.3635574704
-10.1606068233 12.4143062522 -11.3574166201
-10.1678596148 12.4292090924 -11.3464068983
-10.1875327949 12.4310495551 -11.322168898
-10.2133509841 12.4364363269 -11.2899267821
-10.2316187053 12.4468941531 -11.2661446858
-10.2392411063 12.4503109862 -11.2563594069
-10.2467899113 12.440881695 -11.2485368867
-10.2607875093 12.4243482376 -11.2338930664
-10.27227583 12.4048351873 -11.2227409827
-10.2692616225 12.3801343674 -11.2300150891
-10.2534951105 12.3532950506 -11.2531383135

/group/r_lima/198
198
posId 198
-10.5280880917 12.3544155654 -12.2597080086
-10.519796714 12.4683156753 -12.2550514116
-10.4778723778 12.4382839361 -12.3071585126

/group/r_lima/201
201
posId 201
-10.7826933736 11.8873082672 -12.4510942044
-10.7605654719 11.9323618875 -12.4701760888
-10.7385091991 11.9508851526 -12.4925967558
-10.7193789465 11.9502235265 -12.5141989832
-10.6974177048 11.9512502863 -12.5387677891
-10.6712941141 11.9606423349 -12.5669400861
-10.6490416346 11.9640714594 -12.5915268374
-10.6377827448 11.9472641383 -12.6063565938
-10.6333664011 11.915583633 -12.615407045
-10.6256834755 11.8868568981 -12.627750924
-10.6133449671 11.8691989907 -12.6439046202
-10.6075010685 11.8544237715 -12.6523819018
-10.6187297555 11.8340022235 -12.6423843356
-10.6440471149 11.8130502385 -12.6166087509
-10.6712286444 11.8024387693 -12.5874036902
-10.6942244154 11.8019324008 -12.5616042163
-10.7184843911 11.8006951688 -12.5344770117
-10.7491014497 11.7959282198 -12.5006545361
-10.7785671808 11.8022452067 -12.4666984822

/group/r_lima/204
204
posId 204
-11.3130194892 11.8403562674 -12.2854182159
-11.2757186138 11.8396427682 -12.3264533726
-11.2632546761 11.8365314615 -12.3405445255
-11.2530680708 11.8045308645 -12.355951489
-11.2632546761 11.8046720181 -12.3447521697
-11.289911663 11.7931395545 -12.3170169099
-11.3155899979 11.7966315682 -12.2883715375

/group/r_lima/207
207
posId 207
-11.7402550722 12.4318875078 -12.1551780692
-11.7332909471 12.4757508558 -12.1568244667
-11.7390601674 12.513764161 -12.1455855244
-11.7547137693 12.5409145489 -12.1251838525
-11.7749931575 12.5563465393 -12.1013753175
-11.7950170341 12.5632084597 -12.0789791878
-11.8125946628 12.5666306578 -12.0596646298
-11.8287455193 12.5709884554 -12.0417566728
-11.8462407426 12.5778778947 -12.0220700231
-11.867196024 12.58570447 -11.9985464139
-11.8912741235 12.5908266437 -11.9720313475
-11.9155863298 12.5894026463 -11.9461345386
-11.9362487712 12.5788994344 -11.9253596444
-11.9505006767 12.5586600756 -11.912756104
-11.9579982448 12.5296210234 -11.9085684243
-11.9605180912 12.4937360725 -11.9106308765
-11.9603941265 12.4536261164 -11.9160911762
-11.9588319974 12.4125420825 -11.9232239381
-11.9552582261 12.3742899989 -11.9321389729
-11.948084678 12.342693559 -11.9440324279
-11.9362540593 12.3205405589 -11.9596684661
-11.9203837071 12.3084996584 -11.9782959023
-11.9026216953 12.3047669131 -11.9978495413
-11.8852662472 12.3059299912 -12.0163167057
-11.8691260633 12.3088238849 -12.0332500623
-11.8528609746 12.3124385379 -12.0502217072
-11.8339295815 12.3187278457 -12.0696989407
-11.8106712041 12.3316767341 -12.0929343334
-11.7841996929 12.3549652713 -12.1182439962

/group/r_lima/210
210
posId 210
-11.8951607502 12.5605777148 -12.3753519242
-11.8919812772 12.6376957363 -12.3685813432
-11.896626769 12.6434773568 -12.3629426772

/group/r_lima/216
216
posId 216
-11.8995818615 12.3010164718 -13.1594013535
-11.8721564974 12.3390220279 -13.1825967666
-11.8670527973 12.3433059926 -13.187247815
-11.8448768225 12.3475075309 -13.2091858752
-11.8169507039 12.3495285091 -13.2372046481
-11.8172414579 12.3471711436 -13.2371931875
-11.7962126814 12.3133870897 -13.2625269163
-11.8175971476 12.2729725307 -13.245733862
-11.8442303788 12.2756611907 -13.2184585364

/group/r_lima/222
222
posId 222
-12.4403342554 12.532234607 -13.2933216798
-12.4583207718 12.5787349934 -13.2711677107
-12.4585300644 12.6259465276 -13.2663755466
-12.4477681316 12.6573724119 -13.2738745652
-12.4344696132 12.6730688396 -13.2853889858
-12.4156459597 12.6822594766 -13.3029529896
-12.3860830691 12.6881056394 -13.3313719552
-12.3535529179 12.6856873303 -13.3635033294
-12.3332013376 12.6722517206 -13.3847638005
-12.3285202605 12.6520421679 -13.3913171906
-12.328935055 12.6300655889 -13.3930456637
-12.3275856708 12.6070111323 -13.3966086706
-12.3306981835 12.58267656 -13.3959210772
-12.3446265523 12.5594413973 -13.3845215203
-12.3634589668 12.5390033886 -13.3680416913
-12.3782073698 12.5202780578 -13.3553999122
-12.3917063597 12.5057112944 -13.3435791703

/group/r_lima/243
243
posId 243
-13.4051607979 12.6766175128 -14.3664028516
-13.3715767515 12.6718902831 -14.3966464524
-13.3479118966 12.6732475012 -14.4183014041
-13.335961944 12.6838647975 -14.429965027
-13.3479118966 12.6979711817 -14.4201151235
-13.3715767515 12.7019799515 -14.3988538186
-13.4051607979 12.7035054201 -14.3683753378
-13.4288256528 12.6941942637 -14.3461368884
-13.4624096992 12.6927371894 -14.3154396095

/group/r_lima/246
246
posId 246
-13.3963668049 12.6370633659 -14.5923228269
-13.3979037295 12.6770875329 -14.5944429167
-13.3675893717 12.6675641773 -14.6209263798
-13.3403488631 12.6653191293 -14.6452772663
-13.3387526588 12.6616668094 -14.6463958209
-13.3286154373 12.6258322744 -14.6523926993
-13.3229383755 12.5833794156 -14.6537907599
-13.3403488631 12.5517176954 -14.6353287435
-13.3506959786 12.5855532714 -14.6289676646

/group/r_lima/249
249
posId 249
-13.4525266016 12.5831098026 -14.7408657128
-13.4541270869 12.6362160962 -14.7444491524
-13.4379684994 12.6630755275 -14.7613748125
-13.4104184885 12.6626407008 -14.7858723049
-13.3834265094 12.6519033212 -14.8089010295
-13.3636963636 12.6438352476 -14.8257134838
-13.3484313828 12.6361765265 -14.8385874727
-13.3314923611 12.6212324446 -14.8522653584
-13.3116271016 12.5990713726 -14.8678689084
-13.293489876 12.5759096594 -14.8818389365
-13.2822777071 12.5534554228 -14.8897076184
-13.2799282197 12.5276681633 -14.8893680329
-13.2865082391 12.499350596 -14.8808363716
-13.3023600714 12.4791422787 -14.8648112667
-13.3265727656 12.476281382 -14.8429754353
-13.35451345 12.4852926924 -14.8189389064
-13.3798962535 12.4911540465 -14.796883552
-13.4003113073 12.4894858572 -14.7785427349
-13.4187343502 12.4956002802 -14.7627102353

/group/r_lima/252
252
posId 252
-13.689722853 11.9649481614 -14.662215558
-13.6685538839 11.9611610936 -14.6804818936
-13.6490548886 11.9435207794 -14.6960064743
-13.6239449592 11.92320583 -14.7162190579
-13.6120804248 11.9157392761 -14.7259655692
-13.6235761801 11.9171777685 -14.715989273
-13.648115004 11.9154958653 -14.6942570636
-13.6770965649 11.9121159486 -14.6684621705
-13.7078000709 11.9121784002 -14.6414695278
-13.7370202341 11.9136606944 -14.6159117296
-13.7640201431 11.9183183181 -14.5925981146
-13.7811647547 11.9311923351 -14.5787057158
-13.7694334272 11.9474826725 -14.5905186801

/group/r_lima/255
255
posId 255
-13.8414486811 12.1974279355 -14.7294593234
-13.8075586302 12.1916962595 -14.7583873887
-13.7834979344 12.1744435188 -14.7778960254
-13.7697325441 12.1501901854 -14.7879342652
-13.7632130968 12.1258539295 -14.7916853247
-13.7614746151 12.1054072882 -14.7915959557
-13.7652204217 12.0882668932 -14.787010982
-13.777070588 12.07280478 -14.7755322585
-13.7978635937 12.0606436739 -14.7565596859
-13.8242221652 12.0563648565 -14.7333783091
-13.8498578286 12.0622142825 -14.711614252
-13.8695480967 12.073277056 -14.6954106059
-13.8822854692 12.079076635 -14.6848227589
-13.8910069229 12.0716192348 -14.6766808972
-13.8995270168 12.0531577257 -14.6678544827
-13.9096391013 12.036230145 -14.6577679012
-13.9206806896 12.0350324828 -14.6481036683
-13.9311190966 12.0550243574 -14.6406165308
-13.9398246526 12.0894220867 -14.6357560733
-13.9455317031 12.1251502785 -14.6335985576
-13.945483285 12.1525655657 -14.6357808336
-13.9355933853 12.1704882259 -14.6457525133
-13.9130469613 12.1830957155 -14.6662797794

/group/r_lima/258
258
posId 258
-13.7011924048 12.0606397066 -15.0095681105
-13.6666686538 12.0810074572 -15.0400175896
-13.6374874276 12.0735924132 -15.0645332205
-13.617268062 12.0505016107 -15.0806292873
-13.6008149084 12.0306724056 -15.0936756161
-13.5836075716 12.01945729 -15.1077923542
-13.5683404421 12.0047917714 -15.1200834792
-13.5608114138 11.9747340964 -15.1250126337
-13.5623003828 11.9344892466 -15.1217466157
-13.5694657372 11.9020080776 -15.1140253396
-13.5810900594 11.888480016 -15.103441974
-13.6008525786 11.8881358367 -15.0865729796
-13.6311833904 11.8883138296 -15.0607180791
-13.6666784321 11.8849948947 -15.0302860649
-13.6971300155 11.8847096647 -15.0043052018
-13.7171435482 11.8939706389 -14.9876986256
-13.7296980979 11.9127929525 -14.9779267727
-13.7387687897 11.9394404214 -14.9715138459
-13.7411412399 11.9753342756 -14.9712713186

/group/r_lima/261
261
posId 261
-13.9639676208 12.5887934952 -14.9517918741
-13.9302935846 12.6122251515 -14.9800097677
-13.9211953262 12.6383266755 -14.987672464
-13.9377633274 12.6601365468 -14.973854056
-13.9664081243 12.6739770456 -14.9499164813
-13.9906766791 12.6820867091 -14.9296289346
-14.0047194803 12.6902138357 -14.9178964189
-14.0156395634 12.7027127831 -14.9087849475
-14.0336289473 12.7193206164 -14.8937672328
-14.0609040801 12.7354200515 -14.8709799484
-14.0903016693 12.7444407289 -14.8464031649
-14.1131426388 12.74036445 -14.8272861552
-14.1266215847 12.719789122 -14.8159693121
-14.1333312767 12.6838769211 -14.8102857609
-14.1355380617 12.6394359061 -14.8083527427
-14.1322344737 12.5972787544 -14.8110342338
-14.1220543151 12.5673837825 -14.8194927004
-14.1068900148 12.5536503307 -14.8321525274
-14.090196798 12.5525464545 -14.8461161313
-14.0715759786 12.5571907114 -14.8617036184
-14.0454231353 12.5634806115 -14.8835957075

/group/r_lima/264
264
posId 264
-14.1285296933 12.6392680489 -14.9360680782
-14.1287189492 12.6689969656 -14.9337824017
-14.1452109679 12.7154412093 -14.9169678285
-14.1506394872 12.7095326722 -14.9129524433
-14.1534427731 12.7149611975 -14.9102710883
-14.1772080279 12.6661694777 -14.8943355543
-14.1750328133 12.6365563659 -14.8982368483

