/group/rca1_2/0
0
posId 0
-9.49315865103 14.1772208964 -14.496689166
-9.45409938223 14.1727100898 -14.4959811795
-9.42422141597 14.1569160478 -14.499473037
-9.40826255369 14.133203759 -14.5063298486
-9.40705545692 14.1060974198 -14.5151197856
-9.41743962081 14.0791641394 -14.5245006919
-9.43400932725 14.053999432 -14.5336492335
-9.45170702166 14.0306331061 -14.5422731416
-9.46788135108 14.0087047615 -14.5503420704
-9.48283645098 13.9883629913 -14.5578244548
-9.49881734952 13.970239882 -14.5646391651
-9.51822922218 13.9546969334 -14.5708024359
-9.54217925007 13.9411808563 -14.5765569119
-9.57004564125 13.9284793633 -14.5822639898
-9.60003426768 13.9159482404 -14.5880339507
-9.63009230267 13.9049122439 -14.5933192358
-9.65847440499 13.8990835816 -14.5968093309
-9.68368575501 13.9033233953 -14.5968322866
-9.70409838403 13.9211409231 -14.5921504684
-9.71781538302 13.95228782 -14.58273906
-9.72313759809 13.9919801055 -14.5700663737
-9.71944039012 14.0324660063 -14.5566305137
-9.70781634869 14.0662984829 -14.5449259375
-9.69085372402 14.0895974473 -14.5363651036
-9.67144485738 14.1034923317 -14.5307405284
-9.6512230416 14.1129240602 -14.5265289372
-9.62961583694 14.1234852843 -14.5218708763
-9.60425877231 14.138089439 -14.5156822552
-9.57272690965 14.1553150731 -14.508292089

/group/rca1_2/3
3
posId 3
-9.49587972357 14.1792699825 -14.4993742922
-9.46033860044 14.166475063 -14.5014986067
-9.43911753498 14.1393685084 -14.5089391915
-9.4356753343 14.1048326551 -14.5197019917
-9.4461998245 14.0702976322 -14.5312239291
-9.46255975119 14.0403618377 -14.541604918
-9.47764990993 14.0157322748 -14.5502344694
-9.48942735265 13.9946022702 -14.5575743287
-9.50106126113 13.9750033832 -14.5644209266
-9.51750123158 13.9563496379 -14.5712291737
-9.5412592998 13.9393937163 -14.5778970092
-9.57051353912 13.9252122136 -14.5839840248
-9.60065873874 13.9144938319 -14.5890214645
-9.62774293662 13.9078635292 -14.5925963016
-9.65089610836 13.9067869185 -14.5941965428
-9.67184146155 13.9138421531 -14.5930984516
-9.69204055905 13.931536406 -14.5885865706
-9.7099943946 13.9601293811 -14.5804970537
-9.72114044709 13.9960596542 -14.5697110136
-9.72070147066 14.0325310892 -14.5581234883
-9.70738536345 14.0624546376 -14.5479118815
-9.68496096476 14.0821657152 -14.5404430091
-9.66020212551 14.0934863404 -14.5355074902
-9.63845071715 14.1025317871 -14.5314568617
-9.62000408684 14.1157302331 -14.5262691688
-9.60013167811 14.1354409425 -14.5189391706
-9.57296413161 14.157958694 -14.5103225166

/group/rca1_2/6
6
posId 6
-9.48335034336 14.1709289208 -14.5132400685
-9.45593912112 14.1641265665 -14.513876567
-9.4424770982 14.144498252 -14.5191657474
-9.44347435878 14.1160781342 -14.5279018262
-9.45525611448 14.0847387738 -14.5380971664
-9.47226489415 14.0556442503 -14.5478815679
-9.48982257991 14.0314109047 -14.5562095362
-9.50580781925 14.0117288486 -14.5630641654
-9.52063140089 13.9943487035 -14.5691543504
-9.53602509069 13.9767172187 -14.5753513206
-9.55370764465 13.9574371117 -14.582172421
-9.57468778274 13.9370413984 -14.5895078535
-9.59920303522 13.9179901726 -14.5966184441
-9.62676507021 13.9040450879 -14.6023291511
-9.65590171349 13.8992161001 -14.605337312
-9.68377520625 13.9064679032 -14.6045878037
-9.70631655122 13.9264753408 -14.5996603881
-9.71934569793 13.9568939184 -14.5910515281
-9.72038665462 13.9926459632 -14.5801824343
-9.71012323128 14.0274134455 -14.5690195188
-9.69235981578 14.0559166079 -14.5593761081
-9.67216891556 14.0759794928 -14.5521838863
-9.65313967304 14.0892706263 -14.5471218452
-9.63541201753 14.1001630403 -14.5428611884
-9.61585776839 14.1131535255 -14.5378633916
-9.59046623968 14.1301455103 -14.5313358962
-9.55753966544 14.1490730869 -14.5238206212

/group/rca1_2/9
9
posId 9
-9.39967353497 14.2216825165 -14.5129388696
-9.36104696878 14.2211582485 -14.5111418319
-9.37070361033 14.1748839544 -14.5251293982
-9.38036025188 14.1657339492 -14.5282863191
-9.41898681807 14.1662582173 -14.5300833568

/group/rca1_2/12
12
posId 12
-9.34092479339 14.2772897581 -14.5194706142
-9.26947033672 14.2817972607 -14.5148092348
-9.24426337917 14.2585995678 -14.5199786838
-9.26883887751 14.2430586631 -14.5254277231
-9.28407242398 14.2231586269 -14.5316275959
-9.30606015437 14.2053112759 -14.5375867054
-9.34328143123 14.2054621333 -14.5393279575
-9.36322825338 14.1878945613 -14.5451124097
-9.38199675662 14.1675099337 -14.5516147977
-9.40249043848 14.1898173087 -14.5464643422
-9.40013380064 14.2223045427 -14.5374211562

/group/rca1_2/57
57
posId 57
-9.43864754592 15.1183044469 -15.0169594185
-9.40534126908 15.1499901209 -15.0465861249
-9.43864754592 15.1926005137 -15.0384572822

/group/rca1_2/63
63
posId 63
-9.33568818501 15.1057717417 -15.0993200441
-9.27805118058 15.0938653718 -15.1495024847
-9.24923267836 15.1255395197 -15.183521229

/group/rca1_2/75
75
posId 75
-9.35563252764 14.5459905543 -15.201254928
-9.35867483135 14.613448038 -15.1500005205
-9.35106907208 14.6398030414 -15.1712675665
-9.34954792023 14.6145525044 -15.1922482932
-9.34650561652 14.6149206598 -15.2063308841

/group/rca1_2/78
78
posId 78
-9.59469016114 13.6993081748 -14.7195008465
-9.59217551713 13.7205767624 -14.6799754917
-9.59049131954 13.7379369579 -14.6391415337
-9.58949537699 13.751614184 -14.5992688004
-9.58907258989 13.761810637 -14.562103726
-9.58918244648 13.7684867843 -14.528771313
-9.5898760909 13.7712647908 -14.4998231225
-9.59127784126 13.7694893817 -14.4753868075
-9.59353717636 13.7624301788 -14.4553507107
-9.59676647424 13.7495627376 -14.4395172406
-9.600984387 13.7308377459 -14.4276796589
-9.60608328054 13.7068478312 -14.4196108465
-9.6118320685 13.6788295636 -14.414988121
-9.61791512943 13.6484864408 -14.4133035928
-9.62399698467 13.6176726915 -14.4138166301
-9.62979433627 13.5880214634 -14.4155914321
-9.63513437765 13.5606210113 -14.4176327747
-9.63998187241 13.5358323754 -14.4190963242
-9.64442637726 13.5133040255 -14.4195184666
-9.64863261002 13.4921836445 -14.4189950307
-9.65276793859 13.4714704539 -14.4182445536
-9.65692804693 13.450409791 -14.4185192054
-9.66108287493 13.4288174057 -14.4213678876
-9.66505952957 13.4072387752 -14.4282995001
-9.66856849785 13.3868940073 -14.4404269181
-9.67126709382 13.3694190304 -14.4581835612
-9.67284320401 13.3564717385 -14.4811901278
-9.67309621093 13.3493110059 -14.5083120666
-9.67199230866 13.348465659 -14.5378982869
-9.66967825133 13.3535867447 -14.5681422348
-9.66644900297 13.3635262716 -14.5974717376
-9.66267756726 13.3766230811 -14.6248641474
-9.65872583542 13.3911192055 -14.650001692
-9.65486060054 13.4055941192 -14.6732241116
-9.65119743756 13.4192997315 -14.6952903899
-9.64768735245 13.4323069555 -14.7170137873
-9.64414918263 13.4454271454 -14.7388700014
-9.64033806476 13.4599336993 -14.7606871883
-9.63603045653 13.477163181 -14.7815061524
-9.63110195377 13.4981063552 -14.7996546922
-9.62557662098 13.5230992253 -14.8130238763
-9.61963496295 13.5516931788 -14.8194811379
-9.61357953346 13.5827311078 -14.817319707
-9.60776906915 13.6145981981 -14.8056353091
-9.60254055535 13.6455687375 -14.7845410734

/group/rca1_2/99
99
posId 99
-9.3326029008 15.0151532438 -14.9074607576
-9.33099100303 15.0205522041 -14.8736028288
-9.32829818431 15.0281369799 -14.8407562528
-9.32471094049 15.0375133975 -14.8090283142
-9.3204111457 15.0482972491 -14.7785203766
-9.31555163423 15.0601635538 -14.7493526515
-9.31023768425 15.0728840075 -14.7216814247
-9.30451708749 15.0863471243 -14.6957073364
-9.29838015329 15.1005582671 -14.6716747391
-9.29176946859 15.1156198616 -14.649863391
-9.28459775432 15.1316951138 -14.6305746093
-9.2767709523 15.148961038 -14.614114412
-9.26821292694 15.1675581599 -14.6007761075
-9.25888798397 15.1875446717 -14.5908243257
-9.24881781177 15.2088620168 -14.5844817552
-9.23809036803 15.2313170279 -14.581919038
-9.22685951248 15.2545831271 -14.5832475511
-9.21533561816 15.2782201508 -14.5885143179
-9.2037687515 15.3017095488 -14.5976981349
-9.19242708345 15.324499468 -14.6107061817
-9.18157381685 15.3460529071 -14.6273708501
-9.17144600187 15.3658919111 -14.6474471562
-9.16223816168 15.383631671 -14.6706117324
-9.1540927509 15.3990002355 -14.6964648583
-9.14709827831 15.4118420093 -14.7245371477
-9.14129464462 15.4221058871 -14.7543022679
-9.13668408983 15.4298213185 -14.7851964252
-9.1332453006 15.4350674084 -14.8166443616
-9.13094783129 15.4379410589 -14.8480904389
-9.12976409825 15.4385300054 -14.879032208
-9.12967678888 15.4368954478 -14.909052912
-9.13068047535 15.433067042 -14.937848839
-9.13277736936 15.4270506264 -14.965247473
-9.13596829724 15.4188466464 -14.9912130569
-9.14024091293 15.4084752105 -15.0158374396
-9.1455577374 15.396002422 -15.0393158027
-9.1518467131 15.3815623034 -15.0619088229
-9.15899657184 15.3653693237 -15.0838947626
-9.1668584956 15.3477181444 -15.1055165938
-9.1752544407 15.3289694428 -15.1269303024
-9.18399128317 15.3095231743 -15.1481607968
-9.19287883721 15.2897829684 -15.1690712778
-9.2017489919 15.2701171159 -15.1893505506
-9.21047285023 15.2508224743 -15.2085207244
-9.21897291371 15.2320974392 -15.2259653141
-9.22722802143 15.2140288941 -15.2409752392
-9.23526983002 15.1965959507 -15.2528079581
-9.24317094064 15.179690649 -15.2607532821
-9.25102613177 15.1631530291 -15.2641985235
-9.2589293213 15.1468155629 -15.262685674
-9.26694966274 15.1305502516 -15.2559542754
-9.275110444 15.1143110388 -15.2439654127
-9.28337414679 15.0981646956 -15.2269045802
-9.29163617781 15.0823049372 -15.2051637405
-9.29972852204 15.0670470044 -15.1793053565
-9.30743308568 15.0528029012 -15.150013217
-9.31450301933 15.0400404695 -15.1180362225
-9.32068907441 15.029232022 -15.0841318082
-9.32576724164 15.0207999515 -15.0490153103
-9.32956368192 15.015067297 -15.0133204182
-9.33197332831 15.0122205911 -14.9775741027

/group/rca1_2/102
102
posId 102
-9.37751288324 14.9650688346 -14.9286987082
-9.38475087769 14.9627414599 -14.8867494498
-9.39005106707 14.9646417115 -14.8436609193
-9.39294186541 14.9712119957 -14.8011684138
-9.39308452334 14.9825633794 -14.7612278723
-9.3903268583 14.9984340931 -14.7257875902
-9.3847312962 15.0182051659 -14.6965410969
-9.37657161196 15.0409727107 -14.6747015705
-9.36629802923 15.0656663883 -14.6608360723
-9.35447579929 15.0911952004 -14.6547889609
-9.34170704874 15.1165965419 -14.6557095586
-9.32854871586 15.1411633599 -14.6621819329
-9.31544022256 15.1645276043 -14.6724375122
-9.30265297727 15.1866853646 -14.6846172129
-9.29027012414 15.2079589507 -14.6970412835
-9.27819977759 15.2289019828 -14.7084437185
-9.26621921221 15.2501633961 -14.7181340953
-9.2540421309 15.2723334278 -14.7260620303
-9.24139714999 15.2957978445 -14.7327759618
-9.22810372218 15.320625345 -14.7392857597
-9.21413220152 15.3465074448 -14.7468546329
-9.1996375474 15.3727612209 -14.7567571759
-9.1849607684 15.3983946328 -14.7700452382
-9.17059780055 15.4222235994 -14.7873608465
-9.15714111057 15.4430214504 -14.8088262022
-9.14520392857 15.4596762357 -14.8340265514
-9.13533984915 15.4713305328 -14.8620850778
-9.12797111858 15.4774819018 -14.8918129144
-9.12333718313 15.4780293269 -14.921904743
-9.12147135563 15.4732604923 -14.9511434396
-9.1222084604 15.4637848702 -14.9785769661
-9.12522095236 15.4504265166 -15.003637085
-9.13007623847 15.4340966503 -15.0261811757
-9.13630459486 15.415668492 -15.0464531968
-9.14346573353 15.3958751469 -15.0649748778
-9.15120291479 15.3752459717 -15.082390766
-9.15927631137 15.3540889496 -15.0992985275
-9.16757153547 15.3325176591 -15.1160975627
-9.17608402335 15.310513154 -15.1328843787
-9.18488442757 15.2880049958 -15.1494132633
-9.19407346672 15.2649528937 -15.1651276095
-9.20373623468 15.241411338 -15.1792533335
-9.21390552357 15.2175639946 -15.1909338805
-9.22454140186 15.1937215231 -15.1993786075
-9.23553059932 15.1702844909 -15.2039943009
-9.24670493253 15.1476805733 -15.2044735735
-9.25787391913 15.1262907728 -15.2008230588
-9.26886368723 15.1063818472 -15.1933268616
-9.27955289048 15.0880610338 -15.1824541531
-9.28989687072 15.0712646856 -15.1687314672
-9.29993367258 15.0557854746 -15.1526078452
-9.30976925247 15.0413347302 -15.1343429478
-9.3195436103 15.0276288558 -15.1139441479
-9.32938374254 15.0144831486 -15.0911691428
-9.33935243696 15.0018938779 -15.0655975504
-9.3494033595 14.9900907382 -15.0367607596
-9.35935229576 14.9795466417 -15.0043067396

/group/rca1_2/105
105
posId 105
-9.40675937351 14.9552408175 -14.9389515895
-9.41482566492 14.9567428734 -14.9032137981
-9.4208304113 14.9623992101 -14.8672960066
-9.42436503962 14.9723271676 -14.8326114421
-9.42509844112 14.9863070249 -14.8009514803
-9.42284427896 15.0037438609 -14.774291435
-9.41761788704 15.0236877428 -14.754518779
-9.40966888038 15.0449172683 -14.7431296726
-9.39947897474 15.0660796826 -14.7409502273
-9.38772051866 15.0858691749 -14.7479384648
-9.37517876014 15.1032158968 -14.763111084
-9.36264840266 15.1174537574 -14.7846178726
-9.35082097009 15.1284362985 -14.8099598814
-9.34018256941 15.1365770544 -14.8363204845
-9.33094102934 15.1428026823 -14.8609565387
-9.32299704175 15.1484217749 -14.8815844491
-9.31596654194 15.1549269979 -14.8966956394
-9.30925247199 15.1637602817 -14.9057479269
-9.30215499872 15.1760779413 -14.9092013685
-9.2940019641 15.1925533853 -14.9083950524
-9.2842772801 15.2132492818 -14.9052896658
-9.27272497736 15.2375796772 -14.9021240155
-9.25941073417 15.2643676612 -14.901047589
-9.24473019864 15.291988455 -14.9037932053
-9.22936286714 15.3185740801 -14.9114436871
-9.2141799078 15.3422464881 -14.9243265709
-9.20012230358 15.3613427217 -14.9420453261
-9.18807055075 15.3745987535 -14.963629569
-9.17872802206 15.3812672899 -14.9877654776
-9.17253691097 15.3811572368 -15.0130550837
-9.16963912428 15.3745962363 -15.0382514793
-9.16988592965 15.3623301345 -15.0624260818
-9.17289129149 15.3453822181 -15.0850416018
-9.17811635078 15.3248991497 -15.1059262266
-9.18496779488 15.302009362 -15.125166004
-9.19289169842 15.2777139136 -15.1429489387
-9.20144683305 15.2528210121 -15.1594025878
-9.21034676159 15.22792561 -15.1744655249
-9.21946701415 15.2034267674 -15.1878226544
-9.22882077545 15.179569552 -15.1989176471
-9.23851232415 15.1564960639 -15.2070367144
-9.24868084038 15.1342918033 -15.2114409355
-9.25944759518 15.1130182276 -15.2115132341
-9.27087708287 15.0927285497 -15.206883306
-9.28295809631 15.0734698802 -15.1974998367
-9.29560524972 15.0552791502 -15.1836327028
-9.30867635161 15.0381817942 -15.1658053456
-9.32199750524 15.0222005959 -15.1446749993
-9.33538663761 15.007377918 -15.1208918171
-9.34866752591 14.9938089105 -15.0949739326
-9.36166988561 14.9816778299 -15.0672325662
-9.37421578253 14.9712858743 -15.0377699067
-9.38609731655 14.9630581835 -15.0065550896

/group/rca1_2/108
108
posId 108
-9.41998016698 14.9658207269 -14.9765508932
-9.43087129681 14.9715492917 -14.9353400295
-9.43780017896 14.9835626337 -14.8963963531
-9.43966940739 15.0012234881 -14.8639636358
-9.43601610411 15.0228567007 -14.8419703559
-9.42715523493 15.0460802816 -14.8330986374
-9.41413459559 15.0683569795 -14.838079861
-9.398506712 15.0876224601 -14.8554201381
-9.38197543988 15.1028161061 -14.8816477652
-9.36601181118 15.114160542 -14.9120345312
-9.35154338192 15.1231018093 -14.9416137016
-9.33880077979 15.1319153404 -14.9662370814
-9.32736023426 15.1430766627 -14.9834049988
-9.31636486511 15.1585627038 -14.9926683816
-9.3048570043 15.1792700444 -14.9955216735
-9.29212371403 15.204704462 -14.9948438509
-9.27795658342 15.2330211102 -14.9940620701
-9.26275466819 15.2613986929 -14.9962755242
-9.24744723695 15.2866419023 -15.0035699178
-9.23326609204 15.3058495552 -15.0166809283
-9.22143964246 15.3169765536 -15.0350526103
-9.21290024706 15.3191568951 -15.0572195488
-9.20808759429 15.3127289708 -15.0813551222
-9.20689775049 15.2989900263 -15.1057969103
-9.2087810817 15.2797780958 -15.1293901893
-9.21294737604 15.2570166615 -15.1515682107
-9.21860702162 15.232350918 -15.172185595
-9.2251715747 15.206959851 -15.1912055674
-9.23235615052 15.1815620699 -15.2083855453
-9.24016256217 15.1565681215 -15.2230958485
-9.24876341762 15.1322890148 -15.2343484847
-9.2583396686 15.1091027637 -15.2410286764
-9.26893691695 15.0875085451 -15.2422413046
-9.28039534918 15.0680501283 -15.2376364214
-9.2923785584 15.0511471524 -15.2275797998
-9.30448822259 15.036913877 -15.2130863275
-9.31641803143 15.0250552606 -15.195518697
-9.32808321125 15.0149054762 -15.1761423247
-9.33966776889 15.0056224183 -15.1556886078
-9.35155875043 14.9964911562 -15.1340896766
-9.36417665526 14.9872411359 -15.1105021221
-9.37775038506 14.978264173 -15.0836470938
-9.39211024843 14.9706411241 -15.0523874352

/group/rca1_2/111
111
posId 111
-9.42291726096 14.9790941762 -15.0344775181
-9.43175027204 14.9971000271 -14.990836481
-9.43366439075 15.0230087182 -14.9543228888
-9.42803723039 15.0524406977 -14.9318364057
-9.41619435301 15.0803737752 -14.9263246139
-9.40087278485 15.1025237033 -14.9363916838
-9.38514680956 15.1166040904 -14.9573644615
-9.37129100041 15.1230418409 -14.9831807508
-9.36006448079 15.1248639996 -15.008270866
-9.35068904626 15.1267316308 -15.0287987021
-9.34146955675 15.133391167 -15.0430554297
-9.33072547553 15.1480341877 -15.0512083026
-9.31759646744 15.1711129961 -15.0547956729
-9.30239061359 15.2000206355 -15.0562726888
-9.28639361212 15.2297543905 -15.0586600351
-9.27131731302 15.2543460596 -15.0651279807
-9.25870658343 15.2685844154 -15.0783226344
-9.24958559488 15.2694690174 -15.0994396323
-9.24444590374 15.2569463065 -15.1273481541
-9.24346879233 15.2337393615 -15.1582589538
-9.24675265425 15.2043896911 -15.1863488817
-9.25434662208 15.1738711992 -15.2053830983
-9.26604902021 15.1462355266 -15.2108712317
-9.28111528431 15.1236872327 -15.2019154623
-9.29811935479 15.1063088484 -15.1818859911
-9.31515841821 15.0924362717 -15.1574610721
-9.33040429103 15.0795006614 -15.1362496191
-9.34278575814 15.065051932 -15.1238717397
-9.35246078767 15.0476704434 -15.1216882629
-9.36078840916 15.027536304 -15.1261692636
-9.36972820231 15.0065268898 -15.1302360813
-9.38087963895 14.9878251149 -15.126081609
-9.39457961857 14.9751280399 -15.1083402842

/group/rca1_2/114
114
posId 114
-9.45572618552 14.9847457124 -15.0332173725
-9.4623772424 15.0031429997 -15.0001333503
-9.46227848183 15.0270586553 -14.975534841
-9.45528618999 15.0547395656 -14.9615427945
-9.44263303543 15.0837954438 -14.9580415665
-9.42647973069 15.1113413056 -14.9634749584
-9.40915869494 15.1346854723 -14.9757247972
-9.3924261918 15.1523306859 -14.9926468988
-9.37702163271 15.1647629813 -15.0121805492
-9.36268446197 15.1744917695 -15.0322713825
-9.34857329832 15.1851168097 -15.050956802
-9.3338656983 15.1996927975 -15.0667997087
-9.31826341376 15.2190841846 -15.0795313127
-9.30220295065 15.241113255 -15.0904915278
-9.28672797182 15.2610128026 -15.102428046
-9.27313631706 15.2731153871 -15.1184872415
-9.26259522015 15.2731152772 -15.1406780075
-9.25589320429 15.2599226361 -15.1684708083
-9.25339243391 15.2362628511 -15.1982763346
-9.25512632009 15.2077117925 -15.2242407025
-9.26092092321 15.1805551989 -15.240210225
-9.2704373669 15.1593896717 -15.2421304841
-9.2831173542 15.1454936045 -15.2298507733
-9.29810778489 15.1366385283 -15.2074784718
-9.31428150635 15.1283584548 -15.1820187396
-9.33042896022 15.1160576506 -15.1607847912
-9.34558959382 15.0970105704 -15.1486258003
-9.35938266129 15.0714276239 -15.1461250498
-9.37215239249 15.0422440703 -15.1495132967
-9.38479936458 15.0138840539 -15.15230576
-9.39831080344 14.9906675046 -15.1479433458
-9.41316107488 14.9755822024 -15.1323283777
-9.42884695995 14.969847385 -15.1052555607

/group/rca1_2/117
117
posId 117
-9.5169968335 14.980963595 -14.9975878513
-9.5215936134 14.9897291638 -14.9810669056
-9.51650162362 15.007543928 -14.974806367
-9.50351789784 15.0339526228 -14.9758117199
-9.48602231303 15.0658070356 -14.980496043
-9.46770251173 15.0982251961 -14.9862370872
-9.45128106137 15.1263414146 -14.9922244152
-9.43772963268 15.1471143802 -14.9993330819
-9.42622945 15.1604121681 -15.0092302869
-9.41482006765 15.1688935277 -15.0232535393
-9.40140874567 15.1767238916 -15.0416462361
-9.38470169295 15.1876713331 -15.063494396
-9.36470181295 15.2033956963 -15.0873113826
-9.34264297466 15.2226541765 -15.1118711834
-9.32048609978 15.2417410186 -15.1367696711
-9.30026990831 15.2559415161 -15.1623558157
-9.28362052693 15.2613520174 -15.1890356574
-9.27158938545 15.2562862267 -15.2163241815
-9.26478764798 15.2417042841 -15.2422080315
-9.26362545551 15.2205572387 -15.2632777107
-9.26842694352 15.1964218326 -15.2757281521
-9.27929266172 15.1720893125 -15.2768783372
-9.29576216845 15.1487428921 -15.2665437946
-9.31649047909 15.126037842 -15.2475774327
-9.33920010078 15.1029473334 -15.2252055317
-9.36106898701 15.0788740611 -15.2053016233
-9.37950419597 15.0544230203 -15.1922328159
-9.3930315859 15.0314280629 -15.1871524082
-9.40191639095 15.0122213333 -15.1874774018
-9.40818797855 14.9985324218 -15.1878239765
-9.41496466095 14.9906057652 -15.1820728153
-9.42527145426 14.9870290682 -15.1657595228
-9.44078380463 14.9854161211 -15.1378427347
-9.4609999961 14.9836530466 -15.1011582075
-9.4832019725 14.9811109185 -15.0614108947

/group/rca1_2/120
120
posId 120
-9.50806606778 15.0113807691 -15.0728129873
-9.51636306054 15.0124171458 -15.0574839915
-9.50078878021 15.0301332781 -15.0711178312
-9.47237921481 15.0580808618 -15.0993520955
-9.44791045396 15.0846438238 -15.1217508486
-9.43538195952 15.1044536205 -15.1284382386
-9.42940355962 15.1226428862 -15.1249019966
-9.41951798598 15.1472238065 -15.1232867364
-9.40139517333 15.1779885277 -15.1313359759
-9.37961612571 15.2041663919 -15.1493206405
-9.36139057353 15.213415311 -15.1741179035
-9.35008351747 15.2025011738 -15.2023248742
-9.34548784491 15.178766339 -15.228650348
-9.34815472784 15.1520540481 -15.2445493115
-9.36024419521 15.126765393 -15.2428497678
-9.38102468926 15.102109014 -15.2254423114
-9.40359505722 15.0781444689 -15.204367417
-9.41923383831 15.0587135271 -15.1919410908
-9.42632839167 15.047262139 -15.1883341023
-9.43353851864 15.0413665548 -15.1802464964
-9.45161177416 15.0341146727 -15.1541781541

/group/rca1_2/123
123
posId 123
-9.55560035912 14.9843294027 -15.09720011
-9.57288316266 15.0039526313 -15.0556434656
-9.56359200883 15.0366493688 -15.0496569123
-9.53763180922 15.0575510462 -15.0790800507
-9.51303542363 15.0689386545 -15.112470131
-9.49643293679 15.0870293284 -15.128193423
-9.48251082077 15.1139964624 -15.1336509131
-9.46677949911 15.1391345959 -15.1433111376
-9.45078277501 15.1527236432 -15.1609770613
-9.43832085056 15.1467898269 -15.1855603893
-9.4331493671 15.1181995374 -15.2128764088
-9.4378291768 15.0806569709 -15.2296955312
-9.45078693069 15.055744993 -15.2244934605
-9.46821654962 15.0439277326 -15.2032872489
-9.49095329175 15.025241065 -15.1777666867

/group/rca1_2/126
126
posId 126
-9.82505760673 14.5058612627 -15.0101444782
-9.81762882019 14.5221963708 -15.0133560483
-9.83062919663 14.5277125143 -14.9895004144
-9.85105835962 14.5168935497 -14.9624332103
-9.85848714615 14.5005584417 -14.9592216401

/group/rca1_2/129
129
posId 129
-10.0649306008 14.7419608025 -14.58185055
-10.0594004337 14.7628597039 -14.5818922595
-10.0538702666 14.8016630567 -14.5746326371
-10.0704607679 14.8105841582 -14.5453021804
-10.0870512693 14.8016008082 -14.5232730557
-10.1147021048 14.7866285583 -14.4865578478
-10.1202322719 14.7657296569 -14.4865161382

/group/rca1_2/132
132
posId 132
-10.0607765242 14.8158281402 -14.648378708
-10.0384702116 14.8615914653 -14.6683581484
-10.0607765242 14.8903011695 -14.6275021471

/group/rca1_2/144
144
posId 144
-10.222885217 14.9580714886 -14.7935592772
-10.201963553 14.9855547148 -14.8185302975
-10.1941441249 15.0193476274 -14.8305481347
-10.1976013936 15.0545866316 -14.8309627276
-10.2090325896 15.0848966778 -14.8224931125
-10.225736818 15.1050780697 -14.8073643798
-10.2456542475 15.1149659395 -14.7877073417
-10.2664201873 15.1208684704 -14.766709869
-10.2853607273 15.132039607 -14.7482187959
-10.3008876879 15.1537674876 -14.7344951894
-10.3137279085 15.1822266035 -14.7243438351
-10.3262025295 15.2056201861 -14.7139957809
-10.3397401938 15.2113578826 -14.7005228929
-10.3529121194 15.1940549084 -14.684801561
-10.3621498481 15.1583988804 -14.6710909133
-10.3648046052 15.1151309645 -14.6633813212
-10.3617225919 15.0738532211 -14.661885782
-10.356642971 15.0384014513 -14.6631399821
-10.3526050506 15.0076538572 -14.6638440563
-10.3485374761 14.9798159318 -14.6649112204
-10.3393644194 14.9558139826 -14.6717443287
-10.3199625896 14.939176228 -14.6900927794
-10.2898245594 14.9334399518 -14.7208899081

/group/rca1_2/147
147
posId 147
-10.2682934129 14.9920825493 -14.8336619156
-10.2467775 15.0312601983 -14.8601474942
-10.2552256536 15.0711881633 -14.8587794722
-10.2739300553 15.088210473 -14.8440954946
-10.2929551587 15.097018731 -14.8277708595
-10.3119832928 15.1154818753 -14.8130198942
-10.3300080102 15.1365815443 -14.7996362798
-10.3500365303 15.142797969 -14.7819515913
-10.3690990473 15.1239855075 -14.7610819719
-10.373037887 15.0858969236 -14.7511851528
-10.3629055507 15.0494180056 -14.7546887995
-10.355889644 15.0262762767 -14.757460539
-10.3464921379 15.0055440764 -14.7628493123

/group/rca1_2/150
150
posId 150
-10.2692896959 15.012155833 -14.9054945257
-10.2513228889 15.0245919732 -14.9228209293
-10.2543173568 15.0668337287 -14.9284061634
-10.2513228889 15.1005595941 -14.9373460174
-10.2692896959 15.1261072644 -14.9272821579
-10.2962399065 15.1264449594 -14.9049238245
-10.3291790527 15.1352985444 -14.8792108713
-10.341156924 15.1143465141 -14.8652390876
-10.3441513919 15.0806206487 -14.8562992336

/group/rca1_2/153
153
posId 153
-10.2668268742 15.0422578901 -14.9630335649
-10.238207761 15.0534789828 -14.9869467309
-10.2453687606 15.095491232 -14.9899022249
-10.2601982285 15.1149143799 -14.9825446482
-10.2866697087 15.1186465052 -14.9632403315
-10.3094213792 15.142804363 -14.9508270299
-10.3183834044 15.1599083785 -14.9474507358
-10.3366540623 15.1471839394 -14.9310753311
-10.3553642009 15.1278925515 -14.9130573521
-10.3612316437 15.1114760963 -14.9053394061
-10.3606313018 15.0925398417 -14.902017401

/group/rca1_2/156
156
posId 156
-10.2703821675 15.0336076199 -14.987604491
-10.2624896316 15.051555367 -14.9967113558
-10.2545970957 15.0884967981 -15.0094402308
-10.2782747034 15.1106282937 -14.9966076767
-10.3019523111 15.113766105 -14.9801531125
-10.3414149905 15.1189957906 -14.9527288389
-10.3493075264 15.1010480436 -14.943621974

/group/rca1_2/159
159
posId 159
-10.315058833 15.0295447402 -14.9683524867
-10.3032016045 15.0519902601 -14.9806039103
-10.299249195 15.0848945943 -14.9889737764
-10.3190112426 15.1110416302 -14.9792698825
-10.3466781092 15.109513739 -14.9592553436
-10.3822497949 15.1184446622 -14.9353592472
-10.3941070235 15.0959991423 -14.9231078236

/group/rca1_2/162
162
posId 162
-9.64572971982 14.8927049323 -15.4420178406
-9.61425391493 14.8899022173 -15.4646972202
-9.60645451074 14.9184127417 -15.474303321
-9.5935337947 14.9364363815 -15.4862303268
-9.56832131038 14.9474653271 -15.5062086139
-9.56182311694 14.970269388 -15.5140824239
-9.57436927093 14.9914932084 -15.507786976
-9.58671838747 15.0078255407 -15.5009682265
-9.60759651947 15.030807032 -15.4888079548
-9.63692466104 15.0381967341 -15.4683282473
-9.64984537708 15.0109113022 -15.455137044
-9.65352912402 14.9806713028 -15.4483103689
-9.67062499035 14.9644558206 -15.4335710875

/group/rca1_2/165
165
posId 165
-9.66743203771 14.8965179629 -15.4510511162
-9.63941906744 14.8637210862 -15.4694347958
-9.62096495281 14.8537974865 -15.4826823077
-9.61155704186 14.8636533825 -15.4908874084
-9.59873894836 14.8835691544 -15.5026980388
-9.5777986215 14.9048308743 -15.5208953624
-9.55934450687 14.922327058 -15.5368113566
-9.55513649317 14.9370890889 -15.5414889839
-9.56366194954 14.9565885556 -15.5368203976
-9.5747997573 14.9859731273 -15.5311018049
-9.58376644096 15.0171289753 -15.5272277818
-9.59401018735 15.0327372695 -15.5208570892
-9.60905411943 15.0253009616 -15.5085466248
-9.62848691885 15.0071037021 -15.4918086238
-9.65120376166 14.9952698761 -15.4731605547
-9.67505023397 14.9900035548 -15.4542815973
-9.69168982836 14.9751640401 -15.4400216841

/group/rca1_2/168
168
posId 168
-9.67992553616 14.8833116868 -15.4713587242
-9.69228249002 14.9062702626 -15.4624333136
-9.68293974198 14.9398649293 -15.4719060911
-9.66448763045 14.9609570878 -15.4881950107
-9.64911647077 14.9741124464 -15.5015280891
-9.63592176852 14.994510471 -15.5134601658
-9.62085851667 15.009944509 -15.526662097
-9.60483120962 14.9992207466 -15.5392574482
-9.58946004994 14.9709722041 -15.550376606
-9.57710309608 14.9468423801 -15.5592393884
-9.57523454648 14.9244101801 -15.5595751948
-9.58840160161 14.8934323087 -15.547100116
-9.60750986051 14.8687870448 -15.5300820867
-9.62070456275 14.868868626 -15.5192450812
-9.63203071539 14.8802339588 -15.510546718

/group/rca1_2/204
204
posId 204
-10.2400586516 15.0549188306 -15.6794659398
-10.2039494774 15.0621390236 -15.6947296825
-10.1858948904 15.0705152142 -15.7031688732
-10.1858948904 15.1181761552 -15.7112420673
-10.1858948904 15.1467727197 -15.7160859838
-10.2039494774 15.1765252819 -15.7141053483
-10.2400586516 15.1693050888 -15.6988416056

/group/rca1_2/207
207
posId 207
-10.253681477 15.0514414559 -15.7398300531
-10.2167662155 15.0415257767 -15.7495398
-10.179850954 15.0467557459 -15.7623946552
-10.1613933232 15.0569435546 -15.7703946369
-10.1613933232 15.1023804998 -15.7798299616
-10.1613933232 15.1326717965 -15.7861201781
-10.179850954 15.1603481087 -15.785982967
-10.2167662155 15.1551181395 -15.7731281119
-10.2352238462 15.1449303307 -15.7651281302

/group/rca1_2/213
213
posId 213
-10.6574948034 15.4601210849 -15.8770213913
-10.630172676 15.4648343104 -15.8847492004
-10.6145761442 15.4926361807 -15.8959248166
-10.5977168227 15.5043874877 -15.9030753619
-10.6107052083 15.5248562507 -15.9055189592
-10.6368773337 15.5483856114 -15.9056707189
-10.6497529315 15.5619021151 -15.9062682377
-10.6707913311 15.5879332681 -15.9083073802
-10.6926715907 15.6040687997 -15.9074819346
-10.7032471844 15.585720981 -15.9000397799
-10.7153937101 15.5542973745 -15.8887040591

