/group/rca2/0
0
posId 0
-5.99345618724 12.4286339982 -17.8310274179
-5.93537473544 12.4151407841 -17.8076584675
-5.89763192279 12.405745109 -17.81011702
-5.88095384124 12.4009959745 -17.8280002224
-5.87751793727 12.3987948046 -17.8660704898
-5.88137305062 12.3982903135 -17.9069937591
-5.89690583084 12.4015476944 -17.9231173028
-5.9362131542 12.4111037842 -17.9269980819
-5.97395596684 12.4204994592 -17.9245395294
-5.9906340484 12.4252485938 -17.906656327
-6.01284408082 12.431386888 -17.8880742308

/group/rca2/6
6
posId 6
-6.56464301494 12.6712431676 -16.9316853692
-6.54655590338 12.6673631268 -16.9089436623
-6.55439264268 12.6694980331 -16.8952424186
-6.58318338459 12.6766504809 -16.8807654265
-6.61724588687 12.6851104913 -16.8637463194
-6.64378500503 12.691659499 -16.8526892446
-6.66257894032 12.6960934734 -16.8554364758
-6.68293858236 12.7006969626 -16.8687878704
-6.71221254439 12.7074398996 -16.8815565074
-6.7478657603 12.715833444 -16.8877009361
-6.78001692287 12.7233911464 -16.893832665
-6.79995978859 12.7278081886 -16.9116972675
-6.80527293093 12.7284561419 -16.9439074688
-6.79791635811 12.7260149669 -16.9794573321
-6.7801469043 12.7212909555 -17.0044617301
-6.75408365757 12.7148479989 -17.0159112019
-6.72418116895 12.7075793284 -17.0226435232
-6.69697350603 12.7008926464 -17.0325619663
-6.67597918829 12.695713768 -17.0412128862
-6.65724634787 12.6913533005 -17.0354071457
-6.63245991083 12.6859606552 -17.0081595189

/group/rca2/9
9
posId 9
-6.20426078117 12.6572448343 -17.2864854834
-6.22725368633 12.6628056033 -17.2486764254
-6.24603903591 12.667409464 -17.2073911149
-6.25849188175 12.6705410116 -17.1663793905
-6.26326901563 12.6718714568 -17.1285246652
-6.26016491175 12.671343761 -17.095421159
-6.25017030805 12.6691865869 -17.0673146746
-6.23520439452 12.6658504881 -17.0433787995
-6.21758861088 12.6618828079 -17.0222100971
-6.1994093679 12.6577764597 -17.0023785872
-6.18195383304 12.6538362799 -16.9828746144
-6.16538514808 12.6501022221 -16.9633445598
-6.14875553788 12.6463524284 -16.9440862433
-6.13035757662 12.642185951 -16.925853491
-6.10831465783 12.6371615412 -16.9095730055
-6.08124121049 12.6309524694 -16.896089776
-6.04878253619 12.6234727111 -16.8860284968
-6.01187935454 12.6149383449 -16.8798007165
-5.97268239404 12.6058470272 -16.8777229734
-5.93414332217 12.5968821275 -16.8801638944
-5.89939968194 12.5887694064 -16.8876254095
-5.8711263451 12.5821267015 -16.9006896586
-5.85102888513 12.5773474286 -16.9198194717
-5.83960585318 12.5745470763 -16.9450661254
-5.83622340585 12.5735821748 -16.9757889852
-5.83945354094 12.574129714 -17.0105075305
-5.84755464821 12.5757983018 -17.0469784515
-5.85894150058 12.5782353943 -17.0825251995
-5.8725090541 12.5811994275 -17.1145641207
-5.88773276754 12.584579657 -17.1411970603
-5.90454712625 12.5883650888 -17.161700783
-5.92307728796 12.5925808253 -17.1767546133
-5.94334258536 12.5972199667 -17.1883098137
-5.96505163296 12.6021988739 -17.1991015237
-5.98756805332 12.6073535276 -17.2119087588
-6.01005828944 12.6124785622 -17.2287484652
-6.03176231718 12.6173939619 -17.2502204078
-6.05227888589 12.6220131639 -17.2751892834
-6.07174645893 12.6263843758 -17.3009054628
-6.09083349144 12.6306851416 -17.3235492164
-6.11051672128 12.6351659622 -17.3390680967
-6.13170217788 12.6400569077 -17.3440963837
-6.15480484672 12.6454655161 -17.3367225087

/group/rca2/12
12
posId 12
-6.06383003382 12.7152279681 -17.3112025111
-6.08975352108 12.721416503 -17.3398770929
-6.11839996264 12.7281742835 -17.3661550055
-6.14852084935 12.7352048932 -17.3887644719
-6.17866164021 12.7421661946 -17.4064376927
-6.20742627998 12.7487302811 -17.4179895759
-6.23368781547 12.7546317932 -17.422419301
-6.25669832177 12.7596941826 -17.4190333753
-6.27608179812 12.7638300933 -17.4075768335
-6.29172700375 12.7670192634 -17.3883480145
-6.30362449585 12.7692733217 -17.3622659222
-6.31170625356 12.7706000061 -17.3308605021
-6.31574363197 12.7709789015 -17.296166348
-6.31534086008 12.7703569382 -17.2605180561
-6.31003196847 12.7686657011 -17.2262671531
-6.29945689076 12.7658557675 -17.1954612372
-6.28356633041 12.7619376934 -17.1695403874
-6.26279214823 12.7570164783 -17.1491097878
-6.2381244275 12.7513071817 -17.1338388132
-6.2110574564 12.7451237456 -17.1225163126
-6.18339966109 12.7388399366 -17.1132631428
-6.15697884121 12.7328289226 -17.1038718963
-6.13330453472 12.7273943747 -17.0922169079
-6.11326579308 12.722709388 -17.0766610547
-6.0969402053 12.7187789441 -17.0563836213
-6.08356841327 12.7154370308 -17.0315665807
-6.07171215615 12.7123818813 -17.0034027415
-6.05957139887 12.7092438618 -16.9739231074
-6.04539748154 12.7056724744 -16.9456755266
-6.02791396351 12.7014237499 -16.9213150484
-6.00665142869 12.6964283472 -16.9031824793
-5.98211882905 12.6908243067 -16.8929482417
-5.95576866057 12.6849458993 -16.8913838844
-5.9297586202 12.6792696924 -16.8982968959
-5.90655796404 12.6743285911 -16.9126316909
-5.88848196988 12.6706119522 -16.9327077898
-5.87725443985 12.6684731821 -16.9565418401
-5.87369212933 12.6680646993 -16.9821879242
-5.87757770383 12.6693141093 -17.008032388
-5.88774562443 12.6719462763 -17.032993906
-5.90235803602 12.6755458095 -17.0566026913
-5.91930621058 12.6796456446 -17.0789590137
-5.93664686558 12.683821924 -17.1005946008
-5.95297753277 12.6877744711 -17.122276268
-5.96767187747 12.691375952 -17.1447965887
-5.98093010158 12.6946803514 -17.168791563
-5.99364291359 12.697890833 -17.1946124767
-6.00710965727 12.7012961608 -17.2222625519
-6.0226822445 12.7051915244 -17.2513931853

/group/rca2/15
15
posId 15
-6.11983418464 12.8129344565 -17.2396743933
-6.13401934401 12.8183153039 -17.2879474671
-6.14357542707 12.8224897705 -17.3311702946
-6.15363773406 12.8262531743 -17.3643706189
-6.1694758128 12.8306239927 -17.3863873455
-6.19224018812 12.8359427721 -17.3992684848
-6.21836242216 12.8416316807 -17.4059788297
-6.24267310944 12.8467105136 -17.4080258349
-6.26244538003 12.8505790574 -17.4045852514
-6.27901172851 12.853403954 -17.3935932406
-6.29569620639 12.855805069 -17.3738773564
-6.31385730226 12.8581259862 -17.3467161531
-6.3304306834 12.8599242775 -17.315702862
-6.33922591654 12.8601496362 -17.2850478934
-6.33523169479 12.8579206037 -17.2575518605
-6.31866126851 12.853302438 -17.2336359942
-6.29544097322 12.8474393462 -17.2119708806
-6.273431304 12.8418633773 -17.1910738839
-6.25696154329 12.8374441951 -17.1706321519
-6.2437356389 12.8337647255 -17.1516715398
-6.22661584705 12.8294416008 -17.1356905297
-6.1992645865 12.8232299223 -17.1236961306
-6.16170236238 12.8151534545 -17.1160694535
-6.1217183999 12.8068349688 -17.1133786617
-6.09091622372 12.8007355867 -17.1173211251
-6.07796603718 12.7987733519 -17.1307052872
-6.08362944878 12.8012335443 -17.156052441

/group/rca2/18
18
posId 18
-6.05170135238 12.8723015106 -17.2068945136
-6.06018499317 12.8786887422 -17.2627642951
-6.07506700455 12.8853064504 -17.3080840511
-6.09179815381 12.8907655466 -17.3362810731
-6.10950027732 12.8951845639 -17.3505282395
-6.13031052101 12.8997001394 -17.3594736538
-6.15671317101 12.9053318424 -17.3697046719
-6.1889824518 12.9120980629 -17.3808669127
-6.22443983541 12.9189875894 -17.3868696719
-6.25866524365 12.9246704132 -17.3815524761
-6.28743901684 12.9282915184 -17.363797574
-6.30803058034 12.9297451967 -17.3380228782
-6.3193730268 12.9293609409 -17.3102138126
-6.32167067801 12.9274383799 -17.2833906917
-6.31616693822 12.9241096789 -17.2565069818
-6.30514022319 12.9195927613 -17.2273663909
-6.29152436421 12.9144538639 -17.1964217256
-6.27768922365 12.9094635104 -17.1676356386
-6.26384956659 12.9050509587 -17.1454959166
-6.24739740421 12.9008409835 -17.1310717565
-6.22421490228 12.8958133578 -17.1211376453
-6.19164875315 12.8891448781 -17.111710454
-6.15132815364 12.8811594276 -17.1031501152
-6.10970097175 12.8735900938 -17.1020645851
-6.07551599349 12.8688008532 -17.1175627321

/group/rca2/21
21
posId 21
-6.13479661665 12.9402507289 -17.094883336
-6.17763677451 12.9472596644 -17.1001081968
-6.21458296711 12.9537838136 -17.1104476037
-6.24176050068 12.9591766279 -17.1252754276
-6.25870793161 12.9633738644 -17.1446722813
-6.26787450111 12.9668080094 -17.1693234233
-6.27281365858 12.9700771035 -17.1998650665
-6.27606177418 12.9735435476 -17.2359670623
-6.2778078774 12.9770733267 -17.2756458853
-6.27600367729 12.98005225 -17.3152566392
-6.26778208649 12.9816715474 -17.3503171134
-6.25136094144 12.9813351803 -17.376906015
-6.22736793018 12.9789778785 -17.3930565439
-6.1988531296 12.9751287321 -17.399506594
-6.16997511716 12.9706860855 -17.3994150908
-6.14406916898 12.9665174732 -17.3971043788
-6.12214582014 12.9630868647 -17.3963307757
-6.10264351683 12.96029524 -17.3988072383
-6.08258875979 12.9576087438 -17.4035948266
-6.05955711185 12.9544001346 -17.4075926598
-6.03338440921 12.9503213224 -17.4068728023
-6.0066901132 12.9455131173 -17.3982541169
-5.98389113947 12.9405478662 -17.3804469586
-5.96918413132 12.9361434853 -17.3543441469
-5.96453568196 12.9328079588 -17.3224511723
-5.96874257929 12.9306082728 -17.2878310071
-5.97808686065 12.9291889868 -17.253106141
-5.98828626864 12.9280299546 -17.219949666
-5.99675636999 12.9268022119 -17.1891883026
-6.00401521723 12.9256252548 -17.1613078504
-6.01347853804 12.9250780834 -17.1369702039
-6.02970504758 12.9259454039 -17.1172042212
-6.05594372464 12.9288217909 -17.1031728188

/group/rca2/24
24
posId 24
-6.15456894803 13.0052794104 -17.1224911925
-6.19553860465 13.0107604769 -17.1372892819
-6.22967005951 13.0154157087 -17.1575165008
-6.25411206664 13.0188634645 -17.1821259785
-6.26832433064 13.0210275308 -17.2105737176
-6.2736897491 13.0220824259 -17.2424281797
-6.27250183682 13.0223154015 -17.2767798004
-6.26683060655 13.0219748586 -17.3118440128
-6.2577678028 13.0211736254 -17.3450660809
-6.24532607703 13.0198832774 -17.3737777192
-6.2289338983 13.0180090768 -17.3961504664
-6.20819002671 13.015496826 -17.4119934005
-6.18344658298 13.0124108321 -17.4229601193
-6.15591404761 13.0089409817 -17.4319678753
-6.127253976 13.0053362891 -17.4419886731
-6.09890471116 13.0018020457 -17.4546837778
-6.07153033998 12.9984178081 -17.4694688122
-6.04492065849 12.9951237162 -17.4834511084
-6.01843114354 12.9917876827 -17.4923277661
-5.99175692022 12.9883231102 -17.4919230587
-5.9656338702 12.9847975329 -17.4797591162
-5.94206030016 12.9814722776 -17.4560240259
-5.92384383374 12.9787433841 -17.4235446486
-5.91360577578 12.9770011612 -17.3867841609
-5.91266309645 12.9764676473 -17.3502873503
-5.92031268386 12.9770872545 -17.3172150502
-5.93390189784 12.9785269769 -17.2885504062
-5.94973636972 12.9802959009 -17.2632547603
-5.96449642059 12.9819398758 -17.2392387023
-5.97658118915 12.9832306855 -17.2146773351
-5.98679596284 12.9842672854 -17.1890823995
-5.99805470777 12.9854415774 -17.163689349
-6.01417996432 12.9872781263 -17.1410478508
-6.03826804597 12.9902112931 -17.1240623663
-6.07127874741 12.9943905836 -17.1149522809

/group/rca2/27
27
posId 27
-6.20515841789 13.0718467149 -17.1397293418
-6.16771827521 13.0696144229 -17.1265827958
-6.13093190647 13.0666238111 -17.1189073493
-6.09653848801 13.0629670925 -17.1173891719
-6.06582454241 13.0587505373 -17.1222856499
-6.03946600185 13.0540997216 -17.1332735194
-6.01747021978 13.0491555956 -17.1494316221
-5.99923366802 13.0440595503 -17.1693819548
-5.98370904957 13.0389304426 -17.1915648885
-5.96965340817 13.0338406597 -17.2145808989
-5.95591145857 13.0288002488 -17.2375054369
-5.94167990135 13.0237570658 -17.2600843698
-5.92670115024 13.0186168751 -17.2827458011
-5.91134842786 13.0132814324 -17.3064129408
-5.89658581826 13.0076965148 -17.3321586708
-5.88381195175 13.0018975208 -17.360789604
-5.87461908427 12.9960391563 -17.3924718969
-5.87051544356 12.9903984585 -17.4265050438
-5.8726645198 12.9853465163 -17.4613140593
-5.88168954567 12.9812922179 -17.4946739919
-5.89757635801 12.9786090806 -17.5241187725
-5.91968685707 12.9775615159 -17.5474359575
-5.9468731999 12.9782481778 -17.5631240192
-5.97766443832 12.9805767831 -17.5706965701
-6.01048612855 12.9842776657 -17.5707564529
-6.04387116813 12.9889540883 -17.5648216529
-6.07662628411 12.9941583694 -17.5549485549
-6.10793090937 12.9994765137 -17.5432490439
-6.137360271 13.0046019656 -17.5314227996
-6.16483886823 13.0093818701 -17.5204186034
-6.19054135984 13.0138261058 -17.5103013023
-6.21476373224 13.0180785427 -17.5003450262
-6.23778844352 13.022359073 -17.489314076
-6.25976416861 13.0268916334 -17.4758467466
-6.28061554705 13.0318360523 -17.4588363087
-6.29999265261 13.0372395759 -17.4377121283
-6.31726488895 13.0430180846 -17.4125586199
-6.33155998418 13.0489689992 -17.3840593737
-6.3418453143 13.0548099296 -17.353303507
-6.34704520765 13.0602313182 -17.321526751
-6.34618361437 13.0649490819 -17.2898713952
-6.33853662171 13.0687449018 -17.2592347499
-6.32377460433 13.0714865944 -17.2302408584
-6.30207082264 13.0731273192 -17.2033264052
-6.27415372614 13.0736883148 -17.1788930798

/group/rca2/30
30
posId 30
-6.19887480746 13.1320820601 -17.1642138477
-6.1629668731 13.1312557335 -17.1568108248
-6.12715863908 13.1290874296 -17.1526252098
-6.09252463945 13.1258280103 -17.1513407594
-6.05993079934 13.121696561 -17.1526623736
-6.02997749814 13.1168572248 -17.1563563335
-6.00297548892 13.1114049512 -17.1622779106
-5.97895595332 13.1053616962 -17.1703830255
-5.95771222359 13.0986833942 -17.1807225534
-5.9388672798 13.0912767658 -17.1934199635
-5.92195839284 13.0830238751 -17.2086349997
-5.90652851799 13.0738114284 -17.2265178493
-5.89221343142 13.0635612119 -17.2471594911
-5.87881420126 13.0522578714 -17.2705445398
-5.86634632458 13.0399704621 -17.2965128161
-5.85505955103 13.0268648264 -17.3247350833
-5.84542575908 13.0132048216 -17.3547069638
-5.83809589057 12.9993416252 -17.3857631385
-5.83383048967 12.9856916578 -17.4171117256
-5.83341144985 12.9727049545 -17.4478864736
-5.83754481486 12.960826932 -17.4772123253
-5.84676565977 12.950457333 -17.5042782385
-5.86135606211 12.9419105753 -17.5284100783
-5.88128595275 12.9353817496 -17.5491360491
-5.90618433236 12.9309220711 -17.5662375632
-5.93534518826 12.9284267511 -17.5797796276
-5.96776877564 12.9276370815 -17.5901166576
-6.00223512332 12.9281571379 -17.5978719307
-6.03740308841 12.9294840503 -17.6038914424
-6.07192539652 12.9310493997 -17.6091754724
-6.10456817703 12.9322681307 -17.6147934502
-6.13432275196 12.9325905367 -17.6217894923
-6.16049795818 12.9315524701 -17.6310870828
-6.18278303757 12.928818999 -17.6434016583
-6.20127395293 12.9242172773 -17.6591693059
-6.21645960047 12.9177553605 -17.678498418
-6.22916842797 12.9096250046 -17.70114911
-6.24048002116 12.9001879922 -17.7265426726
-6.25160987166 12.8899470971 -17.7538005576
-6.26377840882 12.8795042731 -17.7818096421
-6.27807716132 12.8695098818 -17.809308054
-6.29534541853 12.8606076399 -17.8349839155
-6.31606991969 12.8533803848 -17.857578151
-6.34031798253 12.848301674 -17.8759821411
-6.36771129297 12.8456976761 -17.8893215155
-6.3974436256 12.8457228083 -17.8970187105
-6.42834144311 12.8483512537 -17.8988289547
-6.45896206169 12.853384954 -17.8948468701
-6.48772029825 12.8604770971 -17.8854836575
-6.51303161493 12.8691686391 -17.8714175882
-6.53345804142 12.8789341741 -17.8535229888
-6.54784276797 12.8892326093 -17.8327848451
-6.55542030433 12.8995576935 -17.8102073772
-6.55589140028 12.9094835355 -17.7867253373
-6.5494552962 12.9187008044 -17.7631263353
-6.5367959855 12.9270402817 -17.7399912438
-6.51902361791 12.9344817305 -17.7176578195
-6.49757651318 12.9411475207 -17.6962102984
-6.47409305839 12.9472819669 -17.6754951129
-6.45026565384 12.9532187279 -17.6551603144
-6.4276905669 12.9593397639 -17.6347140069
-6.40772788686 12.9660301206 -17.6135953398
-6.39138471846 12.973633148 -17.5912505289
-6.37923241842 12.9824106317 -17.5672060768
-6.37136530599 12.9925117349 -17.5411318613
-6.36740420604 13.0039536875 -17.5128879831
-6.36654382095 13.0166159163 -17.4825510846
-6.3676387103 13.0302479165 -17.4504180612
-6.36931900331 13.044489769 -17.4169874572
-6.37012423616 13.0589029457 -17.3829211247
-6.36864215762 13.073008051 -17.3489906823
-6.36363912261 13.0863255162 -17.3160147571
-6.35416980085 13.0984150583 -17.2847937693
-6.33965623868 13.1089099446 -17.2560490728
-6.31992957605 13.1175427477 -17.2303725904
-6.2952315966 13.1241602507 -17.2081917717
-6.26617737221 13.1287263697 -17.1897528969

/group/rca2/33
33
posId 33
-6.15489967098 13.1731440534 -17.2045208989
-6.11474100048 13.1707129994 -17.2011335052
-6.07601435072 13.1661086296 -17.2012377789
-6.04016802544 13.159145443 -17.2053633361
-6.00846690675 13.1497296823 -17.213870921
-5.98185313118 13.1378886009 -17.2268844206
-5.96083770484 13.1237844966 -17.2442510055
-5.9454381532 13.107710924 -17.2655358894
-5.93517181389 13.0900710786 -17.290053399
-5.9291074985 13.0713409477 -17.3169309576
-5.9259708616 13.0520220919 -17.3451979162
-5.92429188497 13.0325905181 -17.3738875664
-5.92257733143 13.0134488075 -17.4021386624
-5.91948758774 12.994888344 -17.4292826418
-5.91399647278 12.9770671995 -17.4549045206
-5.9055144714 12.9600071209 -17.4788689082
-5.89396024316 12.9436104283 -17.5013072924
-5.87977160008 12.9276948248 -17.5225680354
-5.86385463776 12.912041531 -17.5431356972
-5.84747738028 12.8964501485 -17.563530629
-5.83212117194 12.8807925267 -17.5842026774
-5.81930823509 12.8650578122 -17.6054338745
-5.81042664726 12.8493818516 -17.6272640173
-5.80657411492 12.8340560648 -17.6494501485
-5.80843933117 12.8195135737 -17.6714665267
-5.81623474923 12.8062934027 -17.6925462814
-5.82968793792 12.7949865681 -17.7117603131
-5.84809118453 12.7861704338 -17.7281238671
-5.87040165188 12.7803394799 -17.7407172858
-5.89537813289 12.7778413675 -17.7488052534
-5.92173607701 12.7788267585 -17.7519387158
-5.94830063494 12.7832198138 -17.7500256114
-5.97413819901 12.7907138238 -17.7433603613
-5.99865017415 12.8007933363 -17.7326072401
-6.02161803335 12.8127808317 -17.7187386283
-6.04319535979 12.82590288 -17.7029349456
-6.06384965706 12.8393682114 -17.6864580445
-6.08426327334 12.8524485552 -17.6705133326
-6.10520797101 12.8645526777 -17.6561174382
-6.12741081242 12.8752848188 -17.6439876268
-6.15142973804 12.8844806134 -17.6344664945
-6.17755543436 12.892216328 -17.6274910535
-6.20575210612 12.8987905105 -17.6226097577
-6.23564415919 12.904680515 -17.6190450221
-6.26654935644 12.9104793948 -17.6157931399
-6.29755262241 12.9168209724 -17.611748932
-6.32760921917 12.9243022107 -17.6058395521
-6.35566223184 12.9334121542 -17.5971509913
-6.38075768624 12.9444756952 -17.5850320574
-6.40214136788 12.9576183768 -17.5691637809
-6.41932438703 12.9727556663 -17.5495868646
-6.43210929548 12.9896069753 -17.5266853328
-6.44057441987 13.0077315967 -17.501130195
-6.4450201979 13.0265810617 -17.4737919804
-6.4458868171 13.0455605489 -17.4456347613
-6.4436565828 13.0640911105 -17.4176062893
-6.43875659648 13.0816647334 -17.3905388735
-6.43147720415 13.0978855439 -17.3650736802
-6.42191928961 13.1124926157 -17.3416175085
-6.40997917357 13.1253625328 -17.3203363308
-6.39537424339 13.13649272 -17.3011846322
-6.37770627541 13.1459691875 -17.2839645788
-6.35655359912 13.1539243915 -17.2684049662
-6.33157862281 13.1604921117 -17.2542472993
-6.30263447195 13.1657664459 -17.2413255778
-6.2698540049 13.1697712037 -17.2296274913
-6.23370637728 13.1724442853 -17.2193275983

/group/rca2/36
36
posId 36
-6.15416435392 13.211045439 -17.2367069959
-6.11457484193 13.2094944393 -17.2320590362
-6.07588284134 13.2052474067 -17.231064491
-6.03991497508 13.1980351724 -17.2343804489
-6.00841025333 13.1877213266 -17.2424767896
-5.98282474952 13.1743420744 -17.2555515334
-5.96415662914 13.1581268818 -17.273474575
-5.95281371298 13.1394961027 -17.2957684757
-5.94854132571 13.1190347143 -17.3216304417
-5.95042148733 13.0974443905 -17.3499944476
-5.95694632187 13.0754790414 -17.3796273306
-5.96615984757 13.0538712521 -17.4092482156
-5.97585411356 13.0332584727 -17.4376574099
-5.98379895042 13.0141181429 -17.4638593476
-5.98798022372 12.9967201221 -17.4871644848
-5.98681997622 12.9811029048 -17.5072572472
-5.97935342742 12.9670773628 -17.5242209568
-5.96534232252 12.9542584738 -17.5385156911
-5.94531108345 12.9421220727 -17.5509106421
-5.92050082325 12.930080514 -17.5623780858
-5.8927455469 12.9175686458 -17.5739608593
-5.86428370218 12.9041299895 -17.5866286918
-5.83752562988 12.8894926898 -17.6011404003
-5.81480252697 12.8736257207 -17.6179286259
-5.79812468206 12.8567679023 -17.6370214497
-5.78897571119 12.8394252938 -17.6580111491
-5.78816542834 12.8223361243 -17.6800749948
-5.79575730089 12.8064061956 -17.7020469584
-5.81107794172 12.7926212019 -17.7225332137
-5.83280676357 12.7819452341 -17.7400590764
-5.85913485115 12.7752165441 -17.7532311525
-5.88797434267 12.7730522008 -17.7608964371
-5.91719404943 12.7757725001 -17.7622801649
-5.94485431503 12.783353976 -17.7570863799
-5.96941452187 12.7954168032 -17.7455492234
-5.98989012426 12.8112486434 -17.7284283831
-6.00594219423 12.8298629833 -17.7069483791
-6.01789047384 12.8500861925 -17.6826876641
-6.02664988248 12.8706643483 -17.6574291643
-6.03359927152 12.8903786735 -17.6329882279
-6.04039891704 12.9081574832 -17.6110364812
-6.04877890155 12.923172932 -17.5929405318
-6.06032351763 12.934912548 -17.5796327555
-6.07627681057 12.9432183422 -17.571527763
-6.09739140563 12.9482898591 -17.5684929949
-6.12383723026 12.9506514803 -17.569875836
-6.15517933718 12.9510881519 -17.5745833766
-6.19042566949 12.9505570501 -17.5812052064
-6.22813730008 12.9500851369 -17.58816505
-6.26658641973 12.9506638451 -17.5938841692
-6.30394200125 12.9531521221 -17.5969385638
-6.3384602485 12.9581977894 -17.5961931838
-6.36865695402 12.9661848094 -17.5908994419
-6.39344169443 12.9772108796 -17.5807469052
-6.4121990069 12.9910961971 -17.5658655708
-6.4248086385 13.0074206656 -17.5467809399
-6.43160476501 13.0255836795 -17.5243294885
-6.43328175946 13.0448782774 -17.4995464785
-6.43076069967 13.0645701596 -17.4735408403
-6.425035525 13.0839719501 -17.4473728085
-6.41702001044 13.1025041341 -17.4219490065
-6.40741625719 13.1197361545 -17.3979469249
-6.39662227718 13.1354039447 -17.3757765923
-6.38469088209 13.1494033325 -17.3555822249
-6.37134516077 13.1617618844 -17.3372814079
-6.35604822272 13.1725944744 -17.3206345532
-6.33811756603 13.1820498245 -17.3053335951
-6.31686832632 13.1902562431 -17.2910965896
-6.29176556161 13.1972746695 -17.2777543417
-6.26256416004 13.2030659546 -17.2653164573
-6.22941614382 13.2074772225 -17.25400712

/group/rca2/39
39
posId 39
-6.06146012959 13.2539975426 -17.2266319095
-6.02580215934 13.2378927779 -17.2422322721
-5.99723736773 13.2186203755 -17.2638689012
-5.97773777534 13.1975108397 -17.2900480742
-5.96792056274 13.1759793249 -17.3188696001
-5.96707840025 13.155310024 -17.348342495
-5.97351565022 13.1364768934 -17.3767128842
-5.98507616548 13.1200357199 -17.4027298723
-5.99970444958 13.1061053603 -17.4257905143
-6.01588744381 13.0944356017 -17.4459354157
-6.03287419491 13.0845405684 -17.4637035751
-6.05064641842 13.0758642072 -17.479888803
-6.06968879552 13.0679405166 -17.4952615474
-6.09065980825 13.060515922 -17.510324095
-6.11407771945 13.0536124877 -17.5251538292
-6.1401114508 13.047525106 -17.5393632659
-6.16851524454 13.0427597462 -17.5521748897
-6.19868969071 13.0399303284 -17.5625819266
-6.22981075261 13.0396372179 -17.5695497888
-6.26095637582 13.0423506347 -17.5722099608
-6.29117885641 13.0483185347 -17.5700073676
-6.31951020179 13.0575124101 -17.5627792529
-6.34492944892 13.0696175545 -17.5507622673
-6.3663469318 13.0840677333 -17.5345394241
-6.3826590251 13.1001183407 -17.5149466733
-6.39289738756 13.1169470928 -17.4929598553
-6.39645029715 13.1337671381 -17.46957901
-6.39328904773 13.1499345211 -17.445721851
-6.38410890939 13.165030971 -17.4221346613
-6.37030430191 13.1789049685 -17.3993281597
-6.35374198283 13.1916596624 -17.3775471165
-6.3363615996 13.2035853785 -17.3567831322
-6.31969812067 13.2150459662 -17.3368371995
-6.30446184787 13.2263397372 -17.3174308274
-6.29031188145 13.2375642923 -17.2983522876
-6.27591402629 13.2485173088 -17.2796111174
-6.25929534146 13.258660673 -17.2615641633
-6.23841818128 13.267163321 -17.2449748954
-6.21182486634 13.2730209843 -17.2309772613
-6.17917391 13.2752326311 -17.2209353959
-6.14151143538 13.2729983895 -17.216216802

/group/rca2/42
42
posId 42
-6.08936781677 13.2922395044 -17.1975947079
-6.04933906202 13.2794099543 -17.2110998168
-6.0141023389 13.2647689694 -17.2303585614
-5.98623848943 13.2501482708 -17.2522883282
-5.96665597233 13.2368513585 -17.2743535859
-5.95467713505 13.2252835697 -17.2954122275
-5.94864205814 13.2149811208 -17.3158740412
-5.94674934669 13.2050135506 -17.3371242723
-5.94778985076 13.194568156 -17.3605070222
-5.95151048443 13.1834476314 -17.3863635133
-5.95852512217 13.1722576293 -17.413586284
-5.96988263693 13.1622071247 -17.4398996543
-5.98652401315 13.1546230551 -17.4627284665
-6.00886539555 13.1504092522 -17.4802358734
-6.03664326875 13.1496997948 -17.4920295873
-6.06901107349 13.1518610514 -17.4991929709
-6.10475969415 13.1558311904 -17.5036186883
-6.14250274474 13.1606289491 -17.5069567065
-6.18072974367 13.1657881291 -17.5096771739
-6.21774515697 13.1715147404 -17.5107019565
-6.25161102359 13.1784993175 -17.507796761
-6.28023618105 13.1874825185 -17.4985604985
-6.30168646314 13.1987889396 -17.4815660256
-6.31465911741 13.212057043 -17.4571295551
-6.31893906934 13.2262966749 -17.4273520659
-6.31560552532 13.240246342 -17.395408724
-6.30682233282 13.2528565947 -17.3644073121
-6.29520725123 13.263663575 -17.3363334027
-6.28296635802 13.2728683902 -17.3115567585
-6.27111193476 13.2810796445 -17.2891101658
-6.25908726551 13.2888411449 -17.2675911691
-6.24498548004 13.2961757897 -17.2462469815
-6.22632115177 13.3023767968 -17.2257183806
-6.20108648695 13.3061665821 -17.2080789109
-6.16869635677 13.3061721212 -17.1961362823

/group/rca2/45
45
posId 45
-6.23641739958 13.2813692306 -17.4864749708
-6.20575159047 13.2740277843 -17.5094630886
-6.17397487314 13.2667676674 -17.5280335112
-6.14247796737 13.2598432132 -17.542332152
-6.11223895787 13.2534353572 -17.5524304197
-6.0837661123 13.2476477105 -17.5582204775
-6.05715279676 13.2425169041 -17.5594164575
-6.03222150601 13.2380331487 -17.5556569531
-6.00871274762 13.2341651426 -17.5466705129
-5.98646607726 13.2308832105 -17.5324453416
-5.96554674865 13.2281758043 -17.5133432989
-5.94628976271 13.2260567547 -17.4901166724
-5.92925775648 13.2245632481 -17.4638179148
-5.91513281006 13.2237466922 -17.435627248
-5.90457821659 13.2236599147 -17.4066495117
-5.89811055343 13.2243443071 -17.3777414017
-5.89601472396 13.2258197311 -17.3494202518
-5.89831832853 13.2280786569 -17.3218791109
-5.90482247946 13.2310846094 -17.2950986663
-5.91517018889 13.2347740082 -17.2690156817
-5.9289254276 13.2390601251 -17.243690057
-5.94563766336 13.2438381096 -17.2194140519
-5.96487659762 13.2489905995 -17.1967271577
-5.98623573746 13.2543939579 -17.1763320457
-6.00931606024 13.2599253611 -17.1589405317
-6.03370778187 13.2654706481 -17.1451025815
-6.05898686127 13.2709321421 -17.1350780235
-6.08473414731 13.276234872 -17.1287974396
-6.11057252607 13.2813291571 -17.1259296918
-6.13620607127 13.2861877199 -17.1260379285
-6.16143975836 13.2907964894 -17.1287752017
-6.18616149443 13.2951399024 -17.1340551193
-6.21027970871 13.2991833781 -17.1421377103
-6.23362612884 13.3028571455 -17.1535949105
-6.25584916962 13.3060461941 -17.1691565482
-6.27633283456 13.3085904318 -17.1894752146
-6.29417509048 13.3102971865 -17.2148752
-6.30824738079 13.3109653527 -17.2451582163
-6.31733601297 13.3104174637 -17.2795242594
-6.32034231491 13.3085335711 -17.3166338137
-6.31649878498 13.3052797417 -17.3547973211
-6.30554923883 13.300724629 -17.3922416267
-6.28784566915 13.2950398706 -17.4273819457

/group/rca2/48
48
posId 48
-6.07425467847 13.3323672767 -17.4634273665
-6.11829491403 13.3368121255 -17.4482826361
-6.15538946919 13.339360094 -17.4316225589
-6.18352274127 13.3393524311 -17.4126538968
-6.20260861647 13.3363805691 -17.3901008908
-6.21390769286 13.3305387183 -17.3634222565
-6.21908366593 13.3224667031 -17.3335864046
-6.21935339249 13.3131452633 -17.3029755238
-6.21509466673 13.3035344858 -17.2744693693
-6.20602111693 13.2942309071 -17.2502081263
-6.19174774869 13.2853143981 -17.2307117658
-6.17239554079 13.2764625303 -17.2148462789
-6.14889880089 13.2672745323 -17.2006742523
-6.12286428304 13.2576386882 -17.1867490828
-6.09608038442 13.2479523708 -17.1731637447
-6.06995458679 13.2390765614 -17.1617811246
-6.0451771194 13.2320404111 -17.1554960537
-6.0217668242 13.2276382485 -17.1568888809
-5.99943627665 13.2261167643 -17.1669584506
-5.97804082053 13.2271056803 -17.1845934183
-5.95784467354 13.2298237832 -17.2070656492
-5.93946096613 13.2334556905 -17.2313005243
-5.92352870844 13.2375123605 -17.2552713178
-5.91035879009 13.2420011448 -17.2787926898
-5.8998131629 13.247331117 -17.3032929903
-5.8915517927 13.2540140861 -17.3306719518
-5.88555736872 13.2623217888 -17.361828298
-5.88265191526 13.2720749161 -17.3956231725
-5.88466729135 13.2826642879 -17.4288344554
-5.8940657952 13.2932800197 -17.4571603312
-5.91307153603 13.3032170825 -17.4768016647
-5.94263809313 13.3120912519 -17.4858620823
-5.98170499732 13.3198547138 -17.4848995695

/group/rca2/51
51
posId 51
-6.21148193059 13.3473721071 -17.304191622
-6.21824036178 13.3710728957 -17.3420892883
-6.22089598869 13.3942686637 -17.380609373
-6.21979763096 13.4159969644 -17.41798779
-6.21521142299 13.4354227699 -17.4527071877
-6.20728542263 13.4519179881 -17.4836450702
-6.19606261972 13.4651206711 -17.5101698724
-6.18153358249 13.474964195 -17.5321716065
-6.16371088116 13.4816703353 -17.5500231954
-6.1427029782 13.4857052255 -17.564478823
-6.11876635827 13.4877028698 -17.5765249236
-6.09232089823 13.4883662348 -17.5872062869
-6.063923288 13.4883599597 -17.5974530519
-6.03420433969 13.4882106331 -17.6079336201
-6.003785627 13.4882299065 -17.6189539071
-5.97319677237 13.4884724785 -17.6304157061
-5.94281539159 13.4887356308 -17.6418375916
-5.91284694738 13.4886004177 -17.6524323012
-5.88335255027 13.4875078981 -17.6612264405
-5.85432112168 13.4848581215 -17.6672028923
-5.82577095174 13.4801159244 -17.6694441988
-5.79785721458 13.4729065929 -17.6672565451
-5.77095853802 13.4630862776 -17.6602583353
-5.74571829389 13.4507763593 -17.6484237692
-5.72302459483 13.4363569985 -17.6320790883
-5.70392547844 13.4204217808 -17.6118560188
-5.68948987606 13.4037015472 -17.5886123493
-5.68063769721 13.3869701257 -17.5633328606
-5.67797089405 13.3709470354 -17.537024748
-5.68163968417 13.3562120085 -17.5106204587
-5.69127343601 13.3431435419 -17.4848980716
-5.70599473747 13.3318892338 -17.4604257279
-5.72451989242 13.32237025 -17.4375329329
-5.74533248928 13.3143168989 -17.41630841
-5.76690207782 13.3073278675 -17.3966219332
-5.78791036599 13.3009428628 -17.3781662593
-5.80744474872 13.2947175171 -17.3605147123
-5.82512406432 13.2882903871 -17.3431897925
-5.84113336826 13.2814343076 -17.3257380202
-5.8561609725 13.2740876109 -17.3078058124
-5.87124885078 13.2663640922 -17.2892104804
-5.88758329437 13.2585434693 -17.269999607
-5.90626336438 13.2510460032 -17.250491489
-5.92808819356 13.2443957866 -17.231289482
-5.95339993545 13.2391770654 -17.2132643866
-5.98200807596 13.2359871805 -17.1975016954
-6.01320518084 13.2353887444 -17.1852145091
-6.04586708985 13.2378629149 -17.1776278161
-6.07861543889 13.2437653841 -17.1758448826
-6.11001009198 13.2532870474 -17.1807108023
-6.13873545062 13.2664220807 -17.1926908672
-6.16374814034 13.2829470037 -17.2117815879
-6.18436325704 13.3024147933 -17.2374695216

/group/rca2/54
54
posId 54
-6.14919349252 13.3737358617 -17.2956525883
-6.14333670823 13.401877622 -17.3310852846
-6.13479988427 13.4267227237 -17.363208858
-6.12448857979 13.4467908785 -17.3900101199
-6.1125801853 13.4621795353 -17.4115623424
-6.0984282591 13.4740727323 -17.4294563406
-6.08081376109 13.4837657004 -17.4455603097
-6.05852608909 13.4917378563 -17.4607556125
-6.03109495572 13.4972694591 -17.4742910755
-5.99938233382 13.498799498 -17.4840669725
-5.96574970895 13.4948224619 -17.4876756466
-5.93365670669 13.4848308669 -17.4836395357
-5.90677409784 13.4697824199 -17.4721968349
-5.88791070138 13.45182069 -17.4552326395
-5.87815914055 13.4333748399 -17.4354058672
-5.87660363403 13.4160982856 -17.4149412351
-5.8807218873 13.4002009257 -17.3947227466
-5.88733937902 13.3845326929 -17.3741559424
-5.89377511084 13.3673884413 -17.3518529645
-5.89874738026 13.3476271759 -17.3267570449
-5.90271440514 13.3255296175 -17.2990924581
-5.90755765712 13.3029468561 -17.270623128
-5.91577202509 13.282654301 -17.2440753001
-5.92949815032 13.2672327315 -17.2220288651
-5.949754441 13.2580407442 -17.2058690769
-5.97610559105 13.2547943002 -17.1953619272
-6.00680884918 13.2559543515 -17.1890854563
-6.03930160619 13.2597058316 -17.1854895264
-6.07080607018 13.2650072306 -17.184011518
-6.09884862771 13.2721570796 -17.185630246
-6.12158785324 13.2825785262 -17.1925239216
-6.13795136668 13.2979329606 -17.2069660408
-6.14764150895 13.3190252718 -17.2300025633

/group/rca2/57
57
posId 57
-6.1452126015 13.4192796359 -17.2909786474
-6.12816972859 13.451917526 -17.3240256884
-6.10855936125 13.4780727653 -17.3515169236
-6.0875575138 13.4933088649 -17.3691534217
-6.06418331935 13.4969483792 -17.3764752701
-6.03685983651 13.492185019 -17.3767008468
-6.00556012355 13.4838815437 -17.3743283977
-5.97289216399 13.4754724339 -17.3720900528
-5.94324346033 13.4670128921 -17.3692937736
-5.92054138065 13.4556277447 -17.3626174831
-5.90622192398 13.4379665489 -17.3487218366
-5.89886284226 13.4129277186 -17.3268297236
-5.89572460525 13.3828085334 -17.2995280204
-5.89505272008 13.3522052394 -17.2713612592
-5.89745608666 13.3255579988 -17.2463294794
-5.90538078639 13.3050839628 -17.2260672944
-5.92111367159 13.2904091302 -17.2098417962
-5.94481946837 13.2798880185 -17.1961044944
-5.97405168791 13.2724075607 -17.1842411307
-6.00504823811 13.2682747012 -17.175172487
-6.03478951677 13.2686619484 -17.1704934688
-6.06226318188 13.2742914897 -17.1710428969
-6.08803440341 13.2846135207 -17.1762169814
-6.11254981846 13.2982423097 -17.1846595246
-6.1345870322 13.3142757826 -17.1957439389
-6.15114789092 13.3332812646 -17.2105022465
-6.15897062023 13.3568963639 -17.2310001659

/group/rca2/60
60
posId 60
-5.9693597313 13.4505910476 -17.288553037
-6.00010865217 13.4771651824 -17.3042143747
-6.0349560814 13.4936699345 -17.3128778619
-6.0714818113 13.5009034817 -17.3152396903
-6.10722018121 13.5011681509 -17.3130031083
-6.13971217281 13.4963877862 -17.3076182866
-6.16678892355 13.4869274087 -17.299475322
-6.18697204895 13.4717865748 -17.2880062681
-6.19974078083 13.4499607805 -17.2725758051
-6.20544808301 13.422032288 -17.2535487463
-6.20485922361 13.3909018818 -17.2328096286
-6.198525667 13.3610951549 -17.2133419508
-6.18634579453 13.3369575097 -17.1980530378
-6.1676050742 13.32076122 -17.1885078329
-6.14154825788 13.3118535779 -17.1843216658
-6.10824011562 13.3074007659 -17.1835986502
-6.06928415807 13.3043553615 -17.1841964193
-6.02800155356 13.3015386162 -17.185103921
-5.98891660228 13.3006211485 -17.1871307528
-5.95672527633 13.3053841373 -17.1924836738
-5.93516593155 13.3196128216 -17.2034368169
-5.92624104173 13.3447605788 -17.2208250628
-5.93004748877 13.3786717203 -17.2432029934

/group/rca2/63
63
posId 63
-6.03579615996 13.4796887491 -17.2554459199
-6.09414523615 13.4798546434 -17.2629891397
-6.14246744518 13.47535138 -17.2675768667
-6.17289080504 13.4648137719 -17.2677113165
-6.18807473299 13.445243172 -17.2626614348
-6.19596052409 13.4164673097 -17.2533841845
-6.20116995723 13.3833380281 -17.2422071153
-6.20114465969 13.3531614778 -17.2314143715
-6.19018462083 13.3306093112 -17.2219451944
-6.1668014603 13.3149259787 -17.2133385394
-6.13680010713 13.3020501794 -17.2048868508
-6.10900736576 13.2894830101 -17.1968287901
-6.08794241732 13.2791151597 -17.1904199994
-6.07064216753 13.2753563637 -17.186857112
-6.05057114809 13.2806347157 -17.1861700377
-6.02451826248 13.2929184279 -17.187220461
-5.99567941863 13.3077882983 -17.1888382248
-5.97031173056 13.3229154624 -17.1909931965
-5.9519908747 13.3402945251 -17.1948571581
-5.93976202862 13.3637895766 -17.2016892325
-5.93206910547 13.3942799582 -17.2116042394
-5.93188533657 13.4272048908 -17.2233528407
-5.94674692286 13.4550558203 -17.2352169842

/group/rca2/66
66
posId 66
-6.04184285179 13.4502462678 -17.2139479858
-6.09439711716 13.4502130684 -17.2382137357
-6.12762876448 13.428166223 -17.2516593748
-6.13340911431 13.3902429253 -17.2510601679
-6.12415473039 13.3498382373 -17.2433043304
-6.11597445479 13.3167197832 -17.2366724703
-6.11050251239 13.2923159383 -17.2320423493
-6.09697267115 13.2741594437 -17.224229672
-6.06909771615 13.261688014 -17.2102826547
-6.03361300454 13.2563501833 -17.1934364075
-6.001074253 13.2582790022 -17.1785768371
-5.9739417654 13.2659232587 -17.1667063741
-5.94856587945 13.2790443906 -17.1561191097
-5.92614676004 13.2993773803 -17.1475187898
-5.91483449371 13.326654617 -17.1446459132
-5.91908688863 13.3556205627 -17.1491060597
-5.93241459239 13.3797140593 -17.1573370817
-5.94594443363 13.397870554 -17.165149759
-5.9620357466 13.4151151886 -17.1740666879

/group/rca2/69
69
posId 69
-6.05617410934 13.4263875232 -17.1926164719
-6.07454176751 13.4202595435 -17.2085127064
-6.09004803035 13.4070209511 -17.2217424766
-6.10193862318 13.3873279213 -17.2316625315
-6.10975098667 13.3622419448 -17.2378939301
-6.11338375588 13.3331183067 -17.2403800902
-6.11312555548 13.3014649852 -17.23940861
-6.10963829126 13.2687882864 -17.2355930381
-6.10389564711 13.2364429822 -17.229815631
-6.09708301829 13.2055040355 -17.2231369403
-6.09046993496 13.1766742831 -17.216682223
-6.08526954999 13.1502380313 -17.2115176381
-6.08250153324 13.1260649546 -17.2085306017
-6.08287450113 13.1036626615 -17.208328351
-6.08670192967 13.0822705338 -17.2111667218
-6.09386161101 13.060982665 -17.2169176388
-6.10380359066 13.0388844823 -17.2250792671
-6.11560579108 13.0151863238 -17.2348277369
-6.12807089029 12.9893379785 -17.245104448
-6.13985317144 12.9611108777 -17.2547287861
-6.14960058513 12.9306388752 -17.2625231475
-6.15609558987 12.8984138346 -17.2674358336
-6.158378656 12.8652378697 -17.2686477813
-6.15584058278 12.8321393588 -17.2656512062
-6.14827369555 12.8002641238 -17.2582917481
-6.13587706434 12.770755902 -17.246770212
-6.11921648177 12.7446411464 -17.231604901
-6.09914535951 12.7227321649 -17.213560252
-6.07669728087 12.705559842 -17.1935514152
-6.05296412357 12.6933430463 -17.1725370962
-6.02897506483 12.6859968825 -17.1514140848
-6.00559124887 12.6831768474 -17.1309263077
-5.98342852861 12.6843513588 -17.1115990671
-5.96281681231 12.6888916341 -17.0937056562
-5.94379966359 12.6961659467 -17.0772692315
-5.92617255246 12.7056251006 -17.0620982316
-5.9095532096 12.7168675596 -17.0478493537
-5.89347352296 12.7296757848 -17.0341086642
-5.87747983708 12.7440195636 -17.0204792692
-5.86122768507 12.7600268589 -17.0066633582
-5.8445579866 12.7779273355 -16.9925274175
-5.82754443231 12.7979776034 -16.9781418494
-5.8105057785 12.820379832 -16.9637897916
-5.79398156238 12.8452063785 -16.9499441325
-5.77867468548 12.8723423056 -16.9372160141
-5.76536875389 12.9014552288 -16.9262819339
-5.75483143027 12.9319981594 -16.9177994079
-5.74771690718 12.9632463871 -16.9123226694
-5.74448071784 12.994364606 -16.9102298537
-5.74531844984 13.0244960695 -16.9116715781
-5.75013674205 13.0528621728 -16.9165479596
-5.75856064533 13.0788589762 -16.9245173179
-5.76997658244 13.1021370777 -16.9350355756
-5.78360538875 13.1226529677 -16.9474212551
-5.79859588089 13.1406833606 -16.9609375312
-5.81412661887 13.1567985831 -16.9748804733
-5.82950236934 13.1717963461 -16.9886617275
-5.84423240325 13.1866024439 -17.0018745541
-5.8580800964 13.2021494557 -17.0143342853
-5.87107705069 13.2192477559 -17.0260876181
-5.88349963188 13.2384646356 -17.0373892749
-5.89581082092 13.2600268715 -17.0486489261
-5.90857494568 13.2837596641 -17.0603552852
-5.92235658428 13.309070786 -17.0729874466
-5.93761721295 13.3349834928 -17.0869254023
-5.95462369836 13.3602159218 -17.1023719994
-5.97338141769 13.383299029 -17.119297312
-5.99360177956 13.4027203172 -17.1374136645
-6.01470958521 13.4170772801 -17.1561856767

/group/rca2/72
72
posId 72
-6.04334738731 13.4275072106 -17.1412481976
-6.07864820399 13.4002346201 -17.1761667531
-6.09569413495 13.3747604835 -17.1898664081
-6.10358484163 13.3554466643 -17.1942754379
-6.09484434408 13.3381907792 -17.1794606578
-6.08012008496 13.3237903363 -17.1582727659
-6.06701950734 13.3096493736 -17.1390799646
-6.04440454155 13.31456275 -17.113483043
-6.02735861059 13.3400368866 -17.0997833879
-6.01946790391 13.3593507058 -17.0953743582
-6.00283669968 13.3838697763 -17.0819218656

/group/rca2/75
75
posId 75
-6.1117708163 13.4274392379 -17.1814664363
-6.10258267768 13.4612791885 -17.1914074639
-6.08674472204 13.4954897843 -17.1929526903
-6.06794244756 13.5268764784 -17.1888232454
-6.04994130215 13.5541014956 -17.1830442151
-6.03553419201 13.5777591592 -17.1796265764
-6.02586616445 13.599832592 -17.1813390755
-6.02032074586 13.6227460916 -17.1889481248
-6.01695446964 13.6483514589 -17.2011268842
-6.013285558 13.6771891447 -17.2150018711
-6.00714228895 13.7082500833 -17.2271006994
-5.99728710066 13.7392773449 -17.2343575082
-5.98364268909 13.7674582101 -17.2348538955
-5.96710877142 13.7902346213 -17.228104809
-5.94910844515 13.8059437517 -17.2148834883
-5.93108500312 13.814090007 -17.1967438457
-5.91415689958 13.8152050653 -17.1754819449
-5.89904218236 13.8104106995 -17.1527552977
-5.88622862958 13.8008992699 -17.1299680151
-5.87625053763 13.787553424 -17.1083844313
-5.86988623052 13.770842544 -17.0893186562
-5.8681311053 13.7509977283 -17.0742126715
-5.87191157533 13.728338156 -17.0644758091
-5.88163807216 13.7035539719 -17.0610871291
-5.89679236592 13.6777726093 -17.0641023871
-5.91576120827 13.6523375328 -17.0722949942
-5.93605202959 13.628367705 -17.083151378
-5.95488265272 13.606283124 -17.0933301058
-5.96998043684 13.585524556 -17.0995184908
-5.98031998034 13.5646411535 -17.0994471963
-5.98651904907 13.5417842594 -17.0927235561
-5.990710731 13.5154796342 -17.0811646893
-5.99588553133 13.4854190492 -17.0684548035
-6.00488845646 13.452970855 -17.059172829
-6.01939241261 13.421180578 -17.0574596733
-6.03919734419 13.3941970493 -17.0657371653
-6.06210942417 13.3762606148 -17.0838971984
-6.0844660337 13.3705547582 -17.1092412029
-6.10215484877 13.3782886615 -17.1372105271

/group/rca2/78
78
posId 78
-6.12091756385 13.4910667035 -17.1877234007
-6.14575077301 13.4416361476 -17.1758860616
-6.1485666302 13.4168626507 -17.1576648435
-6.13414460982 13.4090780786 -17.1324064931
-6.11865232267 13.4015102053 -17.1059732166
-6.10618206959 13.4007234713 -17.0893674621
-6.09211004911 13.4186996466 -17.087239534
-6.07728123574 13.4458486217 -17.0922230499
-6.06405418977 13.4679653348 -17.0948193513
-6.04969452322 13.4896219083 -17.0955651638
-6.03640512342 13.517396287 -17.1030637916
-6.03541632587 13.540687665 -17.122311387
-6.04946251855 13.5506735277 -17.1490285136
-6.0654239525 13.5558840732 -17.1739846966
-6.07600479212 13.5582571869 -17.189576313

/group/rca2/81
81
posId 81
-6.00423727156 13.6954374059 -17.1651501538
-6.03415860699 13.688344682 -17.1944865912
-6.04653196916 13.6982721399 -17.2182833114
-6.0540211085 13.7072837644 -17.2354103931
-6.04686154792 13.7239646419 -17.2419819052
-6.03133551223 13.7515179601 -17.2484135137
-6.0262509456 13.7787171813 -17.2670063606
-6.01703025695 13.8018337821 -17.2769514388
-5.98891356395 13.8171723191 -17.2572518227
-5.96673565112 13.8158537876 -17.2295428888
-5.96063263216 13.8060175594 -17.2133249039
-5.94614618676 13.7994377068 -17.1900385365
-5.93264318984 13.7798343783 -17.1561147986

/group/rca2/84
84
posId 84
-6.03853294739 13.6899515355 -17.1211490289
-6.06821631207 13.6861881643 -17.150148002
-6.08589833354 13.7001859562 -17.1806149991
-6.09093436768 13.7278330253 -17.2085134437
-6.08682592121 13.7599042024 -17.2301304411
-6.07833162438 13.7885692625 -17.2442439344
-6.06850583852 13.8119749999 -17.2526469493
-6.05758959177 13.8333962763 -17.2582602025
-6.04403554521 13.8564530461 -17.2623534271
-6.02642640486 13.8810923578 -17.2633530144
-6.004793424 13.903653808 -17.2583190901
-5.98074385767 13.9201005827 -17.2457079799
-5.95681043818 13.9287168152 -17.2268609523
-5.93568265845 13.9297894787 -17.2049156283
-5.91956641769 13.9233835873 -17.1823070621
-5.90959081428 13.9083523802 -17.1593230105
-5.90538590293 13.8840918108 -17.1350732415
-5.90532461482 13.853114855 -17.1098421013
-5.90774104677 13.821118592 -17.0864586885
-5.91257149322 13.7935787906 -17.0693025909
-5.92208997443 13.771739353 -17.0618401308
-5.93969911478 13.7521026446 -17.0649045412
-5.96717566882 13.7305398195 -17.0770604325

/group/rca2/87
87
posId 87
-6.02546398458 13.769036437 -17.077051721
-6.05197551554 13.7862334771 -17.1129782101
-6.05705308075 13.8125934176 -17.1345933674
-6.04743773634 13.8427118694 -17.144786741
-6.03441271854 13.8715097968 -17.1509288617
-6.02186483549 13.8949903867 -17.1541232223
-6.00465372318 13.9121870937 -17.1489165026
-5.97767120465 13.9263044746 -17.1325501001
-5.94367546275 13.9414994764 -17.1102742282
-5.91121161454 13.9567969571 -17.0895049794
-5.88693062723 13.9641131009 -17.071335572
-5.87209837445 13.9544919725 -17.0512359871
-5.86550563421 13.9271491945 -17.0275675754
-5.86647205051 13.891420506 -17.0056538065
-5.87379405246 13.8589232452 -16.9917833755
-5.88446907616 13.8342278014 -16.9860510529
-5.89677697906 13.8138505655 -16.9846133015
-5.91431076305 13.7936041434 -16.9881754695
-5.94340329552 13.7752286127 -17.0038068703

/group/rca2/90
90
posId 90
-6.26938731861 13.556216043 -17.092237667
-6.23749597721 13.5878835846 -17.0801943847
-6.21633375951 13.5924034733 -17.0654510956
-6.19972839516 13.5816054366 -17.0480105295
-6.18172254915 13.5680823444 -17.0283563391
-6.16737883536 13.5493650043 -17.0094474105
-6.16437639679 13.5192730254 -16.9947751062
-6.1712336574 13.4840510084 -16.9857339179
-6.18145702057 13.4559844393 -16.9822611839
-6.19505994634 13.4366904972 -16.9850294457
-6.21714738628 13.4189284867 -16.9950775861
-6.24630181769 13.4030727052 -17.0114473298
-6.27334027605 13.3990727847 -17.0310110815
-6.29315780982 13.4100262387 -17.0510339592
-6.30931321138 13.4261739405 -17.0703115752
-6.32274874397 13.4414679622 -17.087107065
-6.32388369705 13.4653540864 -17.0977747079

/group/rca2/93
93
posId 93
-6.20499809689 13.5728124664 -16.9893334078
-6.24657850115 13.589052095 -17.0215232808
-6.27905118443 13.5955844236 -17.0453167177
-6.30083960226 13.5905623451 -17.0592238087
-6.31857257545 13.5760155955 -17.0682539685
-6.3355851744 13.5551281455 -17.0754007133
-6.34849239537 13.5280377997 -17.0783629113
-6.3538233472 13.4932231628 -17.074417262
-6.35284887729 13.4538507224 -17.0651318075
-6.34733331415 13.4201498976 -17.0539597595
-6.3339080323 13.4024955747 -17.0408510456
-6.30752374714 13.401962796 -17.0225633886
-6.27061689607 13.4097364051 -16.9988461089
-6.23447920982 13.4168219021 -16.9755080072
-6.20872475173 13.4230775704 -16.9591393675
-6.19171215277 13.4355175426 -16.9501443922
-6.1752176147 13.4589000041 -16.9439003262
-6.15827786087 13.4901631532 -16.9390738582
-6.15207769657 13.5221198251 -16.9417955768

/group/rca2/96
96
posId 96
-6.27007023212 13.6045435889 -16.9786387802
-6.31562924238 13.6010250549 -17.0101985656
-6.34742368424 13.5862560565 -17.0307668005
-6.36432554106 13.564399773 -17.0400442223
-6.37602457344 13.5413488584 -17.0455286895
-6.390324746 13.5197119763 -17.0530060492
-6.40423536279 13.497212266 -17.0601079354
-6.40813567743 13.4710084152 -17.0597458584
-6.39712075159 13.4433075978 -17.0487383232
-6.3760236017 13.42144404 -17.0313449589
-6.35289924328 13.4114980723 -17.0139384639
-6.3296480662 13.4121254303 -16.9976936353
-6.30145233031 13.4157090816 -16.978328114
-6.26555582129 13.4162479868 -16.9531975891
-6.22824092112 13.415911948 -16.9269680608
-6.20079347923 13.4233159449 -16.908579629
-6.18860011142 13.4452034997 -16.9026105992
-6.18629297793 13.4799528497 -16.9051016758
-6.18522944559 13.5189587626 -16.9089690759
-6.18499046814 13.5534896467 -16.912885864
-6.19522038721 13.5795564279 -16.9231491521

/group/rca2/99
99
posId 99
-6.26666350394 13.6117897151 -16.9097026405
-6.29894749772 13.6314681107 -16.9376044782
-6.33126458806 13.6445150604 -16.9649520887
-6.35935177138 13.6488030578 -16.9881023862
-6.3820958736 13.6429577694 -17.0060323278
-6.40068555358 13.6276999047 -17.0197688912
-6.41614673312 13.6051818829 -17.0303325483
-6.42774285457 13.5772418996 -17.0372871265
-6.43364936167 13.5447672227 -17.0392309237
-6.432919508 13.5090776131 -17.0355119086
-6.42648937547 13.4737578768 -17.0272032153
-6.41608191288 13.4444314325 -17.0161946395
-6.40218094512 13.4258156239 -17.0032918374
-6.3833493527 13.4183450213 -16.9873675945
-6.35788139953 13.4176565851 -16.9666565096
-6.32636964762 13.4179954756 -16.9411348102
-6.29268010223 13.4170167135 -16.9137317848
-6.26222736869 13.417919439 -16.8891181981
-6.2389994416 13.4269685734 -16.8710766746
-6.22397875157 13.4484144402 -16.8607762448
-6.2162370237 13.4810185141 -16.8573556916
-6.21537752955 13.5188554698 -16.8599741353
-6.22272527247 13.5552855801 -16.8691241693

/group/rca2/102
102
posId 102
-6.33573066408 13.6146712524 -16.895717353
-6.36404440493 13.6361295646 -16.9272357152
-6.39145231773 13.6455879436 -16.9563744979
-6.41393308382 13.6422598756 -16.9789312985
-6.43040076906 13.6284172287 -16.9940723835
-6.44220523032 13.6066375259 -17.0034888008
-6.4508885337 13.5782038069 -17.0089110104
-6.45643857609 13.5440997396 -17.010445875
-6.45751155216 13.5071485443 -17.0070631168
-6.45300818539 13.4725514287 -16.9982704215
-6.4431409339 13.4457125819 -16.984939785
-6.42891363969 13.4291230835 -16.9683983841
-6.41081550102 13.4212487852 -16.9489599051
-6.38846238079 13.4185725446 -16.9258057289
-6.36188277459 13.4189246224 -16.8987019788
-6.3332194438 13.423006939 -16.8699221864
-6.30687154899 13.4328274466 -16.8442026962
-6.2874498539 13.4488241608 -16.8263056869
-6.2771099373 13.4687194784 -16.8181566519
-6.27465117727 13.4893356688 -16.8181442135
-6.27727584607 13.5095257675 -16.8232719656
-6.28343582606 13.5311238001 -16.8321810668
-6.29413138416 13.5566905915 -16.8462034962

/group/rca2/105
105
posId 105
-6.34298298168 13.6202721183 -16.8065175887
-6.36299757749 13.6468507821 -16.8396744766
-6.38489987293 13.6599711229 -16.8723628859
-6.4064590562 13.6600601982 -16.9016505665
-6.42697767953 13.6513916383 -16.9275532184
-6.44623243338 13.6384180491 -16.9507705168
-6.46324715644 13.6224697795 -16.9702769008
-6.47626932356 13.6015446961 -16.983242308
-6.48397573896 13.5732353285 -16.98732822
-6.48657942974 13.538149726 -16.9829607778
-6.48555115668 13.5008676621 -16.9731680785
-6.4820840134 13.4677226752 -16.9609962605
-6.47578383943 13.4433911502 -16.9469634607
-6.46495858596 13.4290156027 -16.9290299625
-6.44836175979 13.4229407345 -16.9051307814
-6.42680257652 13.4228516592 -16.8758431009
-6.40311087823 13.4273064895 -16.8446838206
-6.38049259164 13.4358134282 -16.8158943749
-6.36082513394 13.4482389615 -16.7919933768
-6.34443943408 13.4646973943 -16.7734558221
-6.3314275494 13.4859612894 -16.7605806819
-6.32299804901 13.5133104261 -16.7552968817
-6.32137358744 13.5470697537 -16.7606949669

/group/rca2/108
108
posId 108
-6.40649653662 13.6421074836 -16.7764195969
-6.42257822312 13.6621034525 -16.8116118922
-6.44080342961 13.6693803652 -16.8459148677
-6.4599063874 13.6656305505 -16.8777432703
-6.4785975559 13.65426124 -16.9060925636
-6.49559086845 13.6382497172 -16.9298082992
-6.50975200986 13.6187166729 -16.9473262642
-6.52030778503 13.5950140439 -16.9570680882
-6.52698583217 13.5661765201 -16.9582104533
-6.52997075138 13.5327469611 -16.9512709765
-6.52966277789 13.4977541175 -16.9380435723
-6.5263503276 13.4661329845 -16.9208193048
-6.51998025395 13.4428281258 -16.9012992957
-6.51017885668 13.4306410685 -16.8798504466
-6.49655114099 13.4290806759 -16.855608372
-6.47913098163 13.4349228822 -16.8274625148
-6.4587570147 13.444199801 -16.7954306761
-6.43716621135 13.4544948038 -16.7616540397
-6.4167247807 13.4662189365 -16.7303926284
-6.39988871631 13.4821126539 -16.7069073582
-6.38861317836 13.5052336576 -16.6957040922
-6.38394546073 13.5365708251 -16.6989610237
-6.38593623264 13.5736560602 -16.7158709732

/group/rca2/111
111
posId 111
-6.50445303615 13.6785707745 -16.8245829758
-6.53081476523 13.665656287 -16.872820104
-6.55342511111 13.645115791 -16.9094838987
-6.56847207979 13.6194158188 -16.9278971877
-6.57670773615 13.5907297451 -16.9307008633
-6.58100418123 13.56112109 -16.9248772176
-6.58289212755 13.5328376029 -16.9147187373
-6.58153873644 13.5081157922 -16.8996113069
-6.57573175525 13.488509232 -16.8778142523
-6.56622815929 13.4743733567 -16.851074078
-6.55560577149 13.4651040217 -16.824435492
-6.54565390739 13.4600431608 -16.8012813402
-6.53522726194 13.4593056951 -16.7792939251
-6.52124180726 13.4638139902 -16.7525372233
-6.50224745348 13.4745375069 -16.7184867435
-6.48108729244 13.4916401644 -16.6831194226
-6.46368184755 13.5142567705 -16.6582814282
-6.45465061852 13.5409546525 -16.6528387868
-6.45373157436 13.5702660006 -16.6655178043
-6.45646337388 13.6006743529 -16.6863129795
-6.45865436296 13.6300978924 -16.7054967191
-6.46051646847 13.6555507331 -16.7220227542
-6.46655396201 13.6736091865 -16.743527488

/group/rca2/114
114
posId 114
-6.62336399979 13.5441743326 -16.8438118174
-6.62544855613 13.5880690785 -16.8769810875
-6.62269855687 13.6213130577 -16.8917892948
-6.6147604404 13.6449786813 -16.8880831595
-6.6028658228 13.666830643 -16.8737858026
-6.5895134836 13.6914560945 -16.8577975991
-6.5770413169 13.7150677286 -16.8432549137
-6.56629928025 13.7295604198 -16.8269750056
-6.55659147145 13.7309620656 -16.8047478298
-6.54689128062 13.7232977895 -16.7767138085
-6.53716911318 13.7139943744 -16.7475742583
-6.52862848829 13.7058515441 -16.7219952929
-6.52274298385 13.6941471405 -16.7004534856
-6.52013181663 13.6720523919 -16.680036459
-6.52038986645 13.6387970531 -16.6592841656
-6.52295857811 13.6019701275 -16.6417419628
-6.52804506321 13.5712268985 -16.634106939
-6.53655460848 13.5495976678 -16.6404828525
-6.54902677518 13.5314085365 -16.6585095796
-6.56461160576 13.5094182584 -16.6815095805
-6.58112754706 13.4843728628 -16.704764887
-6.59619714269 13.4672409208 -16.7296589548
-6.60841125958 13.4711331927 -16.7612585494

/group/rca2/117
117
posId 117
-6.66009596947 13.5194499322 -16.730530042
-6.67349992716 13.525618006 -16.7716032322
-6.68166287984 13.5406698612 -16.8059109635
-6.68464698477 13.5631851309 -16.8324514412
-6.68324213288 13.5909100933 -16.8514915719
-6.67827815006 13.6209347445 -16.8628655018
-6.67046138893 13.6502059196 -16.8659579773
-6.6606239737 13.6761874237 -16.8609168991
-6.64985929947 13.6973033073 -16.8493819636
-6.63922458178 13.7129426764 -16.8336897827
-6.6292535416 13.7231282403 -16.8152924122
-6.61981392407 13.7281507184 -16.7940738799
-6.61053901012 13.7283794677 -16.7693532383
-6.60147154956 13.7242069116 -16.741568196
-6.59330859688 13.7159538124 -16.712854708
-6.58701267466 13.7036903408 -16.6858554801
-6.58319363064 13.6871590202 -16.6619964691
-6.58190903772 13.6660347645 -16.6411648021
-6.58310216426 13.64051436 -16.623370042
-6.58720334366 13.6118932232 -16.6108338113
-6.59516854052 13.5826903534 -16.6081961813
-6.60771533681 13.5561550711 -16.6200579514
-6.62431001158 13.5354199806 -16.6475633632

/group/rca2/120
120
posId 120
-6.707563384 13.5436362925 -16.6943065977
-6.72169484552 13.5445773547 -16.7382196657
-6.73247131901 13.5507427787 -16.7777651227
-6.73897214191 13.5594430292 -16.8071594648
-6.74160899664 13.5694111854 -16.8262426867
-6.74146937452 13.5812585486 -16.8389933667
-6.73925090613 13.5968387577 -16.8495889468
-6.73468559314 13.6178606597 -16.8591167061
-6.72694696986 13.6444748176 -16.8652370551
-6.71569664203 13.6745763192 -16.8645828508
-6.70186730568 13.7042093257 -16.8555844746
-6.68747853312 13.728906807 -16.8394008145
-6.67457989239 13.7453294556 -16.8185357702
-6.66414435426 13.7524159163 -16.7947605456
-6.65578152993 13.7514977836 -16.7683716554
-6.64846873612 13.7453461272 -16.7393482917
-6.64167532461 13.7366447138 -16.7090651132
-6.63596802705 13.726664353 -16.6806543873
-6.63265602903 13.7148032701 -16.657418249
-6.63284481923 13.6992149932 -16.6406568379
-6.63672430677 13.6781903652 -16.6290456529
-6.64364868597 13.6515729708 -16.6204517633
-6.65283475541 13.621463264 -16.6148350877
-6.66396589741 13.5918195326 -16.61563679
-6.67711146546 13.5671171098 -16.6280437978

/group/rca2/123
123
posId 123
-6.68184471013 13.7097903877 -16.6651997741
-6.67908230058 13.7392209696 -16.7074254881
-6.68240722709 13.7551640919 -16.749088716
-6.68960799304 13.7588998475 -16.7838761858
-6.69813993391 13.7553324475 -16.8107016253
-6.70690068712 13.7487290909 -16.8329523994
-6.71663659007 13.7398123713 -16.8548380107
-6.72871825111 13.7263000216 -16.877590373
-6.74337551116 13.7060257754 -16.8982047348
-6.75890230274 13.6797291594 -16.9113641556
-6.77249475328 13.6511281683 -16.9128364182
-6.7820069779 13.6244049859 -16.9017892463
-6.78716850015 13.6014862896 -16.8806376484
-6.78931069602 13.5815453182 -16.8530813376
-6.78993387786 13.5630368762 -16.8221848009
-6.78939588509 13.546243296 -16.7898508741
-6.7868176476 13.5338612998 -16.7575093895
-6.78117899616 13.5289939426 -16.726771937
-6.77252459865 13.5323712446 -16.6991270106
-6.76214098966 13.5414652892 -16.6750365923
-6.7515381069 13.5525620656 -16.653697656
-6.74119419488 13.5641591963 -16.6342688234
-6.73028438431 13.5786638683 -16.617869828
-6.71775517593 13.6005981517 -16.6085373563
-6.7038708836 13.6324408834 -16.6117646568

/group/rca2/126
126
posId 126
-6.74935076618 13.6503777696 -16.6223539306
-6.76618340481 13.6233689406 -16.6354951121
-6.78046872224 13.6017682178 -16.6541521013
-6.79194763268 13.5859589471 -16.6779387091
-6.80080798539 13.5753499969 -16.7053554748
-6.80737341136 13.5689769911 -16.7341261304
-6.81185172435 13.5660983325 -16.7620939012
-6.81424600901 13.5665108931 -16.7881351866
-6.81442239945 13.5704927803 -16.8125052088
-6.8122432902 13.5784857898 -16.8363522156
-6.80766006633 13.5907437262 -16.8606371087
-6.80071519603 13.6071424829 -16.8850750664
-6.79148568695 13.6272091025 -16.9077410239
-6.78005024821 13.650276529 -16.9256239305
-6.7665460619 13.6756042892 -16.9358743261
-6.75130840634 13.7023594919 -16.9370782894
-6.73500697947 13.7294840483 -16.9298522642
-6.71866365959 13.7555891247 -16.9164191435
-6.7034851423 13.7790328761 -16.8993934793
-6.69054874968 13.7982334593 -16.8804502766
-6.68048023729 13.8121063359 -16.8596207821
-6.67329446411 13.8203972905 -16.8356076643
-6.66850492112 13.8236946813 -16.8069386693
-6.66547365092 13.8230558014 -16.7733069824
-6.6638397783 13.8193963715 -16.7363438006
-6.66380823858 13.8129471936 -16.6993888179
-6.66613733542 13.8030806769 -16.6663814395
-6.67181002577 13.7886389429 -16.6404715768
-6.68153469621 13.7686376368 -16.6230775294
-6.69531181238 13.7430121827 -16.6138370001
-6.71227455557 13.713031242 -16.6113789891

/group/rca2/129
129
posId 129
-6.78740000592 13.6831236852 -16.5941050962
-6.76220517847 13.7206740278 -16.5977612301
-6.73840651797 13.7542710973 -16.6088927504
-6.71808054319 13.7808048351 -16.6272607246
-6.70255951653 13.7985824545 -16.6514711151
-6.69216659144 13.8076498915 -16.6793137251
-6.68628250137 13.8095357017 -16.7083951166
-6.68370277795 13.8065401929 -16.7368186007
-6.68313939987 13.8008576687 -16.7636449196
-6.68367572672 13.7938663805 -16.7889575086
-6.68501429724 13.7858343005 -16.8135186225
-6.68744844798 13.776108703 -16.8381695159
-6.69160161456 13.7636603714 -16.8632299754
-6.69806610821 13.7477202194 -16.88814784
-6.70710155278 13.7282292828 -16.9115405404
-6.71851337868 13.7059242914 -16.9316044147
-6.73174393792 13.6820525655 -16.9467137249
-6.74611257506 13.6578755767 -16.955954311
-6.76107821726 13.634208605 -16.9593683362
-6.77639487974 13.6112180846 -16.9578123509
-6.7920864597 13.588572318 -16.952496984
-6.80825590908 13.5658727795 -16.9444122854
-6.82482482473 13.543158051 -16.9338905822
-6.84133590428 13.5212315322 -16.9204986387
-6.85692569277 13.5016369116 -16.9033087472
-6.870499054 13.4862612383 -16.8814347632
-6.881043235 13.4767163208 -16.8546037442
-6.88795013374 13.4737592148 -16.8235159786
-6.89120249681 13.4770108965 -16.7898336224
-6.89133126617 13.4851156436 -16.7557940089
-6.88914705367 13.4962989531 -16.7236019302
-6.88534859671 13.5091066495 -16.6948486081
-6.88017169613 13.5230180539 -16.6701938086
-6.87323559975 13.5386632547 -16.6494360258
-6.86366987383 13.5575275037 -16.631930838
-6.85049189009 13.581234232 -16.6171691669
-6.83309886492 13.610676989 -16.6052583256

/group/rca2/132
132
posId 132
-6.80958800381 13.7410255761 -16.6030707981
-6.77841247666 13.77629592 -16.6239634885
-6.749900684 13.8046425044 -16.6485789992
-6.72726560415 13.8218122229 -16.6756348024
-6.71222559908 13.8256860563 -16.7042257622
-6.70460874137 13.8168905024 -16.7338585864
-6.7026725597 13.7984510915 -16.764216051
-6.70398048809 13.7746491577 -16.7947832689
-6.70644926615 13.7495542534 -16.8245438577
-6.7091273099 13.725810028 -16.8519281008
-6.71240209675 13.7041127017 -16.8750781054
-6.71759795132 13.683507622 -16.8923406004
-6.72619284918 13.6622840619 -16.9027795071
-6.73903431769 13.6390226839 -16.9064755041
-6.75590683905 13.6133352534 -16.9044633622
-6.77561690502 13.5860245833 -16.8983140944
-6.79650987655 13.5586851304 -16.8895274939
-6.81713527332 13.5330196743 -16.8789885901
-6.83672483924 13.5102486007 -16.8667174991
-6.85526008588 13.4908976547 -16.8520154945
-6.87312336829 13.4750234418 -16.8339372601
-6.89054009092 13.4626931682 -16.8118778535
-6.90712426952 13.4544000093 -16.7860163691
-6.92178457374 13.4511354076 -16.7574267988
-6.93306089306 13.4540327707 -16.7278180077
-6.93973517891 13.4637436961 -16.6990295698
-6.94140775043 13.4798795454 -16.6725137358
-6.93872970668 13.5008545064 -16.6490303621
-6.93313865954 13.524290177 -16.6286752533
-6.92618683564 13.5478653049 -16.6112042449
-6.91876207047 13.5702508374 -16.5964795872
-6.91057866823 13.5916838258 -16.5848141241
-6.90021330755 13.6138579399 -16.577044235
-6.88572159878 13.6390984296 -16.5742962368
-6.86560071402 13.6691188636 -16.5775584662

/group/rca2/135
135
posId 135
-6.77509691768 13.8086164747 -16.6976577992
-6.75102707981 13.8108172666 -16.737294237
-6.73269117065 13.8037511768 -16.7746046073
-6.72192011602 13.7875609619 -16.8063214142
-6.71889947312 13.7639627022 -16.830728463
-6.72224645959 13.7358262624 -16.8478697705
-6.72963593893 13.7063319355 -16.8591586096
-6.7387143535 13.678023051 -16.8665756341
-6.74793051365 13.6521274913 -16.8717912247
-6.75696044016 13.6284151436 -16.8755503013
-6.76658601678 13.6056370605 -16.8775237196
-6.77812149532 13.5823509477 -16.8766234271
-6.79266469413 13.5577811149 -16.8715912957
-6.81050367777 13.5323562742 -16.8615825682
-6.83091727141 13.507715211 -16.8465045866
-6.85241738752 13.4862015456 -16.8270109563
-6.87328321199 13.4700818256 -16.8042185742
-6.89212155875 13.4608240501 -16.7793304279
-6.90820211197 13.4587260395 -16.7533610861
-6.92144630356 13.4630128352 -16.7270765624
-6.93212617056 13.4723112916 -16.7011263277
-6.94046697546 13.4852548677 -16.676234983
-6.94637958392 13.5009392688 -16.6532920027
-6.94946384433 13.5190474599 -16.6332441619
-6.94926869132 13.5396372496 -16.6168207578
-6.94564911922 13.5627489397 -16.6042385628
-6.93899983596 13.5880658196 -16.5950760153
-6.93020295947 13.6148137811 -16.5884449526
-6.92027601925 13.6419458258 -16.5834462701
-6.90987329735 13.6684964811 -16.5797397076
-6.89889310491 13.6938931566 -16.5779663532
-6.88642092509 13.7180276042 -16.5797883372
-6.87109649672 13.7410149806 -16.58745314
-6.85179358031 13.7627396711 -16.6029932942
-6.82833715388 13.782419288 -16.627346872

/group/rca2/138
138
posId 138
-6.81675662562 13.8138275033 -16.7054743826
-6.7934626657 13.814042382 -16.7415099318
-6.77345124896 13.8059486342 -16.7769397448
-6.75862290576 13.7904288808 -16.8083374158
-6.7498155242 13.7692279023 -16.8334599559
-6.74665460032 13.7444104642 -16.8517731081
-6.74785135328 13.7178159521 -16.8642833102
-6.75181157688 13.6907092988 -16.8727813572
-6.7572917408 13.6637241547 -16.8788548506
-6.76382928026 13.6370610805 -16.8831133275
-6.77178296894 13.610801886 -16.884955783
-6.7819955046 13.5851739029 -16.8829515568
-6.79525370437 13.5606506188 -16.8756237297
-6.81179969083 13.5378754777 -16.8622489167
-6.83110747612 13.5174907154 -16.8432964733
-6.85200591023 13.4999953875 -16.820314383
-6.87306603838 13.4857273842 -16.795337804
-6.893054921 13.4749814651 -16.7701209852
-6.91124096197 13.4681848034 -16.7455685674
-6.92742173331 13.4660029994 -16.7216351269
-6.94168930628 13.4692716811 -16.6977263282
-6.95407876532 13.4787342241 -16.6733861169
-6.96429943245 13.4946739544 -16.6489125525
-6.97170021301 13.5166045808 -16.6255788334
-6.97549531028 13.5431835158 -16.6053298216
-6.97513703173 13.5724314927 -16.5900848093
-6.97063852566 13.6022106786 -16.5809783427
-6.96266432025 13.630790882 -16.577913817
-6.95231568815 13.657277754 -16.5796652516
-6.94068986694 13.6817185188 -16.584504249
-6.92841332501 13.7048269071 -16.5910729573
-6.91537858209 13.7274276499 -16.5990926269
-6.90083298272 13.7498434364 -16.6095570291
-6.88381009871 13.7714788456 -16.6242877087
-6.86373162841 13.7907804196 -16.6450214219

/group/rca2/141
141
posId 141
-6.84428231733 13.7864912389 -16.7481534269
-6.82060011387 13.7776469209 -16.7845220676
-6.80247967316 13.7588226934 -16.8171494231
-6.79155208844 13.7317130004 -16.8430985749
-6.78754793833 13.6994601127 -16.8614922792
-6.78875382584 13.6656407354 -16.8732831692
-6.79312299849 13.6332080848 -16.8801344599
-6.79940705776 13.6038439199 -16.8831081991
-6.80768523885 13.5779356213 -16.8819402697
-6.81902901963 13.5550722063 -16.8753081211
-6.83454106379 13.5347238766 -16.8618932479
-6.85435914304 13.5167430177 -16.8415633229
-6.87721842985 13.5014909657 -16.8159288413
-6.90082474597 13.4896383651 -16.7879048937
-6.92281144131 13.4818589792 -16.7605058493
-6.94171579403 13.4786449627 -16.735564608
-6.95741163203 13.4803307398 -16.7131230389
-6.97076723039 13.4872294713 -16.6918521569
-6.98276054767 13.4996886016 -16.670257195
-6.99360180408 13.5179265159 -16.6479596343
-7.00239895152 13.5416850167 -16.6262995529
-7.00756602968 13.5699053836 -16.6078981876
-7.00772011915 13.6006854888 -16.5954309137
-7.00251247835 13.6316513579 -16.5903265213
-6.9928746093 13.6606383395 -16.5921547443
-6.9805117012 13.6863639238 -16.5990610156
-6.9669356889 13.7087234796 -16.608989903
-6.95262257183 13.7285022312 -16.6209685877
-6.93682448476 13.7465985552 -16.6356767312
-6.91819093539 13.7631335835 -16.6549392726
-6.89587206949 13.7769193857 -16.6804078924

/group/rca2/144
144
posId 144
-6.87311112648 13.7961784091 -16.7773780621
-6.84852879516 13.7838154261 -16.812096193
-6.83063081718 13.7622963445 -16.8414921346
-6.82041740396 13.7340073021 -16.8635337394
-6.81670405975 13.7018710856 -16.8787363375
-6.81712913587 13.6683962928 -16.8892192726
-6.81967224034 13.6352549954 -16.8969515985
-6.82380596679 13.6034956529 -16.902245984
-6.83063779759 13.5740896208 -16.9034019815
-6.84199926048 13.5483230382 -16.8977127966
-6.85905338207 13.5276888349 -16.8832371318
-6.88126257412 13.5133072628 -16.860276732
-6.90633384663 13.5052649468 -16.8316621433
-6.9311743246 13.5023750472 -16.8016402188
-6.95329362712 13.5026403528 -16.77397319
-6.97183131457 13.5042703921 -16.7503229585
-6.98761665448 13.5067234751 -16.7298337531
-7.00224587902 13.5111571239 -16.7101344747
-7.01674536084 13.5199509885 -16.6891624906
-7.03063227873 13.5354716231 -16.6667412348
-7.04194384275 13.5586934537 -16.6449974594
-7.04822491733 13.588412061 -16.6273886274
-7.04788691587 13.6214989896 -16.6169247264
-7.04112153782 13.6540986644 -16.6146351878
-7.0298099738 13.6831584585 -16.6191787146
-7.01646271902 13.7074979003 -16.6278134288
-7.0028070936 13.7278695578 -16.6381380091
-6.98886329554 13.7460085428 -16.6495564332
-6.97307795563 13.7632095361 -16.6635796002
-6.95347022562 13.7792120963 -16.68276304
-6.92914582008 13.791988922 -16.7088887708

/group/rca2/147
147
posId 147
-6.85082469633 13.7227104164 -16.9001200843
-6.8507513234 13.7749840785 -16.8845839291
-6.85411607354 13.8183186462 -16.8678248878
-6.86222372637 13.8481150231 -16.8497394237
-6.87609454754 13.8633153749 -16.8294881071
-6.89569468142 13.8661469591 -16.8064437819
-6.91959929165 13.8606879447 -16.7810016076
-6.94529311982 13.8509872305 -16.7548004537
-6.96999508528 13.8395951648 -16.7302280123
-6.99162664892 13.8270766473 -16.7094695549
-7.00946501483 13.8125487257 -16.6936075128
-7.02417339391 13.7947896343 -16.6822558232
-7.03720576231 13.7732497685 -16.673931997
-7.04988851052 13.748444981 -16.6669796867
-7.06263241201 13.7216214128 -16.660561324
-7.07465107307 13.6940110893 -16.6551994176
-7.08429898247 13.6662116932 -16.6525790153
-7.08983007602 13.6381131081 -16.6547105355
-7.09017597317 13.6094319219 -16.6628886623
-7.08535197701 13.5805168785 -16.67699186
-7.07630854923 13.5528869567 -16.6954898099
-7.06434272855 13.5290829506 -16.7161543591
-7.05041115069 13.5117965519 -16.7370977922
-7.03472631039 13.5026791229 -16.7575860236
-7.01685294316 13.5014763753 -16.7781879957
-6.99624256447 13.5060320381 -16.800169187
-6.97290144013 13.5132844885 -16.8244373072
-6.94781050341 13.5208515395 -16.8505931863
-6.92284600362 13.5284379612 -16.8766000807
-6.90021750806 13.5383119466 -16.8992777998
-6.88170218822 13.5544997769 -16.9154105533
-6.86807018802 13.5809590417 -16.9229435908
-6.85900144315 13.619511462 -16.9216950769

/group/rca2/150
150
posId 150
-6.90930056902 13.8076545372 -16.8944951344
-6.92647205419 13.8417417066 -16.8667787889
-6.94720811902 13.8641445165 -16.8387341352
-6.96902428159 13.8721787847 -16.8137213304
-6.99004665561 13.8668210967 -16.7934068529
-7.00950842024 13.8520762202 -16.7774300949
-7.02771312207 13.8331414463 -16.7639723761
-7.04551750638 13.8142428124 -16.7509205473
-7.06360968137 13.7971376646 -16.7370507573
-7.08194022694 13.7809148102 -16.7226779085
-7.09956889041 13.763069919 -16.7095041067
-7.11497136277 13.7412227953 -16.6998029939
-7.1266228614 13.7145768902 -16.6953907369
-7.13355227003 13.684418743 -16.6969052739
-7.13559937409 13.6534951707 -16.7037188917
-7.13328029853 13.6246968219 -16.7144588714
-7.12737665555 13.5998099607 -16.7277957523
-7.11850009545 13.5790103213 -16.7430425814
-7.1068769413 13.5613265208 -16.7602448869
-7.09245681794 13.5457473217 -16.779747496
-7.07525582383 13.5322901165 -16.8015286361
-7.05570701451 13.5223795824 -16.824725921
-7.03478525929 13.5182848455 -16.8476692605
-7.0138033623 13.5219093119 -16.8684428641
-6.9939701522 13.5336171479 -16.885684205
-6.97595094081 13.5517941046 -16.8991681588
-6.95969019154 13.5734602719 -16.909814233
-6.94462864058 13.59567572 -16.9190542639
-6.93023584589 13.617016576 -16.9278516897
-6.91659568078 13.6383068192 -16.9358809966
-6.90472774685 13.6621365066 -16.9413327629
-6.89643847614 13.6913150698 -16.9415158016
-6.89372221553 13.726983231 -16.9340260565

/group/rca2/153
153
posId 153
-6.98577492059 13.7780177946 -16.9234345177
-7.00344774576 13.8146675576 -16.8962423736
-7.02338107195 13.8359108179 -16.8711557274
-7.04427075712 13.8403577306 -16.8498158784
-7.06532557729 13.8326669679 -16.8316897952
-7.08590507396 13.8194134285 -16.815566889
-7.10537527002 13.8044675788 -16.8009818129
-7.1231585632 13.7873726532 -16.7886173713
-7.13872562574 13.7655304415 -16.7797049519
-7.15139543547 13.7378769107 -16.7751956313
-7.16012606079 13.7067496397 -16.77544262
-7.16363411738 13.6765063429 -16.7804701678
-7.16096032225 13.6504032306 -16.7902966845
-7.15215915266 13.628682569 -16.804802423
-7.13854151388 13.6095613587 -16.8232212122
-7.12213213316 13.5920736228 -16.8438728748
-7.10459949177 13.5779974879 -16.8646575807
-7.08640523278 13.5709486954 -16.8841263409
-7.06686216512 13.5733749463 -16.9022603648
-7.0451635018 13.5842322265 -16.9201262022
-7.02170255006 13.5996611563 -16.9384177395
-6.99872325735 13.6163277083 -16.9559018315
-6.97976979397 13.6345609792 -16.9690761307
-6.96823336372 13.6583132852 -16.9735787213
-6.96590863989 13.6915313353 -16.9665857431

/group/rca2/156
156
posId 156
-7.07132544793 13.8081143769 -16.9405811582
-7.03592129593 13.7982135192 -16.9743806496
-7.01391763535 13.7747629546 -16.9997737412
-7.00717191766 13.7397422757 -17.0146168609
-7.01113375358 13.7016641968 -17.0207725278
-7.02029677296 13.6698719505 -17.0207374855
-7.03258229844 13.6476980017 -17.0155036283
-7.0489570064 13.6313332793 -17.0051826683
-7.07002308961 13.6153411401 -16.9906211986
-7.09400974909 13.5989342581 -16.9735838421
-7.11803922371 13.5867872509 -16.9554283039
-7.1403538798 13.5843430064 -16.9363275322
-7.16045238708 13.5931946871 -16.9163205384
-7.17729603239 13.6111459271 -16.8968823078
-7.18853182027 13.6356890042 -16.8807282898
-7.19235606214 13.6659909733 -16.869663743
-7.18984215985 13.7010683614 -16.8629894627
-7.18425704455 13.7370868258 -16.8587907119
-7.17720880929 13.7680185905 -16.8571750325
-7.16574151845 13.7896134291 -16.8618326397
-7.1443809215 13.8021155531 -16.8775394871

/group/rca2/159
159
posId 159
-7.13547267283 13.7899541406 -16.9936060805
-7.09459426782 13.7896953749 -17.0259555353
-7.06969059588 13.770597589 -17.0497348259
-7.06035214413 13.7451613519 -17.0625802143
-7.06175091455 13.7201344747 -17.0668552264
-7.07233053053 13.6929982763 -17.0643308372
-7.0889922943 13.6676621562 -17.0566146044
-7.10832792552 13.6529875587 -17.0444941123
-7.13340218916 13.646130028 -17.0261596786
-7.16662908426 13.6381787814 -17.0016198049
-7.19759958652 13.6354301083 -16.9777440762
-7.21234847281 13.6533044967 -16.9622500327
-7.21253438198 13.6894837638 -16.9543256948
-7.20960627591 13.7248299745 -16.9490405028
-7.20218070164 13.7506244155 -16.9493616458

/group/rca2/162
162
posId 162
-7.17025952668 13.8407917146 -17.0515174717
-7.13095070393 13.8441636785 -17.0770952756
-7.09594430272 13.838318969 -17.1012476819
-7.06985950489 13.829750493 -17.1198990746
-7.05195356539 13.8180585036 -17.1336047304
-7.03947736614 13.798169524 -17.1449780669
-7.03148482977 13.7675314878 -17.1550436571
-7.02943576708 13.7302519166 -17.1621942223
-7.03487135887 13.6942435065 -17.1641774644
-7.04741043849 13.6652686584 -17.1603515124
-7.06523436223 13.6444254508 -17.151753422
-7.08687966977 13.6307190062 -17.1395094639
-7.1117402473 13.6243267988 -17.123994541
-7.13872037915 13.626195795 -17.1057891457
-7.16516144762 13.6351494625 -17.0868413604
-7.18794771532 13.6474158472 -17.0698059001
-7.2057547852 13.6604675779 -17.0559547108
-7.21948453723 13.6769134078 -17.0442837631
-7.22974915125 13.7028137711 -17.0334453047
-7.23398560072 13.7406870663 -17.024750077
-7.22692887131 13.7841816032 -17.0226806038

/group/rca2/165
165
posId 165
-7.20520403396 13.8914972406 -17.107393098
-7.15955583907 13.8875912078 -17.1292511405
-7.12307775063 13.8765151821 -17.1471842792
-7.09916921228 13.8623213334 -17.1593443524
-7.08447269195 13.8454510692 -17.1672963742
-7.07297730674 13.8235289305 -17.1740276244
-7.06138921266 13.7946650786 -17.1812095333
-7.05160789791 13.7603225396 -17.187856357
-7.04871590604 13.7252959188 -17.1912789408
-7.05654838379 13.6948841612 -17.1893496254
-7.0746346274 13.6717148788 -17.1821374832
-7.09881024566 13.6548769028 -17.1716690876
-7.12454159002 13.6419363197 -17.1602351954
-7.14983983761 13.6319075456 -17.1488359049
-7.17533985181 13.6265071063 -17.1370698278
-7.20188701409 13.6286426696 -17.1243660358
-7.22824488418 13.6396094251 -17.1112344949
-7.25127527121 13.6576329003 -17.0992661236
-7.26844943578 13.6791706988 -17.0898666546
-7.28016186096 13.7018497607 -17.0829882159
-7.28929899649 13.7263343505 -17.0772242194
-7.29799409882 13.755246287 -17.07141026
-7.30429859824 13.7898372506 -17.0663962767
-7.3020301532 13.8272150044 -17.0652810699
-7.28463424878 13.8606729918 -17.0715632743

/group/rca2/168
168
posId 168
-7.26729571805 13.7662759309 -17.1498507573
-7.25201486508 13.724373108 -17.1517661015
-7.2331157421 13.6948506097 -17.1552802037
-7.21065695671 13.6774725749 -17.1603653538
-7.1855092346 13.6695314902 -17.1666507711
-7.16055381005 13.6699359107 -17.173313554
-7.13818257296 13.6792906985 -17.1797481485
-7.11782466646 13.6969725938 -17.1860744865
-7.09748491198 13.7195912023 -17.1926494962
-7.07806827218 13.743070682 -17.1990230204
-7.06507532813 13.7658435737 -17.203650561
-7.06464535962 13.7891779845 -17.2049632348
-7.07756154405 13.8141829201 -17.2028095432
-7.09790751714 13.8391647524 -17.1986771885
-7.11847133188 13.8606142742 -17.1943054679
-7.13750074822 13.8765716325 -17.1900601096
-7.15951877642 13.8879660592 -17.1847850076
-7.18908704905 13.8958011221 -17.1773175935
-7.22403205036 13.8973081907 -17.168094189
-7.25531508553 13.8861471191 -17.1591949195
-7.27369669169 13.8576675868 -17.1528401193

/group/rca2/171
171
posId 171
-7.23233497703 13.7515341767 -17.1996877957
-7.1972626023 13.8245066804 -17.2136712859
-7.15581343216 13.8077803461 -17.2177929779
-7.14943663675 13.7948701335 -17.2171818076
-7.14624823905 13.7596192927 -17.213407237

/group/rca2/174
174
posId 174
-7.17801267286 13.8181107929 -17.2509423912
-7.21167829046 13.8574578172 -17.2493916426
-7.24043415039 13.8481851782 -17.243015592
-7.26258272743 13.8274594697 -17.2365044095
-7.28264815868 13.8175921481 -17.2316551213
-7.29928815721 13.7911877442 -17.225487153
-7.30146734639 13.7535983357 -17.2206586719
-7.28001363359 13.7389268577 -17.2228723552
-7.2459427289 13.733436833 -17.2284859593
-7.22127939095 13.712653577 -17.2305694197
-7.2074159555 13.7002007154 -17.231649788
-7.18735052424 13.7119067439 -17.2367156776
-7.16242538413 13.729770143 -17.243399855

/group/rca2/177
177
posId 177
-7.18795228379 13.8187317522 -17.2833950711
-7.21754021787 13.8512480821 -17.2703076
-7.25062456668 13.8508058201 -17.2554462174
-7.28165807528 13.8424077722 -17.2414567444
-7.3009357394 13.8290607257 -17.2327164124
-7.30490086493 13.7940517228 -17.2307193286
-7.30163121953 13.7462580089 -17.2318924975
-7.29770871795 13.7131165839 -17.233449397
-7.28826661784 13.6949422919 -17.2375776952
-7.26803305269 13.6727061575 -17.2465274988
-7.24247651867 13.6524179084 -17.2578799575
-7.21897082485 13.6554164973 -17.2684552236
-7.19657503775 13.6750046031 -17.2786345068
-7.17443615967 13.6900411494 -17.2886702885
-7.16135860667 13.7102019483 -17.2946681588

/group/rca2/186
186
posId 186
-7.33189395299 13.7475743286 -17.3420388173
-7.31533307794 13.7458939925 -17.3843500473
-7.30056376806 13.7522791264 -17.4148441171
-7.29001135574 13.7656686518 -17.4285249866
-7.28205288603 13.7906296943 -17.4251937308
-7.27397943765 13.824536564 -17.4139302102
-7.26677495608 13.8534724797 -17.4050925682
-7.26437274996 13.8678156066 -17.3978342442
-7.26800426961 13.8749498133 -17.3823428616
-7.27429632124 13.8876259512 -17.3552126383
-7.28049652047 13.9037196439 -17.3251700528
-7.28904036809 13.9077525368 -17.3004339916
-7.3041034353 13.8919606809 -17.277855343
-7.32462288204 13.8655210741 -17.251622911
-7.34354250008 13.840084456 -17.2284077128
-7.35402832301 13.8158783309 -17.2248240812
-7.35423022794 13.7886004116 -17.2493774484

/group/rca2/189
189
posId 189
-7.38058396868 13.7763421036 -17.3587398691
-7.39096622607 13.7866163308 -17.3096046727
-7.39855376574 13.7959687809 -17.2712003165
-7.39964773324 13.8094860844 -17.24919389
-7.39283515649 13.8342830447 -17.2387508796
-7.38145778544 13.8666223096 -17.2335898503
-7.37021647502 13.8937841405 -17.2349742467
-7.3602155648 13.9087852374 -17.248607888
-7.34902622492 13.9179323638 -17.2741969675
-7.33555448789 13.9305688497 -17.302808415
-7.32292444806 13.9446822162 -17.326564928
-7.31532214464 13.9479491052 -17.3479404149
-7.31309171803 13.9330202773 -17.3757135382
-7.31285680356 13.9066831595 -17.4121552311
-7.3125941612 13.8810565391 -17.4477294285
-7.31477261728 13.8593112654 -17.4697672507
-7.32323397372 13.8352377 -17.4736364199
-7.33793573888 13.80632484 -17.462879505
-7.35448219181 13.7813238126 -17.4405687545

/group/rca2/192
192
posId 192
-7.38644440164 13.896561033 -17.4097586298
-7.38356808154 13.9241609455 -17.3672536129
-7.3868986897 13.9349126725 -17.3290282706
-7.39580992919 13.92872742 -17.2983131079
-7.40732201465 13.9123655305 -17.275772507
-7.41820015602 13.893984476 -17.2604517679
-7.42714425382 13.8774060315 -17.2508550846
-7.43528902154 13.8606216877 -17.245570959
-7.44467364174 13.8392997346 -17.2435414714
-7.45604648554 13.8118549412 -17.2443691813
-7.46789027615 13.7815634682 -17.2487325264
-7.47746059217 13.7540553109 -17.2584643823
-7.48288457019 13.7326973794 -17.2757883303
-7.48447559556 13.7162019406 -17.3018152918
-7.48413931123 13.7006970985 -17.335195999
-7.48343366956 13.6843858883 -17.3720255911
-7.48202536311 13.6704768871 -17.4073574976
-7.47793127998 13.6654999081 -17.4374764254
-7.4693594127 13.6742091177 -17.4613721723
-7.45654520396 13.6954269906 -17.480309439
-7.44195863283 13.7225629213 -17.4957579899
-7.42866068342 13.7485864634 -17.5072111765
-7.41819920293 13.7713274105 -17.5115774815
-7.40984852386 13.794534966 -17.5047134335
-7.4018420447 13.8236377709 -17.4841042782

/group/rca2/195
195
posId 195
-7.44287037094 13.9189895143 -17.4105075614
-7.44081891717 13.9352390343 -17.3659029137
-7.44330955168 13.938846191 -17.3305285295
-7.45167287794 13.9264623906 -17.3057264931
-7.46517501682 13.9003352569 -17.2892191038
-7.48123387653 13.8671074608 -17.2778472828
-7.49672094253 13.8341698486 -17.2703061589
-7.50948742 13.8060142986 -17.2679418344
-7.51914820455 13.7828654376 -17.2732223137
-7.52671380334 13.7621572586 -17.2872549372
-7.53345947684 13.7414490597 -17.308377114
-7.53988796884 13.7205592771 -17.3329384584
-7.54546896875 13.7015406386 -17.3576488488
-7.54919673643 13.6868870628 -17.3816362997
-7.5504022002 13.677668733 -17.4065800942
-7.54913622224 13.6731718763 -17.4347788973
-7.54586446042 13.6722445506 -17.4666259162
-7.5408185659 13.675061303 -17.4994485168
-7.53364186681 13.6836253549 -17.5286451481
-7.52371552438 13.7003537438 -17.5502934453
-7.51095768532 13.7257271079 -17.5632571468
-7.49643603072 13.7569112001 -17.5691783625
-7.48220498351 13.7886767962 -17.5703558593
-7.47034790317 13.8162311717 -17.5671635405
-7.46184705254 13.8380157819 -17.5570877542
-7.45611382925 13.8563549683 -17.5363003321
-7.45159273776 13.8752823044 -17.5027757409

/group/rca2/198
198
posId 198
-7.48947910964 13.9483843808 -17.4880902876
-7.48008403699 13.9698622182 -17.4499946332
-7.47327396723 13.9857378136 -17.4137546654
-7.47053047334 13.9927440429 -17.3820129736
-7.47234388788 13.9898122933 -17.3552888602
-7.4779809893 13.9785648557 -17.3321226201
-7.48600659231 13.9621520024 -17.3103631231
-7.49518088445 13.9432697786 -17.2888645407
-7.50510317153 13.9227428356 -17.2685670729
-7.51615734698 13.8996485434 -17.2522912612
-7.52880871105 13.8728719334 -17.2433628133
-7.54276763059 13.8429575898 -17.2439070543
-7.5566507402 13.8128708967 -17.2538477406
-7.56844724638 13.7869893465 -17.2711888407
-7.57654590012 13.7688557995 -17.2933434354
-7.58066745171 13.759128441 -17.318623357
-7.58206231016 13.7551328793 -17.3469294425
-7.58277984055 13.752445875 -17.379222953
-7.58441228029 13.747634213 -17.4161557127
-7.5870741354 13.7404866807 -17.4567727147
-7.5892567945 13.7343387752 -17.4981375363
-7.58866601631 13.7342508962 -17.536124342
-7.58354260889 13.7441279217 -17.5668779189
-7.57367109943 13.7645149517 -17.5880503199
-7.5604850425 13.7923603173 -17.5991225606
-7.54624746173 13.8227937863 -17.6007586952
-7.53285393157 13.8517265864 -17.5937767144
-7.52101247661 13.8776298868 -17.5785274907
-7.51027624696 13.9014567826 -17.5551203896

/group/rca2/201
201
posId 201
-7.54435238842 13.9496460704 -17.3559974969
-7.57249077895 13.8943032673 -17.3729528979
-7.58605923939 13.8627211102 -17.3517600051
-7.5828410835 13.8636492141 -17.3174177523
-7.57522684491 13.8753450282 -17.2931532447
-7.56799281866 13.8868059828 -17.2721950132
-7.55674292205 13.9063962808 -17.2502020988
-7.54279424927 13.9342581776 -17.2443618447
-7.53206373238 13.9590724282 -17.2601486519
-7.52393011408 13.9788573238 -17.2779696722
-7.51735463492 13.9946424159 -17.2911190328

/group/rca2/204
204
posId 204
-7.65384327884 13.8508194008 -17.3985118149
-7.65033215998 13.8714722605 -17.4387134465
-7.64565832566 13.8924535596 -17.4728489387
-7.63922781891 13.9137322629 -17.4972277318
-7.63007449878 13.9368074152 -17.5104587673
-7.6178265097 13.9626164494 -17.5130795586
-7.60337379979 13.9898523999 -17.5065913006
-7.58871413047 14.0150073672 -17.4926553669
-7.57601769113 14.0341883266 -17.4728313977
-7.56650990034 14.0454241192 -17.4486759339
-7.55992290858 14.0497849052 -17.4217516118
-7.55489153331 14.0504705001 -17.3933122206
-7.55002904268 14.0504838881 -17.3638951488
-7.54496337309 14.0505212716 -17.3333186419
-7.54066096161 14.048541224 -17.3013611869
-7.53886842314 14.0412586713 -17.2688259404
-7.54109479547 14.0264473256 -17.2382282308
-7.54782199086 14.0044206822 -17.2134205771
-7.55840340866 13.977745353 -17.1981252404
-7.57158706693 13.9495775343 -17.1941519483
-7.58617949432 13.9219893617 -17.2004382461
-7.6013488458 13.8955495062 -17.2136374391
-7.616430567 13.870355347 -17.2300135065
-7.63053659314 13.8475275879 -17.2475222657
-7.64242724224 13.8297964948 -17.2667802026
-7.65086326369 13.8205279236 -17.2902982109
-7.65521607216 13.8217994239 -17.3204520233

/group/rca2/207
207
posId 207
-7.63044815052 13.9913933435 -17.3384821825
-7.64675740459 13.9784364125 -17.3824224659
-7.65908942378 13.9531270458 -17.3822745579
-7.66603840892 13.9296907855 -17.3624529296
-7.67463083874 13.9083085014 -17.3542869115
-7.68635441438 13.8824011154 -17.3501732249
-7.6939358316 13.8577469236 -17.3305161821
-7.692789412 13.8465051545 -17.3012826069
-7.68595184534 13.8486504455 -17.2757896129
-7.67652110892 13.8561427196 -17.2503813858
-7.66418908973 13.869226758 -17.2242278098
-7.65036158694 13.8923646002 -17.2131187433
-7.63852659282 13.9203980577 -17.2213158277
-7.62909585639 13.9444838914 -17.2316068664
-7.62151443917 13.9650629737 -17.2424967478

/group/rca2/213
213
posId 213
-7.51432383777 14.0550551698 -16.5909500198
-7.53338097579 14.0269286307 -16.6125993001
-7.54491020636 13.9984827291 -16.6070625195
-7.55021754699 13.977899843 -16.5923056897
-7.5440198282 13.9808638047 -16.5751842739
-7.52518259543 14.0079171493 -16.5525643017
-7.50501517401 14.04049413 -16.5342377768
-7.48884907573 14.0672380747 -16.5205750952
-7.46979193771 14.0953646138 -16.4989258149
-7.45006432678 14.127731262 -16.4818142819
-7.44297622984 14.1491657669 -16.4916517099
-7.45139451544 14.145139854 -16.5149075194
-7.46801118139 14.1191484606 -16.5313930979

/group/rca2/216
216
posId 216
-7.54770503115 14.075921176 -16.5601426298
-7.60237041879 13.9696081309 -16.5859183806
-7.58414862291 13.9759660909 -16.5347463819

/group/rca2/258
258
posId 258
-8.35616294082 13.745156704 -17.6482323086
-8.34228235927 13.7772529656 -17.6689263798
-8.32932109976 13.799987031 -17.6903357279
-8.31790847781 13.8127037598 -17.7112915232
-8.30756133196 13.8158354818 -17.7327115102
-8.29748468798 13.811057639 -17.7558278106
-8.28736648587 13.8010581968 -17.7805388644
-8.27759788165 13.7885996309 -17.8052045326
-8.2688488814 13.7752184992 -17.8279364557
-8.2614506997 13.7604368909 -17.8481578343
-8.25517438642 13.7422312821 -17.8669458694
-8.24964663689 13.7187007202 -17.8856538587
-8.24508665358 13.689947316 -17.9037794671
-8.24272735534 13.6588520008 -17.9178324123
-8.244467341 13.6300370318 -17.922384362
-8.25186584212 13.6075094366 -17.9129164636
-8.26511770509 13.5924541886 -17.8886667982
-8.282721804 13.5826722996 -17.8535077054
-8.30210539292 13.5741543848 -17.8141452494
-8.32080643482 13.5638893794 -17.7767588933
-8.33742882194 13.5521687386 -17.7442765568
-8.3517603975 13.5429343398 -17.7160197176
-8.36405701246 13.5419419568 -17.6897773395
-8.37409905642 13.553849596 -17.6646805604
-8.38077757738 13.5799167613 -17.6427587622
-8.38255660837 13.6174915536 -17.6280899989
-8.37849219375 13.6612878061 -17.6242344462

/group/rca2/261
261
posId 261
-8.39180072926 13.7090180998 -17.5665315916
-8.36865166993 13.7319060632 -17.5979131479
-8.34603683964 13.7375500469 -17.6311351139
-8.32778509003 13.728952526 -17.6599655099
-8.31394941885 13.7147101617 -17.683005504
-8.3018935612 13.7029502707 -17.702981866
-8.28941614229 13.6948892562 -17.7230261557
-8.27698623986 13.6838772914 -17.7434515738
-8.26725138631 13.6614350827 -17.7615683686
-8.2626847291 13.6254733532 -17.7739692519
-8.26386496893 13.5835375879 -17.7786242635
-8.26992743176 13.5480152636 -17.7749361933
-8.28031417822 13.5272463065 -17.7624664796
-8.29562194472 13.5200375046 -17.7404987159
-8.31644079534 13.5179846959 -17.7094328969
-8.3413952323 13.5131797692 -17.6725556507
-8.36666415566 13.504560622 -17.6357895701
-8.3878760545 13.498012429 -17.6048210063
-8.40280682726 13.5011678072 -17.581831365
-8.41230214455 13.5180476607 -17.5649290364
-8.41844503877 13.5476722195 -17.5511245356
-8.42169694761 13.5862628716 -17.5403020615
-8.4198593336 13.6295130981 -17.5364362544

/group/rca2/264
264
posId 264
-8.40747314153 13.651433515 -17.5358681378
-8.38186964172 13.6701218979 -17.5637126398
-8.35290204456 13.6795620149 -17.5957619719
-8.32244985391 13.6835047415 -17.6297330139
-8.29331804046 13.685356997 -17.6623206998
-8.26833816786 13.6849912586 -17.6903551098
-8.2494005577 13.6784290621 -17.7119017636
-8.2370704471 13.6608587733 -17.72655128
-8.23094817219 13.6308327251 -17.7348194917
-8.23037257143 13.5924728517 -17.7372555607
-8.2348949542 13.5539415397 -17.733981751
-8.24426367857 13.5232005365 -17.7249086825
-8.25813370178 13.5040244273 -17.7102471723
-8.27591566694 13.4948910154 -17.6907292907
-8.29694748979 13.4911239523 -17.6673159015
-8.32075914388 13.4883657483 -17.6407375738
-8.34702819001 13.484868904 -17.6114375203
-8.37508540619 13.4814607654 -17.5801277211
-8.40330723093 13.480017892 -17.5485415672
-8.42897596739 13.4821788449 -17.5196507369
-8.44892632268 13.4892417603 -17.4969448202
-8.46069487182 13.5026783369 -17.4831180933
-8.46343782746 13.5239813687 -17.4790472681
-8.4579845071 13.553340325 -17.4837933411
-8.44600782143 13.5881297988 -17.4956025244

/group/rca2/267
267
posId 267
-8.66870479111 14.437591303 -17.3214567749
-8.64301153273 14.4570177683 -17.3464325017
-8.62141612106 14.4798443205 -17.3675360457
-8.60478214507 14.5039539847 -17.3839028778
-8.59258206261 14.5279377126 -17.396014864
-8.58341470977 14.5511299524 -17.4052045147
-8.57596874873 14.5734586258 -17.4127283425
-8.56992787443 14.5952070053 -17.4188945744
-8.56631956515 14.6167494468 -17.4227241299
-8.56709363133 14.6382850199 -17.4223502901
-8.57412924675 14.6595906407 -17.4159668606
-8.58818292504 14.6798485925 -17.4028342493
-8.60832987192 14.6976356645 -17.383815097
-8.6321931709 14.7111464844 -17.3611582814
-8.65684058157 14.7186428638 -17.3376464588
-8.67988457363 14.7190024866 -17.3155503776
-8.70023308406 14.7121495854 -17.2959161738
-8.71814704272 14.6991527137 -17.2785118701
-8.73464184295 14.6818927856 -17.2623957626
-8.75060824031 14.6623962076 -17.2467481821
-8.76614062076 14.6421018038 -17.2315032259
-8.78039870753 14.6213918716 -17.217473374
-8.79200118126 14.5996222387 -17.205972469
-8.79965373294 14.5756676237 -17.1982226645
-8.80261831001 14.5487574743 -17.1949186624
-8.80077723295 14.5192314934 -17.1961791469
-8.79433140978 14.4888675743 -17.2018418503
-8.78341235906 14.4606193772 -17.2118311822
-8.76793286743 14.4378586315 -17.2262885005
-8.74782514511 14.4234263181 -17.2453274496
-8.72353204094 14.4188625725 -17.2685496389

/group/rca2/270
270
posId 270
-8.71582081341 14.4363903394 -17.386102252
-8.68390326866 14.4616936117 -17.4165635357
-8.66320426487 14.4887020455 -17.4368647851
-8.65709771967 14.5130132923 -17.4436969164
-8.66256113959 14.535101367 -17.439845383
-8.6733425332 14.5578009873 -17.4311674963
-8.6849139292 14.5821586769 -17.4218534708
-8.69709065281 14.6057265241 -17.4119457498
-8.712592342 14.6246230365 -17.3987597883
-8.73346095694 14.6368495469 -17.3803272002
-8.75876350644 14.6432905795 -17.3575458806
-8.78526036468 14.6454843778 -17.3334545194
-8.80972784803 14.6427756075 -17.3109641067
-8.83037933063 14.6321724965 -17.2915523953
-8.84631673629 14.6113770819 -17.2759212446
-8.85631344668 14.5819898773 -17.265273702
-8.85886385689 14.5494452124 -17.2612653999
-8.85371549436 14.5193955114 -17.2644185004
-8.8430155313 14.4939007604 -17.2728778385
-8.83020087451 14.4711653 -17.2834112342
-8.81707998438 14.4491622779 -17.2942621463
-8.80184440051 14.4295856869 -17.3071699482
-8.78043201621 14.4180686965 -17.3261358565

/group/rca2/273
273
posId 273
-8.78596740065 14.4472703325 -17.4521568114
-8.74706173242 14.4578366941 -17.4880721669
-8.72272753431 14.4795452674 -17.5116512807
-8.71802407563 14.5045242352 -17.5177438182
-8.73004258488 14.5247951731 -17.5083873488
-8.75014671221 14.5385034165 -17.4912442017
-8.76955278145 14.5506278273 -17.4746144754
-8.784158337 14.5676529354 -17.4626819606
-8.79550399823 14.5912370713 -17.4541778384
-8.80799524849 14.6165735831 -17.4447685878
-8.82513429618 14.6364619058 -17.4307596032
-8.84750494701 14.6467775275 -17.4113190263
-8.87314280049 14.6481916751 -17.3882704442
-8.89896393039 14.6431850992 -17.3645821164
-8.92177998965 14.6321938906 -17.3431655844
-8.93869148879 14.6132762303 -17.326495897
-8.94758306898 14.5856119085 -17.3164228116
-8.94798224702 14.5528040559 -17.3136391446
-8.94142585921 14.5219334625 -17.3172799947
-8.93032629515 14.4987131348 -17.3255887421
-8.91570949933 14.4833773313 -17.3376561794
-8.89579948203 14.4715806429 -17.3547652165
-8.86732889175 14.4597211381 -17.3796004955

/group/rca2/276
276
posId 276
-9.00080497109 14.4944900195 -17.4134041045
-8.9738231575 14.5281963597 -17.4408294571
-8.95928632421 14.5582038643 -17.4567403457
-8.96211734601 14.5816803847 -17.4564508221
-8.97595990722 14.6045343397 -17.4462270063
-8.99205127492 14.6274845376 -17.4339957841
-9.00804214986 14.6448578951 -17.4213203806
-9.02675936408 14.6559199362 -17.4055954541
-9.04891460592 14.6683894876 -17.3869223102
-9.07057489871 14.6855597936 -17.3691433776
-9.08780892828 14.6951261774 -17.3546052095
-9.10044635188 14.6793391994 -17.3417600463
-9.10921327456 14.6372917914 -17.3298698471
-9.11139073128 14.5903427869 -17.3234191746
-9.10297755789 14.5607063081 -17.328124352
-9.08544371254 14.5481659737 -17.3426464569
-9.06690840508 14.5339711834 -17.3579081194
-9.05396110146 14.5070933439 -17.366943594
-9.04368620362 14.4797825768 -17.3735410996

/group/rca2/279
279
posId 279
-9.04818276476 14.4539076846 -17.5289578733
-9.02291990838 14.4685034898 -17.5532740801
-9.0116521276 14.4917834214 -17.5661707718
-9.01244027891 14.5183067482 -17.568711937
-9.01922926434 14.5430148975 -17.5656791703
-9.02543974233 14.563667646 -17.5626663335
-9.02763210631 14.5815191543 -17.5628944783
-9.02707655486 14.5998928569 -17.5656372545
-9.02840134187 14.6216037277 -17.5671111998
-9.03631290049 14.6468456706 -17.5631425413
-9.0525245091 14.6728036729 -17.551858965
-9.07478674112 14.695120851 -17.5347337552
-9.09847998577 14.7101920354 -17.5154460169
-9.11956542267 14.7168076595 -17.4974498775
-9.13687920416 14.7161920875 -17.4819330816
-9.1522943139 14.7105891916 -17.4674996358
-9.168765766 14.7014924101 -17.4516967386
-9.18770016155 14.6887767225 -17.4332546045
-9.20750025282 14.6712869332 -17.4134564654
-9.22427729315 14.6483742626 -17.3956911941
-9.23420321479 14.6211901626 -17.383513734
-9.23583673246 14.5927135831 -17.3785738702
-9.23078076181 14.5663902463 -17.379863472
-9.22219837081 14.544276247 -17.3848130015
-9.2122317195 14.5259946372 -17.3914658426
-9.2001876501 14.5093221758 -17.4001682702
-9.18289094073 14.4921310453 -17.4134918893
-9.1571426034 14.4744452511 -17.434292692
-9.12272652791 14.4591992178 -17.4631223305

/group/rca2/282
282
posId 282
-9.04718822461 14.4828286233 -17.69875169
-9.02565910031 14.4807917232 -17.717527515
-9.00867919068 14.4998307891 -17.7356181599
-8.99760184174 14.5254464892 -17.7495178821
-8.98236509128 14.5380151757 -17.7650334097
-8.95532321943 14.533459354 -17.7882994316
-8.92145127124 14.5260092101 -17.8171646427
-8.89405560353 14.529939178 -17.842093614
-8.8839936413 14.5445365424 -17.8533408274
-8.89430236391 14.5594903747 -17.8465727736
-8.92094191396 14.568940458 -17.824441767
-8.95481386214 14.5744049821 -17.7952608804
-8.98545392442 14.5771669525 -17.7685175207
-9.00771565777 14.5747887057 -17.7483898347
-9.02506187194 14.565280007 -17.731489367
-9.04279789924 14.5493233853 -17.7132179787
-9.0580581583 14.5277897944 -17.6962563474

/group/rca2/285
285
posId 285
-8.98894199785 14.513575181 -17.9187573212
-8.9816170648 14.5311352266 -17.9290208084
-8.98894199785 14.5513691124 -17.9269509686
-9.02556666308 14.5580537129 -17.8961176509
-9.04754146222 14.5620644732 -17.8776176603
-9.08416612745 14.5687490737 -17.8467843427
-9.0914910605 14.5511890281 -17.8365208554

/group/rca2/294
294
posId 294
-9.00883058381 14.5661484978 -18.2991429455
-8.97899515499 14.5404268939 -18.3140769974
-8.94731350341 14.5444276022 -18.343097774
-8.9190769504 14.5268107638 -18.3600588848
-8.90185145754 14.5425882667 -18.3815552718
-8.90345033335 14.5804017199 -18.3960701638
-8.91790649207 14.5981202521 -18.3910433409
-8.93260999774 14.6251190096 -18.3897039503
-8.94915972617 14.6461624052 -18.3842681017
-8.97739627918 14.6518957685 -18.3623118576
-9.00975369519 14.6704915374 -18.342206209

/group/rca2/297
297
posId 297
-8.7629550701 13.3785023931 -18.0134740201
-8.7266561022 13.3894537796 -18.049871486
-8.68730633726 13.3740314984 -18.0761761487
-8.66291792054 13.3647921634 -18.092633195
-8.6449057753 13.3446262296 -18.0983585574
-8.62876073193 13.3179325156 -18.0993377205
-8.6169417399 13.2991692689 -18.100429359
-8.62773562186 13.2854731907 -18.0845757976
-8.6619843696 13.2933788704 -18.0590224911
-8.69147380351 13.3101348068 -18.0418140886
-8.71968798313 13.3104956281 -18.0177988903

