/group/superior_mesenteric_artery/0
0
posId 0
-2.82696206472 -1.19882058265 -8.34808958607
-2.77218115988 -1.19501065049 -8.34520967962
-2.71875969143 -1.19096929529 -8.33985606551
-2.66712462787 -1.18671809446 -8.33198780764
-2.61762677656 -1.1822740297 -8.3215654407
-2.57053631492 -1.17765008628 -8.30855784161
-2.52604289885 -1.17285611872 -8.292948935
-2.48426010634 -1.16789990595 -8.27474375286
-2.44523371653 -1.16278830992 -8.25397342032
-2.40895310404 -1.15752844772 -8.23069871912
-2.37536485856 -1.15212878972 -8.20501198172
-2.34438763009 -1.14660010411 -8.17703718546
-2.31592715689 -1.14095618153 -8.14692823988
-2.28989045819 -1.13521429072 -8.11486558309
-2.26619826347 -1.12939533615 -8.08105131671
-2.24479489899 -1.12352371065 -8.04570320613
-2.22565504877 -1.11762685772 -8.00904794692
-2.20878703841 -1.11173457876 -7.97131414521
-2.19423254019 -1.10587813828 -7.93272547585
-2.18206285076 -1.10008923404 -7.89349446667
-2.17237213023 -1.09439890805 -7.85381731166
-2.16526820035 -1.08883647823 -7.81387004281
-2.16086166378 -1.08342856878 -7.77380629531
-2.15925421729 -1.07819830966 -7.73375678944
-2.16052708149 -1.07316476386 -7.69383053346
-2.16473045511 -1.0683426246 -7.65411763132
-2.17187482508 -1.06374220533 -7.61469346709
-2.18192482891 -1.05936972477 -7.5756239407
-2.19479618371 -1.05522786788 -7.53697135398
-2.21035597745 -1.05131658372 -7.49880049782
-2.22842637882 -1.04763406396 -7.46118447266
-2.24879157724 -1.04417783197 -7.42420978829
-2.27120753166 -1.04094586359 -7.38798033344
-2.29541390056 -1.03793765708 -7.35261987872
-2.32114736075 -1.03515517177 -7.3182728732
-2.3481554102 -1.03260356255 -7.28510340946
-2.37620969791 -1.03029164998 -7.25329235651
-2.40511793628 -1.02823208291 -7.22303278682
-2.43473352788 -1.02644117065 -7.19452394436
-2.46496217486 -1.02493838395 -7.16796410671
-2.49576492664 -1.02374554676 -7.1435427792
-2.52715734917 -1.02288576224 -7.12143271698
-2.55920475094 -1.0223821359 -7.10178229652
-2.59201366252 -1.022256374 -7.08470875107
-2.62572001951 -1.02252734617 -7.07029274317
-2.66047472712 -1.02320970597 -7.05857467451
-2.69642747354 -1.02431266254 -7.04955303331
-2.73370979488 -1.02583898892 -7.04318495773
-2.77241846876 -1.02778434033 -7.03938905784
-2.81260031921 -1.03013693775 -7.03805039737
-2.85423945306 -1.03287765039 -7.03902739798
-2.89724781813 -1.0359804865 -7.04216030239
-2.94145978621 -1.03941347642 -7.04728072605
-2.98663122735 -1.04313990682 -7.05422174786
-3.03244327321 -1.04711984196 -7.06282794283
-3.07851068032 -1.05131184869 -7.07296474872
-3.12439441866 -1.05567482685 -7.08452658376
-3.16961784372 -1.06016983815 -7.09744319454
-3.21368557828 -1.0647618239 -7.11168380728
-3.25610404907 -1.06942110626 -7.12725877726
-3.29640250368 -1.07412457843 -7.14421857354
-3.33415328467 -1.07885650568 -7.16265008986
-3.36899016238 -1.08360888094 -7.18267042963
-3.40062362683 -1.08838130417 -7.20441846352
-3.42885220524 -1.09318038215 -7.22804459247
-3.45356909718 -1.09801867403 -7.2536992603
-3.47476368953 -1.10291323511 -7.28152084012
-3.49251781343 -1.10788383569 -7.31162356345
-3.50699691628 -1.11295095255 -7.3440861671
-3.51843662558 -1.11813364506 -7.37894189988
-3.52712545898 -1.12344743659 -7.41617046077
-3.5333846693 -1.12890232327 -7.45569233672
-3.53754639103 -1.13450102659 -7.49736587704
-3.53993136309 -1.14023759371 -7.54098729098
-3.54082753649 -1.14609643096 -7.58629359332
-3.54047083104 -1.15205183223 -7.63296836044
-3.5390291859 -1.15806803682 -7.68065000431
-3.53659086026 -1.16409982165 -7.72894213498
-3.53315769552 -1.17009360336 -7.77742546989
-3.52864376165 -1.17598899693 -7.82567066801
-3.52287949674 -1.18172075262 -7.87325142306
-3.51562112795 -1.18722097187 -7.91975714425
-3.50656485348 -1.1924214876 -7.96480458656
-3.4953649875 -1.19725628621 -8.00804786186
-3.48165503921 -1.20166384663 -8.04918636372
-3.46507052767 -1.20558927762 -8.08797026579
-3.44527223501 -1.20898614681 -8.124203398
-3.42196857845 -1.21181791318 -8.15774345878
-3.39493583674 -1.21405889782 -8.18849967428
-3.36403509572 -1.21569475425 -8.21642815933
-3.32922497259 -1.21672242784 -8.24152536038
-3.29056942724 -1.21714962266 -8.26382006066
-3.24824025622 -1.21699382037 -8.28336449711
-3.20251417282 -1.21628092017 -8.30022517289
-3.1537646881 -1.21504358766 -8.31447394746
-3.10244930146 -1.21331941439 -8.32617994877
-3.04909277075 -1.21114899714 -8.33540278203
-2.99426744334 -1.20857404704 -8.34218741197
-2.93857178013 -1.20563563232 -8.34656097615

/group/superior_mesenteric_artery/3
3
posId 3
-2.72939069809 -0.87944537401 -8.18859040184
-2.6907810947 -0.874030314391 -8.1763450306
-2.65354307602 -0.868173257105 -8.16181944556
-2.61754934909 -0.861814902343 -8.14479587316
-2.58272712091 -0.854910392294 -8.12510292318
-2.54908852527 -0.847437636324 -8.10264260702
-2.51675065275 -0.839403253706 -8.07741010251
-2.48594297323 -0.830845590063 -8.04950456316
-2.45700118112 -0.821834549562 -8.01913014275
-2.43034783849 -0.812468291909 -7.98658733856
-2.40646151185 -0.802867142229 -7.9522556632
-2.38583726847 -0.793165325125 -7.91656945
-2.36894230378 -0.783501337109 -7.87998920892
-2.3561710245 -0.774007895473 -7.84297132371
-2.34780405578 -0.764802435489 -7.80593898482
-2.34397535818 -0.755979068882 -7.76925708075
-2.34465095261 -0.74760277104 -7.73321334199
-2.34962172115 -0.739706346579 -7.69800739143
-2.35851146973 -0.732290453766 -7.66374856589
-2.3708000256 -0.725326673585 -7.63046251245
-2.38585972695 -0.718763317116 -7.59810571326
-2.40300237773 -0.71253340301 -7.56658633566
-2.42153270804 -0.706564030037 -7.53578921157
-2.44080369869 -0.700786237487 -7.50560237699
-2.46026886368 -0.695144400937 -7.47594248432
-2.47952676608 -0.689604256743 -7.44677654426
-2.4983536582 -0.684158781067 -7.41813784732
-2.5167211338 -0.678831355478 -7.39013451514
-2.53479697055 -0.673675911592 -7.36294988094
-2.55292880988 -0.668774036819 -7.33683472262
-2.5716118357 -0.664229314592 -7.31209218937
-2.59144303732 -0.660159437583 -7.28905699489
-2.61306584401 -0.656686846018 -7.26807102405
-2.63710979116 -0.653928785025 -7.24945785956
-2.66413033885 -0.651987731064 -7.2334988453
-2.69455397164 -0.650943102651 -7.22041315139
-2.72863326086 -0.650845047741 -7.21034390683
-2.76641570742 -0.651710900792 -7.20335185714
-2.80772898184 -0.653524645579 -7.19941724434
-2.8521837473 -0.656239429428 -7.1984497691
-2.89919371898 -0.659782878451 -7.20030566133
-2.94801111842 -0.664064689684 -7.20481013739
-2.99777435774 -0.668985751133 -7.21178293411
-3.04756375556 -0.674447886246 -7.22106424137
-3.09646043464 -0.680363250563 -7.2325382451
-3.14360333825 -0.686662432352 -7.24615165554
-3.18823954443 -0.693300424352 -7.26192502124
-3.22976372936 -0.700259830225 -7.27995527934
-3.26774366897 -0.707550928936 -7.30040881032
-3.30192997493 -0.715208519164 -7.32350517467
-3.33224971503 -0.723285776174 -7.34949262525
-3.35878503565 -0.731845646137 -7.37861732615
-3.38173925036 -0.740950550216 -7.4110888858
-3.40139396166 -0.750651349006 -7.4470452633
-3.41806154304 -0.760976609915 -7.48652028509
-3.43203765921 -0.771923216274 -7.52941689367
-3.44355841488 -0.783449256735 -7.575488846
-3.45276620861 -0.795469945203 -7.62433291833
-3.45968748055 -0.807857061584 -7.67539281321
-3.46422436617 -0.820442095344 -7.72797497787
-3.4661609155 -0.833022944993 -7.78127551855
-3.46518313642 -0.845373707069 -7.83441642433
-3.46091080279 -0.85725680721 -7.88648848433
-3.45293785686 -0.868436509188 -7.93659766954
-3.44087743283 -0.878692705439 -7.98391141094
-3.42440710863 -0.887833857068 -8.02770117263
-3.40330999207 -0.895708016097 -8.067377996
-3.37750766368 -0.902211022405 -8.10251825669
-3.34708178937 -0.907291208205 -8.13287768124
-3.3122823046 -0.910950242515 -8.1583926442
-3.27352135383 -0.913240079936 -8.17916882433
-3.23135352159 -0.914256312435 -8.19545834625
-3.18644418632 -0.91412852956 -8.20762748063
-3.13952894238 -0.913008544232 -8.21611773753
-3.09136786396 -0.911057515387 -8.22140369864
-3.04269884993 -0.908433080117 -8.22395115025
-2.99419434707 -0.90527758958 -8.22417898421
-2.94642539681 -0.901708427211 -8.22242793776
-2.89983622222 -0.89781118572 -8.2189385853
-2.85473153794 -0.89363620996 -8.21384013423
-2.81127752494 -0.889198701051 -8.20715059465

/group/superior_mesenteric_artery/6
6
posId 6
-3.2999061567 -0.222051722586 -7.8406566229
-3.27391758416 -0.197646603112 -7.79423309483
-3.2435617259 -0.175102063856 -7.75181271853
-3.20890100737 -0.155090883232 -7.71472305006
-3.17016742896 -0.138132871772 -7.68397637289
-3.12779773403 -0.124550400021 -7.66017907199
-3.08243951388 -0.114451169761 -7.6434970743
-3.03492581694 -0.107740355865 -7.63368174543
-2.98622116458 -0.104159396129 -7.63015063957
-2.93734675062 -0.103344361926 -7.63210854123
-2.88929616362 -0.104893758321 -7.63868787003
-2.84295460182 -0.108434305818 -7.64908483393
-2.79903397046 -0.113673953932 -7.66266914042
-2.75803357075 -0.120433919748 -7.67905030648
-2.72023178903 -0.128655456378 -7.69809166761
-2.68570903156 -0.138381622031 -7.71987260416
-2.6543970303 -0.149718717781 -7.74460858384
-2.6261454522 -0.162785510521 -7.77254575426
-2.60079418828 -0.177660258862 -7.80385076999
-2.57823918915 -0.194335604479 -7.83851666519
-2.55848129009 -0.212689611916 -7.87630194359
-2.5416508003 -0.232477999511 -7.91671339853
-2.52800508282 -0.253348527221 -7.95903477814
-2.51790109989 -0.274874360751 -8.00239485345
-2.51174909154 -0.296599782482 -8.04586131232
-2.50995645821 -0.318089493762 -8.08854248017
-2.51287205529 -0.33897231996 -8.12967792801
-2.52074033656 -0.358971438198 -8.1687016752
-2.53367231963 -0.377916020023 -8.20526736412
-2.5516367138 -0.395732868935 -8.23923235055
-2.57447047831 -0.412420521366 -8.27060565144
-2.60190436167 -0.428011625596 -8.2994715878
-2.63359631809 -0.442531582786 -8.32590545091
-2.6691645936 -0.455962023978 -8.34989876794
-2.70821290222 -0.468216606811 -8.37130953902
-2.75034230944 -0.479134068264 -8.38984761305
-2.79514774012 -0.488489965415 -8.40509818991
-2.84220074822 -0.496024758406 -8.41657868458
-2.8910235665 -0.501482574039 -8.42381737647
-2.94106179794 -0.504652782425 -8.42643772788
-2.99166392643 -0.505405859126 -8.42423088931
-3.042074917 -0.503716031865 -8.41720100813
-3.0914486904 -0.499665741025 -8.40557314893
-3.1388806522 -0.493430502576 -8.38976094449
-3.18345741891 -0.485246673703 -8.37029913703
-3.22431719943 -0.475368131935 -8.34775338914
-3.2607116948 -0.464020300976 -8.32262473026
-3.29205941477 -0.451360800721 -8.29526774639
-3.31798122058 -0.437455066971 -8.26583970912
-3.33831158083 -0.422272713273 -8.23429254936
-3.35308302658 -0.405706640278 -8.2004118304
-3.36248590847 -0.387612616896 -8.16389806045
-3.36680995421 -0.367863051313 -8.12447743157
-3.36637748368 -0.346405691341 -8.08202292831
-3.36147981754 -0.323316619134 -8.03666390585
-3.35232806511 -0.298837426609 -7.98886329456
-3.33902711519 -0.273388823947 -7.93944644592

/group/superior_mesenteric_artery/9
9
posId 9
-2.85428941607 0.29725044893 -8.04034993405
-2.79672989969 0.276830871424 -8.05099628388
-2.74373144298 0.25354977324 -8.06494506817
-2.69666837533 0.228025410457 -8.08182111445
-2.65656648751 0.200860948795 -8.1012132435
-2.62403235755 0.17257813531 -8.12272552594
-2.59922640471 0.143562931498 -8.14602373771
-2.58188326317 0.114034487703 -8.17086699691
-2.5713767985 0.0840451328412 -8.19711709539
-2.56682114119 0.0535136215684 -8.22472221315
-2.5671943749 0.0222876942102 -8.25367675078
-2.57146870215 -0.00977378806633 -8.28396397277
-2.57873042356 -0.0427131556353 -8.3154920513
-2.58827495243 -0.0763966230702 -8.34803613797
-2.59966601865 -0.110462376205 -8.38119880466
-2.61275355617 -0.144305376596 -8.41439854413
-2.62765067722 -0.17710430991 -8.44689141049
-2.64467570693 -0.20788898903 -8.47782509275
-2.66426966513 -0.23563942157 -8.50631877492
-2.68690223036 -0.259401927859 -8.53155712553
-2.71297980364 -0.278404212797 -8.55288362006
-2.7427678465 -0.292150823093 -8.56987775582
-2.77633656034 -0.300483109571 -8.58240276123
-2.8135348071 -0.303593257626 -8.59061484244
-2.8539926804 -0.301989253814 -8.59493112693
-2.89714905702 -0.296415593545 -8.5959602252
-2.942297401 -0.287741753587 -8.59440557439
-2.98864144416 -0.276835719401 -8.59095636552
-3.03535224137 -0.264442270446 -8.58618307161
-3.08161933514 -0.251084878124 -8.5804539857
-3.12669097623 -0.237006115722 -8.5738858344
-3.16990101077 -0.222155107115 -8.56633601616
-3.21068260909 -0.206222851728 -8.55743726461
-3.24857100415 -0.188718573486 -8.5466687056
-3.28319852086 -0.169073850379 -8.53345152118
-3.3142853223 -0.146757243234 -8.51725371702
-3.34162860025 -0.121381085537 -8.4976874113
-3.36509170404 -0.0927841185693 -8.47458375871
-3.38459333966 -0.0610783175661 -8.44803474147
-3.40009589566 -0.0266546653197 -8.41839683929
-3.41159148946 0.00985038218911 -8.38625799107
-3.41908464008 0.0476196663646 -8.35237516238
-3.4225715222 0.0857386759662 -8.31759422672
-3.42201730485 0.123282709936 -8.2827660431
-3.41733473976 0.159393713087 -8.24867227114
-3.40836848445 0.193335761246 -8.21597176925
-3.39489020148 0.224523084175 -8.18517395546
-3.37660897228 0.252520218726 -8.15664015882
-3.35319991265 0.27701926495 -8.13060877281
-3.32435122719 0.297803257844 -8.10723590312
-3.28982667133 0.314706639508 -8.08664090835
-3.24953705671 0.327583415103 -8.06894612552
-3.20361166739 0.336290967417 -8.05430209017
-3.1524588413 0.340693286863 -8.04289323304
-3.09680494934 0.340682453578 -8.03492358618
-3.03770275878 0.336212621474 -8.03058652837
-2.97650358301 0.327337460296 -8.03002613756

/group/superior_mesenteric_artery/12
12
posId 12
-2.7331950963 0.464723896 -8.31874885088
-2.68982124445 0.429434857506 -8.33756763132
-2.65224051545 0.393149954288 -8.35868238148
-2.62196271961 0.356873415406 -8.38162686473
-2.59990618276 0.3213996965 -8.40596279395
-2.58629571691 0.287242683465 -8.43131380943
-2.58068544623 0.254617742292 -8.45738634128
-2.5821001752 0.223479669209 -8.48397319571
-2.58926483253 0.193608493531 -8.51093898188
-2.60087380805 0.16472556866 -8.53819005719
-2.61584441108 0.136616415918 -8.5656347904
-2.63350277025 0.109235591173 -8.59314197702
-2.65366535577 0.0827726665691 -8.62050575947
-2.67660175688 0.0576664604598 -8.64742427775
-2.70288962357 0.0345652374398 -8.67349671333
-2.73319543655 0.0142415449493 -8.69823989258
-2.76803021147 -0.00252060187033 -8.72112187993
-2.80753414918 -0.0150431766201 -8.74160676126
-2.85133763333 -0.0228527317637 -8.75920273637
-2.89852931674 -0.0257409662569 -8.77350511506
-2.94773892191 -0.0237763500338 -8.78422693513
-2.99731775858 -0.0172662372737 -8.79121244862
-3.04557908385 -0.00667917751879 -8.79443212948
-3.09104773207 0.00745481810117 -8.79396144185
-3.13266659953 0.0246441402378 -8.78994864765
-3.16991693591 0.0445142133454 -8.78257882097
-3.20282793249 0.0668486186861 -8.77204161712
-3.23187481515 0.0915849009223 -8.75850917441
-3.25778846251 0.11876725829 -8.74212808492
-3.28131838096 0.148467702296 -8.72302619569
-3.30300066435 0.180694032702 -8.70133177043
-3.32298126758 0.21530568347 -8.67719993291
-3.34093282916 0.25195661286 -8.65083985673
-3.35608299752 0.290078385496 -8.62253614157
-3.36734811095 0.328907764703 -8.59265919132
-3.37354332839 0.367553435383 -8.56166185659
-3.37362379605 0.405088023388 -8.53006257303
-3.36690470962 0.440646200042 -8.49841806555
-3.35321264669 0.473508518391 -8.46729078572
-3.33293533797 0.503153956092 -8.43721716724
-3.30695895285 0.529271200035 -8.4086823462
-3.27650629616 0.551727948768 -8.38210532545
-3.2429108203 0.570506901733 -8.35783605916
-3.20737541311 0.585624582834 -8.3361631688
-3.17076847164 0.597053053135 -8.31732860318
-3.13350200227 0.60466401812 -8.30154406367
-3.09551900675 0.608209909827 -8.2890037683
-3.05639391589 0.607348259212 -8.27988918052
-3.01552531487 0.601705841831 -8.27436344506
-2.97237990723 0.590969812381 -8.27255597526
-2.92673495328 0.574986374692 -8.27454030877
-2.87886585102 0.553844960619 -8.28031037332
-2.82963630452 0.527928047105 -8.28976119883

/group/superior_mesenteric_artery/15
15
posId 15
-2.59106660249 0.544862401694 -8.69726522887
-2.60939500057 0.596279335373 -8.67554827325
-2.63279953806 0.643557284676 -8.65696288998
-2.66083799318 0.685197367517 -8.6421616044
-2.69307596219 0.720368744739 -8.63146614824
-2.72908149656 0.748972431171 -8.62483457241
-2.76841126025 0.771573834236 -8.62189189544
-2.81059329483 0.789216217037 -8.62201929236
-2.85511143493 0.803151631951 -8.62448470195
-2.90139535679 0.814542904498 -8.62858902997
-2.9488185211 0.824196264338 -8.63379876811
-2.99670434736 0.832377874752 -8.63983859985
-3.04433928894 0.83875011876 -8.64672586784
-3.09099041348 0.842438754405 -8.65474086702
-3.13592479472 0.842215221559 -8.66434021624
-3.17842844283 0.836755156416 -8.67603220856
-3.21782340969 0.824919414084 -8.69024057518
-3.25348276297 0.806000604924 -8.7071849612
-3.28484397 0.77988679752 -8.72680228661
-3.31142159906 0.747112527965 -8.74872404401
-3.3328200139 0.708791393379 -8.77231252327
-3.34874598306 0.666448976593 -8.79674661723
-3.35902009187 0.621794386718 -8.82113792184
-3.36358488231 0.576479263437 -8.84465238379
-3.36250711589 0.531892725507 -8.86661282008
-3.35597172852 0.489029964177 -8.88656303456
-3.34426602415 0.448453805583 -8.90428360847
-3.32775432197 0.410347014157 -8.91976051879
-3.30684531456 0.374633367455 -8.93311799421
-3.28195635606 0.341132001739 -8.94453416595
-3.25348028699 0.309705028941 -8.9541606027
-3.22176080249 0.28036359131 -8.96206433252
-3.18708155687 0.253310699584 -8.96820422425
-3.14967219624 0.228916899133 -8.97244437087
-3.10973162041 0.207642550514 -8.97459767752
-3.06746551209 0.189933919973 -8.97448549551
-3.02313217595 0.176126119142 -8.97199560238
-2.97708863069 0.166382885198 -8.96712190232
-2.92982817621 0.160692136702 -8.95997457015
-2.88200154138 0.158920044292 -8.95075760917
-2.83441611555 0.160909173041 -8.9397198493
-2.78801128262 0.166592515323 -8.92709299159
-2.74381187685 0.17608856939 -8.91303446535
-2.7028655212 0.189744964483 -8.89759248723
-2.66617238424 0.208109232653 -8.88070577419
-2.634617178 0.2318227556 -8.8622419607
-2.60891277631 0.261453617995 -8.84206887227
-2.58956276382 0.29730132912 -8.82014379564
-2.57684693851 0.339216808164 -8.79659999996
-2.57082992818 0.386481802017 -8.77180856264
-2.57138937682 0.437782331981 -8.74639753502

/group/superior_mesenteric_artery/18
18
posId 18
-2.50028817377 0.412196619851 -9.37937847188
-2.45566510101 0.442707738414 -9.36171680561
-2.41734089581 0.477529280996 -9.3436284904
-2.38609231196 0.515955485661 -9.32548013966
-2.36231293369 0.557236033578 -9.30759057514
-2.34602916812 0.600598240645 -9.29022593275
-2.33695429418 0.645266691548 -9.273601881
-2.33456963998 0.690481522225 -9.25789074991
-2.33821887613 0.735516593482 -9.24323084947
-2.3472007083 0.779698308442 -9.22973530728
-2.36084692146 0.822424945677 -9.21749832722
-2.3785763706 0.863185334279 -9.20659772324
-2.39992041209 0.901574756346 -9.19709370529
-2.42452052959 0.937305385018 -9.18902495303
-2.45210360553 0.970208545657 -9.18240379101
-2.48244363967 1.00022671041 -9.17721261817
-2.51532020397 1.02739435884 -9.17340357391
-2.55048338311 1.05180848805 -9.17090277567
-2.58763259055 1.07359136232 -9.16961946338
-2.62641300097 1.09284972536 -9.16945923356
-2.66642915272 1.10963583488 -9.17033947427
-2.70727137928 1.1239160577 -9.1722043438
-2.74854788167 1.13555224048 -9.17503634664
-2.78991399793 1.14429965125 -9.17886183485
-2.83109079289 1.14982313076 -9.1837485867
-2.87186736166 1.15173049997 -9.1897948656
-2.91208476562 1.1496196307 -9.197110835
-2.95160360698 1.14313332385 -9.20579464259
-2.99026108884 1.13201463524 -9.21590662715
-3.02782622653 1.11615482152 -9.22744572242
-3.06396307928 1.09562677075 -9.24033209541
-3.09821115589 1.07069857587 -9.25439933152
-3.12998956829 1.04182456961 -9.26939815374
-3.1586274688 1.00961428717 -9.28501193438
-3.18341850218 0.974782990747 -9.30088239543
-3.20369229254 0.938090098282 -9.3166422032
-3.21889224198 0.900273686276 -9.33194992895
-3.22864687537 0.861989895724 -9.34652228905
-3.23282207827 0.823765445794 -9.36015880808
-3.23154393091 0.785969635954 -9.37275505269
-3.22518613432 0.748809460309 -9.38430222333
-3.21432159907 0.712348177947 -9.39487291656
-3.19964371929 0.676544368855 -9.40459497107
-3.18186818487 0.641305647394 -9.4136171531
-3.16162996534 0.606549221055 -9.42207173018
-3.13939163604 0.572260649854 -9.43003951597
-3.11537817306 0.538542579996 -9.43752265642
-3.0895498033 0.505646801634 -9.44442931183
-3.0616189609 0.473985448387 -9.45057264525
-3.03111071399 0.444120122496 -9.45568442478
-2.9974592364 0.416730738478 -9.45944141358
-2.9601270921 0.392568485739 -9.46150088496
-2.9187302208 0.372399153652 -9.46154033855
-2.87315020479 0.356943913457 -9.45929599068
-2.82361689832 0.346824448147 -9.45459492722
-2.77074859992 0.34251817078 -9.44737686998
-2.71554301914 0.344327422591 -9.43770313042
-2.65931938921 0.352364338459 -9.42575223665
-2.60361910326 0.366550884717 -9.41180361237

/group/superior_mesenteric_artery/21
21
posId 21
-2.25733857609 1.00354494273 -9.99334368519
-2.2769222644 1.06180547383 -9.97989304272
-2.29859808969 1.1143959236 -9.96844635215
-2.32242834779 1.15994320893 -9.95941166609
-2.34885594261 1.19781537372 -9.95304878598
-2.37857398042 1.22813685059 -9.94944218143
-2.41234034157 1.25168090903 -9.94849987549
-2.45077036304 1.26965812823 -9.94997860484
-2.49414519382 1.28343921942 -9.9535306964
-2.54227083989 1.29426289334 -9.95876408056
-2.59441385458 1.30298223604 -9.96530448564
-2.64932578131 1.30989563209 -9.97284859923
-2.70535246864 1.31469208945 -9.98119888518
-2.76060929797 1.31651904702 -9.9902744232
-2.8131920297 1.31415765391 -10.0000968483
-2.86138745485 1.30627060415 -10.0107552663
-2.90384924055 1.29167472675 -10.0223579589
-2.93971186159 1.26958706436 -10.0349809961
-2.96862768176 1.23979961658 -10.0486241293
-2.99072659482 1.2027527888 -10.0631825284
-3.00651131837 1.1594977378 -10.0784394758
-3.01671185784 1.11155912185 -10.0940807773
-3.02212797534 1.06072799526 -10.109727296
-3.02348796601 1.00882622609 -10.124978559
-3.02134613132 0.957486792052 -10.1394584973
-3.01603158431 0.907988383485 -10.1528543953
-3.00764967552 0.861169506656 -10.1649419887
-2.99612684752 0.817429779189 -10.1755928856
-2.98128225072 0.776808159558 -10.1847643824
-2.96290635693 0.73911322219 -10.1924754398
-2.94082843462 0.704072198553 -10.1987752938
-2.91496037629 0.671464826555 -10.2037123512
-2.88531240272 0.64121483661 -10.2073104527
-2.85198453554 0.613424281325 -10.2095574596
-2.81514435592 0.588350842604 -10.210407953
-2.77500485903 0.566342206106 -10.2097983696
-2.73181541479 0.547751375542 -10.2076699299
-2.68587420714 0.532860232446 -10.2039929137
-2.63756324063 0.52183505785 -10.1987856124
-2.58739893454 0.514728088497 -10.1921226719
-2.53608456207 0.511525861348 -10.1841302212
-2.48454717078 0.512231353625 -10.1749685271
-2.43394227994 0.516956127069 -10.1648061537
-2.38561475161 0.525993567281 -10.1537919736
-2.34101288446 0.53984632871 -10.1420322975
-2.30156321053 0.559190080072 -10.1295796005
-2.26852339894 0.584769796792 -10.1164369581
-2.24283778365 0.617241113938 -10.1025788315
-2.22502252715 0.656983980181 -10.0879850167
-2.21510441631 0.70392558355 -10.0726812335
-2.21262902096 0.757411766635 -10.0567777425
-2.21674182737 0.816159973828 -10.0404970586
-2.22633227515 0.878313039107 -10.0241834253

/group/superior_mesenteric_artery/24
24
posId 24
-2.41773514038 1.2975665439 -10.5092247412
-2.35704976883 1.27250140081 -10.5031111288
-2.30313965277 1.24253385457 -10.4992519889
-2.25864750723 1.20833185762 -10.4980000184
-2.22502588031 1.17048717623 -10.499503222
-2.20234379715 1.12952408256 -10.5036673568
-2.18939470013 1.08594028031 -10.5101675534
-2.18408155907 1.04026605166 -10.518507508
-2.1839862697 0.993123525134 -10.5281127532
-2.18698456172 0.945268397441 -10.5384359322
-2.19175653299 0.897601164738 -10.5490489815
-2.19806959746 0.851142642322 -10.5597004884
-2.20676830565 0.806977284804 -10.570325377
-2.21947938093 0.766175383919 -10.5810062054
-2.23811147022 0.729709812928 -10.5918975879
-2.26427937234 0.698383617128 -10.6031344271
-2.29879922605 0.672781471824 -10.614748406
-2.3413804275 0.653251882174 -10.6266146094
-2.39058773627 0.639919701542 -10.6384419571
-2.44407707022 0.632722015977 -10.6498095126
-2.49903921931 0.631456288659 -10.6602387666
-2.55273501054 0.635828760311 -10.6692827912
-2.60298607351 0.64549341009 -10.6766091039
-2.64850161394 0.660076371778 -10.6820551546
-2.68896838937 0.679186066113 -10.6856429075
-2.72489533949 0.702413810097 -10.6875499647
-2.75726863489 0.729331993365 -10.6880461048
-2.78712019699 0.759496469977 -10.6874129481
-2.81513083 0.792456866371 -10.6858684108
-2.84137390384 0.827774093847 -10.6835156984
-2.86526201372 0.865039981474 -10.6803294272
-2.88569979156 0.903891132569 -10.6761810741
-2.90138771515 0.944008934034 -10.6708951954
-2.91118050479 0.985100415101 -10.6643196561
-2.91439075083 1.02685976859 -10.6563896718
-2.91094704929 1.0689164639 -10.6471676626
-2.90136059409 1.11078124733 -10.6368480944
-2.88651208295 1.15180427742 -10.6257265903
-2.86732543919 1.19115907737 -10.6141428276
-2.84443059366 1.22786170314 -10.6024142225
-2.81792397494 1.26082732698 -10.5907800578
-2.78731011327 1.28895796236 -10.5793727698
-2.75165740785 1.31124738518 -10.568225357
-2.70993929439 1.32688441819 -10.5573134309
-2.66147588623 1.33533500459 -10.5466201902
-2.60635654019 1.33638726993 -10.536205419
-2.54572101883 1.33015130582 -10.526257561

/group/superior_mesenteric_artery/27
27
posId 27
-2.51775924399 1.37437926907 -10.8916424581
-2.45202721043 1.37256793817 -10.89477202
-2.38989481453 1.36427004849 -10.8982303088
-2.33371442709 1.34983410583 -10.9018837837
-2.28506946987 1.32962446931 -10.9056327011
-2.24469637764 1.30396208145 -10.9094191681
-2.21256180433 1.27312756533 -10.9132233926
-2.1880651066 1.23742499155 -10.9170496243
-2.17031136654 1.19728390356 -10.9209059798
-2.15838975895 1.15336320376 -10.9247838824
-2.15159753517 1.10661763595 -10.928642819
-2.14956878144 1.0582969408 -10.9324045423
-2.15229367084 1.00986674115 -10.9359582032
-2.16004087592 0.96286333734 -10.9391749086
-2.17321634568 0.918715033422 -10.9419277178
-2.19220126188 0.878574221226 -10.9441117697
-2.21720950847 0.843203568486 -10.9456594131
-2.2481926581 0.812946239619 -10.9465467931
-2.28480304571 0.787787739299 -10.9467908357
-2.32640864007 0.767491978848 -10.9464382379
-2.37214199799 0.751773653334 -10.9455501499
-2.42096223891 0.740458913835 -10.9441871524
-2.47171348978 0.733589628601 -10.9423986796
-2.52317281407 0.731442434217 -10.9402193903
-2.5740909338 0.734457856176 -10.9376726969
-2.62323577012 0.743100238417 -10.9347794201
-2.66944915259 0.757688848917 -10.9315680335
-2.71172062903 0.778248750074 -10.9280826279
-2.74927141078 0.80442450591 -10.9243856436
-2.78163026916 0.835482122606 -10.9205542683
-2.80867633171 0.870399824236 -10.9166715953
-2.83062480515 0.908023406627 -10.912815477
-2.84794187353 0.947244037744 -10.9090488958
-2.8611925721 0.987150509726 -10.9054153276
-2.87084582931 1.02711567232 -10.9019410521
-2.87707811592 1.06679578281 -10.8986441398
-2.87962550871 1.10604628815 -10.8955475811
-2.87772975633 1.14478100669 -10.8926924349
-2.87020672592 1.18281714787 -10.8901464816
-2.8556386978 1.21975180443 -10.8880048494
-2.83266166321 1.25490574999 -10.8863812049
-2.80029280408 1.28735059464 -10.8853907845
-2.7582287977 1.31601144161 -10.8851290203
-2.70704698013 1.33981610605 -10.8856510526
-2.64825925454 1.35784973346 -10.8869575344

/group/superior_mesenteric_artery/30
30
posId 30
-2.37081417004 1.41759069579 -11.4513498054
-2.32442531797 1.38049762059 -11.4609548985
-2.28343842698 1.33669445825 -11.4704052533
-2.24961050759 1.28911996899 -11.4792030428
-2.22419150919 1.24042905841 -11.4869448046
-2.20776954162 1.19246587037 -11.493388716
-2.20023281137 1.1460349595 -11.4984798109
-2.20086024134 1.10102591319 -11.5023266585
-2.20852205422 1.05683154281 -11.5051373043
-2.22194450538 1.01290596469 -11.5071341873
-2.23997685552 0.969266558297 -11.5084736535
-2.26179814163 0.926766144034 -11.5091938069
-2.28701670007 0.887041026564 -11.5092053968
-2.31564271978 0.852150655223 -11.5083270691
-2.34794609483 0.824029473949 -11.5063527653
-2.38424002212 0.803936688594 -11.5031294891
-2.42464783096 0.792093603202 -11.4986209838
-2.46891230706 0.787639116485 -11.4929377791
-2.51629342001 0.7889306341 -11.4863249273
-2.56557611544 0.794103281387 -11.4791120703
-2.61518168336 0.801712040729 -11.4716420508
-2.66335182544 0.811248403808 -11.4642005154
-2.70836005216 0.823356977316 -11.4569679871
-2.74870340686 0.839668506581 -11.4500081541
-2.78323788467 0.862285824594 -11.4432942102
-2.811239152 0.893070495496 -11.4367628584
-2.83239032371 0.932944916981 -11.4303769712
-2.8467147784 0.981425504539 -11.4241755973
-2.85448031427 1.0365360989 -11.4182946768
-2.85610031139 1.0951369284 -11.4129518555
-2.85204988245 1.15357838545 -11.4084008601
-2.84280422141 1.20848970898 -11.4048710403
-2.82879696902 1.25747138174 -11.4025125784
-2.81039177784 1.29948968239 -11.4013659139
-2.78786149944 1.33486332197 -11.4013657664
-2.76137511192 1.36485709668 -11.4023784358
-2.73099932174 1.39101722896 -11.4042596608
-2.69672579405 1.41446047755 -11.4069130019
-2.65853325332 1.43534040364 -11.4103279592
-2.61648552269 1.45265630941 -11.4145832191
-2.57085388441 1.4644618256 -11.4198116404
-2.52223906942 1.4684051123 -11.4261363173
-2.47165970215 1.46243023785 -11.4335971579

/group/superior_mesenteric_artery/33
33
posId 33
-2.46099243538 1.47844224446 -12.1020795176
-2.41293992574 1.4418971297 -12.1124251974
-2.37183656309 1.40042002554 -12.1224737222
-2.33986747468 1.35656090352 -12.131650411
-2.31815841791 1.3122832262 -12.1395829443
-2.3066479467 1.2686487586 -12.1461544663
-2.30424473035 1.22580845993 -12.1514848234
-2.30921763955 1.18328867246 -12.155847809
-2.31970119204 1.14046841129 -12.159551441
-2.33416993154 1.09708440043 -12.1628188989
-2.35175044537 1.05359420756 -12.1657065793
-2.37229353454 1.01127608264 -12.1680832824
-2.39620427531 0.972031170714 -12.1696748436
-2.42410081657 0.937951549863 -12.1701578339
-2.45642132529 0.910794576151 -12.1692707919
-2.49310820216 0.891535514974 -12.1669065276
-2.53346766559 0.880146221789 -12.1631557949
-2.57624199983 0.87567538229 -12.1582887679
-2.61986130302 0.876608631864 -12.1526810475
-2.66278421556 0.881395903469 -12.1467088263
-2.70381098436 0.888977874402 -12.1406476475
-2.7422650841 0.899141426203 -12.134607797
-2.77798652128 0.912586595322 -12.1285272906
-2.81114496051 0.930678165172 -12.1222245808
-2.84194228875 0.954955185668 -12.115493608
-2.87031185981 0.986549500484 -12.1082099478
-2.89572305964 1.02569496203 -12.1004130407
-2.91716455578 1.07148244249 -12.0923370535
-2.93331926394 1.12194012284 -12.0843794031
-2.9428785925 1.17441755085 -12.0770160753
-2.94489463934 1.22615740134 -12.0706901328
-2.93905317694 1.27488059588 -12.0657086404
-2.92577325452 1.31920688982 -12.0621807528
-2.90609418943 1.35878539571 -12.0600166419
-2.88138017 1.39410130433 -12.0589874136
-2.85293416998 1.42602734207 -12.0588264116
-2.82164608373 1.45526899009 -12.0593386745
-2.78779340168 1.48188578829 -12.0604822377
-2.75106744289 1.50504665676 -12.06239354
-2.71082769576 1.52310281124 -12.0653468071
-2.66651306815 1.53396101994 -12.0696584115
-2.61808518177 1.53564447479 -12.0755651747
-2.56636272938 1.52686853639 -12.0831146569

/group/superior_mesenteric_artery/36
36
posId 36
-2.68147349837 1.54542921895 -12.6583997668
-2.61221970072 1.54497001839 -12.6500484438
-2.54837485856 1.53500056213 -12.6429856225
-2.49321014245 1.51678104238 -12.6375232294
-2.44788598845 1.49199335242 -12.6336896187
-2.41176289294 1.46237653352 -12.6312914852
-2.38319197595 1.42941374696 -12.6300304113
-2.36047302814 1.39415008312 -12.6296309632
-2.34263500765 1.35717400752 -12.6299363934
-2.32978118906 1.31874223197 -12.6309420921
-2.32291385571 1.27898587542 -12.6327606287
-2.32334821974 1.23811792228 -12.6355369909
-2.33197259331 1.19657236952 -12.6393497676
-2.34866042489 1.15503838271 -12.6441377103
-2.37207440542 1.11439507621 -12.6496803698
-2.39994916567 1.0755884408 -12.6556405151
-2.42975426045 1.03950880886 -12.6616525419
-2.45949110821 1.00691994006 -12.6674236543
-2.4883207348 0.978463353158 -12.6728095532
-2.51677496976 0.954725401859 -12.6778355275
-2.54645285 0.936324363707 -12.6826539044
-2.57929311651 0.92396267526 -12.6874525174
-2.61667446039 0.91840066069 -12.6923475578
-2.65866845928 0.920338958863 -12.6973009922
-2.70372732375 0.930235946552 -12.7020949383
-2.74894215547 0.948118781295 -12.7063755162
-2.79080719834 0.973459154871 -12.7097536281
-2.82624154628 1.00517119974 -12.7119287572
-2.85351776029 1.04175236201 -12.7127919712
-2.87276518285 1.08154020348 -12.7124697235
-2.88585136372 1.12301550434 -12.7112893016
-2.8956538247 1.16506020737 -12.7096734945
-2.90494590744 1.20708665593 -12.7079971319
-2.91526181852 1.24899128352 -12.7064528045
-2.92612712019 1.29094049249 -12.7049719997
-2.93493202689 1.333051436 -12.7032310417
-2.93752031833 1.37506752066 -12.7007439964
-2.92933370455 1.41613478538 -12.6970160798
-2.90676758081 1.45475783976 -12.691710685
-2.86832082972 1.48896078646 -12.6847778193
-2.81518436275 1.51661610825 -12.6765034172

/group/superior_mesenteric_artery/39
39
posId 39
-2.28173741384 1.33825277205 -13.2685531782
-2.2959518431 1.39362860623 -13.2719560132
-2.31663344223 1.44404346589 -13.2770424126
-2.342836518 1.48626780322 -13.2835839431
-2.37420853172 1.51869420157 -13.2914972601
-2.41090477344 1.54148317016 -13.3008215339
-2.45317663082 1.55613757501 -13.311614595
-2.50080466507 1.56468267287 -13.3238109821
-2.55262968616 1.56876806266 -13.3371055161
-2.60641013484 1.56902364491 -13.3509195549
-2.65910887546 1.56489069422 -13.3644754235
-2.70753666508 1.55495835946 -13.3769601988
-2.74912574035 1.53764262325 -13.3877213814
-2.78254053298 1.51192485405 -13.3964204616
-2.80788393771 1.477864425 -13.4030836045
-2.82640894059 1.43670945407 -13.408027076
-2.83983722442 1.3906013122 -13.4116835311
-2.84954147499 1.34202886604 -13.4143944145
-2.85590343978 1.29327227261 -13.4162475542
-2.85809234338 1.24605332048 -13.4170218104
-2.85434473513 1.20149608757 -13.4162591397
-2.84263275659 1.16035230924 -13.4134352489
-2.821460697 1.12332807594 -13.4081627483
-2.79048740508 1.09131380006 -13.4003500055
-2.7507494127 1.06538085036 -13.3902584766
-2.70442267824 1.04653528773 -13.3784426081
-2.65424181947 1.03535156725 -13.3656022932
-2.60282108801 1.03168405489 -13.3524097378
-2.55214234531 1.03463442412 -13.3393780773
-2.50338745565 1.04284377498 -13.3268170107
-2.45713652023 1.05502612603 -13.3148813279
-2.41379712281 1.07053271335 -13.3036786418
-2.37403921004 1.08969417596 -13.2933795649
-2.33902164867 1.11375530883 -13.2842762003
-2.31030163627 1.14437262532 -13.2767611266
-2.28946856809 1.18282711482 -13.2712368791
-2.27767248942 1.22923742845 -13.2679983503

/group/superior_mesenteric_artery/42
42
posId 42
-2.52431699905 1.28044362271 -14.088379472
-2.52120053512 1.34194528052 -14.0889907282
-2.51325754561 1.40093348984 -14.0882823016
-2.49825358578 1.45301156532 -14.0855682937
-2.47420382884 1.49474637892 -14.0802503812
-2.44055155628 1.52444876552 -14.0721439068
-2.39868944205 1.54246336544 -14.0616208363
-2.35160015028 1.55082530403 -14.0495078693
-2.30281749004 1.55238268878 -14.0367945948
-2.25522727323 1.5496990505 -14.0242946496
-2.21028872345 1.54414485864 -14.0124211734
-2.16803704105 1.53551754572 -14.0011786699
-2.12783466274 1.52232076591 -13.9903658227
-2.08946416596 1.50257181368 -13.9798798449
-2.05398164432 1.47480044101 -13.9699626636
-2.0238614119 1.43883770632 -13.9612570257
-2.0023092211 1.39609391422 -13.9546334507
-1.99203646297 1.34924345033 -13.9508625606
-1.99407144603 1.30147562257 -13.9502870396
-2.00719544791 1.25563252774 -13.9526542601
-2.02831836672 1.21357388299 -13.9571997345
-2.0536746396 1.17598579646 -13.9629552361
-2.08032697684 1.14264807806 -13.969147998
-2.10730041111 1.11298613474 -13.9755098914
-2.13581556824 1.08663950153 -13.9823515714
-2.16848700845 1.0638121926 -13.9903610843
-2.20782122229 1.04530264752 -14.0002120126
-2.25467460026 1.03227158468 -14.0121550826
-2.30736288278 1.02591539775 -14.025777847
-2.36183261967 1.02722235632 -14.0400438444
-2.41283738294 1.03690312716 -14.0535983925
-2.45561819332 1.05545888673 -14.0652093476
-2.48736923205 1.08325285516 -14.0741518274
-2.50787399028 1.12044030203 -14.0803728468
-2.51907386803 1.16669737772 -14.0843722842

/group/superior_mesenteric_artery/45
45
posId 45
-2.0955819969 1.06970818145 -14.3422783244
-2.0593576126 1.10625662935 -14.3327545085
-2.02652084091 1.14923376899 -14.3242411581
-1.99838185756 1.19740323618 -14.3170837747
-1.97627257292 1.24917598854 -14.311629549
-1.96132228081 1.30274145449 -14.3081672184
-1.95423984266 1.35624799902 -14.3068693216
-1.95515924978 1.40800368688 -14.3077521426
-1.96359286559 1.45666121748 -14.3106650938
-1.97851197723 1.5013512783 -14.3153145056
-1.99854338085 1.54173679608 -14.321318385
-2.02224123225 1.57797521847 -14.3282807667
-2.04837281431 1.61059405415 -14.3358688392
-2.07615066994 1.64030256619 -14.3438745335
-2.10535374593 1.66777586136 -14.3522452333
-2.13630479425 1.69345364032 -14.3610751073
-2.16970468782 1.71739314677 -14.3705577249
-2.20635864005 1.73920488579 -14.3809099328
-2.24685629042 1.75808280951 -14.3922841847
-2.29128057076 1.77292153422 -14.4046898513
-2.33901580272 1.78249587745 -14.4179425954
-2.38870433221 1.78566625263 -14.4316549372
-2.43836791915 1.78156961973 -14.4452719835
-2.48567270872 1.76976035416 -14.4581460594
-2.52828364233 1.7502772582 -14.4696350532
-2.5642333575 1.72362914278 -14.4792037593
-2.59222686865 1.69070823392 -14.4865066685
-2.61181749269 1.65265440933 -14.4914347294
-2.6234182434 1.61070111063 -14.4941166087
-2.62814951236 1.56603435765 -14.494875059
-2.62755973995 1.51968999976 -14.4941487999
-2.62328267126 1.47250312755 -14.4923975832
-2.61670662776 1.42511041581 -14.4900112078
-2.60872558725 1.37799431769 -14.4872415581
-2.59962050495 1.33155018545 -14.484170761
-2.58908766286 1.28615509095 -14.480719825
-2.57639665989 1.2422204014 -14.4766927573
-2.56063211224 1.20021765115 -14.471843392
-2.54095681218 1.16067655733 -14.4659477843
-2.51683344094 1.12416243926 -14.458864949
-2.48815648191 1.09124550264 -14.450572788
-2.455271554 1.06247512939 -14.4411730971
-2.4188892002 1.0383684987 -14.430867704
-2.37992657885 1.01941588316 -14.4199149671
-2.3393269362 1.00609706384 -14.4085802961
-2.29790930691 0.998897028837 -14.3970949828
-2.25628934331 0.998306576282 -14.3856344204
-2.21488990757 1.00479572425 -14.374320696
-2.17403319074 1.01875466244 -14.3632472213

/group/superior_mesenteric_artery/48
48
posId 48
-2.03675662436 1.12744462733 -14.4834742111
-2.0006507976 1.16811546836 -14.4621380057
-1.97289643706 1.21214925646 -14.4436550393
-1.95370213426 1.25782987273 -14.4283900473
-1.94247341179 1.30390203164 -14.4163055514
-1.93802993688 1.34964970079 -14.4070375439
-1.93890926341 1.39485276576 -14.4000262651
-1.94369228301 1.43963938977 -14.3946728271
-1.95128376416 1.48427307081 -14.3904881914
-1.96109332224 1.5289261143 -14.3872038073
-1.97308510803 1.57349253387 -14.3848223525
-1.98769338499 1.61748315334 -14.3836004498
-2.00562977697 1.66002626802 -14.3839700523
-2.02763025974 1.6999729476 -14.3864182274
-2.05420133207 1.73608225357 -14.3913535781
-2.08542302987 1.76724349669 -14.3989897772
-2.12085218032 1.79268411614 -14.4092722735
-2.15954584844 1.81211466643 -14.4218642038
-2.20019756025 1.82577610336 -14.4361941668
-2.24135363534 1.83437607374 -14.4515547209
-2.28165934346 1.83892553898 -14.467229277
-2.32007841866 1.84050942249 -14.4826188964
-2.3560359923 1.84004015939 -14.4973406853
-2.38945272614 1.83804767802 -14.5112759359
-2.42066286451 1.83455235775 -14.5245574613
-2.4502355293 1.82905030025 -14.5374992112
-2.47874092881 1.82061645856 -14.5504842376
-2.50651624696 1.80810586921 -14.5638365359
-2.53348684257 1.79041187165 -14.5777061231
-2.55908671791 1.76672741136 -14.5919940457
-2.58230046652 1.73675413728 -14.6063353752
-2.60182177334 1.70081442657 -14.620145501
-2.6162969406 1.65984157931 -14.6327209157
-2.62460172814 1.61524901539 -14.6433732947
-2.62609057982 1.56870496555 -14.6515677368
-2.62076128818 1.52185941319 -14.6570343474
-2.60929472144 1.47608055679 -14.6598273831
-2.59295506389 1.43225650839 -14.6603169498
-2.57336571278 1.39070455335 -14.6591125198
-2.55220322967 1.35120780881 -14.6569323039
-2.5308706771 1.31317221926 -14.6544446088
-2.51021808236 1.27587115993 -14.6521141062
-2.49037005233 1.23872590276 -14.6500858972
-2.47070007578 1.2015618795 -14.6481332676
-2.44996186282 1.1647848703 -14.6456824577
-2.42655613217 1.12943714845 -14.6419121696
-2.39888316 1.09711796343 -14.6359101217
-2.36571301122 1.06978050596 -14.6268569421
-2.32650058135 1.04944291012 -14.6142015986
-2.28158249316 1.03786863499 -14.5977936998
-2.23221558938 1.03627804781 -14.5779461941
-2.18044766918 1.0451468811 -14.5554155783
-2.1288439592 1.06412976824 -14.5313029575

