/group/right_internal_iliac/0
0
posId 0
1.73411438845 3.00356722017 -11.5447717095
1.86390483374 3.02148597669 -11.5485379274
1.98505053364 3.0373653602 -11.5514272311
2.09600577518 3.05080660217 -11.5532575709
2.19616167433 3.061884423 -11.5541287977
2.28576922758 3.07111327904 -11.5544033108
2.36575567759 3.07937116133 -11.5546630946
2.4374628519 3.08779040458 -11.555648048
2.50234590138 3.09762806123 -11.5581820852
2.56167538632 3.11012999726 -11.5630943469
2.6162843896 3.12640284204 -11.5711429279
2.66639549482 3.14730633678 -11.5829478611
2.71155100186 3.17337571907 -11.5989387773
2.75065521278 3.20477994899 -11.6193208937
2.78212195964 3.24131731284 -11.6440609664
2.80410585609 3.2824457579 -11.6728928225
2.8147840016 3.32734170747 -11.7053402806
2.81264762627 3.3749784799 -11.7407538528
2.79676141813 3.42421405239 -11.778356728
2.76695228174 3.47387786629 -11.8172952082
2.72389853458 3.52284758879 -11.8566889963
2.6691038591 3.57010899415 -11.8956774214
2.60475595218 3.61479504953 -11.9334587093
2.53348569197 3.65620345915 -11.9693205871
2.45805666591 3.69379489625 -12.0026616903
2.38102518815 3.72717653923 -12.033004252
2.3044160666 3.75607702868 -12.0599992893
2.22945860491 3.78031941188 -12.0834258944
2.15642065057 3.79979803013 -12.1031862697
2.08456670273 3.81446377271 -12.119297879
2.01225062182 3.8243199381 -12.1318836011
1.9371362815 3.8294284677 -12.1411602
1.8565227618 3.82992394439 -12.1474248932
1.76773656127 3.82603085573 -12.1510394331
1.66854365593 3.81807851387 -12.152411002
1.55753035754 3.8065078911 -12.1519694058
1.43440440717 3.79186551688 -12.1501405286
1.30017636591 3.77478138418 -12.147316709
1.15719513786 3.75593028722 -12.143825526
1.00902872598 3.73597880828 -12.1398992874
0.860199966945 3.71552288065 -12.1356481524
0.715804714024 3.69502306523 -12.1310401634
0.58105452753 3.6747460325 -12.1258913939
0.460795556876 3.6547209866 -12.1198688968
0.359058727745 3.63471879571 -12.1125081682
0.278693116875 3.61425945654 -12.103245496
0.221124864084 3.59265043488 -12.0914639751
0.186269277756 3.56905474298 -12.0765503247
0.172605719501 3.54258378616 -12.0579581271
0.177405610996 3.51240652447 -12.0352719398
0.197085843165 3.47786381762 -12.0082660684
0.227645191385 3.4385753362 -11.9769517649
0.265131836818 3.39452637716 -11.9416072767
0.306086907683 3.34612339437 -11.9027864948
0.347912446564 3.29420993631 -11.8613038284
0.389121915575 3.24003868567 -11.8181951823
0.429446039364 3.18519998613 -11.7746573143
0.46978461611 3.13151208787 -11.7319701281
0.512013680738 3.08088278029 -11.6914083728
0.558674765727 3.03515557546 -11.6541505341
0.612586847208 2.9959557271 -11.6211932597
0.676430217196 2.96455183772 -11.5932793769
0.752353977946 2.94174753162 -11.5708464337
0.841654886013 2.92781476746 -11.5540008388
0.944565461657 2.9224761365 -11.5425202622
1.06017492996 2.92493840498 -11.5358842459
1.18648953535 2.93397417909 -11.5333302327
1.32062124891 2.94804350309 -11.5339297584
1.45907808359 2.96544301705 -11.5366776063

/group/right_internal_iliac/3
3
posId 3
2.20927779021 2.88395696822 -11.5081891635
2.26181494907 2.90523415663 -11.5190009182
2.30797187611 2.92770893678 -11.5313641396
2.3492481682 2.95134967984 -11.5451034328
2.38711734548 2.97620523217 -11.5601069955
2.42290739592 3.00240093101 -11.5763356624
2.45769590129 3.03012709774 -11.5938247805
2.49222675716 3.05962053338 -11.6126786013
2.52685387547 3.09114011653 -11.6330574826
2.5615152788 3.12493811334 -11.6551587715
2.59573880383 3.16122921196 -11.6791927729
2.62867838425 3.20015955822 -11.7053556303
2.65917773894 3.24177817128 -11.7338012418
2.68585640083 3.28601304733 -11.7646144714
2.70721151638 3.33265401612 -11.7977878831
2.72172782774 3.38134401304 -11.8332040227
2.72798778741 3.43157989447 -11.8706249159
2.72477387464 3.48272329028 -11.9096899562
2.71115587079 3.53402129908 -11.9499227682
2.68655705085 3.58463613586 -11.9907469804
2.65079486994 3.63368218756 -12.0315101864
2.60409364505 3.68026836652 -12.0715147457
2.5470688125 3.72354321673 -12.1100535414
2.48068442774 3.76273995553 -12.1464483903
2.40618751501 3.79721854736 -12.1800885431
2.32502452965 3.82650201401 -12.2104666248
2.23874644691 3.85030448601 -12.2372094681
2.14890974954 3.86854897338 -12.2601015731
2.05698079957 3.88137345274 -12.2790993751
1.96425073544 3.88912459131 -12.2943350852
1.87176716288 3.89233921064 -12.3061095466
1.78028757197 3.89171438008 -12.3148742858
1.69025771676 3.88806777191 -12.321203665
1.60181626178 3.88229055422 -12.3257587299
1.51482497738 3.87529560196 -12.3292449311
1.42892180242 3.86796413489 -12.332366344
1.34359233457 3.86109402179 -12.3357792912
1.2582538853 3.85535291131 -12.3400483507
1.17234525623 3.85123906761 -12.345607624
1.08541492746 3.84905231881 -12.3527298237
0.997200434969 3.8488769008 -12.3615052623
0.907692346897 3.85057723716 -12.3718321948
0.817177384338 3.85380688766 -12.3834192426
0.726256788233 3.85803007573 -12.3957998455
0.635837898047 3.86255442295 -12.4083579081
0.547098943573 3.8665728283 -12.4203630781
0.461429109276 3.86921187522 -12.4310134672
0.380347859157 3.86958376728 -12.4394831379
0.305409165798 3.86683860652 -12.4449713755
0.23809754559 3.86021384881 -12.4467506491
0.179723566698 3.84907799393 -12.4442102577
0.131326705854 3.83296597851 -12.4368929503
0.093593063073 3.81160430734 -12.4245222721
0.0667945199933 3.78492464473 -12.4070190038
0.0507545082065 3.75306534365 -12.3845057768
0.0448437354741 3.71636116701 -12.3572997186
0.0480071264452 3.67532219918 -12.3258937584
0.0588210174975 3.63060360799 -12.2909279457
0.0755774600227 3.58296845539 -12.2531527673
0.0963904894147 3.53324613396 -12.2133869313
0.119317552768 3.48228920512 -12.1724724105
0.142488079004 3.43093142212 -12.1312296616
0.164230511758 3.37994954143 -12.0904158696
0.183189061019 3.33003117541 -12.0506888064
0.198421975291 3.28175044563 -12.0125784644
0.20947426046 3.23555259708 -11.9764680586
0.216419401649 3.19174807312 -11.9425853251
0.219866671715 3.15051587659 -11.911004329
0.220932897092 3.11191540263 -11.8816572791
0.221179942177 3.07590536667 -11.8543551784
0.222521502563 3.04236800669 -11.8288155695
0.227104903837 3.01113643892 -11.8046951931
0.237175339528 2.98202291148 -11.7816250992
0.254931227152 2.95484573434 -11.7592456533
0.282380026834 2.92945286225 -11.7372389602
0.321203904036 2.9057404499 -11.7153564855
0.372644021124 2.88366515816 -11.6934400617
0.437411050537 2.86324952951 -11.6714349976
0.515627794624 2.84458032772 -11.6493946145
0.606807689447 2.8278003073 -11.6274761825
0.709870605126 2.81309439896 -11.6059288611
0.823194894679 2.80067172916 -11.5850748224
0.944702254654 2.79074520329 -11.5652852166
1.0719698068 2.78351054991 -11.5469529792
1.20236203728 2.77912673722 -11.5304646734
1.33317395851 2.77769953193 -11.5161735784
1.46177617395 2.77926968777 -11.5043760936
1.58575247304 2.78380684828 -11.4952932246
1.703021163 2.79120975858 -11.4890584914
1.81193251346 2.80131284157 -11.4857130688
1.91133636716 2.81389864852 -11.4852083906
2.00061603512 2.82871518404 -11.4874158494
2.07968690651 2.8454966726 -11.4921426681

/group/right_internal_iliac/6
6
posId 6
1.96897055445 2.95075975107 -11.8450754857
2.06090051478 2.9910552741 -11.8635292906
2.151049052 3.03127776857 -11.8821800867
2.24011263542 3.07104563919 -11.9006295005
2.32870092388 3.11024550549 -11.9187016974
2.41718717312 3.14899444814 -11.9364351484
2.50557771245 3.18757979427 -11.9540540764
2.59341425864 3.22638340473 -11.9719230738
2.67971994295 3.26579876428 -11.9904898431
2.76299597948 3.30614969173 -12.0102219802
2.84127126035 3.34761914303 -12.0315441132
2.91220225214 3.39019541876 -12.0547814995
2.97321584172 3.43364122953 -12.0801154038
3.02168367721 3.47748870296 -12.1075543073
3.05511345369 3.52106076902 -12.1369233672
3.07134079493 3.56351669295 -12.1678727105
3.06870505446 3.60391709684 -12.199903293
3.04619354041 3.6413018555 -12.2324073507
3.0035412572 3.67477295796 -12.2647190908
2.9412770242 3.70357391615 -12.2961703278
2.86071143727 3.72715762521 -12.326145372
2.76386716822 3.74523570227 -12.3541296331
2.653357094 3.75780414379 -12.3797471148
2.5322202586 3.76514246867 -12.4027831512
2.40372928889 3.76778613001 -12.4231902732
2.27118528354 3.76647462863 -12.4410768238
2.13771715739 3.7620801881 -12.4566797076
2.00610186931 3.75552381749 -12.4703242779
1.87861994523 3.74768690047 -12.4823756821
1.75695741941 3.73932697617 -12.4931868678
1.64216106167 3.73100606288 -12.5030488115
1.53464892826 3.72303874229 -12.512148337
1.43427331515 3.7154653745 -12.5205381446
1.34042855647 3.70805342266 -12.5281224663
1.25219222139 3.70032715692 -12.5346601908
1.16848547068 3.69162323719 -12.5397855301
1.08823688655 3.68116710861 -12.5430444983
1.01053411053 3.66816303044 -12.5439438122
0.93474909814 3.65188910503 -12.5420074743
0.860625577835 3.63178802619 -12.5368353949
0.788321116417 3.60754449552 -12.5281580471
0.718400678316 3.57914135237 -12.5158813642
0.651783298163 3.54688833336 -12.5001168838
0.589648018483 3.51141985621 -12.4811934334
0.533309152456 3.47366108367 -12.4596483414
0.484073850821 3.43476450395 -12.4361980723
0.443096611971 3.39602208706 -12.4116901604
0.411245623924 3.35876047623 -12.387040164
0.388994648298 3.32422842261 -12.3631588964
0.376351665953 3.29348659815 -12.3408762747
0.372831941226 3.26730993129 -12.3208686419
0.377478866532 3.24611169 -12.3035963097
0.388931329864 3.22989676032 -12.289257338
0.405531842411 3.21824908939 -12.277762267
0.425465698955 3.21035529681 -12.2687327578
0.446918395242 3.20506327343 -12.2615250431
0.468236682886 3.20097146765 -12.2552769012
0.488078178676 3.19654178804 -12.2489747682
0.5055354064 3.19022688123 -12.2415357621
0.520222446377 3.18060117357 -12.2318979905
0.532315785825 3.1664846218 -12.2191116831
0.542545181475 3.14704864723 -12.2024234962
0.552134968609 3.12189518434 -12.1813468247
0.562700843685 3.09110203367 -12.1557120654
0.576111279393 3.05523056813 -12.1256924319
0.594326012708 3.01529504972 -12.091802961
0.619226169403 2.97269608373 -12.0548726145
0.652451352306 2.92912377948 -12.0159916518
0.695258352499 2.8864387319 -11.9764385379
0.748414104577 2.84654076135 -11.9375923749
0.81213228943 2.8112362929 -11.9008380378
0.886058892482 2.78211524195 -11.8674717727
0.969307436234 2.76044730824 -11.8386149136
1.06053995474 2.74710575951 -11.8151426109
1.15808550182 2.74252427962 -11.7976331091
1.26008448751 2.74668949429 -11.7863412943
1.36464474916 2.75916864261 -11.7811981033
1.46999421081 2.77916881754 -11.7818351557
1.57461536994 2.80562152812 -11.7876318179
1.67734863949 2.83728427536 -11.7977800432
1.777454601 2.87284956255 -11.8113608992

/group/right_internal_iliac/9
9
posId 9
2.36299565515 2.85797742782 -12.0450867619
2.4333163307 2.90611673923 -12.0699911877
2.50263096359 2.95391525691 -12.0948268901
2.57236088519 3.00095969104 -12.1189513814
2.64375746017 3.04695208118 -12.1418534807
2.71776448972 3.09171426726 -12.163186137
2.79490198992 3.13518578681 -12.1827892938
2.87518081873 3.17741497229 -12.2007006027
2.95805534573 3.21854340985 -12.2171525965
3.04241850068 3.25878433544 -12.2325558804
3.12664032085 3.29839595855 -12.2474689226
3.20864779361 3.33765108836 -12.2625560463
3.28604061815 3.37680476078 -12.2785361662
3.35623473702 3.41606180075 -12.2961255935
3.41662333162 3.45554637902 -12.315978791
3.46474360384 3.49527561923 -12.3386312533
3.49843718759 3.53513917246 -12.364448666
3.51599248488 3.57488640297 -12.3935861837
3.51625856705 3.61412243168 -12.4259610484
3.49872241607 3.65231378429 -12.4612409069
3.4635440372 3.68880381651 -12.4988491281
3.411547136 3.72283747607 -12.5379872438
3.34416637424 3.75359434887 -12.577673429
3.26335544059 3.78022836618 -12.6167947825
3.17146304577 3.80191206132 -12.6541701581
3.07108625503 3.81788289277 -12.6886195014
2.96491213057 3.8274889245 -12.7190351299
2.85555935594 3.83023109415 -12.7444501958
2.74543130838 3.82579941235 -12.7640997103
2.63659095723 3.81410072073 -12.7774699697
2.53066609254 3.79527607659 -12.7843329863
2.42879088352 3.76970640344 -12.7847635308
2.33158683589 3.73800571499 -12.7791375621
2.23918309796 3.70100194261 -12.7681120818
2.15127300597 3.65970612924 -12.7525877007
2.06720100329 3.61527144722 -12.7336563649
1.98607182989 3.56894411077 -12.7125376676
1.90687233118 3.52200874569 -12.6905079085
1.82859549281 3.47573111782 -12.6688264985
1.75035641879 3.4313012865 -12.6486644212
1.67149091388 3.38978023046 -12.6310392472
1.59162901879 3.35205279233 -12.6167606732
1.51073813045 3.31878941892 -12.6063897696
1.42913302469 3.29041866308 -12.6002141303
1.34745295855 3.26711179141 -12.5982399966
1.26660882611 3.24878015286 -12.6002012688
1.18770584427 3.23508524861 -12.6055841956
1.11194924816 3.22546074939 -12.6136655367
1.04054181841 3.21914507452 -12.6235611827
0.974582637535 3.21522261449 -12.6342816607
0.914976240032 3.21267127501 -12.6447906642
0.862360304374 3.2104137664 -12.6540627537
0.817058327853 3.2073699653 -12.6611366554
0.779061473978 3.20250773747 -12.6651611123
0.748041180749 3.19488981697 -12.6654309636
0.723391388134 3.18371466981 -12.6614119827
0.704296616477 3.16834969999 -12.6527539128
0.689819827331 3.14835565096 -12.6392920371
0.679002219766 3.12350158091 -12.621038432
0.670966009983 3.09377031038 -12.5981647121
0.665010905409 3.05935472454 -12.5709785524
0.660695447021 3.02064573193 -12.5398965154
0.657895619421 2.97821301647 -12.5054157353
0.656835016759 2.93277995689 -12.468086801
0.658083248038 2.88519422273 -12.4284897893
0.662521968183 2.83639559089 -12.3872148543
0.671280705853 2.78738247302 -12.3448481439
0.685647291239 2.739178515 -12.3019631537
0.706959944587 2.69280044748 -12.2591169964
0.73648977602 2.64922815036 -12.2168505316
0.775323422702 2.60937766674 -12.1756909035
0.824255721762 2.57407768272 -12.1361548205
0.883701664156 2.5440497932 -12.0987508807
0.953635441184 2.51989271365 -12.0639794259
1.03356229206 2.50207047779 -12.0323287449
1.12252625421 2.49090458193 -12.0042669398
1.21915401709 2.48656999445 -11.9802293447
1.32173212093 2.489094933 -11.9606019992
1.4283119652 2.49836431162 -11.9457022691
1.53683472859 2.51412676164 -11.9357582057
1.64526654876 2.53600512065 -11.9308885997
1.75173331758 2.56351025266 -11.9310858707
1.85464430367 2.59605800146 -11.9362039107
1.95279454125 2.63298898614 -11.9459527721
2.04543747257 2.67359082322 -11.9599016585
2.13232158463 2.71712221185 -11.9774910773
2.21368756637 2.76283815846 -11.9980542911

/group/right_internal_iliac/12
12
posId 12
2.19497257421 2.57925241876 -12.1899742108
2.29084207147 2.63623477205 -12.2089101891
2.37767653034 2.69329142561 -12.2309905849
2.4563885505 2.74909078054 -12.2546990634
2.52852223017 2.80251179714 -12.2784948376
2.59609635152 2.85270398898 -12.3009203897
2.66141029361 2.89913032973 -12.3207064175
2.72682851022 2.94158974401 -12.3368655982
2.79456113712 2.98021724926 -12.3487674381
2.86645853022 3.01546139569 -12.3561878242
2.94383626732 3.04804029231 -12.3593288147
3.02734449047 3.07887908298 -12.3588065346
3.11689166058 3.10903311989 -12.3556075904
3.21162818092 3.13960216331 -12.3510169714
3.30999032592 3.1716416263 -12.3465227361
3.40979992723 3.20607712476 -12.3437047024
3.50841074984 3.24362836455 -12.3441156878
3.60288882416 3.28474771542 -12.3491644822
3.69021148902 3.32957773766 -12.3600096053
3.76746874706 3.37793052828 -12.3774720317
3.83205081073 3.42929014823 -12.401973513
3.88180737443 3.48283770722 -12.4335050431
3.91516700796 3.53749704991 -12.4716275559
3.93120885146 3.59199753299 -12.5155043403
3.92968314205 3.64494921667 -12.5639621219
3.91098161628 3.69492500267 -12.6155755042
3.87606310082 3.74054388802 -12.6687676821
3.82634324756 3.7805495875 -12.7219191746
3.76356007414 3.8138792907 -12.7734758656
3.68962851698 3.83971820892 -12.8220479228
3.60649748069 3.85753675243 -12.8664921409
3.51602188713 3.86710855558 -12.905971838
3.41986011734 3.86850902142 -12.9399904667
3.31940423196 3.86209547055 -12.9683974082
3.21574676241 3.84847124032 -12.9913667811
3.10968404682 3.82843709768 -13.0093523179
3.00175241741 3.80293403147 -13.0230232496
2.89229038331 3.77298183904 -13.0331875287
2.78151759273 3.73961790861 -13.0407095144
2.66962001761 3.70384024619 -13.046429382
2.55683059265 3.66655815449 -13.0510910076
2.44349546047 3.62855311414 -13.0552839911
2.33011791193 3.59045143244 -13.0594039294
2.21737485325 3.55270920507 -13.0636331941
2.10610389014 3.51560917293 -13.0679424841
1.99726255215 3.4792682291 -13.0721115098
1.89186443294 3.44365370259 -13.0757654837
1.79089975678 3.40860615367 -13.0784228118
1.69524981457 3.37386627559 -13.0795485889
1.60560563827 3.33910359527 -13.0786082798
1.52240109926 3.3039449678 -13.0751163017
1.44576932992 3.26800131109 -13.0686750689
1.37552909719 3.23089156321 -13.0590013233
1.31120472168 3.19226339476 -13.0459381013
1.25207963163 3.15181070416 -13.0294523332
1.19728001776 3.10928830896 -13.0096196525
1.1458816766 3.06452447818 -12.9865993532
1.09703034375 3.01743200919 -12.9606034341
1.0500639184 2.96801843897 -12.9318642169
1.0046241794 2.91639571564 -12.9006050532
0.960745998897 2.86278928519 -12.8670181668
0.918913667676 2.80754612501 -12.8312527432
0.880076631362 2.75114084549 -12.7934150939
0.845620471562 2.69417864708 -12.7535812173
0.817293033622 2.63739372176 -12.7118205102
0.797089830746 2.58164166765 -12.6682279301
0.78710684642 2.52788467083 -12.6229607125
0.789372231279 2.47716859988 -12.5762749546
0.805670815014 2.43059173639 -12.5285570744
0.837376578487 2.38926558431 -12.4803453872
0.885308112765 2.3542689991 -12.4323378056
0.949620608421 2.32659767789 -12.385382898
1.02974517362 2.30711177138 -12.3404531282
1.12438249428 2.29648493582 -12.29860089
1.23155334365 2.29515846845 -12.2608997829
1.34870361243 2.30330420923 -12.228375255
1.47285679039 2.32079961605 -12.201930106
1.60080261045 2.34721782872 -12.1822712436
1.72930724849 2.38183465758 -12.1698444206
1.85532836413 2.4236533202 -12.1647833909
1.97621757058 2.4714464871 -12.1668790172

/group/right_internal_iliac/15
15
posId 15
2.13252359106 2.39475404631 -12.4077361268
2.24155096543 2.45332432079 -12.4115237564
2.34525904617 2.51462097819 -12.4205142271
2.44272122109 2.57737723594 -12.4339333835
2.53342675202 2.6403791215 -12.4508569149
2.6172972543 2.70251540311 -12.4702505615
2.69467895056 2.76282167981 -12.4910164007
2.76631107912 2.82051654492 -12.5120430156
2.83327213327 2.87502814295 -12.5322571166
2.8969068148 2.92600992923 -12.5506740705
2.95873763861 2.97334498895 -12.5664448139
3.02036596801 3.01713884961 -12.5788967759
3.08336784665 3.05770129804 -12.5875667082
3.14919029117 3.09551826099 -12.5922237049
3.21905370245 3.1312152987 -12.5928811716
3.29386574254 3.16551466843 -12.5897970458
3.37415142519 3.19918822015 -12.5834621555
3.46000331316 3.23300857315 -12.5745771962
3.55105464945 3.26770108277 -12.5640193789
3.64647703079 3.30389903702 -12.5528003275
3.74500292439 3.3421043297 -12.5420172454
3.84497200344 3.38265554943 -12.5327997197
3.94439900477 3.42570502064 -12.5262547546
4.04105966066 3.4712058539 -12.523412722
4.13259028879 3.51890953578 -12.5251768764
4.21659589094 3.56837403947 -12.5322789059
4.29076115198 3.61898189615 -12.5452426913
4.35295857061 3.66996716218 -12.5643580351
4.40134810026 3.72044977357 -12.5896656242
4.43446312558 3.76947542067 -12.6209539257
4.45127832171 3.81605881986 -12.6577681222
4.45125590276 3.85922811765 -12.6994305898
4.43436790966 3.89806814223 -12.7450718512
4.40109345599 3.931760318 -12.7936704188
4.35239117378 3.95961727222 -12.8440995093
4.28964841036 3.98111047847 -12.8951782831
4.21460995099 3.99588967907 -12.9457250517
4.12929011486 4.00379328731 -12.9946098234
4.03587293733 4.00484946363 -13.0408036112
3.93660576236 3.99926806151 -13.0834221188
3.83369189376 3.9874241213 -13.1217617265
3.72918797534 3.96983402719 -13.155326111
3.62491148737 3.947125812 -13.1838423275
3.52236317591 3.92000537566 -13.2072657273
3.42266840381 3.88922056302 -13.2257736601
3.32654037203 3.85552511612 -13.2397484789
3.23426696461 3.81964447241 -13.2497509025
3.14572168416 3.78224522793 -13.2564852634
3.06039783694 3.74390983294 -13.2607585625
2.9774638678 3.70511775129 -13.2634355314
2.89583660428 3.66623391534 -13.2653920742
2.81426820559 3.62750486637 -13.2674694963
2.7314418805 3.58906251397 -13.2704318447
2.64607097432 3.55093500038 -13.2749284736
2.55699585764 3.51306374482 -13.2814636362
2.46327318304 3.47532538945 -13.2903744959
2.36425250673 3.43755709453 -13.3018184799
2.25963597333 3.39958344905 -13.3157703811
2.14951769779 3.36124318596 -13.3320290899
2.03440059608 3.32241392108 -13.3502333241
1.91518965651 3.28303327079 -13.3698852585
1.79316193789 3.24311493637 -13.3903805517
1.66991485952 3.20275866058 -13.4110429587
1.54729554201 3.16215334434 -13.4311615075
1.42731500172 3.12157303832 -13.4500281257
1.31205183935 3.08136596938 -13.4669736264
1.20355064862 3.04193720075 -13.4814001064
1.10372067345 3.00372593167 -13.4928080509
1.01424024304 2.96717879277 -13.500816781
0.936472216402 2.93272076838 -13.5051772879
0.871395084098 2.90072555807 -13.5057769541
0.819553539441 2.87148726715 -13.5026361421
0.781031287084 2.84519528347 -13.4958971038
0.755447661722 2.82191405578 -13.4858061043
0.741978347155 2.80156924548 -13.4726900421
0.739399186034 2.78394138909 -13.4569291479
0.746150823235 2.76866780325 -13.4389275631
0.760420798696 2.75525300744 -13.4190836969
0.780238759456 2.7430874582 -13.39776226
0.803579747036 2.73147390828 -13.3752697484
0.828470073775 2.71966025159 -13.3518349346
0.853090154418 2.70687731639 -13.3275956043
0.875868815333 2.69237974638 -13.3025923943
0.895564054988 2.67548788269 -13.2767701481
0.911325951545 2.65562844183 -13.2499867424
0.922738367966 2.63237178433 -13.2220288781
0.929837240366 2.60546368787 -13.1926338924
0.933104490519 2.57484977204 -13.1615162687
0.933437910723 2.5406910592 -13.1283972133
0.932098658217 2.5033695806 -13.0930354554
0.930639197549 2.46348342684 -13.055257317
0.930815577927 2.42183117292 -13.0149841069
0.934488771997 2.37938615176 -12.9722550088
0.943520387512 2.33726157825 -12.9272438634
0.959668362189 2.29666801062 -12.8802685656
0.98448824869 2.25886505055 -12.8317921989
1.01924539109 2.22510950668 -12.7824154914
1.06484270288 2.19660245857 -12.7328606656
1.12176791141 2.17443774898 -12.6839472532
1.19006307991 2.15955439501 -12.6365609181
1.26931801325 2.15269524365 -12.5916167539
1.35868786169 2.15437391299 -12.550018875
1.45693392831 2.16485166985 -12.5126183728
1.56248543063 2.18412541734 -12.4801718593
1.67351883398 2.21192742636 -12.4533028441
1.78805042272 2.24773687005 -12.4324680971
1.90403705948 2.29080263967 -12.4179309376

/group/right_internal_iliac/18
18
posId 18
2.66531817646 2.50756056082 -12.6362784986
2.73147777231 2.56574021963 -12.6540028046
2.79563865224 2.62144356053 -12.6705025338
2.85854335604 2.67431423732 -12.6850088106
2.92094880674 2.7241474629 -12.6968898092
2.98359065998 2.77089072804 -12.7056719526
3.04715010889 2.81463884773 -12.7110542605
3.11222427189 2.8556235922 -12.7129154429
3.17930108905 2.89419836669 -12.7113136518
3.24873942182 2.93081859131 -12.7064791178
3.32075480445 2.96601859044 -12.6988001869
3.39541104335 3.00038592483 -12.6888035415
3.47261761631 3.03453418389 -12.6771296083
3.55213259605 3.06907529745 -12.6645043271
3.63357062351 3.10459242464 -12.6517085677
3.71641529099 3.14161443388 -12.6395465357
3.80003517127 3.18059290311 -12.6288144971
3.88370264884 3.22188245053 -12.6202710847
3.96661467356 3.26572505599 -12.6146103243
4.04791456551 3.31223886127 -12.6124383515
4.12671404799 3.36141175016 -12.6142545801
4.20211476791 3.4130998151 -12.6204378509
4.27322867353 3.46703062547 -12.6312378423
4.33919674871 3.52281102979 -12.6467717732
4.39920574348 3.57993905933 -12.6670261923
4.45250268282 3.63781935931 -12.691863427
4.49840707101 3.6957814615 -12.7210320834
4.53632083042 3.75310013237 -12.7541808394
4.5657361138 3.80901698629 -12.7908746745
4.58624120432 3.86276254359 -12.830612626
4.59752476408 3.91357793851 -12.8728461596
4.5993787083 3.96073553785 -12.916997287
4.59169997085 4.00355781561 -12.9624756475
4.57449138842 4.04143393488 -13.0086938999
4.54786187169 4.07383361128 -13.0550809166
4.51202595618 4.10031796507 -13.101092448
4.46730274211 4.1205472055 -13.1462191006
4.41411414655 4.13428512375 -13.1899916504
4.3529823124 4.14140049542 -13.2319838789
4.28452595223 4.14186560245 -13.2718132588
4.20945535888 4.13575217594 -13.309139934
4.12856579307 4.12322512994 -13.3436645159
4.0427289649 4.10453450194 -13.3751252556
3.95288236339 4.08000603725 -13.4032951548
3.8600162553 4.05003085224 -13.4279795337
3.7651582693 4.01505458829 -13.4490144999
3.66935560084 3.97556642703 -13.4662666534
3.57365500975 3.93208828138 -13.4796342296
3.47908093051 3.88516441203 -13.4890497362
3.3866121653 3.83535164811 -13.4944839852
3.29715777336 3.78321032129 -13.4959512702
3.21153289842 3.72929595633 -13.4935153063
3.13043537897 3.67415170496 -13.4872954306
3.05442405726 3.6183014648 -13.4774724841
2.98389973509 3.56224359577 -13.4642937419
2.91908971225 3.50644513178 -13.4480762589
2.86003678548 3.45133638858 -13.4292080279
2.80659348033 3.39730588576 -13.4081464295
2.75842213822 3.34469553268 -13.3854135654
2.71500129001 3.29379606961 -13.3615882205
2.67563852327 3.24484280429 -13.3372943726
2.63948980046 3.198011736 -13.3131863613
2.60558492118 3.15341620893 -13.2899310313
2.57285855448 3.11110428092 -13.2681873555
2.54018600872 3.07105702729 -13.2485842303
2.50642267052 3.03318801932 -13.2316972863
2.47044584042 2.99734422039 -13.2180256787
2.43119753432 2.96330852701 -13.2079699002
2.38772671326 2.93080414757 -13.2018116844
2.3392293583 2.89950095757 -13.1996970446
2.28508482529 2.86902389931 -13.2016234122
2.22488699851 2.83896340811 -13.2074317116
2.15846891092 2.80888775105 -13.2168040269
2.08591970712 2.77835706175 -13.2292673009
2.00759308711 2.74693875164 -13.2442032538
1.92410667346 2.71422388019 -13.2608644452
1.83633208045 2.679843979 -13.2783961183
1.7453758175 2.64348775378 -13.295863202
1.65255151559 2.60491703793 -13.3122815863
1.55934430995 2.5639813467 -13.3266525685
1.46736852986 2.52063038439 -13.3379991873
1.37832012321 2.47492389003 -13.3454030341
1.29392546703 2.42703827081 -13.3480400629
1.21588837596 2.37726956457 -13.3452139177
1.14583721001 2.32603239155 -13.3363853563
1.08527399771 2.27385469621 -13.3211964785
1.03552742818 2.22136823738 -13.299488651
0.997711429246 2.169294953 -13.2713132638
0.972690842156 2.11842949649 -13.2369347324
0.96105543639 2.06961840843 -13.1968254753
0.963103190388 2.02373654182 -13.1516529286
0.97883340942 1.98166149417 -13.1022589883
1.00794987484 1.94424690872 -13.0496325986
1.04987383521 1.91229558407 -12.9948764936
1.10376627552 1.88653337237 -12.9391693576
1.1685585508 1.86758484761 -12.8837248708
1.24299016031 1.85595168678 -12.8297492474
1.32565217937 1.85199462753 -12.7783989498
1.41503466968 1.85591974976 -12.730740258
1.50957626155 1.86776967846 -12.6877123102
1.6077140489 1.8874201274 -12.6500950833
1.70793196026 1.91458200456 -12.6184835834
1.80880586459 1.94880908895 -12.5932692577
1.90904383514 1.9895110727 -12.5746293354
2.00752021801 2.03597155196 -12.5625244792
2.10330242643 2.08737035354 -12.5567047781
2.19566969191 2.14280941002 -12.5567237708
2.28412333792 2.20134125161 -12.5619598548
2.36838848401 2.26199907561 -12.5716441385
2.44840742513 2.32382728686 -12.5848935346
2.52432524724 2.38591138064 -12.6007476886

/group/right_internal_iliac/21
21
posId 21
2.64088733892 2.42075577877 -13.0267803645
2.59312368522 2.46641482678 -13.0959380495
2.52501717035 2.49633659886 -13.1631088735
2.43739596299 2.5077075332 -13.2252868843
2.33253393931 2.50023254031 -13.2808584875
2.21401291197 2.47615288211 -13.3297002116
2.08634458933 2.43964055819 -13.3728619329
1.95444231279 2.39574247241 -13.4119369457
1.8230662888 2.34917308328 -13.4483123672
1.6963646491 2.30329080531 -13.4825268605
1.5775981713 2.25953116729 -13.5139275028
1.46908047891 2.21742875729 -13.5407248967
1.37230549649 2.17518404527 -13.5604240411
1.28818770964 2.13057397196 -13.5704954378
1.2173211129 2.08191371876 -13.5690808413
1.16017352937 2.02877722112 -13.5555217797
1.11716846534 1.97227288672 -13.530557354
1.0886535584 1.91481840378 -13.4961417282
1.07479677097 1.859516827 -13.4549482015
1.07547495346 1.80935549672 -13.4097194851
1.09021725721 1.76649350924 -13.3626645514
1.11824006036 1.73186088024 -13.3150796973
1.15857059681 1.70517962158 -13.2672939863
1.21021792615 1.68537226257 -13.2189328225
1.27232639591 1.67119489866 -13.1693925642
1.34424722235 1.66186146193 -13.1183559024
1.42548884124 1.65743574453 -13.0661716624
1.51554825068 1.65885328594 -13.0139744865
1.61366967399 1.66756711193 -12.9635115233
1.71860812962 1.68494485722 -12.9167440301
1.82848231947 1.71163489263 -12.8753682526
1.9407798505 1.74713493875 -12.8404268213
2.05253371783 1.78973204248 -12.8121503433
2.16063552798 1.83685823301 -12.790089284
2.26220513915 1.88576242539 -12.773494969
2.35491351561 1.9342840649 -12.7618192793
2.43716416328 1.9814669669 -12.7551554931
2.50807735143 2.02779065075 -12.7544543815
2.56727959241 2.07491131905 -12.7614177129
2.61456119032 2.12496056784 -12.7780748508
2.64950846286 2.17959774005 -12.8061542318
2.67123039388 2.2391036305 -12.8464357384
2.678276896 2.30180773031 -12.8982873864

/group/right_internal_iliac/24
24
posId 24
2.76347921785 2.1252267962 -13.2239124086
2.72110047791 2.16912889046 -13.2838114783
2.66686793595 2.20580737713 -13.3445727699
2.60346212464 2.2345144968 -13.4040609698
2.53308972554 2.25518121798 -13.4609635784
2.45735480846 2.26835215798 -13.5148111838
2.37728475865 2.27498841715 -13.5658020437
2.29347920198 2.27618378038 -13.6144860528
2.2063267828 2.27286221299 -13.6613948408
2.11622645954 2.26553071252 -13.7067144044
2.02375786951 2.25414956385 -13.7500823982
1.9297660835 2.23815453606 -13.7905579715
1.83535349251 2.21662906745 -13.8267666903
1.74179805866 2.18858781029 -13.8571781195
1.65043577073 2.15330499734 -13.8804403059
1.56255131738 2.11060884821 -13.8956819108
1.47931368768 2.06106980197 -13.9027022519
1.40177528143 2.00603434545 -13.9019993739
1.33092972421 1.9474919704 -13.8946287263
1.26780187913 1.88780182463 -13.8819291856
1.2135299672 1.829338584 -13.8651877468
1.16939844003 1.77413606667 -13.8453304131
1.13679207863 1.72360759651 -13.822720468
1.11706384547 1.67840401397 -13.7971180083
1.11133546158 1.6384379129 -13.7678132232
1.12027323316 1.60306393227 -13.7339009239
1.14389548279 1.57136903382 -13.6946267005
1.1814675147 1.54250217552 -13.649715349
1.23152440363 1.51596536113 -13.5995950558
1.29203405533 1.49179923726 -13.5454557998
1.36067930512 1.47062324233 -13.4891214707
1.43520651588 1.45352605413 -13.4327621467
1.5137672644 1.44183793774 -13.3785140748
1.59517512488 1.43684386694 -13.328099726
1.67901338778 1.4395085163 -13.2825423844
1.76555949645 1.45027872344 -13.2420482036
1.85553174736 1.46900753707 -13.2060885205
1.94970447558 1.49501215172 -13.1736661348
2.04847008565 1.52724402469 -13.1437032599
2.15144214293 1.56452183876 -13.115457308
2.2571891413 1.60576357248 -13.0888615538
2.36316398366 1.65015621154 -13.0647035684
2.4658547295 1.69721978003 -13.0445915749
2.56113634733 1.74675157085 -13.0307087544
2.64476115535 1.79866911434 -13.0254060863
2.71289664554 1.85279809695 -13.030723356
2.76260982451 1.90866696885 -13.0479460614
2.7922090273 1.96536930577 -13.0772986676
2.8013845047 2.02153818964 -13.1178436952

/group/right_internal_iliac/27
27
posId 27
2.872378979 1.81261396376 -13.4672287197
2.87746954554 1.88212149817 -13.5184190395
2.86287603614 1.94166275997 -13.5730051642
2.82758271844 1.98818381972 -13.6291865916
2.77206484425 2.02027424779 -13.6855968896
2.69857557111 2.03826788096 -13.7412195745
2.61101511699 2.04394151389 -13.7952278184
2.51437377073 2.0399046101 -13.8468251527
2.41386698039 2.02885429068 -13.8951557715
2.31397858853 2.01290112414 -13.9393219412
2.21766730108 1.99314438794 -13.9785030314
2.12595812732 1.96959894455 -14.012130037
2.03804211725 1.94147224413 -14.0400445821
1.95187066726 1.90768932919 -14.0625707332
1.86509316242 1.86749496386 -14.0804523449
1.77608790616 1.82094448741 -14.0946510009
1.68480495417 1.76913298144 -14.1060469124
1.59318568488 1.71409394472 -14.1151224459
1.50503592557 1.65839940308 -14.1217228896
1.42537672602 1.60458339938 -14.1249756777
1.35943874326 1.554563664 -14.1234100605
1.3115632583 1.50923662362 -14.1152645057
1.28429809483 1.4683689739 -14.0989144208
1.2779232289 1.43082043717 -14.0733141438
1.29052375616 1.39503342386 -14.0383365482
1.31857991439 1.35964546155 -13.9949152945
1.35790621745 1.32404311387 -13.9449438258
1.40468233912 1.28869271276 -13.8909487671
1.45630114748 1.2551487162 -13.8356160994
1.51181763676 1.22573556859 -13.7812893855
1.5718985721 1.20299549394 -13.7295687001
1.63831268912 1.18906409196 -13.681113625
1.71312543946 1.18515725115 -13.6357001888
1.79783609072 1.19132010171 -13.5925143124
1.89269915596 1.20651091571 -13.5506014233
1.99640771782 1.22899279335 -13.5093505348
2.10620400026 1.2569131442 -13.468882428
2.21835659872 1.28889296397 -13.4302377768
2.32884131725 1.32444227246 -13.3953147124
2.43401297724 1.36406711795 -13.3665715534
2.53107194426 1.40902352725 -13.3465711489
2.61820463151 1.46077880442 -13.3374822126
2.6943874425 1.52033009133 -13.3406602415
2.75895397286 1.58757772618 -13.3564051562
2.81110162016 1.6609421977 -13.3839427661

/group/right_internal_iliac/30
30
posId 30
3.06102157207 1.52130829616 -13.6878312261
3.09446726747 1.58553938213 -13.7177864616
3.10861166835 1.64274000022 -13.7536195698
3.10370121463 1.69083955563 -13.7935894028
3.08101723524 1.72885087774 -13.8361844925
3.0425491006 1.75694926728 -13.8803753643
2.99058210049 1.7762947683 -13.9257187462
2.92730669384 1.78864195982 -13.972285398
2.85454491193 1.79583502411 -14.0204308771
2.7736535741 1.79931431117 -14.0704716566
2.68561276083 1.79975667781 -14.1223559534
2.59125581366 1.79693660932 -14.1754219711
2.49155825572 1.7898378017 -14.2283148063
2.38788797267 1.77698050296 -14.2790924311
2.28213170952 1.75687526699 -14.3255015772
2.17664974758 1.72848299339 -14.3653590593
2.07406123942 1.69156197863 -14.3969451
1.97691301116 1.64681458181 -14.4193103391
1.88732064338 1.59580024415 -14.4324188808
1.80668214007 1.54064345119 -14.4370907012
1.73554798519 1.48361836047 -14.4347573828
1.67369101765 1.42672230179 -14.4270922839
1.62036605723 1.37135043183 -14.4156076309
1.5746970203 1.31815392224 -14.4013185159
1.53609263048 1.26711261261 -14.3845555511
1.50458097005 1.2177941791 -14.3649688821
1.48097141045 1.16972151467 -14.341716714
1.46679547814 1.12274169153 -14.3137844811
1.46403484469 1.07729101466 -14.2803485059
1.47470001092 1.03448067247 -14.2410887125
1.50036270825 0.9959779239 -14.1963707497
1.54175800392 0.963714701722 -14.1472542081
1.59855496011 0.939503333722 -14.0953305255
1.66935180249 0.924664706774 -14.042439051
1.75189407892 0.919770642074 -13.9903406405
1.84345730116 0.924570520758 -13.9404370541
1.94129403896 0.938121018333 -13.8936092591
2.04303028705 0.959081237745 -13.8502129894
2.14691110168 0.98608915895 -13.8102252612
2.25183694172 1.01811200819 -13.7734933075
2.35718884824 1.05466951347 -13.740009103
2.46249753698 1.09586359771 -13.7101259925
2.56705360032 1.14220167977 -13.6846506243
2.66957221459 1.19425893026 -13.6647787724
2.76801180243 1.2522716858 -13.6518879361
2.85960577336 1.31577677646 -13.6472406017
2.94111048509 1.38340320872 -13.6516784176

/group/right_internal_iliac/33
33
posId 33
2.92866940605 1.52760208686 -14.3050815159
3.02856051099 1.51460401898 -14.2314982377
3.11722373971 1.49598715717 -14.1605602748
3.19008995746 1.47184449058 -14.0952348792
3.24393638391 1.44236008197 -14.037709102
3.27728718838 1.40791525038 -13.9892204919
3.2904004864 1.36913650545 -13.9501034177
3.28486208703 1.32686542643 -13.9200223905
3.26291131907 1.28205664514 -13.898317916
3.22669488579 1.23563443966 -13.8843650357
3.17766179985 1.18835381466 -13.8778460942
3.11627128211 1.14071350232 -13.8788665817
3.04209705145 1.09295517089 -13.8878884638
2.95429950213 1.04515862885 -13.9055068286
2.8523321399 0.997413699336 -13.932139111
2.73667894881 0.950023994614 -13.9677200797
2.60940434388 0.903683591455 -14.0114939688
2.4743416997 0.859569266648 -14.0619683831
2.33683888532 0.819308917132 -14.1170503428
2.20309555071 0.784816982425 -14.1743351693
2.07923629982 0.758022512714 -14.2314773158
1.97033717489 0.740545830726 -14.286549916
1.87964030253 0.733397231928 -14.3383026928
1.80814805595 0.736770678376 -14.3862550226
1.75469471042 0.749986358615 -14.430604919
1.71647455181 0.771602543102 -14.4719834916
1.68989177905 0.799677434039 -14.5111248164
1.67151893336 0.832125570006 -14.5485422145
1.65892734139 0.867089953587 -14.5842980702
1.65119089466 0.903246477576 -14.6179267115
1.64895301341 0.939972793552 -14.6485261864
1.65406216963 0.977345778212 -14.6749870521
1.66889321906 1.01597233763 -14.6962876939
1.69555056856 1.05669742512 -14.7117669064
1.73517446165 1.10026121589 -14.7212907761
1.78753738876 1.14698761073 -14.7252607399
1.8510337345 1.19657641318 -14.7244550062
1.92305536209 1.24804448486 -14.7197439624
2.00063893643 1.29982405311 -14.7117583777
2.08119627525 1.34998862847 -14.7006064265
2.16311686744 1.39654810068 -14.685726629
2.24606764908 1.43774142685 -14.6659305884
2.33089920035 1.47226058148 -14.6396403384
2.41917675351 1.4993609643 -14.6052730582
2.51245905486 1.51884498803 -14.5616846847
2.61151974378 1.53093844798 -14.5085647324
2.71572498725 1.536104837 -14.4466828571

/group/right_internal_iliac/36
36
posId 36
3.1125487561 0.933933144561 -14.192614085
3.23573722286 1.0065194311 -14.1681702586
3.33615967519 1.07384306537 -14.1550484677
3.40917371205 1.13458955224 -14.155356017
3.45422095692 1.18889750854 -14.1695940552
3.47433981566 1.23790517755 -14.1966153643
3.47469722088 1.283003049 -14.234014
3.46064667476 1.32503381639 -14.2787979604
3.43596133259 1.36370265788 -14.3281165934
3.40181366176 1.39739620467 -14.3798138075
3.3568061288 1.4234776716 -14.4326532474
3.29799343867 1.43897105458 -14.4861837915
3.22250107893 1.44141994026 -14.5403391849
3.12915120893 1.42964843666 -14.5949508996
3.01951911009 1.40418218245 -14.6493703191
2.89805378196 1.36719610454 -14.7023418841
2.77122899159 1.32200645868 -14.7521650919
2.64602907025 1.27226792036 -14.7970695004
2.52829961479 1.22112540341 -14.8356451954
2.42153004487 1.17057685899 -14.8671512706
2.3264725608 1.12122734697 -14.8915735663
2.24170004989 1.07248339896 -14.9094017996
2.16487184037 1.0230950919 -14.9212083289
2.09422899615 0.971848520719 -14.9271940158
2.02976681299 0.918176872575 -14.9268889618
1.97365633604 0.862502590742 -14.919147162
1.92976379895 0.806227563289 -14.902470039
1.90244747514 0.751414239218 -14.8755707696
1.89507716055 0.700303296625 -14.8379936375
1.90882690644 0.654857852345 -14.790566921
1.94219796661 0.616496873989 -14.7355096611
1.99146816994 0.586094135572 -14.676120595
2.05192778249 0.564207482432 -14.6161164384
2.11946981419 0.551408686122 -14.5588094669
2.19195984046 0.548542344894 -14.5063780671
2.2698704451 0.556769037209 -14.4594648118
2.35591111226 0.577333738436 -14.4172386272
2.45373290518 0.611113752772 -14.3779115692
2.56611830246 0.658098723843 -14.3395542917
2.69326406758 0.717000836481 -14.3009559709
2.83175764388 0.785166649985 -14.2622572875

/group/right_internal_iliac/39
39
posId 39
2.98406687857 1.121020115 -14.908020104
3.10090298876 1.15130288937 -14.8530043617
3.21516179865 1.1737475169 -14.7931142329
3.32341881919 1.18772616671 -14.7301827981
3.42262946179 1.19298306987 -14.6660965536
3.51048370488 1.18973129046 -14.6026325198
3.58569994943 1.17870052647 -14.5412957881
3.64820930308 1.16112014415 -14.4831777842
3.69919479592 1.13863108038 -14.4288543704
3.74096922561 1.11313134419 -14.378339068
3.7766978075 1.0865709211 -14.3311005507
3.80999436936 1.06072119379 -14.2861458757
3.84443919554 1.03695001123 -14.2421626465
3.88307988694 1.01603518804 -14.1977055414
3.92798167377 0.998046037354 -14.1514064387
3.97988953336 0.982314780934 -14.1021836009
4.0380515507 0.967508274393 -14.049424625
4.10023279705 0.951796935618 -13.993120286
4.16292423389 0.933103937929 -13.9339317772
4.22172511241 0.909405596172 -13.8731815424
4.2718536086 0.879045225166 -13.8127669399
4.30872232254 0.841018937858 -13.7550052654
4.32850535981 0.795193584645 -13.7024269727
4.32862348395 0.742424267178 -13.657540235
4.30808344713 0.684550773285 -13.6225934566
4.26762588155 0.624267389108 -13.5993625481
4.20966068048 0.56487688935 -13.5889866942
4.13799635198 0.509954914334 -13.5918703877
4.05739669653 0.462963326079 -13.6076614544
3.97302072666 0.426858780778 -13.6353056898
3.88981697213 0.403744561238 -13.6731697449
3.81194915299 0.394609350006 -13.7192161565
3.74232588577 0.399186584802 -13.7712088799
3.6822932269 0.415953578086 -13.8269249792
3.63152735539 0.442272554415 -13.8843485291
3.58813848547 0.474658364237 -13.941826126
3.54896972765 0.509142125375 -13.9981691483
3.51004976015 0.541688427134 -14.0526952197
3.46713912921 0.568617490378 -14.1052091884
3.41629923211 0.586983576017 -14.155931284
3.35441185715 0.594866923808 -14.2053860191
3.27958553658 0.59154772946 -14.2542691382
3.19140157933 0.577545596421 -14.3033111191
3.09097505188 0.554524529098 -14.3531543696
2.98083097771 0.525079676344 -14.4042576975
2.86462014397 0.492435607071 -14.456836487
2.7467188502 0.46009521213 -14.5108411449
2.63177007729 0.431482298789 -14.5659706661
2.52422827787 0.409619243543 -14.6217134645
2.4279659021 0.396874138739 -14.677404553
2.34598774311 0.394800848577 -14.7322871125
2.28028119558 0.404081942165 -14.7855675022
2.23180935657 0.424570534352 -14.8364555521
2.20063274043 0.455414576495 -14.8841859962
2.18612733106 0.495237761943 -14.9280214116
2.18725433211 0.542346105088 -14.9672412351
2.20283197687 0.594928923702 -15.0011246049
2.23176267607 0.651227198367 -15.0289363622
2.27317896502 0.70965023562 -15.0499252648
2.32648743082 0.768831842131 -15.0633413313
2.3913085056 0.827628144657 -15.0684755902
2.46732872624 0.885069040199 -15.0647209392
2.55409782811 0.940282524135 -15.0516480916
2.65081337087 0.992414751355 -15.0290865162
2.75613883752 1.04056816068 -14.9971975846

/group/right_internal_iliac/42
42
posId 42
3.83464305802 0.926624183054 -14.6511630199
3.83017309732 0.97726834231 -14.695881431
3.80564828383 1.02026669136 -14.7467735016
3.76146594561 1.05404353824 -14.8022868873
3.69909300666 1.07755382304 -14.8606416995
3.62103396496 1.09039869357 -14.9199461623
3.53069564226 1.09288537148 -14.978330508
3.43215626802 1.08602233711 -15.0340869647
3.32985719437 1.07144736212 -15.0858023845
3.2282446752 1.05129288919 -15.1324701316
3.13139563573 1.02799995545 -15.1735693493
3.04266443459 1.00409755625 -15.2091025233
2.96438685446 0.981968417204 -15.2395861103
2.89767293839 0.9636241196 -15.2659935162
2.84231221461 0.950512156359 -15.2896544375
2.79680410195 0.943374778683 -15.312119034
2.75851393651 0.942174671626 -15.3349991097
2.72394237292 0.946096040434 -15.3598010413
2.68908420887 0.95362224658 -15.3877663333
2.6498431966 0.962683462377 -15.4197352372
2.60246315693 0.970860706593 -15.4560468878
2.54393339429 0.975626820102 -15.4964860474
2.47232831483 0.974601049895 -15.540282142
2.38704712795 0.965792346782 -15.5861612494
2.28892899423 0.94780742266 -15.6324465683
2.18023103104 0.920002974494 -15.6771981678
2.06446999204 0.882566930241 -15.7183789674
1.94614184137 0.836520556458 -15.7540313264
1.83034548631 0.783641078022 -15.7824475765
1.72234638715 0.726312301697 -15.8023184309
1.62712166925 0.667317808781 -15.8128453762
1.54893012079 0.609596870189 -15.8138066833
1.49094790131 0.555986777708 -15.8055712016
1.45500418088 0.508976428895 -15.7890591646
1.44144096613 0.47049465036 -15.7656543272
1.44910907427 0.441753053397 -15.7370763661
1.47549885129 0.423157585741 -15.7052261468
1.51699115931 0.414295969459 -15.6720188325
1.56920269957 0.414000626557 -15.6392206774
1.62739103683 0.420479275801 -15.6083046253
1.68687959197 0.431498894483 -15.580337642
1.74346183877 0.444603829061 -15.5559092881
1.79374701424 0.457345986771 -15.5351067599
1.83541644237 0.467504502213 -15.5175369489
1.86736930958 0.473274057641 -15.5023914729
1.88974835215 0.47340490789 -15.4885465958
1.90384818047 0.467283168763 -15.4746868622
1.91192058182 0.454946454129 -15.4594394374
1.91690091966 0.437036777687 -15.4415057003
1.92208670232 0.41469903688 -15.4197776025
1.930802871 0.389438695315 -15.3934285267
1.94608808079 0.362955934609 -15.361971572
1.97043235292 0.336975204041 -15.3252820009
2.00558948423 0.313088628035 -15.283584548
2.05247835593 0.292629244298 -15.2374099995
2.11117686301 0.276585866479 -15.1875284879
2.1810017679 0.265566003254 -15.1348690021
2.26065852514 0.259807352533 -15.0804354892
2.34843803102 0.259232608257 -15.0252295598
2.44243306936 0.263537326274 -14.9701882854
2.54074635532 0.272296954782 -14.9161431005
2.64166454741 0.285077243613 -14.8638027221
2.74377804763 0.301532300879 -14.8137596422
2.8460341498 0.321476536712 -14.7665165562
2.94772018014 0.344920372957 -14.7225264415
3.04838261126 0.37206446505 -14.6822382048
3.14769660635 0.403252697214 -14.6461391033
3.24530705903 0.438889719278 -14.6147855783
3.34066614739 0.479333637448 -14.5888156921
3.43289324063 0.524778070866 -14.5689388226
3.52068057032 0.575139700213 -14.5559013713
3.60226266909 0.629967414446 -14.5504305955
3.67545980201 0.688387178448 -14.5531618809
3.73779636362 0.749092994836 -14.5645574392
3.78668556289 0.810389219741 -14.5848261931

/group/right_internal_iliac/45
45
posId 45
3.50163874037 0.431837566355 -14.9343951218
3.57723364888 0.504793192713 -14.9526149236
3.64467515728 0.575167226216 -14.9730049844
3.70268841619 0.641127659591 -14.9947874424
3.74885327042 0.701386663856 -15.0181985634
3.77962918584 0.754894348078 -15.0442364041
3.79079208554 0.800539306728 -15.074202133
3.77820974375 0.836989286558 -15.1091769848
3.73877704389 0.862749593507 -15.1495873785
3.67127440429 0.876434374973 -15.1949760176
3.5769205252 0.877164471263 -15.2440290537
3.45946345164 0.864952595405 -15.2948305673
3.32477161004 0.840930337163 -15.3452502587
3.18001545244 0.807314817744 -15.393337864
3.03263381861 0.767092396571 -15.4376068793
2.88932801236 0.723487252616 -15.4771357822
2.75530814082 0.679354618287 -15.5114806993
2.63393768092 0.636668154815 -15.540457086
2.52680814659 0.596247909619 -15.5638885791
2.43416043585 0.557805765457 -15.5814260446
2.35548633709 0.520290518458 -15.5925084096
2.29011518678 0.482424277348 -15.5964807692
2.23762176226 0.443264311507 -15.5928242516
2.19796874899 0.402618228551 -15.5814075489
2.17139355768 0.361187808128 -15.5626575748
2.15813324454 0.32040338303 -15.5375712687
2.15812666518 0.282009301237 -15.5075444047
2.17082725499 0.247540678237 -15.4740585279
2.19520767545 0.217867088111 -15.4383216615
2.22995886983 0.192958557076 -15.4009829957
2.27380897064 0.171959207772 -15.3620266247
2.32583891895 0.153555834038 -15.3208976546
2.38566835897 0.136533184782 -15.2768410058
2.4534284681 0.120344790258 -15.2293618493
2.52951303969 0.105517730923 -15.1786701022
2.61417957539 0.0937554854786 -15.1259658416
2.70713029204 0.0876910960535 -15.0734615334
2.80721787297 0.0903463952531 -15.024110256
2.9123858648 0.104440254093 -14.9810952668
3.01987899078 0.131733174348 -14.9472093045
3.12666822193 0.172583880179 -14.9242893581
3.22995923411 0.225830063593 -14.9128621305
3.3276172129 0.289010238952 -14.9120992852

/group/right_internal_iliac/48
48
posId 48
4.01193270323 0.451794661207 -15.1881230451
4.01406536725 0.508512180814 -15.231452747
4.01418285061 0.562365883942 -15.2734470362
4.01095919686 0.611827885853 -15.3135055423
4.00111309157 0.655433936531 -15.3519513842
3.98021792091 0.69194604541 -15.3897961436
3.94381599863 0.720493003473 -15.4283516559
3.88857937079 0.740657758542 -15.4687794917
3.81324795849 0.752491436867 -15.5116826695
3.71912608172 0.756449639027 -15.5568340323
3.6100191454 0.753263874669 -15.603104163
3.49162038683 0.74377566134 -15.6486059041
3.3704837013 0.728769458646 -15.6910229408
3.2528137197 0.70884114266 -15.7280477986
3.14334662245 0.684330891213 -15.7578295814
3.04457484595 0.655334814817 -15.7793295145
2.95649043141 0.62179165759 -15.7925033283
2.87690316534 0.583623472358 -15.7982689223
2.80225798473 0.540896325269 -15.7982665563
2.72876151828 0.493961795341 -15.7944659015
2.6535563855 0.443543607086 -15.7887089121
2.57567035948 0.390745477763 -15.7822917923
2.49651844402 0.336973627009 -15.7756801279
2.41983775595 0.283786544243 -15.7684206905
2.35106461974 0.232701261574 -15.7592685456
2.29629090136 0.184995786866 -15.7464991916
2.26103317112 0.141549135695 -15.7283336963
2.24909171001 0.102753097234 -15.7033796926
2.26175670974 0.0685150354506 -15.6709882962
2.297540726 0.0383518984444 -15.6314470652
2.35249737885 0.0115563757482 -15.5859673091
2.42105361824 -0.0125989852973 -15.5364715337
2.49716685272 -0.0346616291819 -15.4852326151
2.57554532178 -0.054843438875 -15.4344498931
2.65265686551 -0.0729404551202 -15.3858610539
2.72730064738 -0.0883422069324 -15.3404793555
2.80061704723 -0.100125938118 -15.2985156383
2.87553978964 -0.107213461734 -15.2595006913
2.95582192426 -0.108556141401 -15.2225760933
3.04486437838 -0.103309153423 -15.1868816503
3.14462031285 -0.0909604821878 -15.1519442995
3.25483034798 -0.0713918410623 -15.1179723052
3.37276716325 -0.0448650327582 -15.085980041
3.49355065465 -0.0119443260089 -15.0577077579
3.6109637075 0.0266207009721 -15.0353485048
3.71858379021 0.0700198322201 -15.0211397836
3.8109733054 0.117482717365 -15.0169100764
3.88465846698 0.168331484979 -15.0236824857
3.93867534841 0.221975274372 -15.0414264488
3.97456137832 0.277852246914 -15.0690162624
3.99579801547 0.335338775703 -15.1044092378

/group/right_internal_iliac/51
51
posId 51
3.62924444304 0.376396057029 -15.7575487954
3.78416582244 0.384817987992 -15.6981960879
3.92363244785 0.387926866379 -15.640951323
4.037635106 0.382701712072 -15.5875377378
4.12069712088 0.366412360396 -15.5379799488
4.17236876445 0.337521115443 -15.4911602554
4.19642784426 0.29627737332 -15.4456688525
4.19910899445 0.244820777699 -15.4006522115
4.18694190919 0.186757813448 -15.3563805262
4.16485254829 0.126336909097 -15.3143599636
4.13505610828 0.0674683693028 -15.2769726082
4.09699263869 0.0128802995856 -15.2467845628
4.04821755359 -0.0363434086621 -15.2257696581
3.98586771079 -0.0807173845704 -15.2147187861
3.90816859074 -0.121833417363 -15.2130370751
3.81547267374 -0.161540983459 -15.2189965268
3.71050794815 -0.201095300284 -15.2303555509
3.59780076722 -0.24054235003 -15.2451310726
3.48252180519 -0.2785297137 -15.2622554035
3.36919312563 -0.312593496531 -15.2818869057
3.26072730169 -0.33981959048 -15.3052589422
3.15813804322 -0.357660311776 -15.3341079916
3.06101290587 -0.364641862297 -15.3698675497
2.96855855552 -0.360737768589 -15.4129008877
2.88081435504 -0.347294818035 -15.4620430051
2.79955566361 -0.326544610273 -15.5146290891
2.72850236064 -0.300868210729 -15.5670318227
2.67268231044 -0.272060268975 -15.615562067
2.63709747461 -0.240837126934 -15.6574610321
2.6251025244 -0.206751750587 -15.6916691122
2.63704166057 -0.168543388979 -15.7191132402
2.6696476765 -0.124805492276 -15.7423955837
2.71649382553 -0.0747485046518 -15.7649492301
2.76946603384 -0.0187996061363 -15.7898946713
2.82089050604 0.0411690128607 -15.8189314902
2.86571641808 0.1020735982 -15.8515999935
2.90309436337 0.160255078429 -15.8851457169
2.93683436819 0.212326906306 -15.9150454862
2.9745357123 0.255970757611 -15.9360594319
3.02556501145 0.290427610229 -15.9435179469
3.0984039238 0.316524189523 -15.934483278
3.19808797242 0.336219844311 -15.9084631679
3.32445027713 0.351810963372 -15.867486887

/group/right_internal_iliac/54
54
posId 54
3.93993454204 -0.131821568929 -15.5460294222
4.03833980064 -0.0703588734722 -15.5656646865
4.12491297023 -0.0118325338181 -15.5877426296
4.19523697679 0.0423805742013 -15.6128723959
4.24521554891 0.0915113526729 -15.6421665446
4.27177428797 0.135320157039 -15.6768241945
4.27347713383 0.173910987111 -15.7176383542
4.25088558255 0.207490969687 -15.7645662093
4.20654045317 0.236141326189 -15.8164907485
4.14453702059 0.259661733192 -15.8712543321
4.06977008496 0.277529115187 -15.9259721637
3.98701683563 0.28898015144 -15.9775560941
3.9000758943 0.293192825002 -16.0233186109
3.81117493584 0.289515461147 -16.0615007129
3.72079635861 0.277679160268 -16.0915836761
3.62796601506 0.257934578113 -16.1142996879
3.53093127029 0.231075010046 -16.1313352739
3.42805333461 0.198338683255 -16.1448028591
3.31868232133 0.16121539327 -16.1566173507
3.20378728731 0.121207292587 -16.1679394366
3.08617681872 0.0796041923334 -16.17882866
2.97025161466 0.0373276975646 -16.1881926152
2.86135063584 -0.00512192335815 -16.194039638
2.76485473806 -0.0476108681904 -16.1939629556
2.68526949075 -0.090232236444 -16.1857260507
2.62550774026 -0.133125629544 -16.1677973678
2.58653427496 -0.176306915029 -16.1397023835
2.56743693989 -0.219551556517 -16.1021157237
2.56587829158 -0.262355568531 -16.0566891436
2.57878936992 -0.303973384072 -16.0056817668
2.60311643001 -0.343509404194 -15.9515073175
2.6364340857 -0.380026455691 -15.8963264524
2.67729052935 -0.412633583062 -15.8417884033
2.7252348617 -0.440527273402 -15.7889735586
2.78056740279 -0.46298019502 -15.7385239866
2.8439249092 -0.479293089651 -15.690891972
2.91584471691 -0.488741388137 -15.6466042336
2.99643820176 -0.490552980297 -15.606440714
3.08525181995 -0.483945394594 -15.5714603614
3.18132192327 -0.468231597413 -15.5428610333
3.28336149463 -0.442979407318 -15.521719031
3.38997479594 -0.40818769348 -15.5086972985
3.4997927524 -0.364430226235 -15.5038260888
3.61145805429 -0.312919793183 -15.5064408758
3.72345201828 -0.255461437413 -15.515314874

/group/right_internal_iliac/57
57
posId 57
3.94139404248 -0.222848758858 -15.6859104938
4.02891719801 -0.168756069749 -15.7287842047
4.11338641677 -0.117397114811 -15.7684948044
4.189213642 -0.0704831354962 -15.8057373531
4.25007523494 -0.029437004249 -15.8423102182
4.29013504854 0.00471490504841 -15.8804381247
4.30525013854 0.0313987023967 -15.922005119
4.29385045862 0.0504876278564 -15.9679039211
4.25725995708 0.0622372521172 -16.0176746307
4.19936622804 0.0671743254606 -16.069526142
4.1257130704 0.0659612253001 -16.1207294049
4.0422409112 0.0592624376602 -16.1682709207
3.95399384747 0.0476385262023 -16.2095846759
3.86412347657 0.0314867176459 -16.2431599526
3.77344471924 0.0110369075911 -16.2688566611
3.68065632363 -0.0136001682087 -16.2878397867
3.5831655061 -0.0423469783891 -16.3021486745
3.47829744418 -0.075057585788 -16.3140171191
3.364567766 -0.111425227475 -16.3251295122
3.24267691433 -0.150921126956 -16.3360178386
3.11595468803 -0.192779036899 -16.3457686604
2.99012355018 -0.236029559661 -16.3521277341
2.87242405253 -0.279577366727 -16.3519842696
2.77030957117 -0.322305481064 -16.3421152635
2.69002801685 -0.363185682654 -16.3200000117
2.6354368728 -0.401373755086 -16.2844947059
2.60733788295 -0.436272478662 -16.236192449
2.60348519877 -0.467552742266 -16.1773757379
2.61925079901 -0.49513198484 -16.1115747463
2.64876796557 -0.51911732584 -16.0428473152
2.68625964158 -0.539726495586 -15.9749681484
2.72722232798 -0.557202064326 -15.9107363247
2.76918567549 -0.571733436337 -15.8515762554
2.81188830677 -0.583397397617 -15.7975268656
2.85686838512 -0.592122999784 -15.7476086898
2.90662035503 -0.597681675594 -15.7004569326
2.96357653956 -0.599699877342 -15.655037603
3.02920624427 -0.597689789918 -15.611242539
3.10347824068 -0.591093688008 -15.5701931464
3.18481950697 -0.57933859282 -15.5341627498
3.2705562157 -0.561899049527 -15.5061320449
3.3576833639 -0.538366170867 -15.4890930736
3.44371589246 -0.508520058215 -15.4852872506
3.52735239236 -0.472400410995 -15.4955833279
3.6087383047 -0.43036727652 -15.5191662071
3.68923312857 -0.383141600922 -15.5536264453
3.77073262113 -0.331814713315 -15.5954347663

/group/right_internal_iliac/60
60
posId 60
3.9721234911 -0.324738056277 -15.7600746273
4.02552639786 -0.291982258957 -15.8307731282
4.06527343834 -0.26338198077 -15.9017636956
4.08976644583 -0.239816825781 -15.9713687221
4.09773938599 -0.221910258209 -16.0385784627
4.08833814248 -0.210039581436 -16.1029002159
4.06121417588 -0.204374312442 -16.1640652384
4.01661805536 -0.204925016747 -16.2216903006
3.95547017856 -0.211583982958 -16.2750054633
3.8793838714 -0.224144243848 -16.3227401961
3.79062196743 -0.242292679795 -16.3632118355
3.69198078754 -0.26558330553 -16.3945980096
3.58661173885 -0.293405047345 -16.4153170026
3.47780581049 -0.324961761695 -16.4244047743
3.36877552356 -0.359279819265 -16.4217754233
3.26246947182 -0.395251004716 -16.4082840716
3.16144610982 -0.431708082969 -16.3855678212
3.06781826687 -0.467520350041 -16.3557045369
2.98326237321 -0.501689889615 -16.3207814595
2.90907165203 -0.533428097521 -16.2824905326
2.84622476127 -0.562196644267 -16.2418577228
2.79544260255 -0.587705998633 -16.1991729865
2.75721550489 -0.609875226296 -16.1541286649
2.73179745034 -0.628765873433 -16.1061150354
2.71917865123 -0.644507763459 -16.0545801987
2.71905783303 -0.657234228996 -15.9993492945
2.73083775243 -0.667039110264 -15.9408177036
2.75366105436 -0.673959711385 -15.8799769721
2.78649057539 -0.677981588593 -15.8182858903
2.82822279033 -0.679055240353 -15.7574451579
2.87781024645 -0.677113219409 -15.6991581177
2.93436275976 -0.672079132957 -15.6449553805
2.99720000847 -0.66386613377 -15.5961306069
3.06583934776 -0.652369439374 -15.5537894689
3.13991901284 -0.637462486392 -15.5189697498
3.21907362032 -0.619007509182 -15.4927628623
3.30279115026 -0.596887938787 -15.4763653165
3.39028491015 -0.571062959939 -15.4710135781
3.48040929323 -0.541636079465 -15.4777989968
3.57163611315 -0.508922504055 -15.4974063879
3.66209273032 -0.473497038613 -15.5298542339
3.74964880837 -0.436206471974 -15.5743240089
3.832029493 -0.398137731534 -15.6291464611

/group/right_internal_iliac/63
63
posId 63
4.0253886533 -0.459451507769 -15.9681115708
3.99745849983 -0.450380175576 -16.0378427211
3.96579801967 -0.441409352456 -16.111517437
3.93221846005 -0.432299456885 -16.1880017036
3.89681011906 -0.423671042768 -16.2646504748
3.85825469012 -0.416872269908 -16.3374854124
3.81443278682 -0.413648358073 -16.4018384082
3.76314217362 -0.415704835413 -16.4533005134
3.70273723395 -0.424283249365 -16.4887118151
3.6325478642 -0.439860610542 -16.5069024379
3.55301739003 -0.462045183016 -16.5089580166
3.46558662131 -0.489683523796 -16.4979169927
3.37241748092 -0.521134464317 -16.4779719844
3.27607633743 -0.554622484954 -16.4533932815
3.17928007113 -0.588567732625 -16.4274746926
3.08475763475 -0.621805911161 -16.4017952574
2.99521756155 -0.653651942481 -16.3759966446
2.91336153496 -0.683812840259 -16.348123876
2.84186430597 -0.712201062171 -16.3154126317
2.78325769058 -0.738725638138 -16.2752794867
2.73970389995 -0.763137431936 -16.2262198024
2.71270251486 -0.78497877582 -16.1683559354
2.70282269345 -0.803646343458 -16.1034925574
2.70956785127 -0.818534097082 -16.0346896185
2.73145490207 -0.829194841736 -15.9655086747
2.76632937657 -0.835453752268 -15.8991803968
2.81185973514 -0.837426585854 -15.8379529592
2.86608486677 -0.835432117717 -15.7828112307
2.92785308263 -0.82982959258 -15.733629513
2.99700438524 -0.820843006822 -15.6896778825
3.07421076262 -0.808443496787 -15.6502899644
3.16048589033 -0.792344883955 -15.6154535531
3.25647814303 -0.772130120632 -15.5861184917
3.36173774127 -0.747479963718 -15.5641163755
3.47417477037 -0.718435202683 -15.5517201052
3.58988856965 -0.685604187065 -15.5509937524
3.70345779429 -0.650236044025 -15.5631542884
3.80865831102 -0.614115685481 -15.5881631749
3.89945712005 -0.57928942607 -15.6246889428
3.97104895356 -0.547683780876 -15.6704571117
4.02068227494 -0.520717796163 -15.7228724374
4.04806989022 -0.499018468423 -15.7797042032
4.05528349048 -0.482325290579 -15.8395999822

/group/right_internal_iliac/66
66
posId 66
4.17991364627 -0.693788999475 -15.9456001076
4.23012048157 -0.65630119969 -15.9972670928
4.26420020195 -0.623178673454 -16.0497342503
4.28211377005 -0.595070063921 -16.101557488
4.28525072871 -0.572075509231 -16.1515885495
4.27586961551 -0.553843282436 -16.1991270329
4.25636469846 -0.539769593357 -16.2439537756
4.22854223506 -0.529249727363 -16.2862415831
4.19308783703 -0.521916723659 -16.3263674868
4.14936294502 -0.517806652372 -16.3646731328
4.09559235985 -0.517406623511 -16.4012316417
4.02941300401 -0.521569160077 -16.4356778098
3.94866702808 -0.531308346692 -16.4671442229
3.85225966802 -0.547522067548 -16.494321938
3.74087844033 -0.570704076533 -16.5156361448
3.61739154395 -0.600715018745 -16.5295009284
3.48680613951 -0.636671313472 -16.5345987484
3.35575878235 -0.67698690125 -16.5301236935
3.23161146476 -0.719570192979 -16.5159345066
3.12131579286 -0.762144099536 -16.4925824187
3.03026527616 -0.80262826743 -16.4612058898
2.96136842583 -0.839506024891 -16.4233135954
2.91453950428 -0.872097998669 -16.3805019997
2.88672573966 -0.900680471945 -16.3341690854
2.87248502034 -0.926416348906 -16.2852877702
2.86501779731 -0.951104132594 -16.2342905903
2.85746388935 -0.976787915557 -16.1810937209
2.84421855622 -1.00530117939 -16.125258225
2.82201463496 -1.03783284865 -16.0662559779
2.79056080871 -1.07460204422 -16.0037835553
2.75261180921 -1.11470844214 -15.9380548073
2.71345736674 -1.15619180448 -15.8700047939
2.67993057905 -1.19629372804 -15.8013540905
2.65913000628 -1.23187510266 -15.7345100314
2.65710428974 -1.25991218358 -15.672314642
2.67775256486 -1.27797876088 -15.6176810001
2.72214780291 -1.28462476974 -15.5731838674
2.78840325134 -1.27958221718 -15.5406815671
2.87209242537 -1.26376329883 -15.521041781
2.96712322055 -1.2390561157 -15.514024933
3.06687905148 -1.20796226516 -15.5183488729
3.16539202252 -1.17314997787 -15.5319237149
3.25831411031 -1.13701062297 -15.5522129685
3.34350105294 -1.10130271962 -15.5766531496
3.42110907445 -1.06694717625 -15.6030536839
3.49320823806 -1.03400485188 -15.6299041198
3.56301613266 -1.00182965728 -15.6565352609
3.63393093704 -0.969355201824 -15.683110673
3.70857839953 -0.93544765249 -15.7104589127
3.78807633403 -0.899247000748 -15.7397878053
3.87166625618 -0.86042510901 -15.7723438906
3.95677727391 -0.819309959195 -15.8090884852
4.03949113867 -0.776856569208 -15.8504552458

/group/right_internal_iliac/69
69
posId 69
4.15451607737 -0.892897320653 -16.3063319499
4.11321570339 -0.865592995025 -16.3709076315
4.08473087757 -0.836528141468 -16.4319637851
4.073517953 -0.804443812015 -16.4893205711
4.07978771001 -0.768755293301 -16.5438172134
4.09968276519 -0.729722840162 -16.596948337
4.12621826876 -0.688491939856 -16.6503320284
4.15077093369 -0.646994800457 -16.7051297293
4.16479784275 -0.607727116441 -16.7615534007
4.16143269877 -0.573434201327 -16.8185798237
4.13664864518 -0.546754828595 -16.8739483134
4.08978239195 -0.529877191471 -16.9244559068
4.02335925146 -0.52425838562 -16.9664970261
3.94230993009 -0.530447484355 -16.9967378424
3.85279412704 -0.548034824464 -17.0127820819
3.76091672335 -0.575729768257 -17.0136827611
3.67162592109 -0.611549539722 -17.0001843078
3.58802099837 -0.653086022571 -16.9746355094
3.51118704539 -0.697808025225 -16.9405836273
3.44054244235 -0.743354544739 -16.9021285254
3.3745633594 -0.787779683468 -16.8631676948
3.31166639649 -0.829720547796 -16.8266871039
3.25100409881 -0.868473320087 -16.7942435238
3.19296307395 -0.903977081564 -16.7657433858
3.13924066152 -0.936717461321 -16.7395602548
3.0924913145 -0.967571067608 -16.7129614795
3.05564910319 -0.997616128599 -16.682750155
3.03111939479 -1.02793499233 -16.645985164
3.02006928411 -1.05943103463 -16.6006289429
3.02202354135 -1.09267744997 -16.5459921294
3.03489600182 -1.12780973708 -16.4828915321
3.05547404306 -1.16446850999 -16.4135019605
3.08025356872 -1.20179511021 -16.3409488377
3.10642360104 -1.23847934249 -16.2687424118
3.13274824803 -1.27285604542 -16.2001840794
3.16010365962 -1.30304450394 -16.137874809
3.19149837237 -1.32712140937 -16.0834258481
3.2315222488 -1.34331406081 -16.0374203917
3.28530570024 -1.35019619989 -15.9996140848
3.35719523611 -1.34686519864 -15.969306436
3.44943369049 -1.33307749643 -15.945777304
3.56115274044 -1.30932039458 -15.9286710999
3.68793455605 -1.27680335441 -15.9182284234
3.82208755332 -1.23736087103 -15.9153059658
3.9536314419 -1.19327098308 -15.9211805153
4.07183150216 -1.14700683641 -15.9371884002
4.16699579179 -1.10095114366 -15.9642943122
4.2321805823 -1.05711238468 -16.0027028733
4.26445530678 -1.01688502828 -16.0516177928
4.26545904738 -0.9808926194 -16.109218928
4.24112002409 -0.948942173759 -16.1728751415

/group/right_internal_iliac/72
72
posId 72
4.25958135096 -1.33553884599 -16.3226341289
4.31919161036 -1.28291675959 -16.3713192437
4.35869039283 -1.23460844923 -16.422989766
4.37890686118 -1.19106971041 -16.4766074613
4.38307106274 -1.15208690157 -16.5310007866
4.37633177629 -1.11688722845 -16.5849265466
4.36481787634 -1.0843243289 -16.63723197
4.35440778273 -1.05311659435 -16.6870743821
4.34945678896 -1.02210632914 -16.7341300843
4.35176340147 -0.990502394562 -16.7787175641
4.36002239081 -0.958068904379 -16.8217755962
4.36991852672 -0.925228532589 -16.8646710866
4.37488020943 -0.89306068869 -16.9088563731
4.36736626759 -0.863190702244 -16.9554396258
4.34043561601 -0.837583765128 -17.0047631872
4.28927756122 -0.818273679978 -17.0560941028
4.21237830812 -0.807068436964 -17.1075148202
4.11206886491 -0.805279882608 -17.1560625533
3.99432670434 -0.813521982832 -17.198111528
3.86786043215 -0.831611597255 -17.2299357213
3.74265848157 -0.858588934475 -17.2483443464
3.62829563351 -0.89285482187 -17.2512595993
3.53233993229 -0.932402156435 -17.2381123781
3.45917693045 -0.975102970513 -17.2099664477
3.4094747067 -1.01900332859 -17.1693376751
3.38037360856 -1.06257740527 -17.119740128
3.36633108863 -1.10489966008 -17.0650502816
3.36041877204 -1.14570854556 -17.0088206542
3.3557849581 -1.18535393633 -16.9536855751
3.34697797397 -1.22464002682 -16.9009816836
3.330875301 -1.26459236445 -16.8506586436
3.30706579179 -1.30618914133 -16.8014920862
3.27766152574 -1.35010116618 -16.7515453727
3.2466407401 -1.39648176297 -16.6987741233
3.21891514295 -1.44483822523 -16.6416392546
3.19935437018 -1.49400247568 -16.5795963757
3.19198161719 -1.54220289161 -16.5133606376
3.19948628005 -1.58722453446 -16.4448986406
3.22310227203 -1.6266334696 -16.3771602159
3.262801226 -1.65803386768 -16.3136185731
3.31767396079 -1.67932457317 -16.2577249482
3.38633992275 -1.68892436708 -16.2123956475
3.46723942484 -1.68594116194 -16.1796337733
3.5587206858 -1.67026847634 -16.1603500051
3.65891495673 -1.64260140195 -16.1543967599
3.76547416888 -1.6043728331 -16.1607805101
3.87530259484 -1.55761830491 -16.1779799539
3.9844297854 -1.5047840655 -16.2042814331
4.0881407617 -1.44849790457 -16.2380502599

/group/right_internal_iliac/75
75
posId 75
4.30769872835 -1.69486025205 -16.5142512823
4.38400940484 -1.64482523468 -16.5497523881
4.4370438641 -1.59970372296 -16.589051221
4.46586743722 -1.56017312126 -16.6316216986
4.47154538936 -1.52614041372 -16.6771036442
4.45708684885 -1.49678153361 -16.7252730197
4.42713012665 -1.47067854124 -16.7759932687
4.38739437937 -1.44603863651 -16.8291588317
4.34396160053 -1.42096664966 -16.8846413821
4.30248401634 -1.39375418006 -16.9422469586
4.26742944484 -1.36314539286 -17.0016885698
4.24147746075 -1.32854222465 -17.0625748375
4.22516145985 -1.29012005867 -17.1244116961
4.21681809087 -1.24883759453 -17.1866117806
4.21286087612 -1.20633975161 -17.2485053821
4.20834599829 -1.16476771544 -17.3093478068
4.1977528822 -1.12650334132 -17.3683203821
4.17586766279 -1.09388409499 -17.4245256219
4.13863962055 -1.06892821777 -17.4769804166
4.08388234641 -1.05310740046 -17.5246137343
4.01171281665 -1.04719640829 -17.56627652
3.92465961124 -1.05121713173 -17.6007708289
3.8274204088 -1.06448037652 -17.6269026828
3.72630109241 -1.08571457883 -17.6435590078
3.62841620586 -1.1132587028 -17.6498039996
3.54076576805 -1.1452885998 -17.6449852568
3.46932117832 -1.18004314998 -17.628836026
3.41825051873 -1.21601879959 -17.601557782
3.38939157321 -1.2521080323 -17.563867725
3.38204300472 -1.28766753254 -17.5169988141
3.39309648309 -1.32251349745 -17.4626454133
3.41748268893 -1.35685276263 -17.4028547977
3.44885978308 -1.39116733189 -17.3398726145
3.48044080935 -1.42607522527 -17.2759576959
3.5058411571 -1.46219164479 -17.2131871648
3.51983040123 -1.50001142601 -17.1532755857
3.51889328913 -1.53982742961 -17.0974314026
3.50153835404 -1.58169129785 -17.0462699735
3.46833361084 -1.62541449426 -16.9997956258
3.42169010798 -1.67060036368 -16.9574562392
3.3654490975 -1.71669337363 -16.9182641777
3.30435193751 -1.76303045173 -16.8809683825
3.24348046747 -1.80888147638 -16.8442554227
3.18774906505 -1.85347089845 -16.8069533633
3.14151011036 -1.89597902537 -16.7682120387
3.10830650438 -1.93552822866 -16.7276367661
3.09077387537 -1.97116475852 -16.6853591838
3.09066706743 -2.00184974223 -16.6420377485
3.10896552203 -2.02647258417 -16.5987901597
3.14600358742 -2.04389630044 -16.5570691413
3.20157567585 -2.05303790848 -16.5185002853
3.27498114301 -2.05297902733 -16.4847050137
3.36499626298 -2.04309386633 -16.4571326113
3.46978575137 -2.02317541442 -16.4369227021
3.58678850748 -1.99353729446 -16.4248140189
3.71262672547 -1.95506932924 -16.4211078132
3.84309089461 -1.90922961208 -16.4256859851
3.97324426392 -1.85796426158 -16.4380762907
4.09767031912 -1.8035568546 -16.4575509392

/group/right_internal_iliac/78
78
posId 78
4.60948602104 -1.83572962956 -16.793061513
4.64125720302 -1.78748363645 -16.8498404282
4.64403052221 -1.74572797874 -16.911739351
4.61872971281 -1.71161387098 -16.9765355806
4.56814079363 -1.68571299279 -17.0419243903
4.49677234644 -1.66794757416 -17.105697167
4.4105583271 -1.65757653555 -17.1659157905
4.31642258163 -1.65324221959 -17.2210664795
4.22173912226 -1.6530762037 -17.2701778213
4.13373420517 -1.65485655725 -17.312890809
4.05888395153 -1.6562033638 -17.3494731426
4.0023637048 -1.65479498519 -17.3807753732
3.96760210155 -1.64858489523 -17.4081321486
3.95598413232 -1.63599828075 -17.4332172618
3.96673405791 -1.61608910671 -17.4578658518
3.99699221748 -1.5886418522 -17.4838804674
4.04208119627 -1.5542073114 -17.5128394175
4.09593840169 -1.51406819743 -17.5459257171
4.15167572483 -1.47013714093 -17.5837929884
4.20221434433 -1.42479632917 -17.626481099
4.24093518619 -1.38069379455 -17.6733894706
4.26228389034 -1.34051563079 -17.723310373
4.26227354428 -1.3067557462 -17.7745187095
4.23883848663 -1.28150491387 -17.8249093871
4.19200712917 -1.26627883787 -17.8721689038
4.12387949084 -1.26190094221 -17.913964714
4.03841415717 -1.26845003227 -17.9481345442
3.94104772813 -1.28527646492 -17.9728582451
3.83818563623 -1.31108367633 -17.9867968929
3.73661492485 -1.34406556256 -17.9891874515
3.6428960422 -1.38208493926 -17.9798859579
3.56279135914 -1.42287465204 -17.9593574048
3.50078300658 -1.46424121814 -17.9286156912
3.45972239942 -1.50425128712 -17.8891216773
3.44063964464 -1.5413836231 -17.8426510272
3.44272448359 -1.57463342846 -17.791145817
3.46347327322 -1.6035611684 -17.7365646372
3.49898056359 -1.62828401619 -17.6807451043
3.54434070142 -1.64941396602 -17.6252904846
3.59411585413 -1.66795192017 -17.571488815
3.64282269975 -1.6851511059 -17.5202689098
3.6853910053 -1.70236561927 -17.4721934312
3.71755309453 -1.72090052144 -17.4274852676
3.73613294486 -1.74187872832 -17.3860802375
3.73921610676 -1.76613714228 -17.3476969406
3.72619530552 -1.79416045259 -17.31191363
3.69769988565 -1.82605628752 -17.2782423067
3.65542871802 -1.86157050898 -17.2461917484
3.60191460276 -1.90013697226 -17.2153136143
3.54025276559 -1.94095253538 -17.1852287843
3.4738264395 -1.98306587372 -17.1556342638
3.40605893668 -2.02546795112 -17.1262939062
3.34021470455 -2.06717284171 -17.0970184927
3.27926266352 -2.10727982615 -17.0676420746
3.22580492631 -2.14501097225 -17.0380017579
3.18206416698 -2.17972230277 -17.0079272836
3.14991472332 -2.21089063614 -16.9772449362
3.13093701914 -2.23808173722 -16.9457977654
3.12647275341 -2.26090807825 -16.9134811698
3.13765974478 -2.27898594166 -16.8802899777
3.16543009354 -2.29190161345 -16.8463706696
3.21046274049 -2.29919501615 -16.8120706823
3.27309052361 -2.30036649234 -16.7779760825
3.35317119943 -2.29490891188 -16.7449294271
3.4499402836 -2.28236329634 -16.7140213377
3.56186975538 -2.26239225132 -16.6865520391
3.68655970797 -2.23486219424 -16.6639625588
3.82068933462 -2.1999231143 -16.6477390482
3.96004911475 -2.15807373923 -16.6392973371
4.0996680835 -2.11020067845 -16.6398578902
4.23403946822 -2.05758234532 -16.6503234241
4.35743595499 -2.00185202398 -16.671172235
4.46429383194 -1.94491895987 -16.7023796501

/group/right_internal_iliac/81
81
posId 81
4.64050877735 -2.03873355783 -16.9152887344
4.68597909346 -1.98043649652 -16.9814136628
4.70106309536 -1.9305625025 -17.0547337869
4.6852338194 -1.89224249332 -17.130350981
4.64189941921 -1.86719008757 -17.2029847337
4.57794820607 -1.85539318037 -17.2678111221
4.50255607955 -1.85513371131 -17.3212682357
4.42548932217 -1.86333752235 -17.3616610159
4.35525496398 -1.87618539783 -17.389433775
4.29749332134 -1.88986001729 -17.4070436895
4.25396205116 -1.90127421207 -17.4184497633
4.22233709359 -1.90863018095 -17.428311768
4.19688007852 -1.91169628686 -17.4410550853
4.16983297839 -1.91174953048 -17.4599867062
4.13324108296 -1.91120412893 -17.4866382288
4.08081058067 -1.91301379054 -17.5204653455
4.00939861706 -1.91998245911 -17.5589598219
3.91981385874 -1.9341352396 -17.5981450987
3.81675670112 -1.95628447178 -17.6333485543
3.70791680853 -1.9858796167 -17.6600887828
3.60242978594 -2.02116447646 -17.6748963894
3.509033612 -2.05959612067 -17.6759055314
3.43432838518 -2.09842232751 -17.663106054
3.38151638927 -2.1352811613 -17.6382205845
3.34988996901 -2.16868463649 -17.6042507778
3.33516723132 -2.19827816496 -17.5648046325
3.33058796036 -2.22482140582 -17.5233579995
3.32851637009 -2.24990156564 -17.4826098863
3.32219015501 -2.27545197429 -17.4440625558
3.30722994683 -2.30319273697 -17.4079012558
3.2825842953 -2.33412652944 -17.3731781254
3.2507176963 -2.3682077406 -17.3382367309
3.21702206463 -2.4042609775 -17.3012630949
3.18860569547 -2.44016553183 -17.2608269535
3.17274881638 -2.47325977839 -17.2162873862
3.17538125697 -2.50086829954 -17.1679763672
3.19992159678 -2.52082670868 -17.1171319744
3.24672356209 -2.53188107015 -17.0656155728
3.31322734833 -2.53386988721 -17.0154991451
3.39474617587 -2.52764942754 -16.9686377985
3.48567103071 -2.51478516052 -16.9263417665
3.58078341982 -2.49708860831 -16.8892325847
3.6763483203 -2.47611653981 -16.8573172195
3.77072071514 -2.45275914375 -16.8302545371
3.86432402254 -2.42702310802 -16.807735509
3.95901723301 -2.39806905292 -16.7898652875
4.05702168901 -2.36450125588 -16.7774304122
4.15969123318 -2.32484543487 -16.7719597031
4.26645366868 -2.27810220742 -16.7755373296
4.37421599088 -2.22424128851 -16.7903894504
4.4774183244 -2.1645102879 -16.8183266369

/group/right_internal_iliac/84
84
posId 84
4.54955433207 -2.31287227595 -16.8761024269
4.62266827435 -2.2429838832 -16.911758889
4.67751043896 -2.17809352308 -16.9589054894
4.71230052254 -2.12125352197 -17.0144640579
4.7262957959 -2.07506033805 -17.0749854802
4.71974370873 -2.04141394626 -17.137094438
4.69374641416 -2.02134902532 -17.1979114708
4.65006689671 -2.0149584986 -17.2553867786
4.59091127062 -2.02141792232 -17.3084946586
4.51872058238 -2.03910603679 -17.3572603574
4.43599873286 -2.06580442124 -17.4026186047
4.345192485 -2.09894940975 -17.4461305654
4.24862712474 -2.13590360575 -17.4896088132
4.14848959148 -2.17421322617 -17.5347143946
4.04684196782 -2.21182113444 -17.5825937192
3.94564368751 -2.24721308321 -17.6336153556
3.84676137361 -2.27948509439 -17.6872491858
3.75195055684 -2.30833138847 -17.7421058363
3.66280242786 -2.33396307374 -17.7961270455
3.58065934922 -2.35697633692 -17.8468922919
3.50651287659 -2.3781939875 -17.8919878508
3.44090539898 -2.39850534531 -17.9293746673
3.38385958832 -2.41872673058 -17.9576925811
3.33485784399 -2.43949894464 -17.9764502068
3.29288699381 -2.46123030642 -17.9860700268
3.25655279179 -2.48408547624 -17.9877834282
3.22425612236 -2.50801288402 -17.9833961487
3.19441060221 -2.53279826273 -17.9749664436
3.16567179722 -2.55812930716 -17.9644525456
3.13714346486 -2.58365701718 -17.9533902798
3.10852723534 -2.60904247334 -17.942655402
3.08018909673 -2.63398279656 -17.9323495525
3.05312802699 -2.6582157374 -17.9218265132
3.02884726873 -2.68150752886 -17.9098506485
3.00914459017 -2.7036322834 -17.8948563905
2.99585172575 -2.72435263194 -17.875260396
2.99056260213 -2.74341027731 -17.8497695524
2.99439316929 -2.76053195997 -17.817629744
3.00781191515 -2.77545174502 -17.7787718242
3.03056984388 -2.78794556731 -17.7338304628
3.06174335676 -2.79786973774 -17.6840349793
3.09988549041 -2.8051926096 -17.6309947279
3.14326323381 -2.81000848974 -17.5764208764
3.19014408343 -2.81252534908 -17.5218380565
3.2390860528 -2.81302260904 -17.4683412601
3.28918360164 -2.8117814527 -17.4164451441
3.34022780406 -2.80899658443 -17.3660560074
3.39275171601 -2.8046838631 -17.316574097
3.44794939389 -2.7986015806 -17.2671095922
3.50747661974 -2.79020350043 -17.2167739556
3.57316000236 -2.77863875945 -17.1649932299
3.64665579051 -2.7628076108 -17.1117840915
3.72910812316 -2.74147356867 -17.0579382205
3.82085722582 -2.71342308451 -17.0050751294
3.92124113549 -2.67765498387 -16.9555456168
4.02852102056 -2.63357506487 -16.9121937319
4.13994221966 -2.58116778975 -16.8780101286
4.25192359493 -2.52111768236 -16.8557295941
4.36034973124 -2.45485802637 -16.8474368276

/group/right_internal_iliac/87
87
posId 87
4.6238061366 -2.44022439688 -16.9631290259
4.69279132854 -2.35586088072 -16.9727805655
4.74888861595 -2.2761570398 -16.9946354269
4.78736514639 -2.20480534217 -17.0306752709
4.80512593096 -2.14579287214 -17.0802120276
4.80084272458 -2.10297956792 -17.1402392087
4.77467469644 -2.07956215986 -17.2065001718
4.72784652163 -2.07751408436 -17.2747867427
4.66235180516 -2.09712680041 -17.3419340495
4.58092463663 -2.13678298336 -17.4061465944
4.48723198991 -2.19305758128 -17.466600804
4.38607446693 -2.26117200254 -17.5225903246
4.28332186983 -2.33573654539 -17.5726796947
4.18538835577 -2.41163253987 -17.6143277312
4.09824440409 -2.4848355243 -17.6442351914
4.02619278152 -2.55298285611 -17.6593460057
3.97080470077 -2.61554689353 -17.6581214025
3.9304400941 -2.67357423595 -17.6415419913
3.90063409328 -2.72906466864 -17.6133490966
3.87535869808 -2.78415738305 -17.5793013141
3.84885771575 -2.84033901739 -17.5455992061
3.81751955565 -2.89787462977 -17.5169756092
3.78118989599 -2.95559399782 -17.4951235166
3.74346970555 -3.01106347251 -17.478061109
3.71085438012 -3.06106926398 -17.4607298312
3.69094488766 -3.10226196456 -17.4366910583
3.69027251685 -3.13178438614 -17.4003859507
3.71241490214 -3.14772930937 -17.3492012311
3.7569917461 -3.14933812937 -17.2846276108
3.81984210351 -3.13693222717 -17.2120976384
3.89429877131 -3.11164031322 -17.1395416718
3.97312179124 -3.07502727197 -17.0751433547
4.05045263366 -3.02873541227 -17.0250504238
4.12316870938 -2.97422270248 -16.9918045232
4.19124244032 -2.91263909121 -16.9739934547
4.25705644276 -2.84483872994 -16.9671965921
4.32397239367 -2.77149620279 -16.9658461936
4.39467691679 -2.69328380234 -16.9653245453
4.46986188847 -2.61107077186 -16.9635641813

/group/right_internal_iliac/90
90
posId 90
4.75819637074 -2.5776361509 -17.0800855757
4.83003703319 -2.48129275796 -17.0606084302
4.89476906148 -2.39240784264 -17.0449187278
4.94383672528 -2.31733566536 -17.0399262797
4.9709748956 -2.26021453749 -17.0511524702
4.97432694459 -2.22190213971 -17.0805640819
4.95666719878 -2.20017521948 -17.1260664569
4.92370552843 -2.19110041084 -17.1827726421
4.88130104468 -2.19097715978 -17.2453670352
4.83288608016 -2.19800612453 -17.3104053141
4.77829431328 -2.21295531687 -17.3774439573
4.71454508938 -2.23853265867 -17.4484470962
4.63824005101 -2.27774143553 -17.525729533
4.54847142124 -2.33195002826 -17.6094020044
4.44886046421 -2.3995510058 -17.6955697265
4.3476737928 -2.47585016594 -17.7762604993
4.25577525376 -2.55430765232 -17.8413298595
4.18312193499 -2.62866791654 -17.881714561
4.13519607537 -2.69511198377 -17.8927605071
4.11087756664 -2.75351978738 -17.8762258523
4.10273812877 -2.80726928125 -17.8400276452
4.09978064416 -2.86158796224 -17.7956833889
4.0916456091 -2.92106987864 -17.7543389997
4.07267746999 -2.98732905738 -17.7228809153
4.04425507981 -3.05772743197 -17.7016426597
4.01444913721 -3.12570129295 -17.684616918
3.99511452687 -3.18258197782 -17.6621076015
3.99753499027 -3.22021960991 -17.6247950685
4.02830191406 -3.23341170889 -17.5676313222
4.08700004901 -3.22123420732 -17.4920567605
4.16653798244 -3.18682751828 -17.4057050302
4.25590289455 -3.13581430439 -17.319762466
4.34416987586 -3.07406076419 -17.2450675105
4.42413895688 -3.00572206128 -17.188503945
4.49418444159 -2.9323475726 -17.1510780939
4.55768040498 -2.85334050844 -17.1283532698
4.62038053002 -2.76747731893 -17.1129483373

/group/right_internal_iliac/93
93
posId 93
4.97611435233 -2.62645700147 -17.2190617529
5.02632175749 -2.53413819539 -17.212963763
5.06305039227 -2.45376452079 -17.2180263126
5.08096167192 -2.39018119323 -17.2385851877
5.07706277316 -2.34591308047 -17.2772129925
5.05149611525 -2.32107174376 -17.3336154293
5.00726816685 -2.31398237392 -17.4045690824
4.94910025821 -2.32220911035 -17.4848678471
4.8819330469 -2.34352016165 -17.5688284645
4.80971646281 -2.37640517615 -17.6517041384
4.73493416213 -2.41999620653 -17.7304495241
4.65894096729 -2.47353458659 -17.8036149554
4.58281125474 -2.53573265113 -17.8705597259
4.50818202909 -2.6044080851 -17.9304710348
4.43761936353 -2.67661216627 -17.981724561
4.37430903386 -2.7492114766 -18.0219124942
4.32123253021 -2.81964464343 -18.048506142
4.28026012665 -2.88647711297 -18.0597915494
4.25164174857 -2.94946560409 -18.0555779409
4.23418149804 -3.0090770714 -18.0372953014
4.22603950733 -3.06567230275 -18.007408902
4.22578406442 -3.11873329802 -17.9684296034
4.23317706964 -3.1665033695 -17.9220141197
4.24928959418 -3.20622185559 -17.8686192693
4.27586170585 -3.23485860877 -17.8079080558
4.31419176014 -3.25001804389 -17.7397288948
4.36408563596 -3.25060137895 -17.6651851655
4.42339291978 -3.23692954824 -17.5872329772
4.48839824471 -3.21028658736 -17.5104385858
4.55493730617 -3.17212354359 -17.4399112037
4.61975371013 -3.12333277387 -17.3798258738
4.68147363551 -3.06397850713 -17.3321755906
4.74072299248 -2.99365848283 -17.2963290261
4.79928678569 -2.912368321 -17.2696380308
4.85864615863 -2.82148512596 -17.2488810676

/group/right_internal_iliac/96
96
posId 96
5.14708097847 -2.78632888913 -17.2872600762
5.19710685913 -2.69240232846 -17.2750890064
5.24002308761 -2.60754255321 -17.2674938525
5.27372941837 -2.53608120178 -17.2647274974
5.29620006659 -2.47962171373 -17.2687451645
5.30595388404 -2.43697408564 -17.2825466238
5.30222778562 -2.405205105 -17.3092194945
5.28485130622 -2.38136864525 -17.3509762212
5.25398201607 -2.36416959901 -17.4084426568
5.20992932918 -2.35482241902 -17.4803501568
5.15323564787 -2.35669496727 -17.5636512969
5.08502731962 -2.37384545553 -17.6539689686
5.00747007455 -2.40904660611 -17.7462304999
4.9240542366 -2.4621375012 -17.835337822
4.83945566629 -2.52943874072 -17.9167635753
4.75887280121 -2.60454611759 -17.9870122223
4.68696950497 -2.68025165766 -18.04391967
4.62675960147 -2.75086264308 -18.0867753243
4.57885615244 -2.81400032324 -18.1162460527
4.54142568191 -2.871144146 -18.1340827086
4.51095324247 -2.92667466966 -18.1426153661
4.48362270311 -2.9857631066 -18.1440977136
4.4568657625 -3.05191632658 -18.1400288412
4.4305369227 -3.1251255982 -18.1306315298
4.40727669093 -3.20132908357 -18.1146678873
4.39189991332 -3.27338006231 -18.0897079505
4.38999068279 -3.33312635692 -18.0528429071
4.40617024095 -3.37378855942 -18.0016873654
4.44262134866 -3.39174059369 -17.935396416
4.49835739592 -3.38707196912 -17.8553818691
4.56945430329 -3.36282490098 -17.7654734978
4.65012188238 -3.32333410354 -17.6714248545
4.73420788639 -3.27243171093 -17.5798634754
4.8166059697 -3.21228210053 -17.4969656979
4.89411621449 -3.14329129353 -17.4272336004
4.96554345915 -3.06503863242 -17.3727290988
5.03111447705 -2.97772205102 -17.3329824491

/group/right_internal_iliac/99
99
posId 99
5.35400012084 -2.70382289319 -17.2872901331
5.39371011917 -2.61280084713 -17.2833709427
5.42228164121 -2.53410083076 -17.2886005682
5.43558748816 -2.47163724971 -17.3067658859
5.43101194759 -2.42700610183 -17.340806135
5.40815979593 -2.39948964455 -17.3917497555
5.36900293824 -2.3866290758 -17.4581461052
5.31742450733 -2.38516697983 -17.5361729509
5.25830029165 -2.39206061225 -17.6203927196
5.19639138237 -2.40526407537 -17.7049319063
5.13536826609 -2.42406971294 -17.7847325096
5.07723265331 -2.44895297932 -17.8565112245
5.02226929924 -2.48102762161 -17.9191634985
4.9694915865 -2.52133520255 -17.9735301125
4.91739713122 -2.57022795529 -18.0216432459
4.86476971059 -2.6270491093 -18.0657219928
4.81127382068 -2.6901935623 -18.107246225
4.7576797003 -2.75748952491 -18.1463874987
4.70569425925 -2.82672959303 -18.1819382758
4.65750761791 -2.89613627854 -18.2117063902
4.61524998994 -2.96458531294 -18.2331912048
4.5805628005 -3.03151324764 -18.2442813144
4.55442255896 -3.09656405052 -18.2437333035
4.53724401829 -3.15913413744 -18.2312947207
4.52917433109 -3.21801733747 -18.2074805193
4.53041572139 -3.27131479708 -18.1731454028
4.54140798571 -3.31667303025 -18.1290658289
4.56276535762 -3.35178384445 -18.0757297828
4.59497009777 -3.37497116648 -18.0134374123
4.63793573791 -3.38564355482 -17.9426784462
4.69062272352 -3.38442704784 -17.8646260473
4.75088928765 -3.37290094351 -17.7815208427
4.81568728744 -3.35300242197 -17.6967408632
4.88159038361 -3.32629376166 -17.6144581935
4.94551364519 -3.29335113745 -17.5389352556
5.00539686564 -3.25351012706 -17.4736579895
5.06061310501 -3.20509419546 -17.4205856413
5.11193793723 -3.14609271576 -17.3797835787
5.16105245001 -3.07509760094 -17.3495957899
5.20970965433 -2.99220647627 -17.3273411447
5.2588164409 -2.89959203288 -17.3103393795

