/group/anterior_tibial_left/0
0
posId 0-10.0075213457 -5.2691359689 -83.7844371937
-10.0359993082 -5.21206486397 -83.7881097512
-10.0521680461 -5.15867590953 -83.7911657607
-10.0550565259 -5.11171858521 -83.7934428255
-10.0459771315 -5.07106315471 -83.7949945205
-10.0276768044 -5.03478769561 -83.7960093336
-10.0029825217 -5.00091141951 -83.7966813774
-9.97363233959 -4.96886246678 -83.797100111
-9.93986784952 -4.93997360311 -83.7972126349
-9.90095633608 -4.9168502209 -83.796871857
-9.85632410927 -4.90205315384 -83.795938511
-9.80666842652 -4.89687084968 -83.7943782653
-9.75443458094 -4.9008572325 -83.7923003971
-9.7033834425 -4.91235081988 -83.7899181
-9.65745354341 -4.92962663974 -83.787453945
-9.61948992219 -4.95197519649 -83.7850438863
-9.59047835924 -4.98004648522 -83.7826935875
-9.56965629169 -5.01521690388 -83.7803117306
-9.55541323148 -5.05830250083 -83.7778021839
-9.54648565576 -5.10834131309 -83.7751636482
-9.54280776519 -5.16217497598 -83.7725398517
-9.54557387074 -5.21515907099 -83.7701889497
-9.5564959112 -5.26272813736 -83.7683842082
-9.57667338807 -5.30205567856 -83.767296244
-9.60570262132 -5.33294877429 -83.766919349
-9.64152597754 -5.35747057758 -83.7670834885
-9.68112554557 -5.37842255076 -83.7675496626
-9.72170896444 -5.39741700626 -83.7681420603
-9.76176061823 -5.41351609643 -83.7688491283
-9.80138766734 -5.42316769219 -83.7698390813
-9.84175250032 -5.42154364125 -83.7713774171
-9.8838646181 -5.404690355 -83.7736836321
-9.92735409363 -5.37148510233 -83.7767962569

/group/anterior_tibial_left/3
3
posId 3-9.90473491833 -5.25205951905 -84.6511131399
-9.90536251485 -5.17511245081 -84.6561516622
-9.89525964695 -5.10715595405 -84.6580949027
-9.87854585218 -5.05573938906 -84.6574319309
-9.85729199206 -5.02106274392 -84.6546371051
-9.83082271336 -4.99768181753 -84.6498976256
-9.7968779894 -4.97886379479 -84.6431098817
-9.75387385341 -4.96088469598 -84.6341380252
-9.70284678679 -4.94484419099 -84.6231559413
-9.64788710967 -4.93528905083 -84.610836678
-9.59481155465 -4.93693199891 -84.5982487903
-9.54889130726 -4.95176149634 -84.5865056792
-9.51297603606 -4.97829544632 -84.5763717966
-9.48703489325 -5.01310878447 -84.5680575908
-9.46921283383 -5.0532134088 -84.5613166822
-9.45758648777 -5.09743048264 -84.5557716201
-9.45147457193 -5.14580713697 -84.5512591697
-9.45158335538 -5.19768952706 -84.5479870066
-9.45911713643 -5.25013382107 -84.5464254995
-9.47466347405 -5.29813685042 -84.5470308546
-9.49772226482 -5.33682229769 -84.5499953955
-9.52717835231 -5.36417430676 -84.5551849674
-9.56224811348 -5.38229094003 -84.5622819037
-9.60302476683 -5.3959499684 -84.5710044449
-9.65000993656 -5.40906408951 -84.5812218748
-9.70278128122 -5.42117388907 -84.5928640594
-9.7586744844 -5.42638081921 -84.6056792706
-9.81251821486 -5.41578344146 -84.619016996
-9.85788978467 -5.38232385091 -84.6318152234

/group/anterior_tibial_left/6
6
posId 6-9.49547428032 -5.366594712 -85.4665337804
-9.51708214424 -5.30975107292 -85.480646024
-9.53039266841 -5.25441364634 -85.4894411118
-9.53521809938 -5.20342173939 -85.4927846609
-9.53188111638 -5.15793562963 -85.4908773411
-9.52091092096 -5.11785356934 -85.4840583075
-9.50279009703 -5.08258792761 -85.4726393198
-9.47786869474 -5.05180508808 -85.4568460536
-9.44647673631 -5.02580429972 -85.4368881951
-9.40916865426 -5.00542274734 -85.413116337
-9.36696818822 -4.99159859339 -85.3861808831
-9.32147949087 -4.98488185174 -85.357105599
-9.27479009711 -4.98518277524 -85.3272267827
-9.22918556668 -4.99189689341 -85.298010032
-9.18678019458 -5.0043267787 -85.2708118158
-9.14920446613 -5.02214743962 -85.246677138
-9.11746216148 -5.04562517128 -85.2262469987
-9.09199239698 -5.07542019727 -85.2097990852
-9.07288151442 -5.11202317081 -85.1973861888
-9.06010886507 -5.15508438178 -85.1889968497
-9.05370670611 -5.20298399517 -85.1846598315
-9.05376763729 -5.25290900141 -85.1844484952
-9.06031608347 -5.30147824787 -85.1883954237
-9.07313215374 -5.34569268962 -85.1963749428
-9.09164149874 -5.38381014119 -85.2080282524
-9.11495105751 -5.4157433168 -85.2227843056
-9.14203420062 -5.44276774386 -85.2399797501
-9.17198723089 -5.46662497436 -85.2590275629
-9.20423321441 -5.48838411857 -85.2795531939
-9.23856301484 -5.50755348264 -85.3014252788
-9.27497312204 -5.52185003118 -85.3246530187
-9.31335428142 -5.52776800504 -85.3491840779
-9.35316010362 -5.52175229423 -85.3746866384
-9.39320452172 -5.5015228559 -85.4004131489
-9.43168984571 -5.46702699728 -85.4252135023

/group/anterior_tibial_left/9
9
posId 9-9.22103461939 -5.36294202781 -86.2489529726
-9.26137173587 -5.30772602419 -86.2495675542
-9.28923754385 -5.2472270055 -86.2482518238
-9.30242781055 -5.18757549563 -86.2452145619
-9.30173292391 -5.13318227142 -86.2408954177
-9.29003881962 -5.08596172048 -86.2357949388
-9.27067467754 -5.04571188509 -86.2303029035
-9.24587943371 -5.01130400346 -86.2246041445
-9.21614456666 -4.98198437712 -86.2186998497
-9.18069333441 -4.95811538901 -86.2125236218
-9.13874496969 -4.94104601039 -86.2060853791
-9.09080813614 -4.93229770908 -86.1995655239
-9.03925810931 -4.93261203917 -86.1933110992
-8.98786206318 -4.94144592588 -86.1877386761
-8.9405009432 -4.95721177464 -86.1831973674
-8.89977940228 -4.97811153977 -86.1798644473
-8.86627978697 -5.00305952771 -86.1777263256
-8.83886829819 -5.03212634492 -86.1766504001
-8.81588834891 -5.06620257748 -86.1765042272
-8.79658634382 -5.10603020492 -86.1772537806
-8.78197443696 -5.15113333331 -86.1789852942
-8.77462435563 -5.19927945523 -86.1818382093
-8.77745765764 -5.24685049806 -86.1858867107
-8.79214943541 -5.29002256471 -86.1910371382
-8.81799846472 -5.32619682226 -86.1970017624
-8.85190346943 -5.35494079758 -86.2033691739
-8.88952433166 -5.37790219523 -86.2097390112
-8.92708588599 -5.39765826867 -86.2158520906
-8.96292493128 -5.4160142164 -86.2216463654
-8.99798087956 -5.43258044418 -86.2272059279
-9.03494544743 -5.44436872308 -86.2326260014
-9.07645982469 -5.44668225842 -86.237862643
-9.12323681933 -5.43495690953 -86.2426473566

/group/anterior_tibial_left/12
12
posId 12-8.95350721649 -5.33300959316 -87.5197323796
-8.99963796286 -5.28540445912 -87.5345499355
-9.02900292435 -5.22824134535 -87.5449881974
-9.04040365574 -5.16960351303 -87.5504057842
-9.03669263994 -5.11646717405 -87.5513473947
-9.02293177866 -5.07191345893 -87.5491279005
-9.00368789948 -5.0347717611 -87.5450815324
-8.98098843185 -5.0017706261 -87.5399036838
-8.95403707681 -4.9706857511 -87.5334526648
-8.92071442043 -4.94240392215 -87.5250964073
-8.8798301804 -4.92061859904 -87.5143602537
-8.83270115604 -4.90948681971 -87.5014605752
-8.78312220396 -4.91092746275 -87.487397763
-8.73583697899 -4.92343623644 -87.4735685098
-8.6945297989 -4.94321987537 -87.4611559171
-8.66058352027 -4.96684521136 -87.4506793069
-8.63327720681 -4.99354549004 -87.4419636922
-8.61114079315 -5.0255394193 -87.4345105964
-8.59347991806 -5.06605963112 -87.4280027474
-8.58107487883 -5.11635842876 -87.4226137192
-8.57570633807 -5.17370093611 -87.4189490824
-8.57899269431 -5.23175742615 -87.417703201
-8.59146071882 -5.28324926737 -87.4192975335
-8.61252389775 -5.323213447 -87.4237522425
-8.64130666888 -5.35082179278 -87.4308509508
-8.67756565434 -5.36862049049 -87.4404295249
-8.72182776873 -5.37974233298 -87.4525195116
-8.77440961611 -5.38498016822 -87.4671806738
-8.83384316088 -5.38170971041 -87.4840964993

/group/anterior_tibial_left/15
15
posId 15-8.58157729821 -5.37889638874 -88.8489644991
-8.62963941642 -5.32864301233 -88.8618322407
-8.65912628321 -5.26958841884 -88.8698613168
-8.66907677683 -5.21038317269 -88.8727579656
-8.66365488068 -5.15757343389 -88.8715850666
-8.64927265077 -5.1133742439 -88.8680168184
-8.63093121353 -5.07603612209 -88.8633755956
-8.6099320326 -5.0423762196 -88.8580185251
-8.58417454339 -5.01074813703 -88.8514015343
-8.55061488863 -4.98256540663 -88.8427181184
-8.50816383627 -4.96153640556 -88.8316644094
-8.45915123536 -4.95129911697 -88.818835232
-8.40852408595 -4.95315119007 -88.8055242165
-8.36145478912 -4.96541297077 -88.7930984068
-8.32101814997 -4.98478182479 -88.7823814429
-8.28743447352 -5.00865321849 -88.7734436226
-8.25923034993 -5.03673533794 -88.7658992012
-8.23534532108 -5.07079861118 -88.7594611074
-8.21661283723 -5.11271713089 -88.7543393966
-8.20555659442 -5.16217125468 -88.7511986886
-8.20469055072 -5.2156553279 -88.7507162294
-8.21461328898 -5.26757224644 -88.7530759715
-8.23336768204 -5.31277173179 -88.7577882299
-8.25765377928 -5.34886762503 -88.7639973214
-8.28513444971 -5.37675980432 -88.7710848804
-8.31619705206 -5.39895717875 -88.779140727
-8.35377035732 -5.41678692757 -88.7889280649
-8.40104045666 -5.42838659187 -88.8012929101
-8.4583631357 -5.42894372693 -88.816351681

/group/anterior_tibial_left/18
18
posId 18-8.23614815939 -5.3135572958 -90.0735026562
-8.19129668048 -5.3646348411 -90.0596139965
-8.14114483476 -5.39489809397 -90.042570031
-8.09083306363 -5.40320482695 -90.0242282241
-8.04386736535 -5.394858525 -90.006198417
-8.00168148301 -5.37817399539 -89.9894854894
-7.96422610263 -5.35969150816 -89.9744397866
-7.93105307212 -5.34087086153 -89.9609760695
-7.90218880688 -5.31814527617 -89.9489030963
-7.87836308407 -5.28612445324 -89.9381897709
-7.860652979 -5.2418287163 -89.929070769
-7.84997036405 -5.18729960047 -89.9220021296
-7.84683272201 -5.12906294969 -89.9175452944
-7.8515414528 -5.0749499466 -89.9162545209
-7.86450796052 -5.03039174674 -89.9185898654
-7.88631249889 -4.99648885008 -89.9248303222
-7.91727700953 -4.97086463307 -89.934962247
-7.95674177163 -4.95045077696 -89.9485659767
-8.00255169127 -4.93416578404 -89.964774799
-8.05122658571 -4.92368957419 -89.9823822935
-8.09889255333 -4.92198206875 -90.0001070138
-8.14253388132 -4.93081230573 -90.0169212172
-8.1808400099 -4.94923345672 -90.032281533
-8.21409223171 -4.97420520023 -90.0461216959
-8.24309073726 -5.00295097676 -90.0585843149
-8.26773162145 -5.03528329102 -90.0696199707
-8.28611525706 -5.07401132881 -90.0786768446
-8.29480688464 -5.12279807846 -90.0846773168
-8.29021204877 -5.18264318335 -90.0863338852

/group/anterior_tibial_left/21
21
posId 21-7.74790048356 -5.34870201621 -91.1506401277
-7.67346570947 -5.35780783585 -91.1341146245
-7.60473794686 -5.35620894816 -91.119069922
-7.54890138886 -5.34528628351 -91.1070527302
-7.50927473462 -5.32569124468 -91.0987772553
-7.48485983801 -5.29683591929 -91.0940370637
-7.47155443363 -5.25757984409 -91.0919564828
-7.46441423004 -5.20773434435 -91.0914547663
-7.45992659422 -5.14944799877 -91.0917153434
-7.45733744514 -5.08753395623 -91.0924699462
-7.45858543851 -5.02837092797 -91.0940076479
-7.46706274758 -4.97783170131 -91.096947231
-7.48590537331 -4.93928662581 -91.1019047333
-7.51660633684 -4.91273933716 -91.1092076458
-7.55845306274 -4.89555724654 -91.1187558691
-7.60882117033 -4.88439063425 -91.1300451742
-7.66397926521 -4.87722509314 -91.1422999273
-7.7199501027 -4.87445417933 -91.1546391141
-7.77312991895 -4.87842638414 -91.166221899
-7.82063204324 -4.89178845324 -91.1763584048
-7.86049555904 -4.91561956016 -91.1845953525
-7.89187784499 -4.94844633339 -91.1907793466
-7.91517926221 -4.98669960064 -91.1950744739
-7.93189181126 -5.02633171298 -91.1978945487
-7.94398188171 -5.06464703386 -91.1997285828
-7.9528508603 -5.10128920278 -91.2008916533
-7.95824522663 -5.13783194077 -91.2012945185
-7.95769205691 -5.17623518673 -91.2003527496
-7.94693791243 -5.21707813768 -91.1971207695
-7.92145366665 -5.25859094626 -91.1906426975
-7.87851651459 -5.29702281799 -91.1804012786

/group/anterior_tibial_left/24
24
posId 24-7.58260682678 -5.43442219924 -92.297710025
-7.52941765231 -5.45025058749 -92.2881158297
-7.48395692581 -5.45632363545 -92.2805372905
-7.44509676489 -5.45308416924 -92.2747620249
-7.41001965539 -5.44175033591 -92.270250156
-7.37638917318 -5.423429181 -92.2665459116
-7.34389364409 -5.39840017591 -92.2635775045
-7.31443820832 -5.36601318754 -92.2616955172
-7.29103148538 -5.32531988084 -92.2614470605
-7.27611400533 -5.27614949195 -92.263226038
-7.27033603761 -5.22006651033 -92.267003169
-7.27248625529 -5.16066094392 -92.2722906893
-7.28058119852 -5.10292638979 -92.27836369
-7.29343662518 -5.05192920075 -92.2846155285
-7.31173956548 -5.01133706821 -92.2908472852
-7.33789679355 -4.98246828222 -92.2973234609
-7.37461830613 -4.96429047028 -92.304551717
-7.42293373342 -4.95435131804 -92.3128966951
-7.48072645071 -4.9501845401 -92.3222347478
-7.5426765323 -4.95052043773 -92.331844133
-7.60180933895 -4.95574638409 -92.3406075287
-7.65200355576 -4.9674466972 -92.3474405657
-7.69026446582 -4.98730769706 -92.3517367653
-7.71761734659 -5.01597299627 -92.3536019651
-7.7381201118 -5.05243047554 -92.3537518294
-7.75642123446 -5.09421669736 -92.3531148997
-7.77503144973 -5.13829584035 -92.3523348794
-7.79265268556 -5.18213181778 -92.3514212807
-7.80441470394 -5.22439530387 -92.3497272894
-7.80394654501 -5.26496368172 -92.3462720174
-7.78631358005 -5.30425991711 -92.3402525338
-7.7504281235 -5.34232744317 -92.3314960094
-7.69980100718 -5.3781674288 -92.3206318927

/group/anterior_tibial_left/27
27
posId 27-7.40297575727 -5.52179111873 -93.5161358158
-7.34740324756 -5.54788875836 -93.5037993589
-7.29586723607 -5.56395373272 -93.492971315
-7.25071467595 -5.56896449079 -93.4841666142
-7.21192147298 -5.56286359687 -93.4773850817
-7.17776282889 -5.54654104773 -93.4722378112
-7.14602118327 -5.52164878765 -93.468186583
-7.11521953846 -5.49029366937 -93.4647971675
-7.08539005794 -5.45467941514 -93.4619097263
-7.05810653435 -5.41677371998 -93.4596699246
-7.03582801793 -5.37806537801 -93.4584246987
-7.0208842662 -5.33945271965 -93.458541288
-7.01456489392 -5.30127504643 -93.4602348618
-7.01670336472 -5.26346946238 -93.4634790697
-7.02591111305 -5.2258116371 -93.4680316214
-7.04032234764 -5.18818403057 -93.4735531169
-7.05848566993 -5.15081082296 -93.4797557856
-7.07998109077 -5.11440573436 -93.4865075264
-7.10547312825 -5.08019629773 -93.4938399916
-7.13617227293 -5.04981364211 -93.5018563655
-7.17295166502 -5.0250663427 -93.5105835127
-7.2155311301 -5.0076446248 -93.5198419411
-7.26212205245 -4.99882056449 -93.5292020796
-7.30972947863 -4.99921505827 -93.5380582018
-7.35501639163 -5.00869009119 -93.5457978479
-7.39537615062 -5.02639638921 -93.551998407
-7.42974784073 -5.05096790534 -93.5565646642
-7.45879913669 -5.08081556588 -93.5597408254
-7.48435971114 -5.11444436074 -93.5619809019
-7.50830904486 -5.15070918635 -93.5637218692
-7.53136992746 -5.18893967682 -93.5651490826
-7.55232484352 -5.22889959694 -93.566053074
-7.56802281102 -5.27059284186 -93.565845427
-7.57423498302 -5.31397250117 -93.563740368
-7.567072426 -5.35863874931 -93.5590421259
-7.54444030459 -5.40361667659 -93.5514330718
-7.5069694054 -5.44728475508 -93.5411529691

/group/anterior_tibial_left/30
30
posId 30-7.27587115469 -5.54134552381 -94.7677845667
-7.2314454881 -5.58804423799 -94.7591138264
-7.18107627971 -5.61462093419 -94.7511799722
-7.12809294995 -5.62157537851 -94.7443451125
-7.07595148228 -5.61400459108 -94.7386557824
-7.02774986891 -5.59865492204 -94.7339970707
-6.98569353466 -5.58046104712 -94.7302776763
-6.95074364561 -5.56039586834 -94.7275425284
-6.92266728214 -5.53570543657 -94.7259618857
-6.90054481808 -5.50227784561 -94.7257215912
-6.8835527647 -5.45773947088 -94.7268939374
-6.87166359997 -5.40352596187 -94.7293723601
-6.8659016595 -5.3448122311 -94.7329070675
-6.86798920529 -5.28842028514 -94.7372132265
-6.87952030779 -5.2399422113 -94.7420791524
-6.90105430714 -5.2016896638 -94.747405429
-6.93158434117 -5.17252624994 -94.7531534247
-6.96866573556 -5.14951004626 -94.759242487
-7.00916540116 -5.13024539547 -94.7654703622
-7.05028277207 -5.11451104213 -94.7715181358
-7.09035709749 -5.10426357285 -94.7770465037
-7.12908527932 -5.10216258366 -94.781827909
-7.16706989584 -5.10967888293 -94.7858285918
-7.20494335694 -5.12607342946 -94.789177325
-7.24250474694 -5.14894204769 -94.7920230327
-7.27827190163 -5.17598072028 -94.7943542506
-7.30962527021 -5.20678694718 -94.7958867439
-7.33343230083 -5.24340737717 -94.796098764
-7.34684301878 -5.28906242971 -94.7944179113
-7.34792848611 -5.34561144177 -94.7904798132
-7.33597732893 -5.41118719369 -94.7843337385

/group/anterior_tibial_left/33
33
posId 33-7.04293431894 -5.65226032096 -96.0787536763
-6.98621491717 -5.68312029851 -96.068253569
-6.93624495312 -5.69629801109 -96.0600440033
-6.89585933266 -5.69357602792 -96.0544027132
-6.86240365673 -5.67994846994 -96.0505745188
-6.83074348236 -5.66064515302 -96.0474278785
-6.79729132041 -5.63838987657 -96.0442413035
-6.76254364786 -5.6125022843 -96.0411371869
-6.73073232674 -5.58027779104 -96.0389288269
-6.7071170357 -5.53966064579 -96.0385300265
-6.69490619078 -5.49146103397 -96.0403448208
-6.69386810188 -5.43972605802 -96.0440389523
-6.70139888866 -5.39009734163 -96.048816436
-6.71507206226 -5.34726809275 -96.0539774294
-6.7347003931 -5.31316744465 -96.0593514909
-6.76235341665 -5.28694562469 -96.0653012149
-6.8002832499 -5.26661017135 -96.0723005256
-6.84825745484 -5.25109704391 -96.0803948577
-6.90229662048 -5.24134934652 -96.0889383339
-6.95589897053 -5.23973159598 -96.0968144832
-7.00311103712 -5.24829049615 -96.1030097876
-7.04144996875 -5.26716769575 -96.1071544679
-7.07265365734 -5.29433567049 -96.1096506483
-7.10060526065 -5.32686444477 -96.1112779198
-7.1276730917 -5.36280490063 -96.1125237986
-7.15186464237 -5.40227951478 -96.1130908798
-7.16680553011 -5.44686804337 -96.1119394396
-7.16481448642 -5.49755179216 -96.1078851258
-7.14134748544 -5.55254644057 -96.1004030348

/group/anterior_tibial_left/36
36
posId 36-6.88253934413 -5.71543647369 -97.1005147827
-6.94573785124 -5.6850281023 -97.1066265712
-6.98402588737 -5.63681442534 -97.1127956786
-6.99796567592 -5.57799909582 -97.1184577028
-6.99632157397 -5.51815681938 -97.1233184325
-6.98698321271 -5.46541472965 -97.1271537492
-6.97097384804 -5.42384721792 -97.1296845378
-6.94424679072 -5.39339577674 -97.1306854917
-6.90471803719 -5.37182450156 -97.1302231925
-6.85734742758 -5.35702027206 -97.1287546661
-6.81209477779 -5.34814743451 -97.1269155465
-6.776331354 -5.34539527132 -97.1251093947
-6.74866406691 -5.34917446226 -97.123222981
-6.72022607337 -5.35973780789 -97.1207310862
-6.68296849074 -5.37740594873 -97.1171493952
-6.63806005152 -5.40276127096 -97.1124961636
-6.59693500317 -5.43616126111 -97.1073921037
-6.57355823388 -5.47671377743 -97.1027053093
-6.57404003747 -5.52163574758 -97.0990137011
-6.59227811483 -5.56683499036 -97.0963090031
-6.61546506038 -5.60855743549 -97.0941736035
-6.63503548923 -5.64487988312 -97.0922795754
-6.65392481468 -5.67572499288 -97.0908002695
-6.68393373094 -5.70118139281 -97.0903994977
-6.7351699174 -5.71939815043 -97.0918053566

/group/anterior_tibial_left/39
39
posId 39-6.84938971197 -5.73937054093 -97.900704438
-6.80379953683 -5.78818524683 -97.8884238077
-6.75639020596 -5.81201903151 -97.8789846957
-6.71099714186 -5.81156088856 -97.8728269416
-6.66941727777 -5.79548080525 -97.8691239253
-6.63197190597 -5.7735414254 -97.866711827
-6.59819348798 -5.75029799884 -97.8649630775
-6.56765532121 -5.72387306069 -97.8640515344
-6.54097646051 -5.68998944042 -97.864591107
-6.52058044015 -5.64734397734 -97.8670748068
-6.51044149452 -5.59979668711 -97.8715691677
-6.5144251547 -5.55397596627 -97.8777833457
-6.53387458907 -5.51488357562 -97.8852824213
-6.56600540228 -5.48349996229 -97.893563905
-6.60453246679 -5.45821093494 -97.9019670489
-6.64259243796 -5.4382474279 -97.9096473887
-6.67631924569 -5.42557876977 -97.9158320096
-6.70669741806 -5.42335792796 -97.9202656201
-6.7382679906 -5.43248567197 -97.9234584601
-6.77534421459 -5.44987775177 -97.9263825995
-6.81814132253 -5.4706179293 -97.9296757268
-6.86135009111 -5.49250819965 -97.9328829255
-6.89607820562 -5.51889720057 -97.9343725299
-6.91390284032 -5.55662893639 -97.9321447121
-6.91055583275 -5.60995571591 -97.9250890662

/group/anterior_tibial_left/42
42
posId 42-6.71739979471 -5.77846827175 -98.919867592
-6.69663286321 -5.84491458662 -98.9122726876
-6.66679452129 -5.88710865632 -98.9061983519
-6.63033524105 -5.90667563496 -98.9016811799
-6.59057252792 -5.91192560518 -98.8982158663
-6.5512964151 -5.90785365972 -98.8956336594
-6.51477732215 -5.89394633952 -98.8941518312
-6.48082646281 -5.86948918575 -98.8938210734
-6.44861145551 -5.83764198095 -98.8942918809
-6.41959297332 -5.80276107183 -98.8952784327
-6.39827178258 -5.76526539485 -98.8970809616
-6.38962498813 -5.72201287529 -98.900358881
-6.39578477773 -5.67296694137 -98.9052757669
-6.41539659196 -5.62596227836 -98.9110183342
-6.4460476063 -5.59235052722 -98.91637438
-6.48662963645 -5.57699019225 -98.9208194071
-6.53660517501 -5.57388277437 -98.9248577469
-6.59285999034 -5.57361105982 -98.9291105225
-6.6479255217 -5.57546013373 -98.9330813205
-6.69222119912 -5.59073043901 -98.935023861
-6.71876050829 -5.63231016445 -98.9332426479

/group/anterior_tibial_left/45
45
posId 45-6.63563130913 -5.91696303911 -100.137484546
-6.65160500843 -5.8311423861 -100.144946702
-6.64488917033 -5.75834015067 -100.148915094
-6.62194688837 -5.71399574726 -100.149135347
-6.58968385227 -5.69259336818 -100.146772194
-6.54988155919 -5.67925528546 -100.143004161
-6.50115185864 -5.66664031183 -100.138148558
-6.44535050094 -5.66006546944 -100.132074664
-6.39052495527 -5.66828976319 -100.125148704
-6.34674863715 -5.69263132831 -100.11845859
-6.31939401688 -5.72651224978 -100.11305969
-6.30705939856 -5.76366770569 -100.109197493
-6.3057389711 -5.80343865427 -100.106448179
-6.31379798896 -5.8469042478 -100.104550814
-6.3320892371 -5.8903270509 -100.103848683
-6.36001608507 -5.92604402021 -100.104772342
-6.39344631001 -5.95080781256 -100.107052152
-6.42786189541 -5.97052057323 -100.109776422
-6.46309129413 -5.99301037746 -100.112414303
-6.50317121342 -6.01507040717 -100.1156455
-6.55018366768 -6.01917988828 -100.120856043

/group/anterior_tibial_left/48
48
posId 48-6.53351562434 -6.0054149607 -101.223710592
-6.50524993587 -6.06980372185 -101.213866802
-6.46124075889 -6.10257731834 -101.205475477
-6.40730339554 -6.10638392909 -101.198928165
-6.35232319802 -6.09504350743 -101.193818607
-6.30431978965 -6.08041460478 -101.189843317
-6.26678401811 -6.06419366661 -101.187226365
-6.23796163548 -6.04073396354 -101.186347887
-6.213550683 -6.0061253565 -101.18711876
-6.19071464591 -5.96364415468 -101.18887851
-6.17051120573 -5.92068407362 -101.190987946
-6.15732476361 -5.88161449665 -101.193498403
-6.15623277676 -5.84492221089 -101.197144914
-6.17044102424 -5.80774812697 -101.202587217
-6.20024503333 -5.77242854373 -101.209618922
-6.24340691783 -5.74710965646 -101.217147366
-6.29595032372 -5.73880677607 -101.223997695
-6.35275912869 -5.74588364605 -101.229754158
-6.4082119335 -5.7585552029 -101.234780846
-6.45724041412 -5.76834816274 -101.239370157
-6.49648175703 -5.77787576944 -101.242869697
-6.52456983849 -5.80069432671 -101.243730262
-6.5410614133 -5.84974977583 -101.240570709

/group/anterior_tibial_left/51
51
posId 51-6.39257741654 -6.21684068435 -102.230423164
-6.4645101568 -6.18722420426 -102.235929715
-6.5068325259 -6.14441355787 -102.242579005
-6.51665422921 -6.08901589777 -102.250228059
-6.5067928227 -6.02694505832 -102.258355027
-6.49251515679 -5.96966148367 -102.265745168
-6.47817947037 -5.92795546971 -102.271041898
-6.45559389276 -5.9046195594 -102.273696049
-6.41455108333 -5.89330368419 -102.274343537
-6.35479405466 -5.88528451183 -102.274150504
-6.28813932257 -5.8781078472 -102.273697715
-6.22956301852 -5.87788749723 -102.272482339
-6.18651350374 -5.8929243789 -102.269547811
-6.15647437598 -5.92470612405 -102.264640848
-6.1337799853 -5.96504807708 -102.258740291
-6.11745321685 -6.00236117048 -102.253381868
-6.11169987913 -6.0312729468 -102.249376528
-6.1193255259 -6.05654693719 -102.246144123
-6.13636242994 -6.08761318733 -102.242333801
-6.15499833534 -6.12883443853 -102.237193574
-6.17261044814 -6.17442936556 -102.231444172
-6.19712588345 -6.21229285711 -102.226879879
-6.24145141948 -6.23257797893 -102.225097528

/group/anterior_tibial_left/54
54
posId 54-6.36078105727 -6.36379671734 -103.490690936
-6.43045716797 -6.3304760638 -103.496089048
-6.48028377666 -6.28876239493 -103.50178854
-6.50687965204 -6.25000028897 -103.506527142
-6.51479969176 -6.21723803246 -103.510120284
-6.51143183098 -6.18444491745 -103.513397178
-6.50187060431 -6.14473455644 -103.517210132
-6.48686448757 -6.09944125817 -103.521443116
-6.46398017842 -6.0588624708 -103.524968362
-6.43011728094 -6.03368851154 -103.526598823
-6.38369385063 -6.0255093703 -103.526126233
-6.32608892211 -6.02593628949 -103.524452251
-6.26244918532 -6.02550716109 -103.522695528
-6.20136135069 -6.02383834189 -103.521138498
-6.15251202422 -6.03104326518 -103.519015279
-6.12259133985 -6.05876514531 -103.515317886
-6.11174085051 -6.10915252782 -103.509829385
-6.11359263874 -6.17201089275 -103.503417906
-6.11988763576 -6.2324294661 -103.497383049
-6.12694697861 -6.28128657789 -103.492558714
-6.13909849521 -6.31883244862 -103.489041639
-6.16588918916 -6.3489306307 -103.486704681
-6.21460156691 -6.37091030516 -103.4858229

/group/anterior_tibial_left/57
57
posId 57-6.30135547205 -6.49510734139 -104.649810315
-6.22789312513 -6.50825499586 -104.645484696
-6.16960511505 -6.49658016696 -104.644605444
-6.13153405165 -6.47078998119 -104.646128808
-6.10861151503 -6.43975906481 -104.648836263
-6.09308163895 -6.40361744732 -104.652416407
-6.08172188992 -6.3576093999 -104.65729528
-6.07712569312 -6.30170762585 -104.663575141
-6.08360385057 -6.24522242591 -104.670345578
-6.1029191165 -6.20110990142 -104.676177792
-6.13390031963 -6.17558343175 -104.680309508
-6.17496327143 -6.16372920072 -104.683247632
-6.22538744389 -6.1558476719 -104.686084727
-6.28318846631 -6.14824298912 -104.689171755
-6.34214349122 -6.14742034346 -104.691519697
-6.39247164015 -6.16315643463 -104.691625774
-6.42625518672 -6.19727519723 -104.688976785
-6.4431974707 -6.23968865216 -104.684726348
-6.45070211461 -6.27633685646 -104.680781023
-6.45691053567 -6.30175049492 -104.678083524
-6.46222226528 -6.32391910179 -104.675726492
-6.45715591595 -6.35621681713 -104.671803163
-6.42936280312 -6.40360060449 -104.665269209

/group/anterior_tibial_left/60
60
posId 60-6.26286514283 -6.59808854097 -105.653975914
-6.18391908834 -6.610580115 -105.650173742
-6.12624864973 -6.60525075383 -105.64870167
-6.0921684419 -6.5853818286 -105.649341745
-6.06964458022 -6.55390720944 -105.651421397
-6.04942629921 -6.51226158569 -105.654497717
-6.03441009809 -6.46183163202 -105.658543578
-6.0328742418 -6.40652955564 -105.663486055
-6.0465390153 -6.35348998471 -105.668739066
-6.06898589563 -6.31044629391 -105.673386782
-6.09551724295 -6.28166263327 -105.676884978
-6.13052854578 -6.26602279617 -105.679483344
-6.1814750773 -6.2591167847 -105.681832681
-6.24584459839 -6.25757493326 -105.684152222
-6.30772083706 -6.26198628237 -105.68584966
-6.35026896618 -6.2762292723 -105.6860045
-6.37120405207 -6.30423371546 -105.684184436
-6.3831435327 -6.34695086055 -105.680730929
-6.39704264147 -6.4013677913 -105.676287154
-6.40668251279 -6.4613366149 -105.671197704
-6.39234960407 -6.51905976246 -105.665499075

/group/anterior_tibial_left/63
63
posId 63-6.25520738587 -6.66789670506 -106.635106006
-6.18153515459 -6.68329131547 -106.636027411
-6.12289395222 -6.67568873145 -106.637596643
-6.0835872407 -6.6519909758 -106.639431496
-6.05886019939 -6.61951838374 -106.641325125
-6.04219091387 -6.58007372664 -106.643340579
-6.03144127304 -6.53171011965 -106.645605357
-6.02907757999 -6.47555519598 -106.648019453
-6.03802273133 -6.41970964606 -106.650179619
-6.05846229754 -6.37534647004 -106.651611592
-6.08873258682 -6.34844206047 -106.652099248
-6.12820946366 -6.33548726477 -106.651803595
-6.17775991852 -6.32787547343 -106.651068443
-6.2363633688 -6.32098796953 -106.65010995
-6.2975355942 -6.31905952885 -106.648887993
-6.35045571273 -6.33085947285 -106.647263956
-6.38631263537 -6.360309547 -106.645260458
-6.40456705998 -6.40135341895 -106.64314392
-6.41277159538 -6.4423919513 -106.641241696
-6.41906010569 -6.47620618702 -106.639684383
-6.42353701649 -6.50574504721 -106.638345626
-6.41658109217 -6.54000190189 -106.637051824
-6.3863248853 -6.5837624108 -106.635854339

/group/anterior_tibial_left/66
66
posId 66-6.34272753717 -6.61193709571 -107.774333755
-6.31526162861 -6.67914421952 -107.771390169
-6.27068395651 -6.70941530706 -107.767782304
-6.2140452723 -6.70930354719 -107.763770776
-6.15815994607 -6.69735930225 -107.759988241
-6.11443413363 -6.68429200674 -107.757083948
-6.08440749421 -6.66570659517 -107.75523222
-6.06144223205 -6.63305725087 -107.754089564
-6.04062839626 -6.58792942845 -107.753284551
-6.02565048406 -6.54250429374 -107.75289746
-6.02493655385 -6.50658377434 -107.753379993
-6.0418097597 -6.47758561132 -107.75500594
-6.07023486281 -6.44575354018 -107.757492467
-6.10114596411 -6.40808177309 -107.760241813
-6.13195781925 -6.37388556885 -107.762932543
-6.16810372914 -6.3552138716 -107.765770814
-6.21466623897 -6.3539317844 -107.769089072
-6.26764961501 -6.3616547787 -107.772728637
-6.31488916664 -6.37312043087 -107.77590567
-6.34557729142 -6.39646676246 -107.777733608
-6.35775288128 -6.44617572343 -107.777858559

/group/anterior_tibial_left/69
69
posId 69-6.23372264786 -6.64264064397 -108.978305494
-6.24539535462 -6.56555491583 -108.989547978
-6.23757987789 -6.49717889456 -108.996659191
-6.21398760294 -6.44741375895 -108.999015599
-6.17952550079 -6.41780146998 -108.997201754
-6.13822501582 -6.40432183016 -108.992342929
-6.09343326041 -6.40226362708 -108.98554094
-6.04870964847 -6.40905713403 -108.977669773
-6.00752859351 -6.42386466532 -108.96937872
-5.97186314243 -6.44593544907 -108.961070061
-5.94156807688 -6.47415274912 -108.95285717
-5.91594166024 -6.50794369899 -108.944699438
-5.89635157281 -6.54766332883 -108.936768913
-5.88709735002 -6.59311641276 -108.929766433
-5.89289967199 -6.64139216016 -108.924790453
-5.91470307753 -6.68667898061 -108.922698716
-5.94762679288 -6.72317388664 -108.923430641
-5.9834819534 -6.74888816045 -108.9259394
-6.01626401609 -6.76655101793 -108.928946528
-6.04608468335 -6.78001191866 -108.931999981
-6.07803240345 -6.78884611978 -108.935952826
-6.11672469501 -6.78617334624 -108.942371548
-6.16104260806 -6.76245166566 -108.952244068

/group/anterior_tibial_left/72
72
posId 72-6.08046741843 -6.80903918369 -109.557686689
-6.03263373457 -6.85802780621 -109.542366224
-5.97983577003 -6.88552626506 -109.525846851
-5.93019912652 -6.89079456464 -109.510619511
-5.88723228627 -6.88070445868 -109.497653913
-5.84926776379 -6.86459897891 -109.486303618
-5.81239994794 -6.84822532896 -109.475292001
-5.77467768419 -6.83086845828 -109.464034064
-5.73850096173 -6.80737536984 -109.453338153
-5.70957953081 -6.77322583761 -109.445013486
-5.69336414589 -6.72875953727 -109.440718712
-5.69166377174 -6.67954043523 -109.440924071
-5.70191064592 -6.63287028012 -109.444738388
-5.71947368905 -6.59332582106 -109.450680838
-5.74113337583 -6.56075975319 -109.457770944
-5.76703558364 -6.53213253089 -109.466097961
-5.79969947101 -6.50549578129 -109.476459445
-5.84096553635 -6.48279765756 -109.489388474
-5.88935162308 -6.46918241607 -109.504356965
-5.93993299385 -6.46930223871 -109.519793355
-5.98686598427 -6.48360926621 -109.53390742
-6.02658604864 -6.50771011494 -109.545675866
-6.05915578997 -6.53550833864 -109.555207519
-6.08666625213 -6.56382703126 -109.563187348
-6.10992443954 -6.59486021608 -109.569829375
-6.12609490397 -6.63426833963 -109.574184877
-6.12936055444 -6.68599291672 -109.574420391

/group/anterior_tibial_left/75
75
posId 75-5.40553858095 -6.79515143159 -110.99534397
-5.34288484896 -6.76664223986 -110.973475195
-5.30500465047 -6.72809178184 -110.959700394
-5.29378288268 -6.68026483601 -110.954675065
-5.29941460086 -6.62543109088 -110.955151524
-5.30889300892 -6.56843960979 -110.956869236
-5.31602132732 -6.51591986076 -110.957910442
-5.32523914759 -6.47375910094 -110.959925084
-5.34667304652 -6.44454704638 -110.966395396
-5.38684040076 -6.42692472452 -110.979484007
-5.44261214895 -6.41742610853 -110.998045756
-5.50294780748 -6.41350006927 -111.018291206
-5.55637605497 -6.41548562709 -111.03636062
-5.59776343045 -6.42614048281 -111.050594365
-5.62913335784 -6.44822527317 -111.061746442
-5.65478388328 -6.48208784275 -111.07127533
-5.67576450113 -6.52504205658 -111.079465257
-5.68878853814 -6.57279143573 -111.085096363
-5.69012245835 -6.62153421516 -111.086810923
-5.68017846532 -6.6690196728 -111.084689548
-5.66387066401 -6.71391739499 -111.080354929
-5.64589847346 -6.75438846395 -111.075344162
-5.62524173839 -6.78737436282 -111.069233857
-5.59450465237 -6.80935528862 -111.059438557
-5.54582278848 -6.81792293449 -111.043243612

/group/anterior_tibial_left/78
78
posId 78-5.08439528991 -6.6131524855 -112.336088279
-5.06008621174 -6.54980129848 -112.330104508
-5.02974997098 -6.50041908861 -112.318816167
-4.99489905099 -6.46699397617 -112.302847084
-4.95709036866 -6.4475884382 -112.283352383
-4.91793223344 -6.43830133405 -112.261769906
-4.87896058814 -6.43570339954 -112.239434646
-4.84148295946 -6.43848431853 -112.217275898
-4.80652660655 -6.4476086974 -112.19576702
-4.77494788589 -6.46515448912 -112.175138607
-4.74762627883 -6.49267608336 -112.155702116
-4.72558348243 -6.5300407441 -112.138068957
-4.70990481926 -6.5752465036 -112.123128225
-4.70147907709 -6.62508374616 -112.111810181
-4.70071785509 -6.67607479112 -112.104802022
-4.70745811372 -6.7251430475 -112.102405032
-4.72114830781 -6.76982945493 -112.104614998
-4.7412263661 -6.8082669729 -112.111345352
-4.76744241329 -6.83924133914 -112.122607086
-4.79987301803 -6.8624428297 -112.138484618
-4.83853885635 -6.87866030931 -112.158888405
-4.88278420478 -6.88950905624 -112.183229038
-4.93075464549 -6.89650475222 -112.210232652
-4.97930195879 -6.8997920367 -112.238049309
-5.02444441901 -6.89726160645 -112.264634428
-5.06222626329 -6.88479314136 -112.288217459
-5.08961424064 -6.85784244779 -112.307619051
-5.10505827423 -6.8138047652 -112.322272904
-5.10852792882 -6.75400660551 -112.331990517

/group/anterior_tibial_left/81
81
posId 81-4.65501976628 -6.66124785202 -113.366292263
-4.63595755842 -6.5990967279 -113.356697427
-4.60766135868 -6.54782686139 -113.345203314
-4.57234406796 -6.51397061888 -113.332877995
-4.53102634577 -6.49745034125 -113.320006849
-4.48393265665 -6.49261601899 -113.306274901
-4.43184171586 -6.49277106988 -113.291454794
-4.37741918747 -6.49505283021 -113.276113488
-4.32548443224 -6.50224543662 -113.261809774
-4.28183033644 -6.52028184707 -113.250590764
-4.25118221775 -6.55327600398 -113.24407765
-4.23548187881 -6.59967943985 -113.242719434
-4.23349997955 -6.6523136411 -113.245684738
-4.24194355964 -6.70222394276 -113.251435559
-4.2573137293 -6.7435895349 -113.258585414
-4.27739185901 -6.77626499106 -113.2664929
-4.30160506439 -6.80434541126 -113.275269524
-4.33032858801 -6.83204542953 -113.285304744
-4.36383205571 -6.8600135491 -113.296718813
-4.40163968904 -6.88466971696 -113.309136201
-4.44258433626 -6.90075071105 -113.321871674
-4.48522917757 -6.90484808386 -113.334287598
-4.52809465782 -6.89713810201 -113.345974558
-4.56941880879 -6.88011272177 -113.356598021
-4.60671724333 -6.85561179998 -113.365574048
-4.63671529109 -6.82285314316 -113.371917876
-4.65601143269 -6.77935007202 -113.374494326

/group/anterior_tibial_left/84
84
posId 84-4.30317159536 -6.76408358527 -114.485967176
-4.34028313322 -6.71044816939 -114.498260456
-4.35685716262 -6.65870802596 -114.505057774
-4.35751622623 -6.61670215749 -114.507207321
-4.34818750992 -6.58286588103 -114.506343124
-4.33211902232 -6.54989634273 -114.503663808
-4.30943938635 -6.51270055614 -114.499442821
-4.27971590736 -6.47381441659 -114.493446955
-4.24449846602 -6.44181736787 -114.485680646
-4.20727721986 -6.42437095292 -114.476702314
-4.17103200167 -6.42210471247 -114.467266831
-4.1359928483 -6.42872267328 -114.457730932
-4.10010408065 -6.43719360057 -114.447884192
-4.06210600319 -6.44652585558 -114.437441627
-4.02449885095 -6.46307243498 -114.426762602
-3.99343544456 -6.49504445732 -114.417080672
-3.97515303486 -6.54482632281 -114.409925719
-3.97171564142 -6.60565168233 -114.406159428
-3.97975151849 -6.66550450698 -114.405459397
-3.99355504582 -6.71494458374 -114.406767621
-4.01021375917 -6.75225241963 -114.40939824
-4.03247717961 -6.78169910764 -114.413874185
-4.06668559197 -6.8067750232 -114.421700437
-4.11704001216 -6.8246200644 -114.434117519
-4.18058953588 -6.82684517851 -114.4507432

/group/anterior_tibial_left/87
87
posId 87-4.17872650228 -6.84657927402 -115.347293496
-4.21176632037 -6.78323039981 -115.353057071
-4.22796673729 -6.7239098485 -115.358073763
-4.22833047442 -6.67568621 -115.361821489
-4.21717953032 -6.6378488219 -115.364466884
-4.19936100774 -6.60437450613 -115.366601969
-4.17762571541 -6.56943707499 -115.368749389
-4.15173544557 -6.53222595953 -115.370965832
-4.11968380609 -6.49795250452 -115.372795529
-4.08005534086 -6.47455380089 -115.373586657
-4.03387929939 -6.46748101834 -115.372943201
-3.98476520853 -6.4761758577 -115.371001598
-3.93731497758 -6.49461693871 -115.3683474
-3.89496576766 -6.51551137918 -115.365634667
-3.85875711353 -6.53521829278 -115.363172471
-3.82782755398 -6.55599583827 -115.360763525
-3.80121792232 -6.58399079375 -115.357906572
-3.77963748321 -6.62430475407 -115.354224436
-3.76586777368 -6.67650356452 -115.34982256
-3.76342789144 -6.7337011985 -115.34532558
-3.77435803355 -6.78597873938 -115.341555073
-3.79764749573 -6.82596569805 -115.33905632
-3.82946319324 -6.85288448554 -115.337790674
-3.86514909533 -6.87229190045 -115.337207202
-3.90174989058 -6.89156534342 -115.336657727
-3.9393894345 -6.91403325864 -115.335887423
-3.98051916908 -6.93564281048 -115.335273738
-4.02742399455 -6.94650064844 -115.335642582
-4.07954491426 -6.93649707612 -115.337763241

/group/anterior_tibial_left/90
90
posId 90-3.95073028168 -7.01405707154 -116.252899417
-3.89747176454 -6.98019814315 -116.261444938
-3.8558053858 -6.94429048297 -116.26933389
-3.82851629247 -6.90668211271 -116.27630116
-3.81440827374 -6.86572291314 -116.282652358
-3.80945717781 -6.81949086634 -116.288951868
-3.80927894144 -6.76775895273 -116.295576007
-3.81165041516 -6.71311928138 -116.302369693
-3.81778610388 -6.66061653311 -116.308592127
-3.83170370584 -6.61602314764 -116.313187453
-3.8579864031 -6.58360663968 -116.315247305
-3.89907171561 -6.56451904695 -116.314431377
-3.95344458397 -6.55663156935 -116.311131702
-4.01565995424 -6.55590124535 -116.306296231
-4.07820044114 -6.55857235152 -116.301000388
-4.13425889305 -6.56309004919 -116.295982113
-4.18008994723 -6.57075828971 -116.291371508
-4.21582013113 -6.5848275528 -116.286743221
-4.24440712103 -6.60851080645 -116.281452404
-4.2693762517 -6.64297608887 -116.275070531
-4.29255295992 -6.68636678015 -116.267690216
-4.31295687315 -6.73435685269 -116.259941882
-4.32736839911 -6.78194354889 -116.252719815
-4.33217627024 -6.82553467023 -116.246769095
-4.32544302424 -6.8642383191 -116.242357172
-4.30803556884 -6.89968625071 -116.239206873
-4.28319956639 -6.93449545086 -116.236726687
-4.2548194625 -6.97019095727 -116.234414023
-4.22533579138 -7.00570023782 -116.232212579
-4.19449488744 -7.03723515503 -116.23062648
-4.15967054349 -7.05965526787 -116.230520594
-4.11765054729 -7.06863321026 -116.232702324
-4.06697289297 -7.06252288304 -116.237497822

/group/anterior_tibial_left/93
93
posId 93-4.11253632865 -7.10383590064 -117.221609744
-4.06209637519 -7.06744512615 -117.238181833
-4.02371582972 -7.02862228687 -117.250742287
-3.9988729546 -6.98803746594 -117.258803658
-3.98580270904 -6.94484198358 -117.262947741
-3.98078518284 -6.89786105901 -117.264403425
-3.98021763984 -6.84700136167 -117.264365537
-3.98250039054 -6.79416390052 -117.263373243
-3.98885392738 -6.74318605656 -117.261038698
-4.00268200721 -6.69879660781 -117.256253703
-4.02777295768 -6.66503813854 -117.247779422
-4.06617538068 -6.64387102182 -117.234944932
-4.11674218298 -6.63459959165 -117.218127698
-4.17503501705 -6.63438763252 -117.198787568
-4.234659409 -6.63963084137 -117.179029942
-4.28944683295 -6.64756147531 -117.160888975
-4.33551579149 -6.65735805378 -117.145648738
-4.37230567048 -6.67026819084 -117.133500767
-4.40215358553 -6.68871505978 -117.12368048
-4.42865253438 -6.71483120359 -117.115005348
-4.45457849548 -6.74912620722 -117.106556682
-4.4803517588 -6.78992474073 -117.098187597
-4.50372574054 -6.83384234825 -117.090628366
-4.52080698596 -6.87707203468 -117.085153749
-4.52788227638 -6.91686786383 -117.08298343
-4.52315754524 -6.95251475965 -117.084709426
-4.50757077853 -6.98531293291 -117.090026335
-4.48429642981 -7.0175694342 -117.097891262
-4.45719376254 -7.0510609834 -117.10703176
-4.42896346038 -7.08568992299 -117.116551421
-4.39992205428 -7.11897685387 -117.126334204
-4.36801220525 -7.146654009 -117.137043673
-4.33007562756 -7.1641183065 -117.149707148
-4.2838040843 -7.16810690744 -117.165075898
-4.22944310637 -7.15785512388 -117.183065065

/group/anterior_tibial_left/96
96
posId 96-4.73804253901 -6.89243703805 -117.979704271
-4.71149020832 -6.96043500407 -118.005381547
-4.67339154624 -6.985189735 -118.031923155
-4.62974634849 -6.97579503364 -118.056987445
-4.58834894471 -6.95715241545 -118.079384037
-4.55410075269 -6.94078011006 -118.097778507
-4.5275016627 -6.91673817163 -118.110462255
-4.50776412012 -6.87290515456 -118.116196595
-4.49616769128 -6.81391162634 -118.114862871
-4.4954005057 -6.75635986977 -118.107184387
-4.5063184289 -6.71038838627 -118.094077973
-4.52690152335 -6.67368900019 -118.076438581
-4.55474434974 -6.64328025872 -118.055299029
-4.58921030624 -6.62473667075 -118.03183297
-4.62980797777 -6.62459285132 -118.007262094
-4.6728421283 -6.63883094123 -117.983252564
-4.71121684383 -6.6576420381 -117.962707712
-4.7383185956 -6.68211172201 -117.949780507
-4.75150075294 -6.72751423246 -117.948232441

/group/anterior_tibial_left/99
99
posId 99-4.88710769425 -6.92754340339 -118.354807395
-4.8446978713 -6.94960680079 -118.412699967
-4.81421412203 -6.94128204193 -118.45597538
-4.79593368768 -6.90943924441 -118.483772888
-4.78445914775 -6.86866918185 -118.502650209
-4.77510631278 -6.82946902419 -118.518447406
-4.76776816673 -6.79240568646 -118.531275413
-4.76545028757 -6.75242988221 -118.537271056
-4.77017705812 -6.7076238476 -118.533730352
-4.78107357473 -6.66314913716 -118.521524005
-4.79635374415 -6.62698062158 -118.502605722
-4.81629336918 -6.60276557487 -118.476338366
-4.84311604964 -6.58780292375 -118.439792739
-4.87730133343 -6.57822241493 -118.392563177
-4.91425297053 -6.575391922 -118.340994265
-4.94560771076 -6.5859868238 -118.296342637
-4.96497423128 -6.61485103079 -118.267228493
-4.97298952172 -6.65786240922 -118.253042937
-4.97647193572 -6.7028763748 -118.245069547
-4.98173452924 -6.73907052211 -118.235208832
-4.98789643563 -6.76619103508 -118.224712204
-4.98656200271 -6.79437163617 -118.224643899
-4.96866967751 -6.83374477569 -118.247001065

