/group/femoral_left/0
0
posId 0-8.15507511394 -3.186705701 -63.0436969542
-8.17070054899 -3.21737376816 -62.9949631826
-8.1831486042 -3.24076757443 -62.9457526347
-8.19208887951 -3.25637784736 -62.8984887017
-8.19748822021 -3.26427487731 -62.8546292688
-8.19957583809 -3.26501498023 -62.814524536
-8.19876053925 -3.25946584246 -62.7775531169
-8.19552168033 -3.24859553341 -62.7424924823
-8.19030118831 -3.23327687474 -62.7080188599
-8.18342247471 -3.21415228063 -62.6732001565
-8.1750539141 -3.191586238 -62.6378516248
-8.16522210365 -3.1657084196 -62.6026655008
-8.15386685645 -3.13652671421 -62.5690904673
-8.14091941809 -3.1040725808 -62.5390060366
-8.12638046963 -3.06853536081 -62.5142913097
-8.11037619998 -3.03034855466 -62.4964121758
-8.09317831904 -2.99020720065 -62.4861397472
-8.07518493613 -2.94901634975 -62.4834699575
-8.05687045572 -2.90779004509 -62.4877530053
-8.03872082752 -2.86753269876 -62.4979799693
-8.02117341686 -2.82913706097 -62.5131303027
-8.00457783518 -2.79332496597 -62.5324703474
-7.98918643456 -2.76064164141 -62.5557127204
-7.97517332998 -2.73149661717 -62.582992744
-7.96267185614 -2.70622974162 -62.6146765758
-7.95181502193 -2.68517393565 -62.6510684686
-7.94276335768 -2.66868904149 -62.6921157203
-7.93570948826 -2.65715237689 -62.7372100789
-7.93085715863 -2.65090763578 -62.7851537712
-7.92838156342 -2.65018934053 -62.8343063783
-7.92838474113 -2.65505003079 -62.882871414
-7.9308622191 -2.66531837816 -62.9292363107
-7.93569415723 -2.68060784404 -62.9722606045
-7.94266673226 -2.70037977817 -63.0114206476
-7.95151968012 -2.7240467481 -63.046761574
-7.96200681243 -2.75108707712 -63.0786661495
-7.97395086454 -2.78113493167 -63.1075079685
-7.98727411612 -2.8140144062 -63.1332956476
-8.00199213039 -2.84970029947 -63.1554228255
-8.01816820711 -2.88820896476 -63.1726125499
-8.03583789168 -2.92944394974 -63.1830907443
-8.05492271875 -2.97303687078 -63.1849569936
-8.075157305 -3.01822920657 -63.1766609759
-8.09605226504 -3.0638333935 -63.1574571394
-8.11690736246 -3.10829321637 -63.1277096939

/group/femoral_left/3
3
posId 3-8.2558169945 -3.21998168086 -63.0126394534
-8.24279701225 -3.19278631152 -63.0649468286
-8.22732724573 -3.15892408877 -63.1084489702
-8.20995997633 -3.11960207578 -63.1415706639
-8.19131168497 -3.07629042693 -63.1640307531
-8.17199157811 -3.03054120495 -63.1767455778
-8.15254273671 -2.98381573627 -63.1814672117
-8.13340754442 -2.93735684985 -63.1802540172
-8.11492171195 -2.89212807514 -63.1749132976
-8.09733319585 -2.84882281251 -63.1665601867
-8.08083591359 -2.80792813081 -63.1554024998
-8.0656051296 -2.7698152543 -63.1407979857
-8.05182243751 -2.73482516567 -63.1215560664
-8.03968287693 -2.70332354347 -63.0963913672
-8.02938334293 -2.67571216663 -63.0643987655
-8.02109796184 -2.65239964971 -63.0254190365
-8.01495049308 -2.63374794456 -62.9801996237
-8.01099474267 -2.62001832296 -62.9303156412
-8.00921119908 -2.61133947583 -62.8778841244
-8.0095225358 -2.6077115193 -62.8251603616
-8.01182405073 -2.60904611784 -62.77413339
-8.01601963409 -2.61522912735 -62.7262312896
-8.02205126298 -2.62618271376 -62.6822088516
-8.02991122768 -2.64190204944 -62.6422327137
-8.03963105883 -2.66244829955 -62.6061197259
-8.05124809468 -2.68789288006 -62.5736407894
-8.06475773804 -2.71822393682 -62.5447872814
-8.08006452941 -2.75323971328 -62.5199142365
-8.09694657989 -2.79246050539 -62.4997177509
-8.11504508152 -2.83508868693 -62.4850597847
-8.13388420681 -2.88003497889 -62.4767041909
-8.15291846172 -2.92601163274 -62.4750575984
-8.1715967996 -2.97167436909 -62.4800083436
-8.18942779024 -3.01578021367 -62.4909259097
-8.20602938954 -3.05732225534 -62.5068315699
-8.22115069909 -3.09560693422 -62.5266940191
-8.23466056679 -3.13025386038 -62.5497594597
-8.24650693133 -3.16111864011 -62.5758081172
-8.25665894419 -3.18816019097 -62.6052448811
-8.26504882226 -3.21128971663 -62.6389771398
-8.27153067643 -3.23024440809 -62.6780952968
-8.27586909339 -3.24452321164 -62.7234327897
-8.2777622149 -3.2534060261 -62.7751243504
-8.27689465459 -3.25605568349 -62.8322905605
-8.27300739621 -3.25167994306 -62.8929494733

/group/femoral_left/6
6
posId 6-8.49342367279 -3.37804909893 -62.4008581358
-8.48281878061 -3.34674001995 -62.3635667639
-8.47171104808 -3.31405089579 -62.3272353522
-8.46017468701 -3.28020094573 -62.2921280452
-8.44828362004 -3.24540845136 -62.2585057789
-8.43611045038 -3.20988760254 -62.2266197233
-8.42372544093 -3.17384538805 -62.1967052033
-8.41119552112 -3.13747859096 -62.1689763143
-8.39858334178 -3.10097095315 -62.1436214171
-8.3859463998 -3.06449057536 -62.1207996533
-8.37333625497 -3.02818761994 -62.100638582
-8.36079786149 -2.99219238183 -62.0832329877
-8.34836903619 -2.95661378926 -62.0686448601
-8.33608008352 -2.92153838956 -62.0569045005
-8.32395359513 -2.88702986636 -62.0480126606
-8.31200443833 -2.85312912351 -62.0419435819
-8.30023994351 -2.81985495757 -62.0386487659
-8.28866029557 -2.78720532578 -62.038061282
-8.27725912878 -2.75515919945 -62.0401003996
-8.2660243183 -2.72367897568 -62.0446763233
-8.25493895536 -2.69271340192 -62.0516948104
-8.24398248663 -2.66220095066 -62.0610614634
-8.2331319921 -2.63207356456 -62.0726855045
-8.22236356993 -2.60226067727 -62.0864828739
-8.211653792 -2.57269340225 -62.1023785211
-8.20098118919 -2.5433087715 -62.1203078049
-8.19032772301 -2.51405389955 -62.1402169553
-8.17968019773 -2.4848899444 -62.1620625999
-8.16903156755 -2.45579573824 -62.1858103995
-8.15838209393 -2.42677096539 -62.2114328797
-8.14774031129 -2.39783877419 -62.2389065851
-8.13712376323 -2.36904772245 -62.2682087132
-8.12655947723 -2.34047297327 -62.2993134102
-8.11608415279 -2.31221667772 -62.3321879285
-8.10574404569 -2.28440750431 -62.3667888531
-8.09559454036 -2.25719929999 -62.4030586005
-8.08569941155 -2.23076889356 -62.4409223861
-8.07612978647 -2.20531307981 -62.4802858321
-8.06696282814 -2.18104484827 -62.5210333638
-8.05828017034 -2.1581889464 -62.5630275044
-8.05016614292 -2.1369768894 -62.6061091394
-8.04270583419 -2.11764154899 -62.6500987801
-8.03598304319 -2.10041146979 -62.6947988055
-8.03007817987 -2.08550507363 -62.7399966225
-8.02506617384 -2.07312491934 -62.7854686362
-8.02101445381 -2.06345218729 -62.8309848875
-8.01798105916 -2.05664155479 -62.8763141793
-8.01601294204 -2.05281661934 -62.9212294885
-8.01514451399 -2.05206601336 -62.9655134428
-8.01539648447 -2.05444033518 -63.0089636351
-8.01677503073 -2.05994999858 -63.051397547
-8.0192713288 -2.06856407682 -63.0926568684
-8.02286146511 -2.08021018845 -63.132611018
-8.0275067368 -2.09477544149 -63.171159701
-8.03315433726 -2.11210842109 -63.2082343758
-8.03973841162 -2.13202217485 -63.2437985472
-8.04718145597 -2.15429811998 -63.2778468464
-8.05539602313 -2.17869076852 -63.3104029128
-8.06428668895 -2.20493314272 -63.3415161387
-8.07375222447 -2.23274273159 -63.3712573872
-8.08368791355 -2.26182782359 -63.399713839
-8.09398795073 -2.29189403944 -63.4269831593
-8.10454785179 -2.32265088347 -63.4531672113
-8.11526680922 -2.3538181316 -63.4783655607
-8.12604992652 -2.38513188 -63.5026690332
-8.13681026911 -2.41635008887 -63.5261535836
-8.14747067532 -2.44725747217 -63.5488747324
-8.15796527849 -2.47766960377 -63.5708628043
-8.16824069994 -2.5074361351 -63.592119173
-8.17825688281 -2.53644304579 -63.6126136842
-8.18798754745 -2.56461387807 -63.6322833812
-8.19742026063 -2.59190993551 -63.6510326062
-8.20655612182 -2.61832945682 -63.6687345027
-8.2154090816 -2.64390580494 -63.685233882
-8.22400491692 -2.6687047388 -63.7003513695
-8.23237989833 -2.69282086025 -63.7138886888
-8.24057919188 -2.71637335037 -63.7256349018
-8.24865504561 -2.73950112654 -63.7353733757
-8.25666481557 -2.76235756549 -63.7428892247
-8.26466888953 -2.7851049456 -63.7479769461
-8.27272856804 -2.8079087656 -63.7504479642
-8.28090396234 -2.83093209583 -63.7501377933
-8.28925196586 -2.85433011219 -63.7469125445
-8.29782435294 -2.8782449532 -63.7406745231
-8.30666605231 -2.90280102661 -63.7313666944
-8.31581363692 -2.92810087498 -63.7189758407
-8.32529406352 -2.95422169022 -63.7035342767
-8.33512368757 -2.98121254546 -63.6851200474
-8.34530757002 -3.00909239043 -63.6638555886
-8.35583908363 -3.03784883365 -63.6399048887
-8.36669981812 -3.06743771263 -63.6134692471
-8.37785977496 -3.09778343212 -63.5847817778
-8.38927783514 -3.12878003117 -63.5541008552
-8.40090247689 -3.16029292281 -63.5217027404
-8.41267271453 -3.19216123593 -63.4878736547
-8.42451922564 -3.22420067738 -63.4529015914
-8.43636563044 -3.25620682473 -63.4170681654
-8.44812988582 -3.28795875474 -63.3806407989
-8.45972575582 -3.31922291104 -63.3438655284
-8.47106432118 -3.3497571159 -63.3069606935
-8.48205549248 -3.37931463432 -63.2701117375
-8.49260949392 -3.40764820532 -63.2334673018
-8.50263828852 -3.43451396279 -63.1971367518
-8.51205691943 -3.45967517793 -63.1611892138
-8.52078474648 -3.4829057652 -63.1256541471
-8.52874656159 -3.5039935047 -63.0905234161
-8.53587357138 -3.52274294396 -63.0557547708
-8.54210423939 -3.53897795278 -63.0212765919
-8.5473849843 -3.55254391353 -62.9869937094
-8.55167073423 -3.563309538 -62.9527940641
-8.55492533969 -3.5711683085 -62.9185559511
-8.55712185041 -3.5760395469 -62.8841555659
-8.55824266261 -3.57786911902 -62.8494745625
-8.55827954438 -3.57662978528 -62.8144073368
-8.55723354743 -3.57232120992 -62.7788677619
-8.55511481312 -3.56496964185 -62.7427951251
-8.55194228052 -3.55462728078 -62.7061590498
-8.54774330359 -3.54137134135 -62.6689632281
-8.5425531835 -3.525302828 -62.6312478347
-8.53641462166 -3.50654503289 -62.5930905492
-8.52937709809 -3.48524176943 -62.5546061644
-8.5214961795 -3.46155535474 -62.5159448142
-8.51283276111 -3.4356643561 -62.4772889093

/group/femoral_left/9
9
posId 9-8.40306134976 -2.59533805727 -62.1985840433
-8.41195476654 -2.64429745143 -62.1730546102
-8.42075560283 -2.69247766025 -62.149552422
-8.42935951696 -2.73932871463 -62.1282172372
-8.43767757245 -2.7843786501 -62.1091890523
-8.44563928834 -2.8272494166 -62.0926051168
-8.45319491273 -2.86766890636 -62.0785965967
-8.4603168153 -2.90547855491 -62.0672850022
-8.4669999337 -2.9406361645 -62.0587785141
-8.47326125063 -2.97321381028 -62.0531683551
-8.47913832182 -3.00339090822 -62.0505253587
-8.4846869176 -3.03144273909 -62.0508968862
-8.4899778806 -3.05772492612 -62.0543042374
-8.49509333732 -3.08265454419 -62.060740684
-8.50012243054 -3.10668868922 -62.0701702347
-8.50515676069 -3.13030144906 -62.082527216
-8.51028573767 -3.15396028731 -62.0977167218
-8.5155920481 -3.17810287631 -62.1156159496
-8.52114743753 -3.20311539244 -62.1360764086
-8.52700899262 -3.22931321907 -62.158926945
-8.53321608531 -3.25692489091 -62.1839775011
-8.53978811074 -3.2860799656 -62.2110234854
-8.54672311441 -3.31680132909 -62.2398506113
-8.55399736405 -3.34900224043 -62.2702400339
-8.56156587858 -3.38248820795 -62.3019736032
-8.56936388388 -3.41696357174 -62.3348390409
-8.57730912342 -3.452042458 -62.3686348511
-8.5853049143 -3.48726357799 -62.4031747794
-8.59324380628 -3.52210817706 -62.4382916539
-8.60101167605 -3.55602030499 -62.4738404606
-8.60849207077 -3.58842848432 -62.5097005385
-8.61557060593 -3.61876780117 -62.545776809
-8.6221392223 -3.64650143706 -62.5819999965
-8.62810011577 -3.67114069887 -62.6183258312
-8.63336917109 -3.69226268598 -62.6547332715
-8.63787875563 -3.70952485442 -62.6912218157
-8.64157976055 -3.72267589112 -62.7278080133
-8.6444428131 -3.73156249034 -62.764521315
-8.64645862312 -3.73613181966 -62.8013994274
-8.64763746722 -3.73642966525 -62.8384833562
-8.64800785414 -3.73259444682 -62.8758123349
-8.64761445202 -3.72484748061 -62.913418836
-8.64651539129 -3.71348003652 -62.9513238617
-8.64477908385 -3.698837875 -62.989532693
-8.64248071953 -3.68130405358 -63.0280312599
-8.63969861264 -3.66128085837 -63.0667832694
-8.63651057517 -3.63917173919 -63.1057281924
-8.63299048848 -3.61536410745 -63.1447801809
-8.62920523195 -3.59021379593 -63.1838279454
-8.62521210679 -3.56403188093 -63.2227355857
-8.62105686627 -3.53707443703 -63.2613443317
-8.61677243152 -3.50953563823 -63.2994751154
-8.61237833707 -3.48154444487 -63.3369318647
-8.60788091305 -3.45316493286 -63.3735053852
-8.60327417444 -3.42440013814 -63.4089776759
-8.59854135295 -3.39519911579 -63.4431265124
-8.59365697607 -3.36546675615 -63.475730128
-8.58858937202 -3.3350757695 -63.5065718209
-8.58330345977 -3.30388015075 -63.5354443307
-8.57776367146 -3.27172937202 -63.5621538374
-8.57193684994 -3.23848252609 -63.5865234604
-8.56579496824 -3.20402165896 -63.6083961598
-8.55931752898 -3.16826358338 -63.6276369699
-8.55249352052 -3.13116955486 -63.6441345262
-8.54532283126 -3.09275231208 -63.6578018775
-8.53781705302 -3.05308012863 -63.6685766045
-8.52999963725 -3.012277685 -63.6764202939
-8.52190540239 -2.97052374073 -63.6813174392
-8.51357942465 -2.92804575719 -63.6832738611
-8.50507537731 -2.88511178356 -63.6823147525
-8.49645341216 -2.8420200636 -63.6784824627
-8.48777770077 -2.79908694119 -63.6718341363
-8.47911377099 -2.75663373293 -63.6624393219
-8.47052578435 -2.71497329079 -63.6503776536
-8.4620739035 -2.67439699493 -63.6357366988
-8.45381189357 -2.63516289488 -63.6186100456
-8.44578508911 -2.5974856579 -63.5990956867
-8.4380288392 -2.56152888872 -63.5772947319
-8.43056751776 -2.52740026087 -63.553310462
-8.42341415664 -2.49514975148 -63.5272477152
-8.41657072558 -2.46477110734 -63.4992125778
-8.41002904925 -2.43620649774 -63.4693123338
-8.40377231666 -2.40935413823 -63.4376556169
-8.39777710685 -2.38407850817 -63.4043526982
-8.39201582555 -2.36022264073 -63.3695158397
-8.38645942474 -2.33762184639 -63.3332596441
-8.38108025983 -2.31611814406 -63.2957013363
-8.3758549296 -2.29557462396 -63.2569609206
-8.37076694239 -2.27588895554 -63.2171611714
-8.36580905802 -2.25700528289 -63.1764274289
-8.36098516925 -2.23892381874 -63.1348871891
-8.35631160751 -2.22170755253 -63.0926694931
-8.3518177851 -2.20548562413 -63.0499041403
-8.34754611815 -2.19045307524 -63.0067207629
-8.34355121028 -2.17686686874 -62.9632478135
-8.33989831381 -2.16503825233 -62.9196115261
-8.33666112239 -2.15532172867 -62.8759349193
-8.33391898351 -2.14810107016 -62.8323369079
-8.33175365047 -2.14377297383 -62.7889315894
-8.33024571882 -2.14272908238 -62.7458277638
-8.32947091144 -2.14533719506 -62.7031287327
-8.32949638711 -2.15192255096 -62.6609324087
-8.33037725096 -2.16275008419 -62.619331751
-8.3321534387 -2.17800852469 -62.5784155192
-8.33484713306 -2.19779714954 -62.5382693214
-8.33846084841 -2.2221158818 -62.4989769091
-8.34297629102 -2.25085929023 -62.4606216574
-8.34835406794 -2.2838148723 -62.4232881474
-8.35453427912 -2.32066580976 -62.3870637619
-8.36143798703 -2.36099818284 -62.3520401934
-8.3689695171 -2.40431242237 -62.3183147617
-8.37701950324 -2.45003858094 -62.2859914421
-8.38546855718 -2.49755482236 -62.2551815123

/group/femoral_left/12
12
posId 12-8.57128622849 -2.94902550793 -62.1175982721
-8.57301371138 -2.90135210889 -62.1100866688
-8.57482836844 -2.85287720871 -62.103938064
-8.57672475974 -2.8037743395 -62.0992015291
-8.57869721297 -2.75423041357 -62.0959347114
-8.58073974674 -2.70444533182 -62.0942014444
-8.58284600753 -2.65463113649 -62.0940692118
-8.58500922584 -2.60501067144 -62.09560657
-8.58722219634 -2.55581573269 -62.0988806308
-8.58947728536 -2.5072847133 -62.1039546958
-8.59176646786 -2.45965976889 -62.1108861256
-8.59408139432 -2.41318355271 -62.1197245086
-8.5964134866 -2.36809559071 -62.1305101799
-8.59875406007 -2.3246283871 -62.1432731213
-8.601094468 -2.28300336804 -62.1580322562
-8.60342626279 -2.24342678493 -62.1747951311
-8.6057413676 -2.20608570849 -62.1935579628
-8.60803225097 -2.17114424968 -62.2143060083
-8.6102920967 -2.13874014359 -62.2370142073
-8.61251496083 -2.10898182704 -62.2616480315
-8.61469590802 -2.0819461302 -62.2881644699
-8.61683111975 -2.05767668722 -62.3165130773
-8.61891796813 -2.03618315054 -62.3466370098
-8.62095504969 -2.01744127025 -62.3784739785
-8.62294217553 -2.00139387222 -62.4119570585
-8.62488031545 -1.98795273994 -62.4470153005
-8.62677149562 -1.97700137445 -62.4835741073
-8.62861865134 -1.96839857598 -62.5215553503
-8.63042543815 -1.96198276178 -62.5608772192
-8.63219600654 -1.95757690686 -62.6014538151
-8.63393474707 -1.95499397032 -62.6431945128
-8.63564601416 -1.95404264977 -62.6860031345
-8.63733383824 -1.95453329108 -62.7297769914
-8.63900163641 -1.95628377122 -62.7744058591
-8.64065193247 -1.95912516832 -62.8197709638
-8.64228609743 -1.96290703585 -62.865744059
-8.64390412068 -1.967502107 -62.9121866737
-8.64550442199 -1.9728102702 -62.9589496114
-8.64708371269 -1.97876167816 -63.0058727714
-8.64863691342 -1.98531887817 -63.0527853534
-8.65015713357 -1.99247788191 -63.0995064928
-8.65163571576 -2.00026812633 -63.1458463585
-8.65306234642 -2.00875131264 -63.1916077241
-8.65442523104 -2.01801914691 -63.2365880052
-8.65571133054 -2.0281900418 -63.2805817333
-8.65690665283 -2.03940487355 -63.3233834166
-8.65799659137 -2.05182192009 -63.3647907188
-8.65896630105 -2.06561113367 -63.4046078689
-8.65980109984 -2.08094792481 -63.4426492003
-8.66048688349 -2.09800665107 -63.478742706
-8.66101054009 -2.11695401541 -63.5127334901
-8.66136035073 -2.13794258282 -63.5444869912
-8.66152636268 -2.16110462105 -63.573891857
-8.66150072254 -2.18654646195 -63.6008623533
-8.66127795732 -2.21434356327 -63.6253402054
-8.66085519358 -2.24453642905 -63.647295781
-8.66023230624 -2.27712751898 -63.6667285465
-8.6594119911 -2.31207924538 -63.6836667504
-8.65839975755 -2.34931312167 -63.6981663109
-8.65720384047 -2.38871008885 -63.7103089145
-8.65583503322 -2.43011200892 -63.7201993578
-8.65430644592 -2.47332427665 -63.7279621922
-8.65263319611 -2.51811946584 -63.7337377576
-8.65083204092 -2.56424189339 -63.7376777144
-8.64892096189 -2.61141295614 -63.739940203
-8.64691871538 -2.65933707198 -63.7406847768
-8.64484436253 -2.70770803903 -63.7400672658
-8.64271679359 -2.75621561535 -63.738234734
-8.6405542615 -2.80455211693 -63.7353206958
-8.63837393948 -2.85241883381 -63.7314407496
-8.63619151666 -2.89953207303 -63.7266887779
-8.63402084412 -2.94562865187 -63.7211338467
-8.63187364271 -2.99047068554 -63.7148179171
-8.6297592812 -3.03384953918 -63.7077544545
-8.62768463166 -3.07558884307 -63.6999279969
-8.62565400586 -3.11554650281 -63.691294708
-8.62366917406 -3.15361566953 -63.6817839138
-8.62172946487 -3.18972467043 -63.6713005837
-8.61983194197 -3.22383593314 -63.6597286913
-8.61797165123 -3.25594396969 -63.6469353548
-8.61614192924 -3.28607251454 -63.632775635
-8.61433476259 -3.31427093646 -63.6170978427
-8.61254118545 -3.34061006411 -63.5997491921
-8.61075170208 -3.36517758049 -63.5805816223
-8.60895671986 -3.38807315038 -63.5594576032
-8.60714697896 -3.40940344853 -63.5362557412
-8.60531396423 -3.42927725367 -63.5108760064
-8.60345028643 -3.44780076518 -63.4832444134
-8.60155002079 -3.46507328592 -63.4533170061
-8.59960899248 -3.48118339645 -63.4210830179
-8.59762500086 -3.49620572426 -63.3865671076
-8.59559797613 -3.51019838665 -63.3498305971
-8.59353006489 -3.5232011592 -63.3109716732
-8.59142564312 -3.53523439433 -63.270124547
-8.58929125798 -3.54629868679 -63.2274575985
-8.58713550181 -3.55637525704 -63.1831705658
-8.58496882428 -3.56542699908 -63.1374908697
-8.58280329028 -3.57340011847 -63.0906691903
-8.58065229302 -3.58022626889 -63.0429744361
-8.57853023283 -3.58582508231 -62.9946882634
-8.57645217327 -3.59010697977 -62.9460993174
-8.57443348626 -3.59297614556 -62.8974973717
-8.57248949836 -3.59433354921 -62.8491675455
-8.57063514927 -3.59407990503 -62.8013847714
-8.56888467356 -3.59211846893 -62.7544086752
-8.56725131459 -3.58835758588 -62.7084790161
-8.56574707883 -3.58271291746 -62.6638118093
-8.56438253647 -3.57510929803 -62.6205962345
-8.56316667266 -3.56548218744 -62.5789924011
-8.56210679138 -3.55377870908 -62.5391300143
-8.56120847228 -3.53995828125 -62.5011079538
-8.56047557857 -3.52399286887 -62.4649947489
-8.55991031219 -3.5058668984 -62.4308299012
-8.55951331129 -3.4855768927 -62.3986259835
-8.55928378307 -3.46313089242 -62.3683714163
-8.55921966455 -3.43854773711 -62.340033805
-8.5593178028 -3.41185628158 -62.3135637072
-8.55957414604 -3.3830946214 -62.2888986866
-8.55998393687 -3.35230939611 -62.2659675072
-8.56054189942 -3.31955522948 -62.244694321
-8.56124241304 -3.28489435429 -62.2250027085
-8.56207966583 -3.24839645403 -62.2068194418
-8.56304778297 -3.21013873803 -62.1900778537
-8.56414092614 -3.17020624853 -62.1747207171
-8.56535336166 -3.1286923811 -62.1607025572
-8.56667949705 -3.0856995825 -62.1479913453
-8.568113887 -3.04134017502 -62.1365695466

/group/femoral_left/15
15
posId 15-8.8096457469 -2.56010677122 -62.4332846783
-8.81932092683 -2.51540438035 -62.4659531269
-8.82817205385 -2.47435904522 -62.5014898964
-8.83603239883 -2.43774031537 -62.5393617806
-8.84276281005 -2.40619313937 -62.5790228679
-8.84825956134 -2.38020157841 -62.6199419885
-8.85246017547 -2.36006174627 -62.6616281764
-8.85534683263 -2.34586578688 -62.703652484
-8.85694713006 -2.33749798714 -62.7456647354
-8.85733213063 -2.33464333488 -62.78740416
-8.85661181444 -2.33680802231 -62.8287032629
-8.85492821682 -2.34335061616 -62.8694847551
-8.8524466867 -2.35352191957 -62.9097518398
-8.84934582264 -2.36651098228 -62.9495726075
-8.84580672973 -2.38149431302 -62.9890596976
-8.84200228556 -2.39768513755 -63.0283467109
-8.83808710259 -2.41437954219 -63.0675630863
-8.83418882922 -2.43099654516 -63.1068092689
-8.83040134379 -2.44710953533 -63.146133982
-8.82678027247 -2.46246708263 -63.1855152878
-8.82334110916 -2.47700182044 -63.2248468701
-8.82006004559 -2.49082688214 -63.2639306259
-8.81687744162 -2.5042201903 -63.3024762319
-8.81370369295 -2.51759769396 -63.3401078816
-8.81042709582 -2.53147737555 -63.3763778982
-8.80692317721 -2.54643645578 -63.4107864587
-8.80306486274 -2.56306467237 -63.4428062383
-8.79873279938 -2.58191676775 -63.4719104313
-8.79382513971 -2.60346737405 -63.4976023557
-8.78826612984 -2.62807132711 -63.5194447097
-8.78201292199 -2.65593208491 -63.537086542
-8.77506014927 -2.68708039315 -63.5502861126
-8.76744194828 -2.72136466533 -63.5589280611
-8.75923128334 -2.75845377188 -63.563033643
-8.75053660502 -2.79785211239 -63.5627632252
-8.74149605239 -2.8389260304 -63.5584107145
-8.73226957204 -2.88093987579 -63.5503901081
-8.72302946659 -2.92309937383 -63.5392148583
-8.71394999145 -2.96459946627 -63.5254712056
-8.70519668484 -3.0046734802 -63.5097870334
-8.69691613727 -3.0426403757 -63.492798092
-8.68922688191 -3.07794693158 -63.4751136237
-8.68221201755 -3.11020204188 -63.4572834756
-8.67591406612 -3.13920079567 -63.4397687087
-8.67033242366 -3.16493666627 -63.4229175063
-8.66542359664 -3.18760090122 -63.4069478655
-8.66110423531 -3.20756903122 -63.3919381399
-8.65725679418 -3.22537525256 -63.3778260162
-8.65373747849 -3.24167622695 -63.3644159882
-8.65038598562 -3.25720653571 -63.3513948637
-8.6470364319 -3.27272857528 -63.33835434
-8.64352877571 -3.28898005347 -63.324819251
-8.63972001247 -3.30662241513 -63.3102797345
-8.63549442812 -3.32619348144 -63.2942253347
-8.63077225512 -3.34806733118 -63.2761789383
-8.62551617416 -3.37242400181 -63.2557284658
-8.61973524014 -3.39923097083 -63.2325543875
-8.61348597334 -3.42823763516 -63.2064514102
-8.60687053609 -3.45898318417 -63.177343052
-8.6000320992 -3.49081741525 -63.1452882825
-8.59314768036 -3.52293322243 -63.1104799066
-8.58641889582 -3.55440875285 -63.0732348971
-8.58006119798 -3.58425661845 -63.033977384
-8.57429226532 -3.61147711198 -62.9932154687
-8.56932026276 -3.6351121333 -62.9515134114
-8.56533269555 -3.65429650103 -62.9094610164
-8.56248653893 -3.66830350627 -62.8676422038
-8.56090024105 -3.67658194745 -62.8266047799
-8.56064807418 -3.67878244333 -62.7868333264
-8.56175715675 -3.6747715179 -62.7487268991
-8.56420729632 -3.66463274085 -62.7125828997
-8.56793362244 -3.64865503922 -62.6785880682
-8.57283180007 -3.62730911548 -62.6468170646
-8.57876545109 -3.60121366137 -62.6172386115
-8.58557527256 -3.57109369711 -62.5897286676
-8.59308923646 -3.53773385009 -62.5640896482
-8.60113319205 -3.5019296859 -62.5400743136
-8.60954117274 -3.46444029761 -62.5174126528
-8.61816473671 -3.42594524287 -62.4958398988
-8.62688074099 -3.3870085996 -62.4751237551
-8.63559705815 -3.34805241229 -62.4550889721
-8.64425588666 -3.30934115586 -62.4356376033
-8.65283446901 -3.27097809481 -62.4167635653
-8.66134320712 -3.23291361196 -62.3985605102
-8.66982133914 -3.19496477719 -62.381222473
-8.67833050535 -3.156844674 -62.365037233
-8.68694667123 -3.11819935081 -62.3503728198
-8.69575098522 -3.07864975753 -62.3376580459
-8.70482021914 -3.03783569826 -62.3273583424
-8.71421746587 -2.99545870063 -62.3199484868
-8.7239837513 -2.95132077865 -62.3158840099
-8.7341311552 -2.90535634433 -62.315573158
-8.7446379344 -2.85765498438 -62.3193512419
-8.75544600707 -2.80847343229 -62.3274590451
-8.76646099821 -2.75823579122 -62.3400266905
-8.77755487479 -2.70752185216 -62.3570640025
-8.78857102447 -2.65704415209 -62.3784579675

/group/femoral_left/18
18
posId 18-8.97182643142 -2.77720151061 -62.5519288803
-8.95387903363 -2.83303563701 -62.5347525591
-8.93396574317 -2.89163106591 -62.5282041174
-8.91334871863 -2.94975759064 -62.5308947593
-8.89321851149 -3.00451545133 -62.5409656228
-8.87446870661 -3.05385736641 -62.5565398207
-8.85756373549 -3.09685954545 -62.5761188136
-8.8425320425 -3.13367587261 -62.5988260003
-8.82907991664 -3.16520264548 -62.624445299
-8.81678651575 -3.19256504411 -62.6532602955
-8.80531802787 -3.21658638577 -62.6857538881
-8.79459499652 -3.23740280163 -62.7222641696
-8.78486252067 -3.25433914825 -62.7626999536
-8.77664349229 -3.26608091626 -62.8063974568
-8.77059110125 -3.27108586223 -62.8521552394
-8.76728774872 -3.268105227 -62.8984309191
-8.76705406148 -3.25664977762 -62.9436361259
-8.76982895695 -3.23725097893 -62.9864391661
-8.7751604687 -3.21142810816 -63.0259853061
-8.78231359431 -3.18136031978 -63.0619717277
-8.79046570955 -3.14935248138 -63.0945594666
-8.79893276542 -3.11724830356 -63.1241542424
-8.80735878492 -3.0859643485 -63.1511271631
-8.81581047974 -3.05528738683 -63.1755632929
-8.82474560195 -3.02400374573 -63.1971161716
-8.83486023869 -2.99033384002 -63.2150128199
-8.8468559978 -2.95255563441 -63.2282068901
-8.86119241561 -2.90964349895 -63.2356317109
-8.87789566379 -2.8617408234 -63.2364740055
-8.89647983623 -2.81032874905 -63.2303825036
-8.91600582156 -2.75803729113 -63.2175456369
-8.93526390148 -2.70814517141 -63.1986131137
-8.95303091908 -2.66390227498 -63.1744852156
-8.96833133985 -2.62785865069 -63.1460362588
-8.98063006764 -2.60138197317 -63.113861672
-8.98990401008 -2.58449186128 -63.0781340899
-8.99657371033 -2.57604967828 -63.0386232903
-9.00131608184 -2.57424210106 -62.9948861876
-9.00481302913 -2.57721452813 -62.9465805007
-9.00750883769 -2.58366973356 -62.8938146804
-9.00944648558 -2.59325951366 -62.8374297356
-9.01023026472 -2.60665859796 -62.7791214746
-9.00912584802 -2.62530287211 -62.7213515713
-9.00526960618 -2.65087115209 -62.6670520906
-8.99792782756 -2.68466338905 -62.6191850609

/group/femoral_left/21
21
posId 21-9.04945841954 -3.07632383004 -62.705148553
-9.01205317279 -3.12974472573 -62.7438549137
-8.98184372009 -3.16921401227 -62.7824794817
-8.96052510398 -3.19185863744 -62.8201745586
-8.94721950443 -3.19857103344 -62.8585724202
-8.93942222231 -3.19314890946 -62.8998228431
-8.93448428771 -3.1804108221 -62.9445920332
-8.93090499328 -3.1641647179 -62.9910968836
-8.92885135303 -3.14593196169 -63.0356377739
-8.92974077501 -3.12492810759 -63.0742633514
-8.93519782686 -3.09918057928 -63.1045960011
-8.94598527139 -3.06713252149 -63.1267833
-8.96147578261 -3.02889746762 -63.1430423001
-8.97990671176 -2.98656612847 -63.1560519524
-8.99922758124 -2.9434856637 -63.1670949133
-9.0180406344 -2.90295735908 -63.1750022389
-9.03610839032 -2.86706289532 -63.1765276831
-9.0541635548 -2.83620995679 -63.1679990337
-9.07315635001 -2.80956647361 -63.1473809116
-9.09339089064 -2.78606612964 -63.1156251247
-9.11406197892 -2.76537877454 -63.0765309951
-9.13347413853 -2.74829686503 -63.0351174022
-9.14983203239 -2.73635065601 -62.9953138243
-9.1621526486 -2.73092297204 -62.9581797096
-9.17075562223 -2.73243053174 -62.9216344008
-9.17699933175 -2.74010477993 -62.8819247275
-9.1823418337 -2.75255550935 -62.8361548763
-9.18719942292 -2.76882634824 -62.7846191827
-9.19023534405 -2.78931830428 -62.7317231167
-9.18853806324 -2.81596260661 -62.6849422187
-9.17871716647 -2.85138509673 -62.6522261397
-9.15846924651 -2.89734511273 -62.6390251324
-9.12789104177 -2.95316970069 -62.6463108173

/group/femoral_left/24
24
posId 24-9.33325772304 -2.96736031098 -62.8038199912
-9.34900019943 -2.92070568879 -62.8398965795
-9.3568014919 -2.88466561977 -62.8759375929
-9.355682269 -2.86104018353 -62.9112483118
-9.34621412055 -2.84854610634 -62.9465612734
-9.33022737939 -2.8438787579 -62.9830910267
-9.31009525979 -2.84344341709 -63.021442257
-9.28790712499 -2.84495927728 -63.0609046489
-9.26487475093 -2.84824716218 -63.09945852
-9.24119610749 -2.8549251777 -63.1344580264
-9.21638936283 -2.86725470968 -63.1636273422
-9.18990343295 -2.88675864743 -63.185858639
-9.16170286808 -2.91330229546 -63.201407725
-9.1325590278 -2.9450635372 -63.2113901589
-9.10393423173 -2.97935873503 -63.2168373674
-9.0775438097 -3.01386161199 -63.2178041121
-9.0548279929 -3.04756238892 -63.2130101154
-9.03659384472 -3.08095408366 -63.2002493893
-9.02298780862 -3.11533176791 -63.1774268016
-9.01378438725 -3.15155199464 -63.1437609224
-9.0088138255 -3.1888952371 -63.1005814818
-9.00828199904 -3.22465427558 -63.0513083604
-9.01279333211 -3.25473797599 -63.0005598359
-9.02304404139 -3.27508748719 -62.9527367306
-9.03933080547 -3.28328586928 -62.9106806323
-9.06112992075 -3.27960705229 -62.8749881735
-9.08698662665 -3.26697109654 -62.8442813941
-9.1148162823 -3.24975753034 -62.8163113732
-9.1425213201 -3.2319571663 -62.789399879
-9.1686644688 -3.21546889197 -62.7635717313
-9.19289049472 -3.19931371118 -62.7408691168
-9.21588429952 -3.1801498217 -62.7247060408
-9.23885403303 -3.15389952128 -62.7185501678
-9.26274449219 -3.11779859275 -62.72451634
-9.28751883124 -3.07197902466 -62.742488078

/group/femoral_left/27
27
posId 27-9.32073686805 -3.27778669795 -62.8496494879
-9.2565296035 -3.31115019185 -62.8768297123
-9.20337153996 -3.33130100368 -62.9074437605
-9.16572359659 -3.33813807559 -62.9371964281
-9.14097129727 -3.33445619279 -62.9656352181
-9.12268299588 -3.32376783586 -62.9952977192
-9.10551046961 -3.30811380837 -63.0292494201
-9.08857819915 -3.28730757752 -63.0685573579
-9.0754290158 -3.26002431263 -63.1111614766
-9.07097189067 -3.2258538164 -63.152659761
-9.07780799774 -3.186766726 -63.1883442747
-9.0945418734 -3.1468520057 -63.2151537889
-9.11713438393 -3.11039630243 -63.2324229435
-9.14213933828 -3.07956885711 -63.2411996355
-9.16932663317 -3.05332886371 -63.2428410281
-9.20164978148 -3.0284213563 -63.2379644318
-9.2424412123 -3.00195057147 -63.2264230306
-9.29177368147 -2.9739263693 -63.2081342773
-9.34466542687 -2.94811033465 -63.1839336389
-9.39267065349 -2.93051859448 -63.1556294901
-9.4281085342 -2.92641754173 -63.1250887881
-9.44828094725 -2.93762008124 -63.0930076072
-9.4568367944 -2.96171701349 -63.0583983948
-9.4611683071 -2.99366386066 -63.0194382448
-9.4672947662 -3.02866754103 -62.9753870387
-9.47542412025 -3.06452946347 -62.9284263332
-9.47910619154 -3.10200296267 -62.8841074758
-9.46871569869 -3.14304135489 -62.8498143009
-9.43728461297 -3.18818418067 -62.8318416109

/group/femoral_left/30
30
posId 30-9.55125633957 -3.23568615703 -63.0243033392
-9.56150171696 -3.17297649169 -63.0711490855
-9.5579423008 -3.11681886951 -63.118040148
-9.54219677373 -3.07372029761 -63.1590753144
-9.51702535011 -3.0463220856 -63.1910433257
-9.48486390829 -3.03322263299 -63.2141351253
-9.44699653017 -3.03039046482 -63.2311197154
-9.40379032598 -3.03336631115 -63.2454684935
-9.35574029283 -3.03917427638 -63.2594011167
-9.30456953016 -3.04713946362 -63.2727961042
-9.25359972815 -3.05845088985 -63.2834013335
-9.20706198172 -3.07494403266 -63.2880880154
-9.16868134442 -3.09787277652 -63.2843949872
-9.14033813802 -3.12728014645 -63.2715579728
-9.12159802472 -3.16211194225 -63.2505997862
-9.11041104162 -3.20075726486 -63.2236211198
-9.10459533076 -3.24152025096 -63.1928426859
-9.10325104371 -3.2827060204 -63.1599870866
-9.10727834723 -3.32238570804 -63.1262682902
-9.11869236401 -3.35821084575 -63.0928078024
-9.13913782019 -3.38765544042 -63.0610146786
-9.16849023344 -3.4087567296 -63.0325278361
-9.20439896485 -3.42100263996 -63.0086741132
-9.24309005344 -3.4257693617 -62.9898022239
-9.28101038023 -3.42584605253 -62.9750301412
-9.31638709141 -3.42406454357 -62.9627506605
-9.34979720412 -3.42161975004 -62.9517715841
-9.3833879639 -3.41697625275 -62.9425042678
-9.41915088587 -3.40608416819 -62.9374582071
-9.45719608199 -3.38401517932 -62.9405846106
-9.49498664394 -3.34738094317 -62.955613511

/group/femoral_left/33
33
posId 33-9.50932453485 -3.44986761337 -63.1070704092
-9.55573232868 -3.40638966782 -63.1279010989
-9.58306326828 -3.35269545306 -63.1570421936
-9.59198650464 -3.29632842663 -63.1898860061
-9.58760666041 -3.24443002439 -63.2215610313
-9.57623181183 -3.20107672865 -63.2488998163
-9.56178154634 -3.16659294747 -63.27126094
-9.54393380861 -3.13898194478 -63.2898805585
-9.51904450346 -3.11630599517 -63.3063378476
-9.48318353228 -3.0983754504 -63.3211944737
-9.43536830434 -3.08673546944 -63.333634183
-9.37901725514 -3.08319527942 -63.3421806987
-9.32080057384 -3.08815398697 -63.3458343612
-9.26768005573 -3.10005847633 -63.3447350141
-9.22398285372 -3.1164504767 -63.3398663955
-9.19021139586 -3.13585079808 -63.3320598342
-9.16410227678 -3.15904593326 -63.3211007354
-9.14302044401 -3.18868248302 -63.305699454
-9.12603699061 -3.2272301355 -63.2844782434
-9.11442426271 -3.27456361408 -63.2573674049
-9.11048760941 -3.32680849115 -63.2264317171
-9.11579802849 -3.37738198578 -63.195446564
-9.1302145671 -3.41976819076 -63.1683421939
-9.15239695475 -3.45040198192 -63.1474129156
-9.18132235718 -3.46988230512 -63.1324154625
-9.21749554709 -3.48173328542 -63.1211753398
-9.26268776795 -3.48946657235 -63.1113812624
-9.31808654155 -3.49379032753 -63.1024725383
-9.38197419419 -3.49174737056 -63.0964212727

/group/femoral_left/36
36
posId 36-9.52307669691 -3.53104269731 -63.2570304713
-9.56778689079 -3.48672377483 -63.2739299753
-9.59394243528 -3.43179196611 -63.2977147073
-9.60309267208 -3.37314395919 -63.3249296723
-9.60036388203 -3.31765523104 -63.3517830728
-9.59129182038 -3.26975673701 -63.3756147406
-9.57873655147 -3.23064566789 -63.3955735854
-9.56163780859 -3.19932451864 -63.4122404314
-9.53627362954 -3.17451857328 -63.4265871222
-9.49919783565 -3.15608604011 -63.439015883
-9.45006198301 -3.14505023297 -63.4490701688
-9.3926559666 -3.14244937875 -63.4558848659
-9.33362119033 -3.14805993345 -63.4589228681
-9.27968468764 -3.16010940508 -63.4583809772
-9.23507018743 -3.17632530886 -63.4549384011
-9.20050161273 -3.19561930212 -63.4490464231
-9.17414067298 -3.21913149091 -63.440337051
-9.15361893438 -3.24969292852 -63.4276834605
-9.13778548861 -3.28981379774 -63.4099944788
-9.12718268336 -3.33937193759 -63.387276034
-9.12324697545 -3.39451940024 -63.3612326214
-9.12710016396 -3.44866366962 -63.3349143816
-9.13895893395 -3.49510235784 -63.3115119001
-9.1585760122 -3.52981231101 -63.2929769495
-9.18621516321 -3.55273157121 -63.2793136331
-9.22314302015 -3.56676403146 -63.2690076188
-9.27090186283 -3.57513841912 -63.2603621848
-9.32954280611 -3.57878069656 -63.2529286767
-9.39590961856 -3.57535435483 -63.248132844

/group/femoral_left/39
39
posId 39-9.61080295925 -3.49632042246 -63.474133023
-9.62107193759 -3.42378397514 -63.5044785987
-9.61960865336 -3.35427509864 -63.534868252
-9.60796836152 -3.29641428914 -63.5613737658
-9.58750484167 -3.25543319737 -63.5815636338
-9.55839674527 -3.23186710094 -63.5951844216
-9.51986288902 -3.2221116027 -63.6038937712
-9.47147006703 -3.22052232534 -63.6101958871
-9.414703707 -3.22206387804 -63.6161077425
-9.35373356209 -3.22433446254 -63.6221900703
-9.2947250003 -3.22816904053 -63.6273649835
-9.24388955036 -3.23673884565 -63.629533515
-9.20524309781 -3.25374428748 -63.626621216
-9.17928091282 -3.28161568672 -63.6175140428
-9.16332403287 -3.32047984089 -63.6024674946
-9.15338504898 -3.36816312809 -63.5828889253
-9.14655602504 -3.42098080294 -63.5607175067
-9.14262413929 -3.47478101827 -63.5377829909
-9.14404928818 -3.52577211014 -63.515448633
-9.15435449886 -3.57095424978 -63.4946101564
-9.17586552742 -3.60827229236 -63.475891393
-9.20808797707 -3.6367096486 -63.4597916451
-9.24763161589 -3.65641348089 -63.4466400296
-9.28970344319 -3.66871212028 -63.4364147845
-9.33030406373 -3.67576426101 -63.428641117
-9.36788108327 -3.67970236708 -63.4225719078
-9.40352780825 -3.68146188956 -63.4176736872
-9.43966181417 -3.6798214463 -63.4141971503
-9.47798165873 -3.67127198851 -63.4134709587
-9.51788552327 -3.65105687089 -63.4176329134
-9.55623259279 -3.61516806684 -63.4287897396

/group/femoral_left/42
42
posId 42-9.63235542276 -3.58415433249 -63.6786818917
-9.64238552814 -3.51274716516 -63.708984857
-9.64136636671 -3.44385773268 -63.7393156082
-9.63041438791 -3.38595352868 -63.7658444736
-9.61038596785 -3.34451518721 -63.786078968
-9.58121347007 -3.320499475 -63.7996062277
-9.5422423835 -3.31059340483 -63.8079469598
-9.49341346349 -3.30912929316 -63.8135940194
-9.43655494306 -3.31077466547 -63.8186997291
-9.37590292258 -3.31278573351 -63.8240337941
-9.31736057856 -3.31587201938 -63.8286798622
-9.26672462141 -3.3234156842 -63.8305598319
-9.22773514233 -3.33955894964 -63.8274729042
-9.20096795296 -3.36713437345 -63.8181172338
-9.18417440116 -3.40636490135 -63.8026254727
-9.17390344966 -3.45477856826 -63.7824359431
-9.16754595043 -3.50815773314 -63.7596666209
-9.16471642811 -3.56190920334 -63.7363723484
-9.16726353346 -3.61219246822 -63.7140487336
-9.17796561006 -3.656438143 -63.6935383704
-9.1986902213 -3.69330143575 -63.6752398935
-9.22907003413 -3.72236486721 -63.6593741274
-9.26642461372 -3.74389415451 -63.6460992127
-9.30693189463 -3.75872196324 -63.6354415421
-9.3473446438 -3.76808981134 -63.6271892018
-9.38625946117 -3.77322204631 -63.6209488303
-9.42423360547 -3.77460044349 -63.6164519257
-9.46272909689 -3.77122862277 -63.6139858171
-9.50254001422 -3.76038569186 -63.6146629496
-9.5426365086 -3.73827494293 -63.62025474
-9.58008682317 -3.70156268245 -63.632524384

/group/femoral_left/45
45
posId 45-9.65270903429 -3.7331387223 -63.8831594646
-9.67454627437 -3.68289332425 -63.9045542317
-9.68605454974 -3.63568303029 -63.9253142034
-9.68845138493 -3.5932059746 -63.9445735825
-9.68358594223 -3.55559305758 -63.9621375211
-9.67287838731 -3.52199389588 -63.9782914426
-9.65654315004 -3.49140162818 -63.9934803614
-9.63348991854 -3.46336832401 -64.007988791
-9.60198562524 -3.4383482902 -64.0217353595
-9.56080032422 -3.41759050513 -64.0342383936
-9.51031735719 -3.40269650203 -64.0447371746
-9.45307940541 -3.39508084027 -64.0523989337
-9.39347630901 -3.39557247212 -64.0565240203
-9.33665515618 -3.40428960519 -64.0566827009
-9.28707954517 -3.42076933858 -64.0527609968
-9.24732582149 -3.44421425508 -64.0449357165
-9.2176057576 -3.47368736555 -64.0336200999
-9.19619137663 -3.50815232924 -64.0194144118
-9.18052972035 -3.54637567383 -64.0030693193
-9.16854731398 -3.58681254067 -63.9854429622
-9.15958299391 -3.62762686199 -63.967423641
-9.15457628339 -3.66693070502 -63.9498065623
-9.15548567415 -3.70319720346 -63.9331473687
-9.16425565135 -3.73567525599 -63.9176477929
-9.18183651638 -3.7645832235 -63.9031385735
-9.20770726934 -3.79092084521 -63.8892003292
-9.24009162219 -3.81589623527 -63.8754099568
-9.27671845556 -3.84015076998 -63.8616397641
-9.31572245238 -3.86309120144 -63.8482973135
-9.35622749293 -3.88263843823 -63.8363977828
-9.39832585949 -3.89556315676 -63.8274119327
-9.44247465716 -3.89835023736 -63.8229146568
-9.48862625331 -3.88831112038 -63.8241395143
-9.53554831997 -3.86454266689 -63.8315896527
-9.58070340602 -3.82836954665 -63.844844194

/group/femoral_left/48
48
posId 48-9.66297487818 -3.85615512405 -64.1064341042
-9.62806884114 -3.90412934369 -64.0865781367
-9.58879522115 -3.94415737691 -64.0704476226
-9.54697531979 -3.97354214463 -64.059164921
-9.5036566818 -3.99114108663 -64.0531936225
-9.45928445463 -3.99740841759 -64.0523123653
-9.41412772281 -3.99401170082 -64.0557671913
-9.36875187652 -3.98318420424 -64.0625395499
-9.32431849456 -3.96704830831 -64.071634608
-9.28257632671 -3.94712902783 -64.0822982136
-9.2455443151 -3.92418305688 -64.0941066396
-9.21502129482 -3.8983394209 -64.1069250591
-9.19213068477 -3.86943570688 -64.1207774473
-9.17709195007 -3.83738107931 -64.1356948018
-9.16931232931 -3.80239875438 -64.1516032497
-9.16775531931 -3.76507941078 -64.1682844173
-9.17142572656 -3.72627348098 -64.1854025142
-9.17976448819 -3.68692014979 -64.2025634758
-9.1927892812 -3.64792482368 -64.2193634642
-9.21093002199 -3.61015262119 -64.2353988425
-9.23464243022 -3.57452799207 -64.2502384503
-9.26397970896 -3.54215986195 -64.2633863164
-9.29831999756 -3.51438405926 -64.2742744965
-9.33637773222 -3.49264601402 -64.2823148049
-9.37650027338 -3.47822442575 -64.2870090745
-9.4171220664 -3.47188525505 -64.2880836578
-9.45717372148 -3.47361204216 -64.2855918875
-9.4962565389 -3.48255233144 -64.2799304203
-9.53449045065 -3.49724688272 -64.2717437351
-9.57208495958 -3.51609459795 -64.2617356115
-9.60880850125 -3.53789824367 -64.2504490074
-9.64358726114 -3.56228175073 -64.2380975402
-9.6744240552 -3.58979726617 -64.2245213187
-9.69870565786 -3.62164471741 -64.2092985687
-9.71381179313 -3.65907145163 -64.1919867084
-9.71781434796 -3.70264889849 -64.1724142907
-9.71001295849 -3.75168495685 -64.1509195615

/group/femoral_left/51
51
posId 51-9.67143202901 -3.95294096217 -64.3252330851
-9.63417547248 -4.00053088606 -64.3064467271
-9.59322561921 -4.03933265409 -64.291173783
-9.55085361942 -4.06720796698 -64.2802558582
-9.50821666566 -4.08343911232 -64.2739737818
-9.46552230623 -4.08858881978 -64.2721027016
-9.42256298405 -4.0841034867 -64.2740677752
-9.37936407225 -4.07182392811 -64.2791361947
-9.33665723346 -4.05356286035 -64.2865833813
-9.29597961363 -4.03084710679 -64.2957951793
-9.2593677748 -4.00483760213 -64.3063009782
-9.22879065638 -3.97637020591 -64.3177598408
-9.20557419619 -3.94603277451 -64.3299322332
-9.19006732763 -3.9142144904 -64.3426617885
-9.18168868973 -3.88111475752 -64.3558715707
-9.17932503402 -3.8467501157 -64.369559655
-9.18189952168 -3.81101932686 -64.3837708436
-9.18885679045 -3.77386553456 -64.398530091
-9.20035196057 -3.73551911312 -64.413745052
-9.21706428225 -3.69674299691 -64.4291092127
-9.23972418124 -3.65896729303 -64.4440502894
-9.26857136303 -3.62421518781 -64.4577619882
-9.30299460113 -3.59478892545 -64.4693305022
-9.3415255782 -3.57277987479 -64.4779295463
-9.38220275184 -3.55955139822 -64.4830246684
-9.42315422312 -3.55537868362 -64.4845141686
-9.46314417333 -3.5593946068 -64.4827483607
-9.5018329015 -3.56989178048 -64.4784082594
-9.5396165067 -3.5849021617 -64.4722755491
-9.57709179886 -3.60286573956 -64.4649686652
-9.61435968374 -3.62315339975 -64.4567375925
-9.65046388934 -3.64624795733 -64.4473941571
-9.68322324804 -3.67350109338 -64.4364094757
-9.70956725814 -3.70653265274 -64.423151649
-9.7262850375 -3.7464680003 -64.4071861834
-9.73092816717 -3.79327074433 -64.3885378098
-9.72253832848 -3.84539895228 -64.3678242755

/group/femoral_left/54
54
posId 54-9.66931947769 -4.03174523032 -64.525416634
-9.63047349901 -4.07931540965 -64.505773242
-9.58883761555 -4.11678435853 -64.4896981729
-9.54702603634 -4.14229054779 -64.4780198657
-9.50607614043 -4.15566156798 -64.470858478
-9.46566216087 -4.15806723307 -64.4677653306
-9.42483811288 -4.15140687312 -64.4679891641
-9.38296809214 -4.13768135598 -64.4707582525
-9.34044229718 -4.11856084543 -64.4754787176
-9.2988841244 -4.09524281577 -64.4817981376
-9.26077893882 -4.06855745689 -64.4895464488
-9.22870193992 -4.03917988332 -64.4986156141
-9.20448712565 -4.00778947167 -64.5088555486
-9.1886944195 -3.97507770416 -64.5200421299
-9.18059454375 -3.94161208512 -64.5319264974
-9.17866283005 -3.9076604474 -64.5443267339
-9.18135319971 -3.87311844116 -64.5571968429
-9.18780641704 -3.83764253198 -64.5706164379
-9.19818165462 -3.80098861313 -64.5846841256
-9.21347078418 -3.76344000688 -64.5993497144
-9.23488565776 -3.72613502015 -64.6142601012
-9.26309910249 -3.69111343044 -64.6287006992
-9.29768712167 -3.66099753929 -64.6416824562
-9.33703307848 -3.63837136355 -64.6521652906
-9.37875118273 -3.62505983848 -64.6593467165
-9.42045421681 -3.62157701358 -64.6629070209
-9.46053051808 -3.62697313144 -64.6631080226
-9.49857918739 -3.63917323367 -64.6606921171
-9.53529063891 -3.65571437352 -64.6566042092
-9.571795918 -3.67462727938 -64.651631427
-9.60874332645 -3.69513765775 -64.6460943777
-9.6454938458 -3.71791462859 -64.6397117005
-9.67979799351 -3.7447532936 -64.6316993422
-9.70813367952 -3.7777863527 -64.6210794006
-9.72662001082 -3.81849686071 -64.6070936686
-9.73218394302 -3.86688238808 -64.5895752192
-9.72354400989 -3.9210697459 -64.56914404

/group/femoral_left/57
57
posId 57-9.6502324111 -4.10400442115 -64.7161773165
-9.61194025787 -4.15396949154 -64.6921668181
-9.57201684441 -4.19175645802 -64.6726393241
-9.53232743746 -4.21449397509 -64.6589327812
-9.49290124557 -4.22256063244 -64.6509051378
-9.45267004336 -4.2191141593 -64.6472077613
-9.41063270861 -4.20859971032 -64.6460049368
-9.36687864923 -4.19486762418 -64.6458260388
-9.32300135472 -4.17969055936 -64.6461878475
-9.2817416495 -4.16228636264 -64.6477336233
-9.2460689059 -4.14000939701 -64.6518523217
-9.21816377347 -4.10986766626 -64.6599677037
-9.19879170298 -4.07017944235 -64.6728225601
-9.18734738254 -4.02164898861 -64.6900702711
-9.18251229538 -3.9674228591 -64.7103352504
-9.18316654818 -3.91215092838 -64.7316881662
-9.18907738534 -3.86050704266 -64.7523012398
-9.2010064172 -3.81583123683 -64.7709841736
-9.22017576624 -3.77945508456 -64.7873771243
-9.24736352422 -3.75092372639 -64.801752305
-9.28209832098 -3.72890422497 -64.8145638311
-9.32239088319 -3.71227095847 -64.8259964906
-9.36518799452 -3.70081989902 -64.8357475424
-9.40737953787 -3.69529216866 -64.8431434024
-9.44690277641 -3.69676218411 -64.8475130074
-9.48341145121 -3.70577796458 -64.8486022161
-9.51815528121 -3.72176588918 -64.8467878392
-9.55307231589 -3.7430683378 -64.8429498137
-9.5894695491 -3.76764247052 -64.8380375266
-9.62688139888 -3.79408238735 -64.8325338956
-9.66264593371 -3.82242113138 -64.8260938042
-9.69244003398 -3.85423417856 -64.8175711003
-9.71159720236 -3.89188198324 -64.8054746572
-9.71668246483 -3.93715141147 -64.7886878744
-9.70667621861 -3.98988253221 -64.7671449811

/group/femoral_left/60
60
posId 60-9.60163889949 -4.22268150873 -64.8916180988
-9.64038730614 -4.17363163838 -64.9219114133
-9.669463673 -4.12020044897 -64.9520951574
-9.68569238662 -4.06803362459 -64.9789578839
-9.68764077939 -4.02105361471 -65.0004342322
-9.67609538282 -3.98059621915 -65.0160940498
-9.65380621708 -3.94565173847 -65.0269794787
-9.62458158072 -3.91401115621 -65.0348971242
-9.59208172905 -3.88373806 -65.0414996599
-9.55877999942 -3.85428616723 -65.0475621876
-9.52548214516 -3.82679500639 -65.0527466538
-9.49155404572 -3.80351159277 -65.0559098979
-9.45571106232 -3.78670220017 -65.0557606696
-9.41699872796 -3.77763945985 -65.0515238977
-9.37553874087 -3.77617750646 -65.0432910555
-9.33274419631 -3.78110560404 -65.0319077901
-9.29095848412 -3.79106174115 -65.0184869932
-9.25272665459 -3.80549492221 -65.0038212527
-9.22005245979 -3.82513300075 -64.9880138734
-9.1939694014 -3.85165881461 -64.9705320891
-9.17458063638 -3.88670189766 -64.9506675807
-9.16148902461 -3.93061782309 -64.9281758251
-9.15435792168 -3.98167009298 -64.9037630329
-9.15329916298 -4.03607272013 -64.8791502369
-9.15889255847 -4.08896125021 -64.856642214
-9.17184275236 -4.13591664423 -64.8383708467
-9.19247182012 -4.17438143142 -64.8255515601
-9.22033291894 -4.20432262826 -64.8181033452
-9.25416826061 -4.22781465591 -64.8148267051
-9.29225448841 -4.2476985571 -64.8140786987
-9.33297042366 -4.26590146971 -64.8146479452
-9.37529185223 -4.28217345476 -64.8164269087
-9.41893502139 -4.29383182353 -64.8205572661
-9.46403309491 -4.29666532082 -64.8289552478
-9.51046402985 -4.2866360569 -64.8434046627

/group/femoral_left/63
63
posId 63-9.39226996002 -4.37923038523 -65.0091118174
-9.32755192836 -4.3720816548 -64.9910613333
-9.27059065582 -4.35887577747 -64.9790087411
-9.22434806225 -4.34053421627 -64.9734505573
-9.18853992267 -4.31747580082 -64.9740578155
-9.16042467891 -4.28983244868 -64.9798247584
-9.13642482273 -4.25779627486 -64.9894278777
-9.11389489595 -4.22192457622 -65.0016581926
-9.09232034519 -4.1832621175 -65.0157612442
-9.07349402495 -4.14323127869 -65.0315580609
-9.0606572258 -4.10334829468 -65.0493103345
-9.05702320574 -4.06490069043 -65.0693970626
-9.06434391511 -4.02873443185 -65.0919450365
-9.08213761663 -3.9952450427 -65.1165710274
-9.10789097741 -3.96457052747 -65.1423435375
-9.13811845971 -3.93688921288 -65.1679779914
-9.1697907174 -3.91267536285 -65.1921808705
-9.20149061426 -3.89278260227 -65.2139966898
-9.2337837898 -3.87830282023 -65.2330123049
-9.26864241739 -3.87025226109 -65.2493349848
-9.30818206704 -3.8692205432 -65.2633573829
-9.35327898813 -3.87514384119 -65.2754129705
-9.40269451193 -3.88731684856 -65.28547155
-9.45311745739 -3.90465725878 -65.293007
-9.50013618628 -3.9261236445 -65.2970961846
-9.53974112493 -3.95111177666 -65.2967102698
-9.56971467318 -3.97965038153 -65.2910789626
-9.59029703246 -4.01229030691 -65.279978474
-9.60381496039 -4.04970368621 -65.2638275347
-9.61340234307 -4.09213265823 -65.2435579099
-9.62133987378 -4.13889946274 -65.2203213072
-9.62772456739 -4.18817971164 -65.1951625277
-9.63006536294 -4.23714973271 -65.1688001858
-9.62403053175 -4.28248146397 -65.1416064887
-9.60509660539 -4.32102815044 -65.113787867
-9.57046429634 -4.35047241524 -65.085677296
-9.52047603494 -4.36972329615 -65.0579963043

/group/femoral_left/66
66
posId 66-9.30624387682 -4.49650388479 -65.1957627091
-9.24218888052 -4.48414458532 -65.1729856063
-9.18577740513 -4.46695325054 -65.1572526647
-9.140016803 -4.44630462127 -65.1490882805
-9.10466129594 -4.42262842794 -65.1480777514
-9.07704168753 -4.39559990115 -65.1531414451
-9.05370030204 -4.36464942089 -65.1629829549
-9.03212592712 -4.32956127945 -65.1765249237
-9.01188104541 -4.29090623188 -65.1931623547
-8.99470148147 -4.25013168764 -65.2127493659
-8.98359896451 -4.20928177566 -65.235353317
-8.98141711967 -4.17047407572 -65.2609091587
-8.98950502736 -4.13535640856 -65.2889448268
-9.00709446992 -4.10476716092 -65.3185103783
-9.03163756195 -4.07872886659 -65.348347138
-9.05992763174 -4.0567592214 -65.3772212795
-9.08947781167 -4.03834939654 -65.4042683932
-9.11951979937 -4.02339341315 -65.4291862897
-9.15115724603 -4.01238126709 -65.4521773694
-9.18658831063 -4.00627806719 -65.47365218
-9.22773361783 -4.00615272641 -65.4938146438
-9.27488391561 -4.01273057704 -65.5123090811
-9.32599207911 -4.02607622757 -65.5280922971
-9.37696788631 -4.04555222066 -65.5396057732
-9.42290236992 -4.07007237995 -65.5451992942
-9.45973610089 -4.09853202971 -65.5436498591
-9.48567196049 -4.13021138193 -65.5345743242
-9.50171509074 -4.16495270815 -65.5185713346
-9.51107303951 -4.20300698978 -65.4970338221
-9.51762481185 -4.24459241856 -65.4717048421
-9.52406965358 -4.28934275964 -65.4441526893
-9.53052326999 -4.33588858755 -65.4153731894
-9.53416930097 -4.38177781082 -65.3856741565
-9.53015727509 -4.42381522604 -65.3548806218
-9.51343302562 -4.4587340802 -65.3227673051
-9.48080077705 -4.48397391786 -65.2895312215
-9.43240810932 -4.49828641038 -65.2561006822

/group/femoral_left/69
69
posId 69-9.45249053229 -4.54861241859 -65.6066300769
-9.45540293224 -4.49600148621 -65.6517083125
-9.453376094 -4.4437616285 -65.6932568968
-9.44680266101 -4.39475643909 -65.7291821258
-9.43575452685 -4.35082537769 -65.7580213416
-9.41999529668 -4.31259870671 -65.7791029465
-9.3991045528 -4.27960643163 -65.7925381385
-9.37268087839 -4.25063755169 -65.7990586489
-9.34056836308 -4.22424319821 -65.7997517273
-9.30304398314 -4.19924489504 -65.7957653755
-9.26091293066 -4.17511519275 -65.7880582161
-9.21548305342 -4.15213947318 -65.7772500135
-9.16842145991 -4.13133215039 -65.7635968151
-9.12152729763 -4.11414911293 -65.7470785765
-9.07647629689 -4.10209173268 -65.7275573396
-9.03459912108 -4.09632166272 -65.7049486315
-8.99674536549 -4.09739440116 -65.6793513184
-8.96326131434 -4.10517792535 -65.6510998578
-8.93407910308 -4.1189639701 -65.6207311934
-8.90888626111 -4.13772166314 -65.5888873074
-8.8873255408 -4.16040337259 -65.5561946989
-8.86917038079 -4.18620206974 -65.5231677422
-8.85443198608 -4.21468050891 -65.4901725909
-8.8433761949 -4.24573774931 -65.4574656662
-8.83645523005 -4.27943343962 -65.4252932987
-8.83418315913 -4.31573755281 -65.3940157957
-8.83699767721 -4.35429810884 -65.3642078159
-8.84515107876 -4.39431406488 -65.3366914943
-8.85866053209 -4.43456655982 -65.3124783317
-8.87732641216 -4.47360954778 -65.2926247171
-8.90080437689 -4.51006678214 -65.2780352628
-8.92869935104 -4.54294320794 -65.2692686192
-8.9606430457 -4.57184782752 -65.2664051914
-8.99632306198 -4.59704646236 -65.2690228423
-9.03544893056 -4.61931117497 -65.2762982938
-9.07766313548 -4.63959467256 -65.2872162384
-9.12242603618 -4.65861457672 -65.3008353777
-9.16891586731 -4.6764666849 -65.3165405141
-9.21598443493 -4.69238701867 -65.3342089036
-9.26219538654 -4.7047478468 -65.354238508
-9.30594870864 -4.71131158066 -65.377420921
-9.34566911909 -4.70969509234 -65.4046833254
-9.38001505399 -4.69793563133 -65.4367605187
-9.40805553857 -4.67501583664 -65.4738795371
-9.42936769316 -4.64120965034 -65.5155394397

/group/femoral_left/72
72
posId 72-9.23746665749 -4.86385994823 -65.5193606883
-9.19399954617 -4.86089962944 -65.4796288443
-9.14772768972 -4.85159586266 -65.4439171307
-9.10035379903 -4.83691342502 -65.4128736037
-9.05347255166 -4.81798291537 -65.3868622468
-9.00839150187 -4.79592410578 -65.365975254
-8.96601521606 -4.77168689244 -65.3500888793
-8.92681090957 -4.74593854171 -65.3389501831
-8.89085689685 -4.71901622889 -65.3322756386
-8.85795841627 -4.69095060328 -65.329840228
-8.82780232941 -4.66155200764 -65.3315378565
-8.80011547566 -4.63053889395 -65.3374002198
-8.77479235551 -4.5976803211 -65.3475703309
-8.75196596164 -4.56292265503 -65.3622368415
-8.73200907869 -4.5264749444 -65.3815439627
-8.7154692212 -4.48883687221 -65.4054973405
-8.70295510478 -4.4507656126 -65.433887476
-8.69500297038 -4.41319069298 -65.4662489028
-8.69195499667 -4.37709640188 -65.5018660239
-8.69387867181 -4.34339726075 -65.5398267966
-8.7005461791 -4.31283245424 -65.5791153598
-8.71147881059 -4.28589995615 -65.6187263611
-8.7260463041 -4.26284165057 -65.6577789192
-8.7435981737 -4.24367917129 -65.6956078882
-8.76359643329 -4.22828903361 -65.7318144477
-8.78571832876 -4.21649733837 -65.76626615
-8.80990401293 -4.20817065407 -65.7990467169
-8.83633617625 -4.20328135938 -65.8303660127
-8.86535386179 -4.20193229875 -65.8604485987
-8.89731771635 -4.20433553599 -65.8894234801
-8.93245543639 -4.21075101789 -65.9172372065
-8.97072156988 -4.22140058521 -65.9436075222
-9.01170384472 -4.23637881025 -65.9680263326
-9.05459911384 -4.25558321776 -65.9898106348
-9.09826768273 -4.27868228266 -66.0081903829
-9.14135822033 -4.30513108671 -66.0224150136
-9.18248017903 -4.33423353054 -66.0318570412
-9.22038996424 -4.36523898371 -66.0360923699
-9.25415336322 -4.397452701 -66.0349424435
-9.28325087786 -4.43033522006 -66.0284718355
-9.30760385672 -4.46356731628 -66.0169445303
-9.32751541846 -4.49706377337 -66.0007508821
-9.34353777995 -4.53092990855 -65.9803231974
-9.35629306696 -4.56536724225 -65.9560598301
-9.36628472721 -4.6005462636 -65.9282752123
-9.37373912432 -4.63647238473 -65.8971869613
-9.37851117661 -4.67287404774 -65.8629424893
-9.38007512597 -4.70913878019 -65.8256783213
-9.37760427065 -4.74431428781 -65.7855976177
-9.37012530602 -4.77717910556 -65.7430468953
-9.35671753259 -4.80637342294 -65.6985726359
-9.33671778568 -4.83056830346 -65.6529424556
-9.30989045723 -4.84864321043 -65.6071229333

/group/femoral_left/75
75
posId 75-9.24361742853 -4.90788521228 -65.8385795507
-9.25326238742 -4.87332581166 -65.8938705439
-9.25877871496 -4.83582891685 -65.9475064895
-9.25999473154 -4.7966070036 -65.9977616447
-9.25680354656 -4.75677895579 -66.0431096605
-9.24917632837 -4.71727338518 -66.0823606507
-9.23717158805 -4.67876375237 -66.1147536603
-9.22093909435 -4.64164310544 -66.1399930549
-9.20071776057 -4.60604008044 -66.1582259424
-9.17682765523 -4.57187152301 -66.1699665841
-9.14965705838 -4.53892169892 -66.175981434
-9.11964609144 -4.5069344046 -66.1771537619
-9.08726880093 -4.4757029128 -66.1743489795
-9.05301562783 -4.44514375317 -66.1683005295
-9.01737795023 -4.4153435895 -66.1595318389
-8.98083590113 -4.38657331287 -66.1483231774
-8.94385002957 -4.35926907308 -66.1347244987
-8.9068567057 -4.33398536655 -66.1186077804
-8.87026658683 -4.31132959548 -66.099746298
-8.8344650579 -4.29189002962 -66.0779046255
-8.7998133992 -4.27616947969 -66.0529224789
-8.76664953154 -4.26453524656 -66.0247778098
-8.73528751324 -4.25719242776 -65.9936193
-8.70601544148 -4.25418311334 -65.9597646643
-8.67909194168 -4.25540923016 -65.9236677817
-8.65474190611 -4.26067265343 -65.8858634243
-8.63315246745 -4.26972342037 -65.8469022306
-8.61447029927 -4.28230591583 -65.8072898996
-8.59880119658 -4.29819387762 -65.7674431931
-8.58621252739 -4.31720775982 -65.7276715284
-8.57673862557 -4.33921185441 -65.6881874763
-8.57038861283 -4.36409285729 -65.6491434166
-8.56715560347 -4.39172545517 -65.6106860817
-8.56702586674 -4.42193326464 -65.573016817
-8.56998637645 -4.45445454739 -65.5364438397
-8.57602930767 -4.48892133999 -65.5014139235
-8.58515243659 -4.52485810569 -65.4685145864
-8.59735500523 -4.5617022005 -65.4384433712
-8.61262933306 -4.59884405261 -65.4119471914
-8.63094917203 -4.63568080798 -65.3897407761
-8.65225638899 -4.67167408995 -65.3724178605
-8.67644791571 -4.70640107608 -65.3603710157
-8.70336496405 -4.73958863976 -65.3537354123
-8.73278624454 -4.77112280879 -65.3523683697
-8.76442638456 -4.80102987508 -65.3558707763
-8.79794000129 -4.82943046559 -65.3636493409
-8.8329310611 -4.85647289478 -65.3750113533
-8.86896638521 -4.88225626737 -65.3892774958
-8.90559156709 -4.90675631861 -65.4058943522
-8.94234724822 -4.92976736078 -65.4245273815
-8.97878370912 -4.95087180021 -65.4451175001
-9.01447207086 -4.96944473925 -65.4678897527
-9.04901101313 -4.9846957831 -65.4933100376
-9.08202869766 -4.9957441919 -65.5219942753
-9.11318041033 -5.00171793753 -65.5545824036
-9.14214316521 -5.0018629784 -65.5915957838
-9.16860902703 -4.99564688916 -65.6332999712
-9.19227912002 -4.98284127975 -65.6795946987
-9.21286016565 -4.9635702107 -65.7299493236

/group/femoral_left/78
78
posId 78-9.14406096675 -5.08153803574 -65.8637904333
-9.16346449859 -5.05216644783 -65.9097476282
-9.17925969988 -5.01919781005 -65.9556354383
-9.1913114731 -4.98333619282 -66.0006664178
-9.19955673703 -4.94532721036 -66.0440828093
-9.20398904566 -4.90591076961 -66.0851861152
-9.20464041969 -4.86577800803 -66.1233600953
-9.20156361737 -4.82553652944 -66.1580864185
-9.19481787278 -4.78568693081 -66.1889530494
-9.18446048081 -4.74661219003 -66.2156561675
-9.17054560511 -4.70857993934 -66.2379969046
-9.15313047826 -4.67175617543 -66.2558744188
-9.1322879279 -4.63622773489 -66.2692767888
-9.10812307985 -4.60203003405 -66.2782709585
-9.0807913208 -4.56917622201 -66.2829925587
-9.05051426293 -4.53768404671 -66.2836359665
-9.01759059816 -4.50759734176 -66.2804445329
-8.98239934752 -4.47900000459 -66.2737005963
-8.94539401983 -4.45202150769 -66.2637147645
-8.90708745815 -4.42683419875 -66.2508140138
-8.86802849643 -4.40364373352 -66.2353284181
-8.82877278239 -4.38267480684 -66.2175767223
-8.78985107096 -4.36415479983 -66.1978514587
-8.75173881233 -4.34829800233 -66.1764047573
-8.71483086865 -4.33529271196 -66.1534363465
-8.67942467719 -4.32529282778 -66.1290853901
-8.64571419336 -4.31841466336 -66.1034277028
-8.61379561639 -4.31473874445 -66.0764795194
-8.58368439577 -4.31431548147 -66.0482083774
-8.5553415361 -4.3171729497 -66.0185508803
-8.52870596005 -4.32332467148 -65.9874362264
-8.50372882705 -4.33277532346 -65.9548135412
-8.48040535997 -4.34552268334 -65.9206803562
-8.45879995907 -4.36155482261 -65.8851091452
-8.43906116225 -4.38084243741 -65.8482687436
-8.42142424874 -4.4033271504 -65.8104377736
-8.40620082546 -4.42890746375 -65.7720078744
-8.39375638481 -4.45742466017 -65.733475529
-8.3844783662 -4.48865122887 -65.6954224877
-8.37873849104 -4.52228427854 -65.6584860732
-8.37685390953 -4.55794588963 -65.6233218611
-8.37905189551 -4.59519150903 -65.5905622124
-8.38544242379 -4.63352641347 -65.5607747604
-8.39600201225 -4.67242910682 -65.534425134
-8.41057082948 -4.71137943771 -65.5118478933
-8.42886343406 -4.7498883841 -65.4932288833
-8.45049183319 -4.78752598196 -65.4786010523
-8.47499804118 -4.82394386113 -65.4678543619
-8.50189217449 -4.85888931534 -65.4607588888
-8.53069148367 -4.89220873657 -65.4569987715
-8.56095567255 -4.92383948361 -65.4562134447
-8.59231439189 -4.95379068071 -65.4580417816
-8.62448384557 -4.98211487417 -65.4621644262
-8.65727087046 -5.00887372457 -65.4683397804
-8.69056445998 -5.03410181177 -65.4764298032
-8.72431628559 -5.05777305015 -65.4864128931
-8.75851312684 -5.0797740833 -65.4983825359
-8.79314507664 -5.09988835063 -65.5125319441
-8.82817382726 -5.11779336257 -65.5291264134
-8.86350521696 -5.13307221919 -65.5484664079
-8.8989695539 -5.14523873855 -65.5708453135
-8.9343121313 -5.15377392829 -65.5965062802
-8.9691949598 -5.15817014013 -65.6256025543
-9.0032092597 -5.15797826422 -65.6581652096
-9.0358968755 -5.15285287564 -65.6940812901
-9.06677768056 -5.14259039554 -65.7330841911
-9.09537936947 -5.12715606035 -65.7747567866

/group/femoral_left/81
81
posId 81-9.13432841656 -5.08748895403 -66.1878610213
-9.14577238274 -5.04916347257 -66.2230285462
-9.15635156981 -5.0113049873 -66.2572618898
-9.16576472407 -4.97457225338 -66.2898836907
-9.17358344928 -4.93949780567 -66.3202174955
-9.17928200319 -4.90645951798 -66.3476287077
-9.18227706277 -4.87566374552 -66.3715642702
-9.1819741488 -4.84714138097 -66.3915878269
-9.17781680267 -4.82075712884 -66.4074074277
-9.16933434263 -4.79623124769 -66.4188933959
-9.15618411993 -4.77317201415 -66.426084757
-9.13818463856 -4.75111630665 -66.4291835355
-9.11533665881 -4.72957506218 -66.4285372194
-9.0878304119 -4.70807997876 -66.4246106572
-9.05603822288 -4.68622775084 -66.4179495328
-9.0204930748 -4.66371834114 -66.4091382706
-8.98185484087 -4.64038429303 -66.3987556987
-8.94086696285 -4.61620882944 -66.3873320076
-8.89830717144 -4.59133140676 -66.3753104551
-8.85493635863 -4.56604041829 -66.3630168988
-8.81144987718 -4.5407537864 -66.3506396138
-8.76843534343 -4.51598915983 -66.3382210176
-8.72634047328 -4.49232626186 -66.3256619586
-8.68545363114 -4.47036454851 -66.3127381949
-8.6458986909 -4.45067968451 -66.2991276888
-8.60764458675 -4.43378240042 -66.2844464533
-8.57052867397 -4.4200830553 -66.2682899783
-8.53429183202 -4.40986471646 -66.2502768013
-8.49862222616 -4.40326682677 -66.2300906019
-8.46320388596 -4.40028062366 -66.2075173188
-8.42776582503 -4.40075647926 -66.1824741856
-8.39212735423 -4.40442233288 -66.1550282445
-8.35623553787 -4.41091146739 -66.1254027531
-8.32019138538 -4.41979711903 -66.0939708905
-8.28426230712 -4.43063086574 -66.0612372068
-8.24887951321 -4.44298145976 -66.0278082609
-8.21462030389 -4.45647077419 -65.9943547719
-8.18217648078 -4.47080382088 -65.9615683021
-8.15231129393 -4.48579033973 -65.9301159261
-8.12580832852 -4.50135621014 -65.9005965017
-8.1034164445 -4.51754382853 -65.873502017
-8.08579525133 -4.53450155445 -65.8491870658
-8.07346559637 -4.55246326869 -65.8278488323
-8.06676916877 -4.57171993143 -65.8095191072
-8.06584060072 -4.59258570316 -65.7940688727
-8.07059444537 -4.61536164063 -65.78122498
-8.08072820653 -4.6403001667 -65.7705974674
-8.09574129187 -4.66757342191 -65.761715226
-8.11496846527 -4.69724824673 -65.7540670694
-8.13762519405 -4.72926994907 -65.7471448633
-8.16286132103 -4.76345623371 -65.7404852493
-8.18981881966 -4.79950177803 -65.7337066629
-8.21768906895 -4.83699300796 -65.7265387798
-8.24576513908 -4.87543174193 -65.7188421925
-8.27348500442 -4.914265604 -65.7106169608
-8.30046236041 -4.95292252764 -65.7019996169
-8.32650275188 -4.9908463281 -65.6932491733
-8.35160393512 -5.02753024357 -65.6847235797
-8.37594069295 -5.06254554022 -65.6768488438
-8.39983559294 -5.09556272532 -65.6700835961
-8.42371831763 -5.12636357826 -65.6648822015
-8.44807710765 -5.15484303206 -65.6616595738
-8.47340646933 -5.18100084643 -65.6607606272
-8.50015555778 -5.20492392903 -65.6624368336
-8.52868153496 -5.22676100295 -65.6668316782
-8.55921173144 -5.24669201285 -65.6739759852
-8.59181765267 -5.26489514791 -65.6837931909
-8.62640283276 -5.28151459313 -65.6961137546
-8.66270534172 -5.29663208045 -65.7106970892
-8.70031449716 -5.31024499895 -65.7272587408
-8.73870012526 -5.32225326478 -65.7455001033
-8.77725166143 -5.3324563933 -65.7651377536
-8.81532356583 -5.34056132239 -65.7859295638
-8.85228302288 -5.34620058355 -65.8076950629
-8.88755573647 -5.34895948847 -65.8303280759
-8.92066583713 -5.34841017274 -65.8538003932
-8.95126646395 -5.34414968916 -65.8781560661
-8.97915842417 -5.33583892636 -65.9034968051
-9.00429539387 -5.32323898387 -65.9299597996
-9.02677531239 -5.30624177637 -65.9576900071
-9.04681883761 -5.28489205952 -65.9868095076
-9.06473686522 -5.25939873325 -66.0173868404
-9.08089007365 -5.23013413397 -66.0494093034
-9.09564415686 -5.19762100201 -66.0827609893
-9.10932478753 -5.16250782605 -66.1172088801

/group/femoral_left/84
84
posId 84-9.06982744044 -5.36466405229 -66.371940647
-9.08119134329 -5.34473268988 -66.3912670356
-9.09339481495 -5.32373944451 -66.4117739566
-9.10631816035 -5.30181600804 -66.4333049675
-9.11977655594 -5.27910032992 -66.4556578869
-9.13352638945 -5.25573330859 -66.4785908731
-9.1472736157 -5.23185558071 -66.5018297422
-9.16068383627 -5.20760450211 -66.5250762814
-9.17339375386 -5.18311140448 -66.5480172831
-9.18502360701 -5.15849919953 -66.5703340005
-9.19519015965 -5.13388038801 -66.5917117176
-9.20351980262 -5.10935551544 -66.6118491218
-9.20966132255 -5.08501209963 -66.6304671785
-9.21329790656 -5.0609240382 -66.6473172242
-9.21415797908 -5.03715148771 -66.6621880222
-9.21202450822 -5.01374119029 -66.6749115633
-9.20674247288 -4.9907272094 -66.6853674351
-9.19822424553 -4.96813202358 -66.6934856312
-9.18645271751 -4.9459679172 -66.6992477287
-9.17148207132 -4.92423859931 -66.7026864099
-9.15343618513 -4.90294097681 -66.7038833673
-9.13250473527 -4.88206700631 -66.7029656757
-9.10893714097 -4.86160554963 -66.7001007735
-9.08303456884 -4.84154416187 -66.6954902331
-9.05514027955 -4.82187074687 -66.6893625427
-9.02562865539 -4.80257502348 -66.6819651533
-8.99489329045 -4.78364975661 -66.6735560616
-8.96333455641 -4.76509171851 -66.6643952187
-8.93134707255 -4.746902359 -66.6547360517
-8.89930751063 -4.72908817633 -66.6448173818
-8.8675631518 -4.71166079386 -66.6348560036
-8.83642158512 -4.69463676013 -66.6250401675
-8.80614189631 -4.67803710192 -66.6155241702
-8.77692764291 -4.66188666955 -66.6064242226
-8.74892184863 -4.64621332224 -66.5978157143
-8.72220417944 -4.63104700708 -66.5897319484
-8.69679038759 -4.61641878909 -66.5821643678
-8.67263403071 -4.60235989044 -66.5750642412
-8.64963039445 -4.58890079582 -66.5683457297
-8.62762247026 -4.57607047665 -66.5618902066
-8.60640876942 -4.56389578043 -66.5555516604
-8.58575269041 -4.55240102328 -66.5491629765
-8.56539310376 -4.54160781334 -66.5425428649
-8.54505577649 -4.53153512124 -66.5355031801
-8.52446522962 -4.52219960153 -66.5278563681
-8.50335660804 -4.5136161562 -66.5194227767
-8.48148714176 -4.50579871862 -66.5100375693
-8.45864679282 -4.4987612247 -66.4995570007
-8.43466771051 -4.49251872682 -66.4878638397
-8.40943215982 -4.48708859729 -66.4748717534
-8.38287864141 -4.48249176076 -66.460528509
-8.35500598483 -4.47875389025 -66.4448178912
-8.32587526762 -4.47590649914 -66.4277602811
-8.29560948884 -4.47398786221 -66.4094118916
-8.26439100441 -4.47304370182 -66.389862701
-8.23245680973 -4.47312758154 -66.3692331759
-8.20009183065 -4.47430095811 -66.347669917
-8.16762045365 -4.47663285335 -66.3253403982
-8.13539658812 -4.48019912079 -66.3024270042
-8.10379260542 -4.48508129586 -66.2791205951
-8.07318753944 -4.49136503436 -66.2556138433
-8.04395495984 -4.49913815936 -66.2320945944
-8.01645094184 -4.50848835321 -66.2087395052
-7.99100255393 -4.51950054601 -66.1857081974
-7.96789726815 -4.53225406637 -66.1631381496
-7.94737366644 -4.54681963238 -66.1411405199
-7.92961377291 -4.5632562709 -66.1197970604
-7.91473728596 -4.5816082605 -66.0991582411
-7.90279791951 -4.60190219816 -66.0792426588
-7.89378198956 -4.62414429049 -66.0600377576
-7.88760930531 -4.6483179686 -66.0415018391
-7.88413634396 -4.67438191972 -66.0235672943
-7.8831616092 -4.70226862013 -66.00614494
-7.88443299749 -4.73188344168 -65.9891293037
-7.88765692548 -4.76310438977 -65.9724046635
-7.89250891064 -4.79578251328 -65.9558516194
-7.89864524495 -4.82974300825 -65.9393539518
-7.90571536242 -4.86478701665 -65.9228055073
-7.91337447544 -4.90069410093 -65.9061168525
-7.92129604346 -4.93722535403 -65.8892214353
-7.92918364129 -4.97412708442 -65.8720810144
-7.93678181286 -5.01113499692 -65.8546901356
-7.94388552879 -5.04797877303 -65.837079468
-7.95034791234 -5.08438694051 -65.8193178501
-7.95608595576 -5.12009191025 -65.8015129405
-7.96108401638 -5.15483505089 -65.7838104144
-7.96539495663 -5.18837166762 -65.7663917
-7.96913887188 -5.22047575124 -65.7494702986
-7.97249943182 -5.25094436758 -65.7332867836
-7.97571794263 -5.27960156521 -65.7181026207
-7.97908531526 -5.30630169093 -65.7041929953
-7.98293219704 -5.33093201743 -65.6918388706
-7.98761758769 -5.35341460582 -65.6813185303
-7.99351631372 -5.37370734604 -65.6728988795
-8.0010057758 -5.39180414085 -65.6668267947
-8.01045241023 -5.40773422254 -65.6633208097
-8.02219831781 -5.42156061608 -65.6625634254
-8.0365485097 -5.43337778598 -65.6646943075
-8.05375920167 -5.44330852778 -65.6698046151
-8.0740275548 -5.45150018594 -65.6779326673
-8.09748321415 -5.45812029939 -65.689061113
-8.12418193852 -5.46335179221 -65.7031157217
-8.15410154548 -5.4673878395 -65.7199658626
-8.18714032015 -5.47042654784 -65.7394266831
-8.22311795406 -5.47266559463 -65.7612629416
-8.26177899726 -5.47429697114 -65.7851943981
-8.30279872277 -5.47550197105 -65.8109026118
-8.34579122253 -5.47644655819 -65.8380389478
-8.39031947955 -5.47727723602 -65.8662335549
-8.43590709474 -5.47811752607 -65.8951050441
-8.48205129183 -5.47906514467 -65.9242705689
-8.52823678076 -5.48018994646 -65.9533559978
-8.57395003095 -5.4815326808 -65.9820058614
-8.61869349207 -5.48310458338 -66.0098927622
-8.66199930102 -5.48488780131 -66.0367259518
-8.703442031 -5.48683662605 -66.0622588039
-8.74265006977 -5.48887948565 -66.0862949473
-8.77931525987 -5.49092162661 -66.1086928628
-8.81320049089 -5.49284839696 -66.1293687989
-8.84414500197 -5.49452902601 -66.1482979121
-8.87206722857 -5.49582078366 -66.1655135971
-8.89696510881 -5.49657339333 -66.1811050264
-8.91891384913 -5.49663356738 -66.1952129788
-8.93806123279 -5.49584953294 -66.2080240909
-8.95462063616 -5.49407541914 -66.2197637145
-8.96886199309 -5.49117538334 -66.2306876088
-8.98110101535 -5.48702736471 -66.241072733
-8.99168703385 -5.48152636679 -66.251207435
-9.00098987041 -5.47458718723 -66.2613813464
-9.00938618063 -5.46614653124 -66.2718753093
-9.0172457244 -5.4561644656 -66.2829516533
-9.0249180219 -5.44462519062 -66.2948451308
-9.03271983791 -5.43153712904 -66.3077547988
-9.04092390826 -5.41693235127 -66.3218370998
-9.04974927915 -5.40086537602 -66.3372003584

/group/femoral_left/87
87
posId 87-8.79869992949 -5.33872968352 -66.6493054706
-8.8175489882 -5.26528146238 -66.6999543585
-8.86971007234 -5.26870645106 -66.7329568848
-8.91839428944 -5.30198738899 -66.7481615532
-8.93380495055 -5.3235217729 -66.747271472
-8.94052536753 -5.37520536153 -66.7249554765
-8.9404868981 -5.42937780914 -66.6968425863
-8.91839428944 -5.4412408142 -66.6759616681
-8.86971007234 -5.43121590808 -66.6486992508

/group/femoral_left/90
90
posId 90-8.61395583624 -4.92781977166 -67.0852878758
-8.59313552364 -4.90653069618 -67.0809719751
-8.5708938226 -4.88542400822 -67.0755950166
-8.54727159264 -4.86458617759 -67.0691445315
-8.52232286962 -4.84410885964 -67.061614665
-8.4961145552 -4.82408792107 -67.0530064201
-8.46872590632 -4.80462239882 -67.0433277946
-8.44024783209 -4.78581340804 -67.0325938106
-8.41078200883 -4.76776301555 -67.0208264343
-8.38043982706 -4.75057309539 -67.00805439
-8.34934118704 -4.73434418338 -66.9943128699
-8.31761316201 -4.71917434716 -66.9796431458
-8.28538855054 -4.70515808764 -66.9640920906
-8.25280434105 -4.69238528731 -66.9477116165
-8.22000011325 -4.68094021952 -66.9305580427
-8.18711640203 -4.67090063198 -66.9126914013
-8.15429305018 -4.66233691609 -66.8941746961
-8.12166757609 -4.65531137226 -66.8750731263
-8.08937358256 -4.64987757969 -66.8554532898
-8.05753923201 -4.64607987735 -66.8353823797
-8.02628581203 -4.64395296079 -66.8149273885
-7.99572641387 -4.6435215979 -66.7941543346
-7.96596474421 -4.64480046432 -66.7731275235
-7.93709408848 -4.64779409792 -66.7519088577
-7.90919644116 -4.65249696934 -66.7305572067
-7.88234181573 -4.65889366424 -66.709127848
-7.85658774383 -4.66695917114 -66.6876719885
-7.83197896989 -4.67665926736 -66.666236374
-7.80854734425 -4.68795099401 -66.6448629933
-7.78631191427 -4.70078321013 -66.6235888813
-7.7652792097 -4.71509721512 -66.6024460227
-7.74544371534 -4.73082742766 -66.5814613592
-7.72678852069 -4.74790210915 -66.5606568956
-7.70928613349 -4.76624411919 -66.5400499047
-7.6928994414 -4.78577169088 -66.5196532239
-7.67758280349 -4.80639921351 -66.4994756379
-7.66328325117 -4.82803801107 -66.479522338
-7.64994177669 -4.85059710529 -66.459795449
-7.63749468552 -4.87398395297 -66.4402946121
-7.62587498864 -4.89810514804 -66.4210176116
-7.61501380968 -4.92286708028 -66.401961032
-7.60484178226 -4.94817654356 -66.3831209319
-7.59529041305 -4.97394128796 -66.3644935215
-7.58629338686 -5.00007051147 -66.3460758274
-7.57778779154 -5.02647528849 -66.3278663328
-7.56971524176 -5.05306893371 -66.3098655784
-7.562022883 -5.07976730148 -66.2920767112
-7.55466425931 -5.1064890221 -66.2745059693
-7.54760003087 -5.1331556778 -66.2571630923
-7.54079853036 -5.15969192245 -66.2400616464
-7.53423615007 -5.18602555003 -66.2232192589
-7.52789755491 -5.21208751797 -66.2066577527
-7.52177571951 -5.23781193208 -66.1904031795
-7.51587179109 -5.26313600058 -66.1744857465
-7.51019478269 -5.28799996518 -66.1589396387
-7.50476110469 -5.31234701704 -66.1438027366
-7.49959394535 -5.33612320609 -66.1291162332
-7.49472251376 -5.35927735137 -66.1149241568
-7.49018116142 -5.38176096025 -66.1012728057
-7.48600840028 -5.40352816344 -66.0882101048
-7.48224583758 -5.42453567225 -66.0757848942
-7.47893704872 -5.44474276372 -66.064046163
-7.47612641084 -5.46411129785 -66.0530422403
-7.47385792042 -5.48260577069 -66.0428199588
-7.47217401821 -5.50019340527 -66.0334238058
-7.47111444503 -5.5168442814 -66.0248950768
-7.47071515086 -5.53253150387 -66.0172710483
-7.4710072792 -5.54723140759 -66.0105841842
-7.47201624668 -5.56092379645 -66.0048613923
-7.47376093665 -5.57359221174 -66.000123345
-7.47625302279 -5.5852242248 -65.9963838782
-7.47949643695 -5.59581174728 -65.9936494801
-7.48348699224 -5.60535135167 -65.9919188829
-7.4882121698 -5.61384459374 -65.991182765
-7.49365107448 -5.62129832798 -65.9914235731
-7.49977456165 -5.62772500686 -65.9926154686
-7.50654553394 -5.63314295393 -65.9947244038
-7.51391940381 -5.63757660141 -65.9977083275
-7.52184471442 -5.64105668246 -66.0015175219
-7.53026390871 -5.64362036904 -66.0060950649
-7.53911423312 -5.64531134676 -66.0113774161
-7.54832876067 -5.64617981868 -66.0172951169
-7.55783751493 -5.64628243136 -66.0237735966
-7.56756867517 -5.64568211725 -66.0307340734
-7.57744984077 -5.6444478489 -66.0380945377
-7.58740933218 -5.64265430211 -66.0457708025
-7.59737750449 -5.64038142626 -66.0536776066
-7.60728804962 -5.63771392216 -66.0617297528
-7.6170792628 -5.63474062903 -66.0698432647
-7.62669524982 -5.63155382427 -66.0779365429
-7.63608705206 -5.62824844116 -66.0859315044
-7.64521366789 -5.62492121134 -66.0937546849
-7.65404295056 -5.6216697407 -66.1013382882
-7.66255236469 -5.61859152861 -66.108621165
-7.67072958608 -5.61578294177 -66.1155497055
-7.67857293192 -5.61333815557 -66.1220786305
-7.68609161159 -5.61134807633 -66.1281716685
-7.69330579125 -5.60989925902 -66.1338021073
-7.70024646855 -5.60907283571 -66.13895321
-7.70695515745 -5.60894347003 -66.1436184882
-7.71348338581 -5.60957835339 -66.1478018281
-7.71989201249 -5.61103625846 -66.1515174647
-7.72625037325 -5.61336666504 -66.1547898053
-7.73263526804 -5.61660897268 -66.1576531034
-7.73912980527 -5.62079181383 -66.1601509874
-7.74582212088 -5.62593247971 -66.1623358497
-7.75280399256 -5.63203647018 -66.1642681074
-7.76016937138 -5.63909717703 -66.1660153421
-7.76801285461 -5.64709570828 -66.1676513344
-7.77642812459 -5.6560008596 -66.1692550056
-7.78550637954 -5.66576923624 -66.1709092836
-7.79533478206 -5.67634552736 -66.1726999093
-7.80599495129 -5.687662932 -66.1747142023
-7.81756152394 -5.69964373382 -66.1770398039
-7.83010080835 -5.71220001952 -66.1797634165
-7.84366955433 -5.72523453369 -66.182969559
-7.85831385971 -5.7386416605 -66.1867393561
-7.87406823223 -5.75230852101 -66.1911493803
-7.89095482288 -5.7661161726 -66.196270564
-7.90898284412 -5.77994089567 -66.2021671968
-7.92814818311 -5.79365555119 -66.2088960246
-7.94843321705 -5.80713099131 -66.2165054613
-7.96980683416 -5.82023750457 -66.2250349267
-7.99222466066 -5.83284627617 -66.2345143175
-8.01562949037 -5.84483084377 -66.2449636207
-8.03995191032 -5.85606852871 -66.2563926718
-8.06511111246 -5.86644182329 -66.2688010625
-8.09101587839 -5.87583971468 -66.2821781959
-8.11756572104 -5.88415892718 -66.2965034882
-8.14465216484 -5.89130506569 -66.3117467119
-8.17216014332 -5.89719364413 -66.3278684728
-8.19996949126 -5.90175098489 -66.344820813
-8.22795650688 -5.90491497641 -66.3625479281
-8.25599555846 -5.90663567872 -66.3809869863
-8.28396070896 -5.90687576858 -66.4000690349
-8.31172733196 -5.9056108183 -66.4197199786
-8.33917369261 -5.9028294048 -66.4398616142
-8.36618246748 -5.89853304785 -66.4604127017
-8.39264217877 -5.89273597927 -66.4812900578
-8.41844851957 -5.88546474681 -66.5024096504
-8.4435055487 -5.87675765957 -66.523687679
-8.46772673614 -5.86666408357 -66.5450416222
-8.4910358425 -5.85524359867 -66.5663912363
-8.51336761886 -5.84256502996 -66.5876594892
-8.53466831651 -5.82870536864 -66.6087734166
-8.55489599921 -5.81374859883 -66.6296648852
-8.57402065433 -5.79778444856 -66.6502712548
-8.59202410221 -5.78090708369 -66.6705359276
-8.60889970713 -5.76321376487 -66.6904087793
-8.62465189615 -5.7448034876 -66.7098464659
-8.63929549577 -5.72577562609 -66.7288126041
-8.65285489935 -5.70622860115 -66.7472778234
-8.66536308102 -5.68625859193 -66.7652196935
-8.67686047465 -5.6659583107 -66.7826225284
-8.68739373865 -5.64541585856 -66.799477075
-8.69701442922 -5.62471367881 -66.8157800929
-8.70577760639 -5.60392762306 -66.831533835
-8.71374039822 -5.58312614313 -66.8467454404
-8.72096054916 -5.56236962016 -66.8614262531
-8.727494979 -5.54170983971 -66.875591078
-8.73339837831 -5.52118961952 -66.8892573918
-8.73872186586 -5.50084259425 -66.9024445223
-8.7435117323 -5.48069315881 -66.9151728122
-8.74780829277 -5.46075656955 -66.9274627847
-8.75164486919 -5.44103920002 -66.939334325
-8.75504692089 -5.42153894579 -66.9508058936
-8.75803133921 -5.40224577008 -66.9618937868
-8.76060591922 -5.38314238043 -66.972611457
-8.76276901832 -5.36420502391 -66.9829689058
-8.76450940834 -5.34540438722 -66.9929721607
-8.76580632421 -5.32670658606 -67.002622845
-8.76662970892 -5.30807422701 -67.0119178483
-8.76694065107 -5.28946752407 -67.020849104
-8.76669200771 -5.27084545137 -67.0294034762
-8.76582920211 -5.25216691294 -67.0375627597
-8.76429118294 -5.23339191049 -67.0453037909
-8.76201152849 -5.21448269017 -67.0525986687
-8.75891967686 -5.19540484982 -67.0594150798
-8.75494226108 -5.17612838899 -67.0657167231
-8.75000452597 -5.15662868501 -67.0714638251
-8.74403180218 -5.13688737965 -67.0766137364
-8.73695101186 -5.11689316263 -67.0811215972
-8.72869217962 -5.09664243962 -67.0849410626
-8.71918992248 -5.07613987476 -67.08802507
-8.70838489265 -5.05539879924 -67.0903266386
-8.69622514782 -5.03444148025 -67.0917996836
-8.68266742474 -5.01329924635 -67.092399832
-8.66767829357 -4.99201246781 -67.0920852235
-8.65123517235 -4.97063039287 -67.0908172842

/group/femoral_left/93
93
posId 93-8.50513355289 -5.05430513392 -67.1634738115
-8.487343195 -5.02143624227 -67.1658269952
-8.46930377674 -4.98680810888 -67.1687945351
-8.4511329615 -4.95073659418 -67.1723167971
-8.43293766582 -4.91359588719 -67.1763005769
-8.41481180306 -4.87580969137 -67.1806214776
-8.39683430166 -4.83784110008 -67.1851270643
-8.37906745227 -4.80018142823 -67.1896407147
-8.36155563034 -4.7633382927 -67.1939660661
-8.34432443273 -4.72782325289 -67.1978919476
-8.32738025684 -4.69413933328 -67.2011976718
-8.31071034071 -4.66276875193 -67.2036585551
-8.29428327104 -4.63416117291 -67.2050515278
-8.27804995517 -4.60872278602 -67.2051606974
-8.26194504124 -4.58680649517 -67.2037827254
-8.24588875983 -4.56870346715 -67.2007318896
-8.22978914947 -4.55463625694 -67.1958447068
-8.21354461884 -4.54475368391 -67.1889840052
-8.19704678928 -4.53912758781 -67.1800423511
-8.18018355404 -4.53775154401 -67.1689447489
-8.16284228426 -4.54054156643 -67.1556505532
-8.14491310755 -4.54733877504 -67.1401545525
-8.12629218196 -4.55791395316 -67.1224872037
-8.10688488771 -4.57197387139 -67.1027140188
-8.08660885967 -4.58916920841 -67.0809341262
-8.06539678672 -4.60910385795 -67.0572780499
-8.04319890863 -4.63134537501 -67.0319047685
-8.01998514773 -4.65543628514 -67.0049981346
-7.99574682039 -4.68090595796 -66.9767627493
-7.97049788281 -4.70728273206 -66.9474194014
-7.94427567608 -4.73410597135 -66.9172001882
-7.91714114707 -4.76093773563 -66.8863434469
-7.88917853355 -4.78737375766 -66.855088622
-7.86049451466 -4.81305343773 -66.8236712026
-7.8312168402 -4.83766859208 -66.7923178548
-7.80149246456 -4.8609707246 -66.7612418711
-7.77148522292 -4.88277662934 -66.7306390485
-7.74137309811 -4.90297217578 -66.7006840962
-7.71134513661 -4.92151417589 -66.6715276579
-7.68159808049 -4.9384302827 -66.6432940172
-7.65233278914 -4.95381692185 -66.6160795385
-7.62375053001 -4.96783530927 -66.5899518719
-7.59604922082 -4.98070565894 -66.5649499365
-7.56941970747 -4.99269973249 -66.5410846683
-7.54404216116 -5.00413192672 -66.5183405071
-7.520082676 -5.0153491341 -66.4966775711
-7.49769014388 -5.0267196448 -66.4760344525
-7.47699347748 -5.0386213849 -66.4563315536
-7.4580992442 -5.05142980428 -66.437474863
-7.44108976462 -5.06550573837 -66.4193600684
-7.42602171858 -5.08118357032 -66.4018768854
-7.41292529042 -5.09876001377 -66.3849134851
-7.40180387231 -5.11848382243 -66.3683608926
-7.39263433228 -5.1405467096 -66.3521172379
-7.38536784032 -5.16507573141 -66.3360917384
-7.37993123328 -5.19212735061 -66.3202083037
-7.37622888702 -5.22168335573 -66.3044086623
-7.37414505279 -5.25364876291 -66.2886549241
-7.37354660416 -5.28785177748 -66.2729315049
-7.37428613187 -5.32404583938 -66.2572463611
-7.37620531581 -5.36191372247 -66.2416314975
-7.3791384979 -5.40107360496 -66.2261427315
-7.3829163747 -5.44108697624 -66.2108587201
-7.38736972678 -5.48146819707 -66.1958792712
-7.39233310128 -5.52169548657 -66.1813229842
-7.39764836549 -5.56122307011 -66.167324282
-7.40316805318 -5.59949419122 -66.1540299113
-7.40875843027 -5.6359546652 -66.1415950067
-7.41430221365 -5.67006663604 -66.1301788215
-7.41970088544 -5.70132219 -66.119940243
-7.42487655462 -5.72925647958 -66.1110332118
-7.42977332897 -5.75346002132 -66.1036021707
-7.43435817184 -5.77358984831 -66.0977776684
-7.43862123025 -5.78937922459 -66.0936722398
-7.44257563345 -5.80064566185 -66.0913766784
-7.44625677314 -5.80729701928 -66.0909568057
-7.44972108833 -5.80933551304 -66.0924508333
-7.45304438946 -5.8068595126 -66.0958673946
-7.45631976618 -5.80006305473 -66.1011843089
-7.45965513263 -5.78923306208 -66.1083481213
-7.46317047171 -5.77474430964 -66.1172744414
-7.46699484612 -5.75705223797 -66.1278490834
-7.47126324814 -5.73668376587 -66.1399299899
-7.4761133633 -5.71422630512 -66.1533499003
-7.48168232355 -5.69031522504 -66.1679197058
-7.48810352482 -5.66562005421 -66.1834324145
-7.49550358104 -5.64082973921 -66.1996676328
-7.50399948224 -5.61663730458 -66.2163964572
-7.51369601832 -5.59372427531 -66.2333866566
-7.52468352257 -5.57274522998 -66.2504080179
-7.53703598054 -5.55431285194 -66.2672377231
-7.55080953983 -5.53898383517 -66.283665622
-7.56604144653 -5.52724598241 -66.2994992679
-7.58274942263 -5.51950680583 -66.3145685867
-7.600931488 -5.51608390519 -66.3287300594
-7.62056621955 -5.51719735688 -66.3418703092
-7.64161342946 -5.52296429934 -66.353908995
-7.66401523452 -5.53339584825 -66.3648009354
-7.68769747937 -5.54839641923 -66.3745374002
-7.71257146864 -5.56776547839 -66.3831465303
-7.73853595597 -5.59120168268 -66.3906928659
-7.76547933292 -5.61830931515 -66.3972759871
-7.79328195662 -5.64860686501 -66.4030282909
-7.82181855341 -5.68153755111 -66.4081119504
-7.85096063478 -5.71648154119 -66.4127151244
-7.88057886353 -5.7527695786 -66.4170475026
-7.91054531057 -5.78969769511 -66.4213352879
-7.94073554749 -5.82654266262 -66.4258157348
-7.97103052534 -5.86257781973 -66.430731371
-8.00131819736 -5.8970889007 -66.4363240401
-8.03149485122 -5.92938949549 -66.4428289084
-8.06146612504 -5.95883577914 -66.4504685777
-8.09114769092 -5.98484016765 -66.4594474486
-8.12046559938 -6.00688358456 -66.4699464699
-8.14935628756 -6.02452605663 -66.4821184021
-8.17776626386 -6.03741539916 -66.4960837112
-8.20565149039 -6.04529379767 -66.5119271939
-8.23297649307 -6.04800214524 -66.5296954184
-8.25971323673 -6.04548204915 -66.549395045
-8.28583980841 -6.03777547755 -66.5709920697
-8.31133895762 -6.02502207435 -66.5944120117
-8.3361965454 -6.00745422682 -66.6195410437
-8.36039995641 -5.98539002471 -66.6462280403
-8.38393652876 -5.95922430003 -66.6742874974
-8.40679205512 -5.92941798257 -66.7035032549
-8.42894940637 -5.89648604558 -66.7336329359
-8.45038732494 -5.86098434891 -66.7644129967
-8.47107942954 -5.82349571199 -66.7955642688
-8.49099346675 -5.78461556523 -66.8267978606
-8.51009083724 -5.74493753685 -66.8578212793
-8.52832641604 -5.70503933079 -66.8883446261
-8.54564867771 -5.66546924168 -66.9180867186
-8.56200012751 -5.62673363447 -66.9467809942
-8.57731803101 -5.58928568985 -66.9741810531
-8.591535425 -5.55351568301 -67.0000657122
-8.60458238397 -5.5197430225 -67.0242434473
-8.61638750883 -5.48821023091 -67.0465561214
-8.62687959669 -5.4590789983 -67.0668819105
-8.63598944529 -5.43242838684 -67.0851373613
-8.64365174032 -5.40825520997 -67.1012785314
-8.64980697086 -5.38647655446 -67.115301192
-8.65440331611 -5.36693436 -67.1272400882
-8.65739844647 -5.34940191889 -67.1371672813
-8.65876118316 -5.33359211133 -67.1451896161
-8.65847296351 -5.31916714819 -67.1514453777
-8.6565290634 -5.30574955697 -67.1561002245
-8.65293953398 -5.29293411595 -67.159342497
-8.64772981687 -5.28030041991 -67.1613780219
-8.64094101013 -5.26742574584 -67.1624245383
-8.63262976613 -5.25389788203 -67.162705885
-8.62286781201 -5.23932758623 -67.1624460922
-8.61174109361 -5.2233603505 -67.161863521
-8.5993485535 -5.20568716939 -67.1611651951
-8.58580056408 -5.1860540359 -67.1605414631
-8.57121704598 -5.16426992315 -67.1601611186
-8.5557253111 -5.14021305064 -67.1601670979
-8.53945767764 -5.1138352785 -67.1606728564

/group/femoral_left/96
96
posId 96-8.24717055782 -5.62227455134 -66.7631342809
-8.29516407674 -5.61870137407 -66.7980704958
-8.33868575439 -5.60988647729 -66.8322464598
-8.37541235549 -5.59545623386 -66.8642156372
-8.40392331413 -5.57467758125 -66.8933193673
-8.42392973042 -5.54678999507 -66.9196973524
-8.43621464363 -5.51144659583 -66.9440487509
-8.44229289125 -5.46910823429 -66.9672195358
-8.44388470917 -5.42123926578 -66.9897492293
-8.44235638312 -5.37021297833 -67.0115246975
-8.43829402464 -5.3189294025 -67.0316551393
-8.43133791935 -5.27024662748 -67.0486115396
-8.42032645147 -5.22639478495 -67.0605889163
-8.40370484829 -5.18855520444 -67.065978591
-8.38007439744 -5.15673980793 -67.0638036611
-8.34871722353 -5.13001216782 -67.0539845824
-8.30994233231 -5.10698232894 -67.0373580763
-8.26515607959 -5.08641876819 -67.0154521929
-8.21664527711 -5.06778247414 -66.9900966234
-8.16714626404 -5.05151315509 -66.9629952766
-8.11933175648 -5.03897794085 -66.9353927957
-8.07536199896 -5.0321020576 -66.9079280747
-8.03661541125 -5.03280272545 -66.8807005234
-8.00364936407 -5.04240850235 -66.8535026972
-7.97636697724 -5.06124691655 -66.8261207148
-7.95430604831 -5.08852429647 -66.7985887351
-7.93694002551 -5.12252390915 -66.7713093396
-7.92389440907 -5.16104519769 -66.7450072651
-7.91502708249 -5.20193260553 -66.7205485255
-7.91037917845 -5.24352120278 -66.6987068395
-7.91005193057 -5.28486358802 -66.6799765399
-7.91408687454 -5.32568378551 -66.6645099922
-7.92241490721 -5.36609988055 -66.6522063466
-7.93490033465 -5.40623439952 -66.642916511
-7.95145587997 -5.44586377503 -66.63667992
-7.97216450425 -5.48423579289 -66.6338908568
-7.99733083307 -5.52011631369 -66.6353132643
-8.02740566774 -5.55203917465 -66.6419164641
-8.06277512071 -5.57865794297 -66.6545712584
-8.1034639661 -5.5990621897 -66.6737023226
-8.14884862612 -5.61293680581 -66.6990175389

/group/femoral_left/99
99
posId 99-8.26424625404 -5.61379952096 -66.7359839341
-8.31288181988 -5.61013043901 -66.7714090471
-8.35694077857 -5.60084480181 -66.8061688968
-8.39401088264 -5.58568881156 -66.8387014881
-8.42264417232 -5.56413739332 -66.8682360463
-8.44258724372 -5.53565005126 -66.8948384547
-8.45470233176 -5.50003161442 -66.9191949845
-8.4605956646 -5.45777131471 -66.9422023878
-8.46205909479 -5.41022918941 -66.9644966211
-8.4604895463 -5.35958140668 -66.9860740539
-8.45645901143 -5.30851286332 -67.0061303619
-8.44956245139 -5.25973088691 -67.0231725214
-8.43858606347 -5.21543876661 -67.0353713136
-8.42194081451 -5.17692902052 -67.0410444995
-8.39822673018 -5.14442501243 -67.039119668
-8.36675690866 -5.11722465869 -67.0294339079
-8.32788722435 -5.09410538236 -67.0127815853
-8.28306145754 -5.07386612735 -66.9907031102
-8.23457053112 -5.05583779527 -66.9650892505
-8.18510960298 -5.04020290725 -66.9377304154
-8.13727117932 -5.02802582852 -66.9099510367
-8.09312042979 -5.02098680999 -66.8824336079
-8.05396061825 -5.02090634159 -66.8552686264
-8.02032736582 -5.02921055147 -66.8281898721
-7.99217517296 -5.04650314786 -66.8008955478
-7.96916375798 -5.07237081582 -66.7733342697
-7.95093276082 -5.10547087654 -66.7458566488
-7.93727489515 -5.14385903444 -66.7191888801
-7.92816892264 -5.18544147705 -66.6942533071
-7.92369400817 -5.22840314847 -66.6719172562
-7.92389300697 -5.27148191489 -66.6527753695
-7.92866717261 -5.31401854276 -66.6370540994
-7.93776406406 -5.35579276698 -66.6246766774
-7.95087322488 -5.39672791977 -66.6154617687
-7.96778985743 -5.43658604663 -66.6093736156
-7.98856746208 -5.4747697619 -66.606716743
-8.01357301357 -5.51030011986 -66.6081841892
-8.04338754132 -5.54196983981 -66.6147198704
-8.07855176614 -5.56860440418 -66.6272250405
-8.11922048646 -5.58932423873 -66.6462008827
-8.16483656745 -5.6037033756 -66.6714510467

