/group/knee_right/0
0
posId 04.33289272648 -6.77489664399 -73.9814688865
4.39100745878 -6.80117503686 -73.9591495903
4.44927237528 -6.81581870337 -73.9455983989
4.5031753087 -6.8196735169 -73.9403715558
4.5509448467 -6.81530330956 -73.9416117254
4.59313934601 -6.80552695946 -73.9471689645
4.63132506428 -6.7920285311 -73.955705799
4.66658434643 -6.77472918128 -73.9672351126
4.6985963492 -6.75220551243 -73.982844197
4.72566850115 -6.72289750269 -74.0037824127
4.74557346213 -6.68644868692 -74.0304144464
4.75664169677 -6.64446519448 -74.0616008494
4.758477003 -6.60029233645 -74.0948357368
4.75192649427 -6.5579212958 -74.1270726214
4.73838730657 -6.52058550663 -74.1558128182
4.71891458678 -6.48975595694 -74.1799015443
4.69369838516 -6.46502378042 -74.1996389759
4.66224782116 -6.44488788983 -74.2161783133
4.62419115778 -6.42799481003 -74.230556305
4.58021422668 -6.41415420359 -74.2428869837
4.53253957734 -6.40459143057 -74.2521505739
4.48457311859 -6.40132078974 -74.2566813811
4.43980210595 -6.40600281841 -74.2550770067
4.40047277218 -6.41892966084 -74.2470204597
4.3667588264 -6.43871385097 -74.2335506508
4.33693607563 -6.46287367436 -74.2166134148
4.3085856898 -6.48901587127 -74.1981177693
4.2803042533 -6.51597756733 -74.1790011146
4.25308684604 -6.54428867818 -74.1588209816
4.23064517054 -6.57566066964 -74.1361269041
4.21839762236 -6.61172123061 -74.109458152
4.22149858608 -6.65262850056 -74.0784736476
4.24275104968 -6.69629224224 -74.0446291627

/group/knee_right/3
3
posId 34.32192633041 -6.64908840759 -74.288028571
4.36077674383 -6.5962622672 -74.3257904989
4.40574530702 -6.56051616979 -74.3505800392
4.45152539709 -6.54522334438 -74.3601013175
4.49682257308 -6.54558529228 -74.3579814846
4.54276666052 -6.55302060731 -74.3505664592
4.58932250696 -6.56155382349 -74.3423086474
4.6330549014 -6.57153188281 -74.3330899372
4.66834400182 -6.58821109255 -74.3192245913
4.69103857614 -6.61672509446 -74.2970582555
4.7013008249 -6.65750206543 -74.2662653667
4.70301291606 -6.7054475433 -74.2304820855
4.70008035868 -6.75299272743 -74.19518669
4.69272228181 -6.79418696903 -74.1648027142
4.67697460662 -6.8266894028 -74.1412357266
4.64798131153 -6.85075861551 -74.1244914637
4.60444994961 -6.86697576546 -74.1141898275
4.55063196508 -6.87514810243 -74.1103007364
4.4942336984 -6.87519244909 -74.1125713707
4.44203435631 -6.86852742842 -74.1196681285
4.39681902751 -6.85785719354 -74.129462995
4.35799067275 -6.84488002999 -74.1407153481
4.32500515294 -6.82785628868 -74.1547432336
4.30035867875 -6.80174904868 -74.1751965627
4.28931234481 -6.76180450795 -74.2054014228

/group/knee_right/6
6
posId 64.32454151009 -6.88539784896 -74.625722415
4.35549102225 -6.82882537393 -74.6658766305
4.39924839582 -6.79259544071 -74.690696723
4.45167472486 -6.77995124995 -74.6979691671
4.50848643505 -6.78343159838 -74.6933026989
4.56530690077 -6.79176396189 -74.6850927376
4.61734876414 -6.79870771769 -74.6780755382
4.65984708984 -6.80699827608 -74.6704318031
4.68957449996 -6.82473726674 -74.6563660631
4.70642454006 -6.85768912164 -74.6316728453
4.7134884107 -6.90393833676 -74.5976353176
4.71497898868 -6.95494734275 -74.5603304313
4.71313226153 -7.00152139198 -74.5263889823
4.70632835096 -7.03931808253 -74.4990425822
4.69003840291 -7.06948044337 -74.4776259335
4.66016157451 -7.09461604998 -74.46038825
4.61644164372 -7.11443966632 -74.4475474078
4.56348229347 -7.12534757223 -74.441562816
4.50862261278 -7.12419715698 -74.4444548465
4.45825453727 -7.11237137164 -74.4549745239
4.41524791366 -7.09572250651 -74.468740893
4.37917537149 -7.07976216975 -74.4817451079
4.34882403859 -7.06414012946 -74.4942882898
4.32481649499 -7.04171755643 -74.5115602551
4.3102996811 -7.00397555302 -74.5396641899

/group/knee_right/9
9
posId 94.3743500355 -7.29790017884 -74.9609683076
4.35832562171 -7.2238138178 -75.0136292722
4.36184117079 -7.15784172781 -75.0599669885
4.38242111768 -7.1142043793 -75.0900468925
4.41519173643 -7.09113784369 -75.1052631257
4.45368330884 -7.07729046569 -75.1138099095
4.49189855793 -7.06449602764 -75.1216240048
4.52687458028 -7.05453997094 -75.1275409328
4.55972420545 -7.05462683468 -75.1264535861
4.59380191904 -7.06781796634 -75.1161018375
4.63097889482 -7.0891083334 -75.0999510179
4.66891885556 -7.11105879073 -75.0833116279
4.70172253891 -7.13238937241 -75.0672691127
4.7235443267 -7.15968731684 -75.0473683496
4.73217947103 -7.19973661952 -75.0189019521
4.72959813753 -7.25023284546 -74.9834308077
4.71908213449 -7.29898855864 -74.9494329399
4.701618501 -7.33338844053 -74.925759308
4.67481972573 -7.35112163647 -74.914111449
4.6353588809 -7.36119290277 -74.9082535094
4.58284441432 -7.37345040947 -74.9012641334
4.52194138781 -7.38649519052 -74.8939825287
4.46119724479 -7.3861888529 -74.8960957932

/group/knee_right/12
12
posId 124.51444285475 -7.63609531696 -75.3072361814
4.58520890984 -7.64829898657 -75.2981496951
4.64576994605 -7.64362079549 -75.3001524433
4.68914251249 -7.62548357074 -75.3111489025
4.71527879466 -7.59807344397 -75.328432848
4.72912476156 -7.56344782482 -75.350590316
4.73651882249 -7.52176418867 -75.3774208997
4.74059825984 -7.47398568106 -75.4082487965
4.74059883916 -7.42416164203 -75.440468336
4.73313763028 -7.37882718131 -75.4699105955
4.71464220107 -7.3437609951 -75.4928989997
4.68338128807 -7.32084200799 -75.5082477402
4.64034159209 -7.30779220415 -75.5174132753
4.58908171996 -7.30110693845 -75.5226018605
4.53498165303 -7.29963990277 -75.5244639424
4.48406395697 -7.30566095876 -75.5214299948
4.44140018543 -7.32238279707 -75.511336852
4.40944880497 -7.35010446357 -75.4939496234
4.38722203326 -7.38448138157 -75.4720944795
4.37121187015 -7.41873468817 -75.4502143128
4.35809520525 -7.44823174987 -75.4313609992
4.34784245673 -7.4736867156 -75.4150732216
4.34509084676 -7.50017258655 -75.3979921465
4.35737324681 -7.53249891267 -75.3768804164
4.39078005189 -7.57051281722 -75.3517340645

/group/knee_right/15
15
posId 154.45932955736 -7.80409541773 -75.6357162063
4.40926078569 -7.75455568532 -75.6621308533
4.38624393899 -7.70062704821 -75.6915901935
4.38638516171 -7.65339925969 -75.717843255
4.39835391459 -7.61546887694 -75.739193317
4.41532222855 -7.58356338227 -75.7573065204
4.44023573476 -7.55595256399 -75.7732104496
4.47964270424 -7.53578558954 -75.7853012655
4.53358032923 -7.52723756637 -75.791259214
4.59262878194 -7.53018071629 -75.7909445515
4.64474815167 -7.54049629513 -75.7863771491
4.68391763057 -7.55573904149 -75.7787814059
4.71162110789 -7.57884612902 -75.7665579991
4.73109616632 -7.61460995048 -75.7471156855
4.74212816671 -7.66243712234 -75.720779474
4.74215458509 -7.71391527772 -75.6921677468
4.73083252443 -7.75861260074 -75.667070989
4.71097569912 -7.79201119341 -75.6480632705
4.6840672827 -7.81671046769 -75.6337329852
4.64655651953 -7.83558594447 -75.6224024295
4.59338864753 -7.84495376733 -75.6160060472

/group/knee_right/18
18
posId 184.39555446594 -7.87957649878 -75.9099184135
4.42415896601 -7.94387964672 -75.8835710888
4.46887301208 -7.9766301751 -75.8730433561
4.52241146443 -7.97924718641 -75.8769944682
4.57739318349 -7.96988289444 -75.8865043756
4.62799368513 -7.96303067378 -75.8944575994
4.66985507595 -7.95596752526 -75.9016680497
4.70006482461 -7.93523654964 -75.9139443053
4.71798751987 -7.89401276699 -75.9343130571
4.72552879772 -7.84045496693 -75.9592660273
4.72531182868 -7.78912112569 -75.9824687544
4.7177714506 -7.74719618547 -76.000712462
4.70022001808 -7.71177574726 -76.0150533253
4.66953959703 -7.679674607 -76.0266332858
4.62633361401 -7.65582371003 -76.0332794499
4.5763548387 -7.64888843011 -76.0316233522
4.52743811997 -7.65967389367 -76.0220522185
4.48474460715 -7.67798925364 -76.0096714325
4.44896378229 -7.69390371966 -75.9990398351
4.41909551339 -7.71097349231 -75.9884526679
4.39668563009 -7.74453738975 -75.9711188829

/group/knee_right/21
21
posId 214.35321238474 -7.96210506727 -76.1318703742
4.34164045776 -7.88303459488 -76.1594928831
4.34795625572 -7.8184263249 -76.1850332597
4.36710079588 -7.77842668333 -76.2037145706
4.39661768708 -7.75774878068 -76.2170668542
4.43711243439 -7.74597110363 -76.2291320266
4.48810639739 -7.73879933231 -76.2414384841
4.54423250468 -7.73946471377 -76.2517576143
4.59637542919 -7.75176851816 -76.2569400743
4.63694514787 -7.77484002468 -76.2558846539
4.66402029243 -7.80540314749 -76.2494642745
4.68043323672 -7.84282096957 -76.2384523962
4.68927474227 -7.8888425016 -76.2227718797
4.69067254334 -7.94165798962 -76.2031288797
4.68258008021 -7.99243941055 -76.1824652747
4.66360239906 -8.03058334591 -76.1645148061
4.63415993265 -8.05303359059 -76.15050854
4.59519712973 -8.0665727123 -76.1380679788
4.54719159848 -8.07876280101 -76.1244329041
4.49181690962 -8.08649137811 -76.1110915882
4.43471803599 -8.07541741784 -76.1045122721

/group/knee_right/24
24
posId 244.30407401976 -8.04750292527 -76.3617449803
4.29359226861 -7.97005940256 -76.3860138894
4.2947963744 -7.90242617774 -76.4099515372
4.3100546518 -7.85744791233 -76.429699513
4.3408351396 -7.83620481348 -76.4452693579
4.38538498366 -7.82976580635 -76.4593157737
4.43806213803 -7.82792825958 -76.473907568
4.49117400505 -7.82764104158 -76.4880730803
4.5382148201 -7.83432331648 -76.4981969664
4.57626765584 -7.85545165908 -76.5008958004
4.60598093115 -7.89232464064 -76.4958878129
4.62940785538 -7.93729263456 -76.4863881309
4.64756341136 -7.97887806154 -76.4766737277
4.65955489157 -8.01035744776 -76.4688561557
4.66366106746 -8.03442553648 -76.461538541
4.65908376427 -8.05998587492 -76.4514002255
4.6466709554 -8.09388038212 -76.4362764469
4.62800393642 -8.13461617289 -76.4171073107
4.60382202157 -8.17325692684 -76.3972093324
4.57340131599 -8.20035383463 -76.3796905074
4.53564292396 -8.21262794943 -76.3654048924
4.49103969832 -8.21357101756 -76.3532636236
4.44280761059 -8.20774687384 -76.3425245866
4.39609999461 -8.19435811525 -76.3348309672
4.35584152514 -8.16643980268 -76.3339192153

/group/knee_right/27
27
posId 274.19675098704 -8.0209936567 -76.6410075667
4.23343801569 -7.96620981825 -76.6703385211
4.27249445893 -7.92111002096 -76.6972996221
4.30665068644 -7.89163269954 -76.7176646413
4.33388592343 -7.87929980846 -76.7303003254
4.35772978272 -7.88086581996 -76.7373754543
4.38457278625 -7.89030478945 -76.7428650018
4.41953749653 -7.90208981998 -76.7501799036
4.46320549444 -7.91400972052 -76.7602181599
4.51094653665 -7.92802639676 -76.7708750604
4.55509254704 -7.94876036759 -76.7782227364
4.58861421438 -7.98049149889 -76.778646249
4.60819205219 -8.02435010749 -76.7707257768
4.61503587783 -8.07721873881 -76.7558513127
4.6131885385 -8.13287429502 -76.7373150667
4.60651911933 -8.18465095599 -76.7184967866
4.59630685365 -8.22810671287 -76.7012357032
4.58085430669 -8.26226499923 -76.6853071307
4.55725578172 -8.28889359497 -76.6692172126
4.52409336914 -8.31043305095 -76.6517281036
4.48326064848 -8.32792052535 -76.6331073048
4.43966640093 -8.34015999473 -76.6153010784
4.39890895473 -8.34455348575 -76.6009270299
4.36431830718 -8.33895511606 -76.5917358429
4.33523182564 -8.32328356904 -76.5875430856
4.3076915494 -8.29980490579 -76.5863596813
4.27730813843 -8.27186126782 -76.5857123779
4.24268146097 -8.24183730825 -76.5843870088
4.20732333533 -8.20969345346 -76.5835127738
4.1787946503 -8.17310688035 -76.5862424572
4.16533591459 -8.12929973233 -76.5960916488

/group/knee_right/30
30
posId 304.15419773174 -8.33015336544 -76.8588050947
4.11179865088 -8.27339879019 -76.8602410428
4.08099089516 -8.2159474509 -76.8659978608
4.06668944052 -8.16427977222 -76.8759377759
4.06970654346 -8.12101320879 -76.8895884155
4.08674132986 -8.0848095242 -76.9061660653
4.1122032423 -8.05237042393 -76.924643344
4.1408582366 -8.02124728696 -76.9438725146
4.16991035209 -7.99179407886 -76.9627572885
4.19951726978 -7.96717465549 -76.9804338752
4.23164596809 -7.9515324039 -76.9963965384
4.26807835607 -7.94752464885 -77.010505824
4.30877237013 -7.95477181587 -77.0228571392
4.35147480015 -7.97017813549 -77.0335499554
4.39268262826 -7.98991391524 -77.042453068
4.42924897395 -8.01181579779 -77.0490773588
4.45959825297 -8.03668566609 -77.0526299078
4.48382899765 -8.06762165508 -77.0522450165
4.50272709167 -8.10771014497 -77.0473046138
4.51641772902 -8.15743071805 -77.0377137533
4.523613915 -8.21335694552 -77.0240113263
4.52203172017 -8.2690197978 -77.0072665822
4.50977774299 -8.31754499023 -76.9888053398
4.48684820732 -8.35461551158 -76.9698813223
4.45573515427 -8.38007736427 -76.9514247024
4.42062458479 -8.397254287 -76.933956437
4.38551884349 -8.41034604328 -76.9176775485
4.35231628109 -8.4214002687 -76.9026672058
4.31999951988 -8.42861837313 -76.8890868387
4.28551648626 -8.4270139727 -76.8773017387
4.24598742757 -8.41110544549 -76.8678823998

/group/knee_right/33
33
posId 334.03479818896 -8.41846456701 -77.1362444148
3.99820584403 -8.3594822033 -77.1371826543
3.97368596303 -8.29803024804 -77.143348587
3.9629065659 -8.24061251705 -77.1537360815
3.96488224259 -8.19087162645 -77.1670495388
3.97675283621 -8.14901824552 -77.1821449793
3.99532615561 -8.11302837357 -77.1983160674
4.01854961859 -8.08080021923 -77.2153107254
4.04612820233 -8.05197983044 -77.2331058157
4.07899558876 -8.02843704328 -77.2515852694
4.11799382839 -8.01321944705 -77.2703006792
4.16255606675 -8.00872201268 -77.2884311125
4.21017005561 -8.0152481163 -77.3049418631
4.25694271093 -8.03085676383 -77.3188383346
4.29895472031 -8.05257373918 -77.3293768249
4.33365179835 -8.07819084693 -77.3361407887
4.36051454805 -8.10750444671 -77.3389835633
4.38067537841 -8.14217833977 -77.3379168942
4.39575398007 -8.18425762767 -77.3330420811
4.40661115378 -8.23420325544 -77.3245710168
4.41273172157 -8.28964974968 -77.3129045287
4.41254638251 -8.34569976659 -77.2986807492
4.40443603262 -8.39667687964 -77.2827155423
4.38776889036 -8.43838576074 -77.2658273194
4.36333058538 -8.46959742452 -77.2486260269
4.33290623478 -8.49189603301 -77.2313924444
4.29831417902 -8.50796252995 -77.2141430757
4.26054194252 -8.51928815483 -77.1968779844
4.21957931005 -8.52466958413 -77.1798971242
4.17510987891 -8.52041694993 -77.1640115501
4.12766999548 -8.50223650014 -77.150510018

/group/knee_right/36
36
posId 363.8637112868 -8.48601467504 -77.4013217512
3.83498061204 -8.42711140484 -77.4021672432
3.81347195687 -8.36685110381 -77.4062298813
3.80124327884 -8.3093990095 -77.4134605531
3.79966137787 -8.25770331212 -77.4237880584
3.80890144616 -8.21299853777 -77.4370215046
3.8277678583 -8.17491957044 -77.4527534265
3.85392255981 -8.14214654325 -77.4703155824
3.88446287028 -8.11330663872 -77.4888219576
3.91666372705 -8.08777314717 -77.5073002641
3.94863771608 -8.06605574693 -77.5248768326
3.97969316595 -8.04964606137 -77.5409546239
4.01027680238 -8.04040181842 -77.5553206428
4.0415342037 -8.039735781 -77.5681397593
4.07465479245 -8.04795117467 -77.5798300551
4.11023966197 -8.06400476978 -77.5908566884
4.14791471862 -8.08580626545 -77.6015114625
4.18631556795 -8.11094593135 -77.6117522995
4.22343111098 -8.13756667795 -77.62115756
4.25716239221 -8.16503129752 -77.6290111283
4.28588009793 -8.19410739501 -77.6344892907
4.30877420868 -8.2265751505 -77.6368857789
4.32587685841 -8.2643868515 -77.6357993778
4.33776948808 -8.30868575935 -77.6312233316
4.34510743799 -8.35905550808 -77.6235117892
4.34816263249 -8.41329360872 -77.613242379
4.34657302395 -8.46781148378 -77.6010297035
4.33940194458 -8.51853032132 -77.5873593242
4.32548571759 -8.56195520435 -77.5725008347
4.30393287907 -8.59604086454 -77.5565266409
4.2745779821 -8.62053823365 -77.5394224876
4.23821045019 -8.63670407069 -77.5212418926
4.19648708958 -8.64649404135 -77.5022418803
4.15156086374 -8.65155303656 -77.4829466551
4.10556959538 -8.65239211617 -77.4641148636
4.06018262169 -8.64807043892 -77.4466232114
4.01637940749 -8.63650939874 -77.4313100143
3.97454066565 -8.61532679482 -77.4188351572
3.934805912 -8.58288129838 -77.4096034939

/group/knee_right/39
39
posId 393.89200300517 -8.13672337599 -77.814859776
3.95618103882 -8.13559582732 -77.8433199846
4.01569429912 -8.14336046981 -77.8681697039
4.06570514265 -8.16048459309 -77.8871967414
4.1038981045 -8.18686774818 -77.8993989864
4.13076771828 -8.22144658705 -77.9051803172
4.14902474015 -8.2621492593 -77.9060970938
4.1623637425 -8.30626929115 -77.9042499955
4.17404830204 -8.35113574301 -77.9015436802
4.18580796431 -8.39481119358 -77.8990788736
4.19739609241 -8.43651822285 -77.896883016
4.20689305203 -8.47659621641 -77.8940513388
4.21156235695 -8.51598376371 -77.889214481
4.20888554431 -8.55542666827 -77.8811328341
4.19737870227 -8.59473943944 -77.8691853718
4.17692670311 -8.63244143835 -77.8535805176
4.14859449686 -8.66594579414 -77.8352399799
4.11408973485 -8.69225578243 -77.8154402293
4.07516874413 -8.70891086598 -77.7953853351
4.03325637266 -8.71481189183 -77.7758951361
3.98940990398 -8.71059115839 -77.7573245839
3.94456962073 -8.69836651629 -77.7397171217
3.89989309821 -8.68096085305 -77.7230884972
3.85693403082 -8.66088164661 -77.7076841014
3.81751443729 -8.63945306331 -77.6940745794
3.78330827835 -8.61643521631 -77.6830390964
3.75532312401 -8.5902747387 -77.6752932202
3.73355130498 -8.55888450853 -77.6711988364
3.71701636833 -8.52064709144 -77.6706089964
3.70427701164 -8.47525677095 -77.6729424788
3.69423687759 -8.42408838101 -77.6774758601
3.68693974969 -8.36997455218 -77.6837326886
3.68398686 -8.31650546499 -77.6917898083
3.68832666226 -8.26714190832 -77.7023400005
3.70340154404 -8.22448394232 -77.7164442009
3.73190033654 -8.18994791312 -77.7350386514
3.77455160292 -8.16391703806 -77.7583771323

/group/knee_right/42
42
posId 423.88665488006 -8.1973531956 -78.1201062416
3.94650107547 -8.22400393854 -78.1458808298
3.99477240362 -8.25776282227 -78.1649917137
4.02732894692 -8.29730267181 -78.1755852197
4.04425122917 -8.34174404362 -78.1778213232
4.0493964827 -8.39069107276 -78.1736505854
4.04848921852 -8.44387747006 -78.1659238591
4.04656708979 -8.500556283 -78.1572201082
4.04587263842 -8.55892676875 -78.1488883601
4.04507112694 -8.6159211244 -78.1406923552
4.04008142323 -8.66754634403 -78.1311722463
4.02609939367 -8.70973994226 -78.1185222405
3.9998883577 -8.73945577911 -78.1015680407
3.96132970387 -8.75556004454 -78.0804065398
3.91359442736 -8.75915709136 -78.0564455523
3.86193496419 -8.75317303915 -78.0318668316
3.811709281 -8.74131853223 -78.0087966207
3.76655832099 -8.72680656042 -77.9885851286
3.72753301914 -8.71130655724 -77.9715205086
3.69348163084 -8.69452494321 -77.9570767049
3.66240104442 -8.67455234407 -77.9445302807
3.63301647394 -8.64881470792 -77.9336068615
3.6057853481 -8.61523698373 -77.9248153912
3.58284542757 -8.57316711517 -77.9192961391
3.56697782642 -8.52373366085 -77.9182619248
3.56015964558 -8.46956043924 -77.9223255968
3.56249058483 -8.41402326672 -77.9310740565
3.57208991782 -8.36039484779 -77.9431346628
3.58606563254 -8.31122242443 -77.9567368944
3.60209839138 -8.26813295876 -77.9705177567
3.61983628032 -8.23204224813 -77.9841788711
3.64134043661 -8.20356326246 -77.9986496666
3.67024848351 -8.18334661783 -78.0156294827
3.70993815236 -8.17216251992 -78.0366735151
3.76148666812 -8.17070058295 -78.06221697

/group/knee_right/45
45
posId 453.76246390469 -8.22359659018 -78.3506937585
3.81791386488 -8.24838410035 -78.3800411097
3.86318428397 -8.28117888208 -78.4028443572
3.89478499639 -8.32033891105 -78.4172638383
3.91275710316 -8.36467121811 -78.4234328635
3.92017806513 -8.41362146698 -78.4231579495
3.92152416342 -8.46695879693 -78.4190137473
3.92062052584 -8.52407559651 -78.4132381689
3.91906560645 -8.58324750174 -78.4069018191
3.91577923718 -8.64126897749 -78.3996837518
3.90780494433 -8.69374789097 -78.3903020053
3.89193727122 -8.73605776083 -78.3773541731
3.86639698546 -8.7646342071 -78.3601535922
3.83179302728 -8.77810762425 -78.3391737507
3.79097174427 -8.77778470304 -78.3159179427
3.74788466242 -8.76722989694 -78.2923119587
3.70605511973 -8.75105799358 -78.26994061
3.66738474607 -8.73337649399 -78.2495103603
3.6318458187 -8.7164680015 -78.2307951816
3.59815654143 -8.70021000523 -78.2130751858
3.56505321867 -8.68243053906 -78.1958295524
3.53248876803 -8.66002136465 -78.1793176747
3.50213571028 -8.63033667379 -78.1647372665
3.47692695581 -8.59231736269 -78.1538588751
3.45985482875 -8.54692907323 -78.1483004721
3.45262946256 -8.49681307236 -78.148794318
3.45488420566 -8.4453807751 -78.1548170938
3.46436139862 -8.39579018603 -78.164790137
3.47803495964 -8.35024249861 -78.176784573
3.49365455905 -8.3098434567 -78.1894149214
3.51095963404 -8.27498777225 -78.2024961994
3.53193191307 -8.24598404249 -78.217130418
3.55988627604 -8.22355204017 -78.2351421859
3.59774627241 -8.20892510502 -78.2580855905
3.64625749791 -8.20351816613 -78.2862556328

/group/knee_right/48
48
posId 483.3701729852 -8.38842640831 -78.3690871029
3.3924939392 -8.33169491532 -78.3855696877
3.42182396484 -8.28402771626 -78.4062977283
3.45560271308 -8.24862890915 -78.4294949035
3.49142684251 -8.22616542284 -78.4535748334
3.52767341395 -8.21514863671 -78.47753337
3.56368970984 -8.21305392931 -78.5010333204
3.59949317269 -8.21763087036 -78.5241639193
3.63516451712 -8.22780875119 -78.547014727
3.67026361107 -8.243827097 -78.5692911614
3.70358077911 -8.26660637478 -78.5901745092
3.73336404162 -8.29673590025 -78.6085047672
3.75791890325 -8.33362465872 -78.6232001754
3.77628055662 -8.37526128463 -78.6337027723
3.78860633819 -8.41871494104 -78.6402163385
3.7960580941 -8.46113408143 -78.6435953119
3.80018555074 -8.50074710404 -78.6449090564
3.8020697926 -8.53736021059 -78.6448674905
3.8016214648 -8.5720880659 -78.6433739123
3.79738261873 -8.60642689143 -78.6394281875
3.78696924011 -8.64110710672 -78.6314543106
3.7680067403 -8.67528412508 -78.6179369191
3.73918240247 -8.70647922376 -78.5981079231
3.70097279901 -8.73133316589 -78.5723935832
3.65573359147 -8.7468469555 -78.5424299793
3.60710815319 -8.7515415099 -78.5106382016
3.5590004857 -8.74598971158 -78.4795378508
3.51453786266 -8.73245562427 -78.4510847576
3.47543994271 -8.713789276 -78.4262988637
3.44201984142 -8.69207951421 -78.4053115443
3.41375739973 -8.6676948953 -78.3877716966
3.39013561386 -8.63917944139 -78.3733934185
3.37132950834 -8.60408668624 -78.3623752317
3.35842503311 -8.56040507611 -78.3554931334
3.35307853677 -8.50794751162 -78.353831001

/group/knee_right/51
51
posId 513.25934123879 -8.35659889649 -78.5534470416
3.29002807515 -8.30513771659 -78.5733214205
3.32637603953 -8.2630567199 -78.5973965419
3.36501424154 -8.23299861668 -78.6234040264
3.40326869907 -8.2156048368 -78.6495032786
3.43976330413 -8.20977542794 -78.6747065916
3.47439687774 -8.21345501786 -78.6988854471
3.50776367449 -8.22457138388 -78.7223942634
3.54033861282 -8.24172224927 -78.7455234712
3.57184208508 -8.2643553621 -78.768063074
3.60109176685 -8.29244063848 -78.7891903561
3.62639571419 -8.32586993294 -78.8077261422
3.64626642846 -8.36393066919 -78.822616261
3.66007304513 -8.40513757441 -78.8333801353
3.66827747603 -8.44750853082 -78.8402827396
3.67210702589 -8.48913650944 -78.8441232183
3.67280129261 -8.52875517606 -78.8457273986
3.67079651981 -8.56599616408 -78.8453880966
3.66526439677 -8.60119019369 -78.8425388946
3.65427362304 -8.63479597343 -78.8358502817
3.63555692293 -8.66673566358 -78.8237440126
3.60757595466 -8.69597617334 -78.8051215001
3.5704191867 -8.72058866972 -78.7799896371
3.52612111151 -8.73829249202 -78.7496980877
3.47823576401 -8.74725136508 -78.7166653694
3.43082452634 -8.74675500891 -78.6836945458
3.38727882509 -8.73745664037 -78.6531615771
3.34947250304 -8.72103437407 -78.626416526
3.31759091805 -8.69941330858 -78.6036427377
3.29068030024 -8.67389996939 -78.5842142089
3.26763929491 -8.64463857993 -78.5673694427
3.24818105652 -8.61066706504 -78.5528818096
3.23331612427 -8.57058491831 -78.541414114
3.22513219046 -8.52356368661 -78.5343941116
3.22597213739 -8.47026209259 -78.5334690483

/group/knee_right/54
54
posId 543.11242618639 -8.39088909664 -78.7265132267
3.13433889416 -8.33326181409 -78.736868428
3.16392458119 -8.2828514182 -78.7530992596
3.19823932285 -8.24345356791 -78.7734904546
3.23457478888 -8.21702259266 -78.7963377546
3.27128396021 -8.20326612144 -78.8204831443
3.30792572438 -8.20000498855 -78.8454439632
3.34470795561 -8.20419681339 -78.8711135075
3.38159400154 -8.21322968054 -78.8972520597
3.41761525344 -8.22595905322 -78.9230987275
3.45080795402 -8.24305602257 -78.947356531
3.47883444194 -8.2665227807 -78.9685803551
3.49995313702 -8.29858541045 -78.985753884
3.51378536833 -8.34043603285 -78.9987142877
3.52141356618 -8.3913499162 -79.0081473295
3.52469539625 -8.44852909579 -79.0151022915
3.52510962281 -8.50770742558 -79.0202470124
3.52273089008 -8.56423946402 -79.023251419
3.51590489935 -8.61422457084 -79.0226561854
3.50186402015 -8.65525225269 -79.0163577996
3.47804899911 -8.68656026981 -79.0025315703
3.44352728781 -8.70866273134 -78.9805776356
3.39981932618 -8.7227039146 -78.9516368137
3.35070925076 -8.72984377021 -78.918409812
3.30109871261 -8.73088393384 -78.8843373459
3.25542221314 -8.72617286329 -78.8525012756
3.21634933304 -8.71568726476 -78.8247377496
3.18435001872 -8.69914648037 -78.8013472892
3.15826995723 -8.67608230734 -78.7814966788
3.13657082017 -8.64589911028 -78.764077836
3.11858124282 -8.60803202734 -78.7485821279
3.1051294643 -8.56228523468 -78.7355637339
3.09826689032 -8.50931234049 -78.7264887612

/group/knee_right/57
57
posId 572.98294571261 -8.41969676059 -78.9407132878
2.995242626 -8.36514958009 -78.9422321753
3.0158138115 -8.3128023459 -78.9493267835
3.04262851616 -8.26672168435 -78.96116787
3.07308744919 -8.23045135465 -78.9764995675
3.1050100129 -8.2059607863 -78.9941508416
3.13735625584 -8.19309388214 -79.0134350018
3.17030361043 -8.18982211581 -79.0342286484
3.20463690143 -8.1932444476 -79.0566966488
3.24077512003 -8.20091844459 -79.0808224148
3.27795730509 -8.21193126868 -79.1060099961
3.31403571453 -8.22722011232 -79.1309886513
3.34601311472 -8.24898858181 -79.1540898714
3.37107314699 -8.27948048425 -79.1737661091
3.38759059355 -8.31966719968 -79.1890864721
3.39561024105 -8.36843870767 -79.1999498169
3.39655058208 -8.42264785731 -79.2068994872
3.39228510336 -8.47796199114 -79.2106325045
3.38407472342 -8.53011738552 -79.2114602364
3.3719035018 -8.5760187165 -79.2090101245
3.35456420179 -8.61424083717 -79.2023394124
3.33045558453 -8.64480315636 -79.1904211902
3.29868710081 -8.66843396572 -79.1727683132
3.25992712168 -8.68575152735 -79.1498827397
3.21655948101 -8.69676792673 -79.1232980716
3.17206276503 -8.70090027829 -79.095181911
3.12991691098 -8.69738270546 -79.0676813086
3.09257206966 -8.68577075356 -79.0423190524
3.06096909049 -8.66621973286 -79.0197180442
3.03480667283 -8.63939275633 -78.9997622442
3.0133627583 -8.6061038789 -78.9820828426
2.99639920191 -8.56697820217 -78.9665999429
2.98465228412 -8.52240907633 -78.9538328251

/group/knee_right/60
60
posId 602.86977706939 -8.46864613676 -79.1881082934
2.86287307495 -8.39448983664 -79.1736059991
2.86471709755 -8.32740497497 -79.1653420125
2.87782843949 -8.27436939045 -79.1658031116
2.90386986302 -8.23789750335 -79.1763385085
2.94216200181 -8.21633640979 -79.1963095635
2.98915802316 -8.20576394585 -79.2230396104
3.0393337201 -8.20235202318 -79.2526783103
3.08711065057 -8.20400990293 -79.2815854545
3.12879039092 -8.21070467595 -79.307536664
3.16344723012 -8.22365914714 -79.3301471376
3.19233536116 -8.24415953574 -79.3503493039
3.21724106635 -8.27270358841 -79.3692848116
3.23880898503 -8.3087876537 -79.3872702187
3.25582990145 -8.35113199699 -79.4034009977
3.26583838574 -8.3979305688 -79.4159451268
3.26654897346 -8.44688730945 -79.4232101521
3.25717778268 -8.49516654378 -79.4243294881
3.23883925475 -8.53960432054 -79.4195300618
3.21385295401 -8.57738826424 -79.4098112211
3.18450341391 -8.60699393532 -79.3963311942
3.1521049976 -8.62878860257 -79.3799301597
3.11695191393 -8.64471452747 -79.361056006
3.07909001756 -8.65693563981 -79.3400385239
3.03928142068 -8.66602410862 -79.3174150543
2.99942810024 -8.66972432241 -79.2940120823
2.96213577086 -8.66320128997 -79.2707181727
2.9297346206 -8.6409488624 -79.2481627694
2.90347885381 -8.59958361278 -79.2266260273

/group/knee_right/63
63
posId 632.71088742682 -8.36226547511 -79.3925493305
2.7246381121 -8.30794117011 -79.3918212148
2.74581238717 -8.25560366027 -79.3955639098
2.77268579037 -8.20895935172 -79.4033862414
2.803028992 -8.17178348285 -79.4146246597
2.83480880371 -8.14685417809 -79.4285707126
2.86680836236 -8.13502712616 -79.4446750434
2.89885022796 -8.13492518498 -79.4626242654
2.93149715699 -8.14347035132 -79.4822558193
2.96536741738 -8.15709851111 -79.5033627658
3.00040011582 -8.17315904521 -79.5254992636
3.03543756158 -8.19088509172 -79.5478971141
3.06833781308 -8.2114942813 -79.5695445108
3.09656825114 -8.23736917322 -79.5893915431
3.11799345841 -8.27068774514 -79.6065792254
3.13147868519 -8.31212476029 -79.6205761384
3.13702995996 -8.36020417179 -79.6311563992
3.13543127189 -8.4115723473 -79.6382386766
3.12759469138 -8.46203411768 -79.6416827422
3.11397981236 -8.50785526267 -79.641166271
3.09439357622 -8.54674447199 -79.6362251284
3.06827575273 -8.57811795256 -79.6264545316
3.03531705639 -8.60261518285 -79.6117803974
2.99608018142 -8.62118778916 -79.5926660229
2.95228962485 -8.63425292642 -79.5701430828
2.90662464448 -8.64131651773 -79.5456370275
2.86210206079 -8.64119163434 -79.5206549547
2.8213402677 -8.63262014009 -79.4964695145
2.78604744675 -8.61491869383 -79.4739323026
2.75695120898 -8.58830290051 -79.45348476
2.73415229317 -8.55376345099 -79.4353372449
2.71766635364 -8.51264272484 -79.4197070356
2.70783035486 -8.46623123739 -79.4069835053

/group/knee_right/66
66
posId 662.86041665445 -8.09957425752 -79.7262863136
2.91630068192 -8.11930005826 -79.7585744095
2.96332654032 -8.1480090714 -79.7877575615
2.99861285208 -8.1837849998 -79.8120215169
3.02189501914 -8.22406466258 -79.8308028467
3.03516583917 -8.26610193781 -79.8446795124
3.0415874341 -8.30754053043 -79.854901266
3.04411701704 -8.34690220568 -79.8627574527
3.04438084084 -8.38380910354 -79.8690294391
3.04220938136 -8.41884505256 -79.873726276
3.03596626239 -8.45309060376 -79.8761781503
3.02348112961 -8.48748968457 -79.8754153526
3.0031645251 -8.52227304051 -79.8706511616
2.97483251398 -8.55664677168 -79.8616581275
2.93991476317 -8.58885808794 -79.8488870158
2.90099462471 -8.61661131504 -79.8332972193
2.86091423351 -8.63767888411 -79.8159937848
2.82185150619 -8.65048406076 -79.7978451555
2.78476882008 -8.65445006276 -79.7792550173
2.74945332664 -8.6500054557 -79.7601841222
2.71509839861 -8.63826946248 -79.7403998032
2.6811343168 -8.62055988341 -79.7198253806
2.64790935731 -8.59792472417 -79.6988158524
2.61689566978 -8.57087589602 -79.6782204981
2.59031435343 -8.5394120888 -79.6591920596
2.57034313598 -8.5032977278 -79.642821823
2.55826832221 -8.46246544492 -79.6297663032
2.55398063728 -8.41736974814 -79.6200443291
2.55607213209 -8.36915228417 -79.6131148185
2.56252734203 -8.31956638338 -79.6082230118
2.57172985162 -8.27071060172 -79.6048786801
2.58334503552 -8.2246935567 -79.603258637
2.59866537366 -8.18336599898 -79.604341452
2.62021240326 -8.14820821435 -79.6096821082
2.65069679406 -8.12037625639 -79.6208798697
2.69171801104 -8.10082970517 -79.6389245203
2.74271840423 -8.09042467739 -79.6636688996

/group/knee_right/69
69
posId 692.40878240343 -8.29973244219 -79.8132764238
2.42030147284 -8.23288387766 -79.8074869029
2.43523027675 -8.16835783912 -79.8037041906
2.45315431314 -8.10926017066 -79.8022544699
2.4738456882 -8.05823156059 -79.8034740902
2.49718341653 -8.0172038572 -79.8076307904
2.52307124579 -7.98723808395 -79.8148574946
2.55137568133 -7.96846076222 -79.8251122252
2.58189460423 -7.96010807628 -79.8381706616
2.61435358103 -7.96067843875 -79.8536500639
2.6484172819 -7.96818186153 -79.8710566465
2.68370035499 -7.98045947274 -79.8898444982
2.71976610348 -7.99553088377 -79.9094734076
2.75611026139 -8.01191499264 -79.9294551564
2.79213721472 -8.02886589049 -79.9493819463
2.8271429966 -8.04647344002 -79.9689352645
2.86032031547 -8.06559880115 -79.9878774179
2.89079503363 -8.08764609247 -80.0060303976
2.9176927377 -8.11420643938 -80.0232475324
2.94022213274 -8.14664161449 -80.0393829498
2.95775340864 -8.18569299309 -80.0542629147
2.96986803211 -8.23120162188 -80.0676623221
2.97636296509 -8.28200511012 -80.0792893464
2.97720564504 -8.33604023621 -80.0887813707
2.9724522518 -8.39063467587 -80.0957153408
2.96215559801 -8.44292789171 -80.0996349353
2.94629555533 -8.49033074361 -80.1000949326
2.9247614058 -8.53092365055 -80.096719846
2.89740208407 -8.56370694645 -80.0892698637
2.86414032008 -8.5886512896 -80.0777034274
2.82512586098 -8.6065423003 -80.062223706
2.78088754137 -8.61866068179 -80.0432968402
2.73243900141 -8.62637553422 -80.0216336114
2.68130048221 -8.6307458938 -79.9981327212
2.6294178855 -8.63222022273 -79.9737918636
2.57898539316 -8.63049788027 -79.949600347
2.53220263418 -8.62457767382 -79.9264321777
2.49101484986 -8.61297639155 -79.904959688
2.45688986327 -8.59406481143 -79.8856043759
2.43067738408 -8.56644762833 -79.8685341558
2.41257654812 -8.52931039495 -79.8537063557
2.40221199535 -8.48266963511 -79.84094586
2.39879415602 -8.4274866797 -79.8300402304

/group/knee_right/72
72
posId 722.73022285817 -7.96442927094 -80.1706850432
2.7704256389 -7.99403841066 -80.1926099015
2.80691228827 -8.02536688557 -80.2131817757
2.83928316325 -8.05884176533 -80.2322917695
2.86721120162 -8.09499630449 -80.2498785403
2.89037686648 -8.13422649471 -80.2658632618
2.90843702908 -8.17658167085 -80.2801044659
2.9210351412 -8.2216374673 -80.2923832525
2.92784720384 -8.26848032412 -80.3024208991
2.92864735424 -8.31580693539 -80.3099223601
2.92337119966 -8.36211553202 -80.3146326713
2.91215576685 -8.4059448788 -80.3163904162
2.89534180788 -8.44610621306 -80.3151637889
2.87343525357 -8.48185547041 -80.311059898
2.84703675524 -8.51296741998 -80.3043053932
2.81675811137 -8.53969629856 -80.2952042416
2.7831491331 -8.56263371465 -80.2840845053
2.74665669085 -8.582497828 -80.2712486982
2.70762957635 -8.59990273043 -80.2569410339
2.66637038964 -8.61516025037 -80.2413399859
2.62322211339 -8.62815758595 -80.2245773651
2.57866597937 -8.63833563669 -80.2067775204
2.53340175364 -8.64476930053 -80.1881043229
2.48838342857 -8.64632807023 -80.1688009337
2.44479243972 -8.64187841308 -80.1492087722
2.4039449873 -8.63048242995 -80.1297573219
2.36714645855 -8.61155142529 -80.1109241613
2.33552030908 -8.58492677333 -80.0931729179
2.30984740199 -8.5508800055 -80.0768835511
2.29045232519 -8.51004422177 -80.0622926431
2.27716509984 -8.46330460119 -80.049460228
2.26937151706 -8.41168311675 -80.0382742121
2.26614639859 -8.35624996589 -80.0284948238
2.26644565981 -8.29808275159 -80.0198318023
2.26931943422 -8.23827745239 -80.0120385579
2.27410293484 -8.17799748492 -80.0050024263
2.28054560286 -8.11853364206 -79.9988097831
2.28885167968 -8.0613422029 -79.9937694139
2.29962387426 -8.00803274391 -79.9903862219
2.31372214715 -7.96029022382 -79.9892881591
2.33206724722 -7.91973447174 -79.9911197155
2.35542961609 -7.88773941895 -79.9964229727
2.38424626989 -7.86524909681 -80.0055303118
2.41850101307 -7.85263340428 -80.0184906195
2.45768868747 -7.8496218719 -80.0350437595
2.50086561829 -7.85533875371 -80.0546477713
2.54677029468 -7.868441009 -80.0765521073
2.59398469747 -7.88733719032 -80.0999007405
2.64110046184 -7.9104456579 -80.123843317

/group/knee_right/75
75
posId 752.2088173781 -8.49310340113 -80.28618941
2.18327690885 -8.44272894314 -80.2699225579
2.16014232802 -8.38806040324 -80.2541252556
2.14027332922 -8.32977623445 -80.2392254572
2.12455711008 -8.26862424228 -80.2256704101
2.11378797407 -8.20547184006 -80.2138838009
2.10856056569 -8.1413539113 -80.2042281418
2.10919293171 -8.07750356675 -80.1969772253
2.11569064898 -8.01535287491 -80.1923016818
2.12775666149 -7.95649486098 -80.1902684955
2.144844242 -7.9026041209 -80.1908531212
2.16624373973 -7.85532038858 -80.1939609286
2.19118852233 -7.81610625284 -80.1994533821
2.21896256579 -7.78609585339 -80.2071738262
2.24899194106 -7.7659548474 -80.2169680755
2.280905027 -7.75577257697 -80.2286961227
2.31455126294 -7.75500492738 -80.2422330162
2.34997489132 -7.7624810391 -80.2574590141
2.38734742871 -7.77647944673 -80.274241186
2.42686943274 -7.79487034222 -80.2924103537
2.46865744975 -7.81531169674 -80.3117383624
2.51263499564 -7.83547917876 -80.331920958
2.55844654338 -7.85330430767 -80.3525709514
2.60541068421 -7.86719292809 -80.3732249351
2.65252325313 -7.87619731415 -80.3933647834
2.69851400266 -7.88011996852 -80.4124528097
2.74195240268 -7.87953493435 -80.4299771231
2.78139049938 -7.87572223611 -80.4455017795
2.81552462 -7.87052165901 -80.4587150829
2.84335399875 -7.86612208449 -80.4694690624
2.86431372859 -7.8648107019 -80.4778038338
2.87836199022 -7.86871152866 -80.4839521853
2.88600699359 -7.879544098 -80.4883221179
2.88826678268 -7.89843070461 -80.4914579028
2.88656396666 -7.92577453975 -80.4939831189
2.88256632614 -7.96122218213 -80.4965316856
2.87799186466 -8.00371339387 -80.4996747613
2.87440215085 -8.05161037426 -80.5038522408
2.87300995821 -8.10288895065 -80.5093173261
2.87452591171 -8.15536688004 -80.5161012578
2.87906422305 -8.20694041807 -80.524002951
2.88612023045 -8.25580005725 -80.5326052633
2.8946233273 -8.3005998116 -80.541316335
2.90305918813 -8.34056110245 -80.5494313058
2.909646282 -8.37550123244 -80.5562071534
2.91254470656 -8.40578639224 -80.560941748
2.9100713151 -8.43221878364 -80.5630477108
2.90089448697 -8.45587549397 -80.5621123543
2.8841847778 -8.4779221952 -80.557936794
2.85970367295 -8.49942692363 -80.55055
2.82782092553 -8.5211979395 -80.5401967558
2.78946035521 -8.54366526549 -80.5273017788
2.74598323617 -8.56681867716 -80.5124152
2.69902626225 -8.59020670002 -80.4961468201
2.65031650235 -8.61299275086 -80.4790977647
2.60148805144 -8.63405712766 -80.4617982167
2.55392398872 -8.65212810604 -80.444658821
2.50864298914 -8.66592262554 -80.4279413014
2.46624315275 -8.67427722388 -80.411751105
2.42690730893 -8.67625283903 -80.3960518721
2.39046540978 -8.67120228427 -80.3806986402
2.35650186308 -8.65879573315 -80.3654843106
2.3244898399 -8.63900638057 -80.3501923595
2.2939315004 -8.61206450866 -80.3346482303
2.26448308632 -8.57839256409 -80.3187623646

/group/knee_right/78
78
posId 781.99546095445 -8.3795587581 -80.4621446159
1.97801433391 -8.35007541428 -80.453157395
1.95985062771 -8.32223179828 -80.4440136405
1.94124435966 -8.29588758487 -80.4348096623
1.92249456474 -8.27084534021 -80.4256470418
1.90391764683 -8.2468586808 -80.4166304624
1.88583983984 -8.22364192524 -80.407865498
1.86858946697 -8.20088095069 -80.3994564121
1.85248919648 -8.17824492944 -80.3915040216
1.83784849217 -8.15539859498 -80.3841036756
1.82495644989 -8.13201467057 -80.3773433971
1.81407520044 -8.10778608811 -80.3713022285
1.80543404258 -8.08243763044 -80.3660488189
1.79922444971 -8.05573664674 -80.3616402813
1.79559606916 -8.02750251729 -80.3581213432
1.79465380595 -7.99761458003 -80.3555238036
1.79645605301 -7.96601827604 -80.3538663038
1.80101409878 -7.93272932308 -80.3531544079
1.80829271167 -7.89783578365 -80.3533809851
1.81821186899 -7.86149795583 -80.3545268736
1.83064956833 -7.82394607863 -80.3565618033
1.84544563047 -7.78547590783 -80.3594455445
1.86240637819 -7.74644228078 -80.3631292477
1.8813100525 -7.70725084748 -80.3675569329
1.90191281061 -7.66834819964 -80.3726670862
1.92395513595 -7.63021067637 -80.3783943175
1.94716848214 -7.59333216454 -80.3846710341
1.97128196913 -7.55821124176 -80.3914290854
1.99602895137 -7.5253380297 -80.3986013372
2.02115328396 -7.49518113477 -80.4061231336
2.04641512456 -7.46817505113 -80.4139336136
2.07159612382 -7.44470838844 -80.4219768518
2.09650387707 -7.42511326341 -80.4302027974
2.12097553254 -7.40965616092 -80.4385679964
2.14488047708 -7.39853052868 -80.4470360828
2.16812204724 -7.39185131933 -80.4555780371
2.19063824227 -7.38965163832 -80.4641722134
2.21240144396 -7.39188159512 -80.4728041446
2.2334171761 -7.39840939205 -80.4814661411
2.25372196319 -7.40902462087 -80.4901567042
2.2733803721 -7.42344367372 -80.4988797789
2.29248134212 -7.44131711455 -80.5076438769
2.31113392705 -7.46223880109 -80.5164611011
2.32946258713 -7.48575649743 -80.5253461066
2.34760217858 -7.51138367507 -80.5343150325
2.3656927942 -7.53861216701 -80.5433844396
2.38387460914 -7.56692531534 -80.5525702867
2.40228288245 -7.59581124023 -80.5618869775
2.42104325696 -7.62477585543 -80.5713465028
2.44026748777 -7.65335526419 -80.5809577053
2.46004971396 -7.68112718858 -80.590725682
2.48046336912 -7.7077211147 -80.6006513396
2.5015588049 -7.73282687409 -80.6107311112
2.52336167826 -7.75620142891 -80.620956835
2.54587212885 -7.7776736806 -80.6313157935
2.5690647482 -7.7971471807 -80.6417909038
2.59288931769 -7.81460068324 -80.6523610458
2.61727226946 -7.83008654189 -80.6630015112
2.64211880265 -7.84372701703 -80.6736845503
2.66731556868 -7.85570861897 -80.684379995
2.69273382328 -7.86627467002 -80.6950559292
2.71823293067 -7.87571631899 -80.7056793815
2.74366409665 -7.88436228585 -80.7162170113
2.76887420294 -7.8925676498 -80.7266357638
2.79370961474 -7.9007020201 -80.7369034678
2.81801983727 -7.90913744537 -80.7469893557
2.84166090484 -7.91823642218 -80.7568644865
2.86449839722 -7.92834035897 -80.766502058
2.88640999319 -7.93975883528 -80.7758775986
2.90728748804 -7.95275997061 -80.7849690327
2.92703822205 -7.96756218232 -80.7937566214
2.94558588783 -7.98432756873 -80.8022227826
2.96287070654 -8.00315710334 -80.8103518008
2.97884898535 -8.02408777109 -80.818129441
2.99349209005 -8.04709171804 -80.8255424858
3.00678488705 -8.07207742505 -80.8325782171
3.01872372738 -8.09889285479 -80.8392238665
3.02931406141 -8.12733046193 -80.8454660616
3.03856778548 -8.15713390055 -80.8512902947
3.04650043127 -8.18800621184 -80.8566804404
3.05312831425 -8.21961923106 -80.8616183491
3.058465759 -8.2516239167 -80.8660835381
3.06252251715 -8.28366127742 -80.8700530032
3.06530148695 -8.31537355532 -80.8735011668
3.06679683362 -8.34641531685 -80.8763999738
3.066992596 -8.37646410654 -80.8787191456
3.06586184826 -8.40523033256 -80.8804265918
3.06336646664 -8.4324660772 -80.8814889768
3.05945752987 -8.45797255851 -80.8818724329
3.05407635977 -8.48160601111 -80.8815434039
3.04715618585 -8.50328180223 -80.8804695998
3.03862439494 -8.52297665369 -80.8786210378
3.02840530552 -8.54072889798 -80.8759711406
3.01642338598 -8.55663675703 -80.8724978597
3.00260681879 -8.57085469277 -80.8681847895
2.98689129751 -8.58358793761 -80.8630222358
2.96922393198 -8.59508536881 -80.8570082029
2.94956712994 -8.60563094172 -80.8501492644
2.92790231918 -8.61553394137 -80.842461283
2.90423337569 -8.62511834871 -80.8339699501
2.87858962801 -8.63471164558 -80.8247111194
2.85102831741 -8.64463340068 -80.8147309111
2.8216364068 -8.65518398673 -80.8040855738
2.79053164843 -8.66663377623 -80.7928410931
2.7578628402 -8.67921315028 -80.7810725457
2.72380922362 -8.69310363153 -80.768863203
2.68857900077 -8.70843041984 -80.7563033974
2.65240697394 -8.72525656808 -80.7434891692
2.61555133781 -8.74357898741 -80.7305207207
2.57828968041 -8.76332641695 -80.717500709
2.54091427383 -8.78435943485 -80.7045324151
2.50372675931 -8.80647252671 -80.691717831
2.46703235141 -8.82939816613 -80.6791557095
2.43113370367 -8.8528128018 -80.6669396253
2.39632459172 -8.87634458834 -80.6551560947
2.36288357892 -8.89958264544 -80.6438828031
2.33106783446 -8.9220875837 -80.6331869857
2.301107274 -8.94340299672 -80.6231240064
2.27319918746 -8.96306758914 -80.6137361733
2.24750350944 -8.98062759018 -80.6050518258
2.22413887316 -8.99564909258 -80.5970847204
2.20317957026 -9.00772995721 -80.5898337372
2.18465351674 -9.01651093562 -80.5832829185
2.16854129977 -9.02168568413 -80.5774018456
2.15477635219 -9.02300937471 -80.5721463497
2.14324627203 -9.02030564823 -80.5674595442
2.13379527375 -9.01347170336 -80.5632731576
2.12622772744 -9.0024813685 -80.5595091399
2.1203127125 -8.98738606296 -80.5560815058
2.11578948411 -8.96831361487 -80.5528983723
2.11237372549 -8.94546496635 -80.5498641451
2.10976443612 -8.91910885802 -80.546881801
2.10765128801 -8.88957464435 -80.5438552135
2.10572226755 -8.85724344635 -80.5406914642
2.10367141143 -8.82253789683 -80.5373030872
2.10120644075 -8.78591077525 -80.5336101896
2.0980560986 -8.74783286177 -80.5295423996
2.09397700271 -8.70878036349 -80.525040593
2.0887598362 -8.66922227848 -80.5200583585
2.08223471595 -8.62960806569 -80.5145631649
2.07427559851 -8.59035597952 -80.5085372049
2.0648036085 -8.55184240915 -80.5019778934
2.05378920176 -8.51439253298 -80.4948980116
2.04125310621 -8.47827256017 -80.4873254937
2.02726601478 -8.44368378472 -80.4793028637

/group/knee_right/81
81
posId 812.03471744909 -8.32395347882 -80.7667049855
2.02520342005 -8.27782978301 -80.7605100262
2.01161646881 -8.23089072866 -80.7527053569
1.99434912445 -8.18316849276 -80.7434435589
1.9740139665 -8.13476872742 -80.7329658024
1.95141906901 -8.08587960226 -80.7215929099
1.92753379867 -8.03677612265 -80.709712454
1.90344655453 -7.98781937966 -80.6977624796
1.8803164403 -7.93945065552 -80.6862126116
1.85932116796 -7.89218058116 -80.6755434428
1.84160368547 -7.84657380614 -80.666225184
1.82822009309 -7.80322988226 -80.6586966011
1.82009135848 -7.76276126833 -80.6533452527
1.81796116166 -7.72576952392 -80.6504899834
1.82236190721 -7.69282086615 -80.65036652
1.83359054566 -7.66442231061 -80.6531168682
1.85169536964 -7.64099960161 -80.6587830244
1.8764744154 -7.62287806044 -80.6673053071
1.90748553404 -7.61026734506 -80.6785253872
1.9440676268 -7.60325092849 -80.6921938672
1.98537199334 -7.60178087535 -80.7079820374
2.03040224826 -7.60567823702 -80.7254972338
2.07806084351 -7.61463911005 -80.7443010455
2.12719991376 -7.62824612234 -80.7639294817
2.17667395348 -7.64598484245 -80.7839141142
2.22539175002 -7.66726436224 -80.8038031629
2.27236503904 -7.69144109411 -80.8231814998
2.31675151609 -7.71784466288 -80.8416885996
2.35789012269 -7.74580466613 -80.8590335702
2.39532691194 -7.77467703171 -80.8750065413
2.42883026889 -7.80386871921 -80.8894858726
2.45839479156 -7.83285959334 -80.9024408486
2.48423370204 -7.8612204362 -80.9139297556
2.5067602268 -7.88862625705 -80.9240934602
2.52655893232 -7.91486429184 -80.9331448372
2.544348499 -7.93983634886 -80.9413545965
2.56093783918 -7.96355543899 -80.9490342384
2.57717779216 -7.98613691396 -80.9565170062
2.59391084492 -8.00778461035 -80.9641378067
2.61192142099 -8.02877274654 -80.9722131141
2.63188924673 -8.04942453192 -80.9810218755
2.65434814665 -8.07008861183 -80.9907883832
2.67965234482 -8.0911145793 -81.0016679793
2.70795197186 -8.11282883059 -81.0137363159
2.73917901544 -8.13551202278 -81.0269827163
2.77304442996 -8.15937930977 -81.0413079764
2.8090465636 -8.18456439127 -81.0565267235
2.84649049695 -8.21110821514 -81.0723742246
2.88451734412 -8.23895293625 -81.0885173113
2.92214207247 -8.26794146686 -81.1045688849
2.95829797479 -8.29782266741 -81.1201052887
2.99188559921 -8.32826193704 -81.1346856901
3.02182372345 -8.35885668515 -81.1478725166
3.0470998617 -8.38915591186 -81.1592519386
3.06681781975 -8.41868290979 -81.1684533902
3.08023996426 -8.44695993347 -81.1751671673
3.08682213868 -8.47353357292 -81.1791592395
3.08623952713 -8.49799952197 -81.1802825508
3.07840221961 -8.5200254512 -81.1784842589
3.06345974522 -8.53937077889 -81.1738085659
3.04179438834 -8.55590227865 -81.1663950095
3.01400365817 -8.5696046607 -81.1564723105
2.98087281791 -8.58058550656 -81.1443480902
2.94333886797 -8.5890742118 -81.1303949747
2.90244779493 -8.59541488524 -81.1150337789
2.85930722304 -8.60005345071 -81.0987146051
2.81503682212 -8.60351948478 -81.0818967893
2.77071892387 -8.60640358665 -81.0650286826
2.72735177396 -8.60933130104 -81.0485282543
2.68580770058 -8.61293479077 -81.0327654606
2.64679821946 -8.61782357421 -81.0180472271
2.61084773482 -8.62455569695 -81.0046057567
2.57827705196 -8.63361069537 -80.9925907071
2.5491974155 -8.64536563221 -80.9820655803
2.52351525 -8.66007534362 -80.9730084564
2.50094723716 -8.67785784256 -80.9653169829
2.48104484071 -8.69868558153 -80.9588173155
2.46322691511 -8.72238300259 -80.9532765118
2.44681862955 -8.7486305068 -80.9484177044
2.43109462591 -8.77697467286 -80.9439372446
2.41532412356 -8.80684426163 -80.9395229132
2.39881559524 -8.83757127239 -80.9348722443
2.38095867146 -8.86841608268 -80.9297100089
2.3612610839 -8.89859551604 -80.9238039543
2.33937872288 -8.92731255199 -80.9169779881
2.31513724707 -8.95378632409 -80.9091221322
2.28854412629 -8.97728105019 -80.9001987425
2.259790498 -8.99713260164 -80.8902446857
2.2292427494 -9.01277154412 -80.8793693731
2.19742427277 -9.02374166348 -80.8677487716
2.16498835476 -9.02971321722 -80.8556157171
2.13268362399 -9.03049041518 -80.8432470518
2.10131387275 -9.02601291667 -80.8309482696
2.07169436667 -9.01635142339 -80.8190364883
2.04460694671 -9.00169773268 -80.8078226513
2.0207562999 -8.98234987923 -80.7975939096
2.00072972576 -8.95869322391 -80.7885971222
1.98496255613 -8.93117853318 -80.7810243635
1.97371110561 -8.90029822322 -80.775001223
1.96703465192 -8.86656201381 -80.7705785415
1.96478748982 -8.83047324373 -80.767728054
1.96662159037 -8.7925070437 -80.7663422099
1.97199985653 -8.7530914464 -80.7662382251
1.98021942278 -8.71259234305 -80.767166206
1.9904439286 -8.67130298135 -80.7688209701
2.00174322911 -8.62943845077 -80.7708569997
2.01313861544 -8.58713533207 -80.7729057957
2.02365132173 -8.54445641129 -80.774594774
2.03235191074 -8.50140008956 -80.7755667573
2.03840806563 -8.45791387158 -80.7754990795
2.04112837527 -8.41391110097 -80.7741213292

/group/knee_right/84
84
posId 841.92813638613 -8.29743568807 -81.0128640158
1.92287384814 -8.25947146178 -81.0080596914
1.9138431751 -8.22346729276 -81.0019331065
1.90089655004 -8.18942981737 -80.9944272864
1.88404562226 -8.15730360316 -80.9855427309
1.86346604683 -8.12697910381 -80.9753397577
1.83949582008 -8.09830229946 -80.9639385554
1.8126273924 -8.07108561116 -80.9515169109
1.78349378641 -8.0451196383 -80.9383056667
1.75284918774 -8.02018524676 -80.9245820544
1.72154469789 -7.99606553257 -80.9106611395
1.69050013417 -7.97255720149 -80.8968856866
1.66067292349 -7.94948093805 -80.8836148218
1.6330252572 -7.92669038652 -80.8712119181
1.60849074914 -7.90407942962 -80.8600321646
1.58794186466 -7.88158752438 -80.8504102931
1.57215936409 -7.85920293693 -80.8426489363
1.56180493008 -7.83696380475 -80.8370080648
1.55739802819 -7.81495704244 -80.833695913
1.55929788759 -7.79331519281 -80.8328617467
1.56769129121 -7.77221140442 -80.8345907514
1.5825866397 -7.75185278746 -80.8389012426
1.60381450917 -7.73247245885 -80.8457443044
1.63103467054 -7.71432063245 -80.8550058703
1.66374928618 -7.69765514047 -80.8665111646
1.70132175956 -7.68273178489 -80.8800313274
1.74300049377 -7.66979491496 -80.8952919656
1.787946625 -7.65906860695 -80.9119832918
1.83526464406 -7.65074878791 -80.9297714547
1.88403470976 -7.64499659676 -80.9483106173
1.93334539559 -7.64193321702 -80.9672553096
1.98232559961 -7.64163634749 -80.9862725763
2.03017438565 -7.64413840362 -81.0050534454
2.07618761152 -7.64942646687 -81.0233232745
2.11978033224 -7.65744392433 -81.0408505789
2.16050413903 -7.66809367006 -81.0574540036
2.19805879996 -7.68124267618 -81.0730071801
2.23229779823 -7.69672768731 -81.0874412935
2.263227609 -7.71436175019 -81.1007452752
2.29100080673 -7.73394126143 -81.1129636365
2.31590334055 -7.75525320228 -81.1241920477
2.33833654678 -7.7780822304 -81.1345708618
2.35879467554 -7.80221731419 -81.1442768611
2.37783888348 -7.82745762498 -81.1535135763
2.39606878157 -7.85361744421 -81.1625005834
2.41409271864 -7.88052989552 -81.1714622241
2.43249802566 -7.90804937191 -81.1806162159
2.45182243985 -7.93605259396 -81.1901626214
2.47252787326 -7.96443830296 -81.2002736299
2.49497758862 -7.99312565989 -81.211084569
2.51941770119 -8.02205148442 -81.2226865138
2.54596374466 -8.05116652451 -81.2351207937
2.57459282926 -8.08043099425 -81.2483756203
2.60514169004 -8.10980965364 -81.2623849709
2.63731068205 -8.13926672629 -81.2770297723
2.67067353647 -8.16876095977 -81.2921413342
2.70469245796 -8.19824112758 -81.3075068903
2.73873792793 -8.22764225086 -81.322877022
2.77211238934 -8.25688278469 -81.3379746599
2.80407683451 -8.28586296762 -81.3525052988
2.83387920326 -8.31446447714 -81.3661680111
2.86078343037 -8.34255147055 -81.3786668136
2.88409795997 -8.3699730219 -81.3897219277
2.90320257215 -8.39656689571 -81.3990804818
2.91757244108 -8.42216452956 -81.4065262248
2.92679846267 -8.44659703276 -81.411887863
2.93060304638 -8.46970195202 -81.4150456906
2.92885075534 -8.49133050768 -81.4159362515
2.92155339238 -8.51135496983 -81.4145548515
2.90886935865 -8.5296758231 -81.4109558305
2.89109734647 -8.54622836368 -81.4052505898
2.86866465935 -8.56098838294 -81.3976034651
2.84211067032 -8.57397661782 -81.3882256202
2.81206612537 -8.58526168953 -81.3773672155
2.77922916505 -8.5949613064 -81.3653081753
2.74433906564 -8.60324157222 -81.3523479299
2.70814878882 -8.61031431593 -81.3387945522
2.67139746962 -8.61643243904 -81.3249537251
2.63478396723 -8.6218833593 -81.3111179844
2.59894255079 -8.6269807118 -81.2975566644
2.56442169581 -8.63205454566 -81.2845069439
2.53166683026 -8.63744032515 -81.2721663401
2.5010076983 -8.64346710299 -81.2606869376
2.47265081169 -8.65044528022 -81.2501715642
2.44667724198 -8.65865439768 -81.2406720464
2.42304578025 -8.66833141803 -81.2321895854
2.4016012642 -8.6796599533 -81.2246772115
2.38208765553 -8.69276087107 -81.2180441844
2.36416525103 -8.70768467308 -81.2121621297
2.34743123874 -8.7244059842 -81.2068726286
2.33144267194 -8.74282042024 -81.2019959202
2.31574083482 -8.76274402119 -81.1973403316
2.29987591835 -8.78391534618 -81.1927120219
2.2834309157 -8.80600023081 -81.1879246156
2.26604368346 -8.82859911 -81.1828083106
2.24742619678 -8.85125671407 -81.1772180673
2.22738014961 -8.87347385612 -81.1710405286
2.20580821034 -8.89472094843 -81.1641993775
2.18272043184 -8.91445281749 -81.1566589057
2.15823552514 -8.93212433449 -81.1484256435
2.13257692865 -8.94720634275 -81.1395479905
2.10606383127 -8.95920134682 -81.1301138651
2.0790975276 -8.96765843086 -81.1202464859
2.05214368809 -8.97218689688 -81.1100984702
2.02571130748 -8.97246815451 -81.0998445157
2.00032924355 -8.96826545338 -81.0896729879
1.97652136877 -8.95943112327 -81.0797767879
1.95478142529 -8.94591107409 -81.070343905
1.93554869532 -8.92774640409 -81.0615480768
1.919185574 -8.90507206646 -81.0535399747
1.90595806032 -8.87811264856 -81.0464393138
1.89602006711 -8.8471754196 -81.0403282491
1.88940229755 -8.81264089896 -81.0352463665
1.8860062496 -8.7749512835 -81.0311875108
1.88560369865 -8.73459714657 -81.0280986187
1.88784178129 -8.6921028795 -81.0258806363
1.89225356871 -8.64801138737 -81.0243915177
1.89827378647 -8.60286857277 -81.023451207
1.90525911793 -8.55720814302 -81.022848427
1.91251233081 -8.51153725865 -81.0223490142
1.91930929809 -8.46632350412 -81.0217054748
1.92492785286 -8.42198360743 -81.0206673815
1.92867732842 -8.37887426587 -81.0189921891

/group/knee_right/87
87
posId 871.82874505511 -8.2439763935 -81.2211035387
1.81793663949 -8.1817884586 -81.2075151526
1.80819018507 -8.11989848117 -81.1944036093
1.79900946221 -8.06012828771 -81.1818356707
1.7899797075 -8.0041060069 -81.1698827007
1.78082471001 -7.9531614535 -81.1586284856
1.77145557397 -7.90824861008 -81.1481776622
1.76200524184 -7.86990130411 -81.1386632441
1.75284394131 -7.83822512112 -81.1302517239
1.74457235795 -7.81292529488 -81.1231444085
1.73799138584 -7.793367082 -81.117574005
1.73404957787 -7.77866226232 -81.1137959754
1.73377168437 -7.76777317105 -81.112074771
1.73817370784 -7.75962426694 -81.1126656848
1.74817150155 -7.75321079269 -81.1157936421
1.76449092892 -7.74769461953 -81.1216307355
1.7875878619 -7.74247882235 -81.1302746289
1.81758578092 -7.73725475392 -81.1417300754
1.85423747159 -7.73201815249 -81.1558956835
1.89691539279 -7.72705385502 -81.1725577341
1.94463287963 -7.72289170184 -81.191392311
1.99609565749 -7.72023891859 -81.211976313
2.04978042284 -7.719896393 -81.2338071195
2.10403474636 -7.7226676291 -81.2563298661
2.15719050858 -7.72926964111 -81.2789705213
2.20768168656 -7.74025461084 -81.3011723276
2.25415671064 -7.75594983446 -81.3224327284
2.2955758718 -7.77642146906 -81.3423377176
2.33128537146 -7.80146506708 -81.3605906236
2.36106147762 -7.83062311661 -81.3770326969
2.38512072344 -7.86322706648 -81.3916534726
2.40409494078 -7.89845888236 -81.4045896843
2.41897290785 -7.93542529207 -81.4161124433
2.43101324035 -7.97323671969 -81.4266033897
2.4416356146 -8.01108258652 -81.4365214756
2.45229925794 -8.04829519498 -81.4463628723
2.46437871198 -8.08439574696 -81.4566171278
2.47904707322 -8.11911803486 -81.4677230752
2.49717622889 -8.15240777475 -81.4800280714
2.5192620984 -8.18439817179 -81.493753918
2.54538070288 -8.21536484852 -81.5089723003
2.57517821678 -8.24566546386 -81.5255918161
2.60789524958 -8.27567097838 -81.5433577233
2.64242272383 -8.30569641221 -81.5618644901
2.67738411406 -8.33593900162 -81.5805801831
2.71123671849 -8.36643088305 -81.5988807575
2.74238322885 -8.3970118952 -81.6160915159
2.76928425591 -8.42732594774 -81.6315324363
2.79056269665 -8.4568418776 -81.6445637906
2.80509185276 -8.48489705896 -81.654628501
2.81206091596 -8.51075952589 -81.6612880043
2.81101364975 -8.53370226671 -81.6642489887
2.80185860145 -8.55308187916 -81.663379171
2.7848517341 -8.56841309437 -81.6587112221
2.76055473528 -8.57943086703 -81.6504349423
2.72977422522 -8.58613278318 -81.6388787457
2.69348847883 -8.58879636238 -81.6244823476
2.65276898357 -8.58796825606 -81.607763197
2.60870413592 -8.5844251335 -81.5892796006
2.56233166207 -8.57910892832 -81.569593616
2.51458503101 -8.57304180361 -81.5492366539
2.46625736257 -8.56722841271 -81.5286803342
2.41798431336 -8.56255455528 -81.508314546
2.37024536308 -8.55969199259 -81.4884339162
2.32338103333 -8.55901890946 -81.4692330826
2.27762204133 -8.56056430381 -81.4508103654
2.23312536763 -8.56398254891 -81.4331787113
2.19001179216 -8.56856169054 -81.4162822183
2.14839965429 -8.5732659601 -81.4000161736
2.10843038002 -8.57680979364 -81.3842483883
2.07028259387 -8.5777576501 -81.3688396887
2.03417324303 -8.5746414068 -81.3536617102
2.00034592324 -8.56608532184 -81.338610591
1.96904830999 -8.55092766934 -81.3236157349
1.94050207286 -8.52832826662 -81.3086434268
1.91486971927 -8.49785222306 -81.293695685
1.89222335394 -8.45952225161 -81.2788052525
1.87252028833 -8.41383461565 -81.2640280107
1.85558978765 -8.36173698531 -81.2494343074

/group/knee_right/90
90
posId 901.90357168555 -8.40345188917 -81.5151412237
1.95663260752 -8.42084259089 -81.5466093608
2.01169254023 -8.43016037329 -81.5759078591
2.06555203115 -8.43169855179 -81.6016551149
2.11570754878 -8.42617416008 -81.6229574472
2.16073813033 -8.41452288242 -81.6395108582
2.20039101143 -8.39766604585 -81.6515514572
2.23535743859 -8.3763166639 -81.6596761918
2.26681655054 -8.35088025328 -81.6645916828
2.29588800918 -8.32147816628 -81.6668675358
2.32315532873 -8.28808456293 -81.6667663576
2.34839611879 -8.25073361148 -81.6641974118
2.37059089959 -8.20973130355 -81.6588021597
2.38819810803 -8.16580315802 -81.6501394852
2.39960418495 -8.12012631069 -81.6379082517
2.40360720355 -8.0742273535 -81.6221339164
2.39978484366 -8.02976647091 -81.6032574187
2.38863443146 -7.98826262647 -81.5820949478
2.37144291286 -7.95083377312 -81.5596773452
2.3499269388 -7.91802448835 -81.5370157418
2.32575314721 -7.88977117791 -81.5148641223
2.30008541302 -7.86551808928 -81.4935524569
2.27329837295 -7.84445611078 -81.4729446953
2.24494708022 -7.82582230649 -81.4525397378
2.21400583121 -7.80918096556 -81.431691021
2.1793078148 -7.7946115035 -81.4098840946
2.14005549316 -7.78275358977 -81.3869923506
2.09624805815 -7.77469836705 -81.3634348575
2.048894257 -7.77175578932 -81.3401863267
1.99994027482 -7.77516047766 -81.3186303565
1.95192543829 -7.78579319242 -81.3002915543
1.90745896882 -7.80398825546 -81.2865171168
1.86866513135 -7.82947135171 -81.2781937675
1.83675569448 -7.86143480876 -81.2755770058
1.81185376881 -7.89871952768 -81.2782787634
1.79312150351 -7.94004501767 -81.285415475
1.77915629515 -7.98421913293 -81.2958737589
1.76854151291 -8.0302694754 -81.3086181548
1.76039123356 -8.07746544789 -81.322954029
1.75472792705 -8.12523525435 -81.3386720724
1.75257804907 -8.17301508818 -81.3560349753
1.75575022397 -8.22008852442 -81.3756120846
1.76635147295 -8.26547667152 -81.398011224
1.78617277792 -8.307923368 -81.4235860201
1.81611436453 -8.3459896818 -81.4522037988

/group/knee_right/93
93
posId 931.98959686335 -8.27775365002 -81.7245852458
2.04863017671 -8.26485634934 -81.7482023015
2.10266615746 -8.24716793738 -81.7645049951
2.14929523699 -8.2253266054 -81.772630321
2.18764702378 -8.19976772523 -81.7724516139
2.21823196919 -8.17077269162 -81.7645280798
2.24241828136 -8.13862029878 -81.7499290438
2.26173170838 -8.1037793224 -81.7299895986
2.27721284747 -8.06706221468 -81.7060654894
2.28903548818 -8.02966986446 -81.6793455318
2.29649255763 -7.99309351345 -81.6507545978
2.29832775495 -7.95889010677 -81.6209487841
2.29327508785 -7.92839427272 -81.5903775375
2.28060410374 -7.90245715586 -81.5593734437
2.2604760109 -7.88129936395 -81.5282321327
2.23399035325 -7.86453236615 -81.4972594974
2.20291565343 -7.85135013443 -81.4667839112
2.16920970088 -7.8408379005 -81.4371485801
2.13450657678 -7.83230596161 -81.4087066533
2.09975385376 -7.82554673387 -81.3818367109
2.06512386424 -7.82093628164 -81.3569814818
2.03022004698 -7.81934998044 -81.334694928
1.99449082743 -7.82191995854 -81.315670371
1.95768854262 -7.82971051953 -81.3007214259
1.92019647416 -7.84341113218 -81.2907000097
1.88309806054 -7.86313755248 -81.2863580086
1.84796012181 -7.88839385836 -81.2881834644
1.81641076977 -7.9181947878 -81.2962589264
1.78967269157 -7.95129689079 -81.3101914534
1.76823384958 -7.98645549479 -81.3291480369
1.75179137521 -8.02262225008 -81.3520005594
1.73950591807 -8.05902477385 -81.3775497133
1.73048749014 -8.09511545126 -81.4047690119
1.72434161531 -8.13042437498 -81.4329982205
1.72157049837 -8.16438489101 -81.4620254191
1.72366230454 -8.19620788377 -81.4920267612
1.7328015713 -8.22486070788 -81.5233744235
1.75126240882 -8.24916638549 -81.5563636962
1.780659738 -8.26799316599 -81.5909368977
1.82129271954 -8.28047029402 -81.6264860478
1.87179697781 -8.28615515983 -81.6617961065

/group/knee_right/96
96
posId 961.67256097817 -8.13488950098 -81.5145793754
1.67982316448 -8.11251676498 -81.4678594253
1.69146003028 -8.0888693982 -81.4223376961
1.70738349063 -8.06451609615 -81.3792958218
1.72765425499 -8.03999869148 -81.3400958443
1.75243846471 -8.01578472985 -81.306023921
1.7819123483 -7.99224039178 -81.2781322986
1.8161362589 -7.96962806461 -81.2571107234
1.85492801293 -7.94812725837 -81.2432133016
1.8977673563 -7.92787232077 -81.2362560898
1.9437580564 -7.90899669252 -81.2356865684
1.99166255654 -7.89167206648 -81.2407115745
2.04000873595 -7.8761320756 -81.2504582994
2.08725238119 -7.86267375535 -81.264136136
2.13196597276 -7.85163521136 -81.2811669531
2.17301723992 -7.84335352843 -81.301257888
2.20970135016 -7.83811174059 -81.3244026517
2.24179870303 -7.83608657223 -81.3508121892
2.26954457353 -7.83730899025 -81.3807902407
2.29351443697 -7.84164726156 -81.4145808506
2.31444608883 -7.84881765685 -81.4522207586
2.33303303193 -7.85842213175 -81.4934286613
2.34973018398 -7.87000648959 -81.5375557287
2.36461127802 -7.8831279431 -81.5836090972
2.37730760262 -7.89741865691 -81.6303449641
2.38704184371 -7.91263230966 -81.676413529
2.39275192551 -7.92866391836 -81.7205273476
2.39328172399 -7.94553848676 -81.7616198882
2.38760201529 -7.96337038778 -81.7989631797
2.37501878897 -7.98230144958 -81.8322219387
2.35532838202 -8.00243021652 -81.8614346512
2.32888930664 -8.0237468433 -81.8869270173
2.29659703099 -8.04608711679 -81.9091768168
2.25976699285 -8.0691153605 -81.9286587972
2.21994892369 -8.09234021735 -81.9457016811
2.17870855378 -8.11516070639 -81.9603861829
2.1374183872 -8.13693386599 -81.9725037702
2.09709644387 -8.15705098304 -81.9815828149
2.05832136429 -8.17500775088 -81.986974563
2.02123633355 -8.1904550331 -81.9879790235
1.98563626251 -8.2032209497 -81.9839830357
1.95111629445 -8.21330090068 -81.9745810012
1.91724830887 -8.22081867023 -81.9596533609
1.88374789612 -8.22596756204 -81.9393877688
1.85059795791 -8.2289444061 -81.9142408557
1.81810566596 -8.22989046552 -81.8848516424
1.78688456813 -8.22885154038 -81.8519281676
1.75776985624 -8.22576530827 -81.8161344756
1.73168871107 -8.22047807715 -81.7780045494
1.70951629585 -8.21278690084 -81.7379032446
1.69194964423 -8.20249772848 -81.6960432173
1.67942619259 -8.18948702242 -81.6525536978
1.67210241256 -8.17375373601 -81.6075846526

/group/knee_right/99
99
posId 992.55039056611 -7.86871063632 -81.8440042562
2.53980862585 -7.86838933414 -81.8897765171
2.5282095999 -7.86837498855 -81.9343133609
2.51552506939 -7.86869160533 -81.9774756911
2.50166294922 -7.86936780815 -82.0191377722
2.48651275896 -7.87043578453 -82.0591846799
2.46995182324 -7.87193002081 -82.0975097213
2.45185212356 -7.87388587856 -82.1340120114
2.43208749615 -7.87633807199 -82.1685943794
2.41054085633 -7.87931911118 -82.2011617432
2.38711113172 -7.88285777737 -82.2316200622
2.36171960223 -7.88697769556 -82.2598759318
2.33431537491 -7.8916960652 -82.2858368454
2.30487976378 -7.89702260302 -82.3094121005
2.27342939737 -7.90295874221 -82.3305142873
2.24001793649 -7.90949712097 -82.3490612587
2.20473634984 -7.91662138042 -82.364978449
2.16771176104 -7.92430627785 -82.3782013878
2.12910494558 -7.93251810782 -82.3886782359
2.08910661612 -7.94121540956 -82.3963721735
2.0479326868 -7.95034992715 -82.4012634706
2.00581874999 -7.95986777819 -82.4033510897
1.96301402909 -7.96971077794 -82.4026536937
1.91977508868 -7.9798178603 -82.3992099673
1.87635958654 -7.99012653373 -82.3930781957
1.83302034175 -8.00057430993 -82.3843350886
1.78999996967 -8.01110004619 -82.3730738822
1.74752629925 -8.02164514743 -82.3594017905
1.70580874306 -8.03215458234 -82.3434369211
1.66503573783 -8.04257767765 -82.3253048015
1.62537331631 -8.05286866654 -82.3051346873
1.5869648118 -8.06298697925 -82.2830558428
1.54993163945 -8.0728972772 -82.2591939883
1.51437504451 -8.08256924409 -82.2336681074
1.48037866105 -8.09197715935 -82.2065877901
1.44801168684 -8.10109928917 -82.1780512642
1.41733245371 -8.10991713863 -82.1481442334
1.38839215736 -8.1184146143 -82.116939601
1.36123850943 -8.12657714958 -82.0844981093
1.33591908484 -8.13439084603 -82.050869879
1.31248416032 -8.14184168115 -82.0160967817
1.29098887333 -8.14891482854 -81.980215533
1.2714945727 -8.15559412937 -81.9432613512
1.25406928058 -8.16186174469 -81.9052719914
1.23878723814 -8.16769800802 -81.866291939
1.22572756028 -8.17308148622 -81.8263765327
1.21497207659 -8.17798924505 -81.7855957804
1.20660248266 -8.18239730452 -81.7440376436
1.2006969658 -8.186281259 -81.7018105823
1.19732650029 -8.18961702765 -81.6590451853
1.19655102702 -8.19238169433 -81.6158947537
1.19841574123 -8.19455439061 -81.5725347489
1.20294770755 -8.19611717378 -81.5291610764
1.21015300621 -8.19705585149 -81.4859872304
1.22001458668 -8.19736070775 -81.4432403814
1.23249096865 -8.19702708996 -81.4011565471
1.24751588524 -8.196055824 -81.359975031
1.26499891367 -8.1944534334 -81.3199323583
1.28482708561 -8.19223214871 -81.2812559696
1.30686741663 -8.18940970444 -81.244157948
1.33097024427 -8.18600893147 -81.2088290682
1.35697321981 -8.18205716412 -81.1754334424
1.38470576195 -8.17758548993 -81.1441040224
1.41399375429 -8.17262787917 -81.1149391807
1.4446642526 -8.16722023631 -81.0880005515
1.47654996516 -8.16139942063 -81.0633122573
1.50949327844 -8.15520228368 -81.0408615872
1.54334962205 -8.14866477103 -81.0206011285
1.57798999949 -8.14182113165 -81.0024522883
1.613302553 -8.13470327287 -80.986310076
1.64919308074 -8.12734029065 -80.9720489628
1.68558447835 -8.11975819584 -80.9595295795
1.72241513384 -8.11197984644 -80.9486059774
1.75963636018 -8.10402508478 -80.9391331448
1.79720900199 -8.09591106766 -80.9309744596
1.83509939825 -8.08765276707 -80.9240087575
1.8732749199 -8.07926360962 -80.9181367083
1.91169932675 -8.0707562156 -80.9132862214
1.95032820212 -8.06214319275 -80.9094166423
1.98910472384 -8.05343793663 -80.9065215541
2.02795601773 -8.04465538906 -80.9046300535
2.06679031383 -8.03581270766 -80.9038064441
2.10549508864 -8.02692980436 -80.9041483498
2.1439363293 -8.01802971711 -80.9057833247
2.18195900075 -8.00913878798 -80.9088640987
2.2193887375 -8.00028663089 -80.9135626552
2.25603471921 -7.99150588346 -80.9200633871
2.29169362903 -7.98283174918 -80.9285556159
2.32615453662 -7.97430134761 -80.9392257819
2.35920449813 -7.96595290078 -80.9522496267
2.39063462529 -7.95782479384 -80.9677846828
2.42024634699 -7.94995455505 -80.9859633728
2.44785757161 -7.94237780597 -81.0068869843
2.47330845666 -7.93512723536 -81.0306207509
2.49646650581 -7.9282316502 -81.0571902129
2.51723073954 -7.92171515504 -81.0865789777
2.53553472577 -7.91559650515 -81.1187279347
2.55134830662 -7.90988867144 -81.1535359165
2.56467791666 -7.90459864537 -81.1908617379
2.57556545236 -7.89972750066 -81.2305274847
2.58408571978 -7.89527071611 -81.2723228759
2.59034255428 -7.8912187512 -81.3160104833
2.59446376891 -7.88755785328 -81.3613315599
2.59659514419 -7.88427106358 -81.4080122152
2.5968937186 -7.88133937854 -81.4557696685
2.59552067391 -7.87874301486 -81.5043183209
2.59263413033 -7.87646272031 -81.5533754079
2.58838217336 -7.87448106923 -81.6026660236
2.58289642542 -7.87278368084 -81.6519273492
2.57628645218 -7.8713603015 -81.7009119662
2.56863525715 -7.8702056968 -81.7493901828

