/group/profunda_left/0
0
posId 0-9.47734761611 2.54385820262 -37.5249385458
-9.49921262369 2.59306263087 -37.5390813791
-9.51165180703 2.64049956052 -37.556815765
-9.51481689664 2.68378640027 -37.5768825403
-9.50933102338 2.72153428247 -37.5982940197
-9.49600706491 2.75344808429 -37.6205174688
-9.47569662201 2.78012849162 -37.6434481345
-9.44929725888 2.80264161294 -37.6671913613
-9.41785752308 2.82199637611 -37.6917523658
-9.38266861783 2.83869736891 -37.7167699353
-9.34524122304 2.85251119566 -37.741411008
-9.30713021535 2.86250891965 -37.7644749853
-9.26965765423 2.86735338584 -37.7846683303
-9.23365268178 2.86572176 -37.8009385146
-9.19934117756 2.85671730911 -37.8127315511
-9.1664673656 2.84014054963 -37.8200694007
-9.13463296566 2.81654896463 -37.8234188108
-9.10373798695 2.78711196246 -37.8234099042
-9.07434667521 2.75333412543 -37.8205246522
-9.0478128589 2.71675226361 -37.814886453
-9.0260819747 2.67870251598 -37.8062380183
-9.01121214815 2.64021170461 -37.7941144691
-9.00477398732 2.60201308271 -37.7781359614
-9.00734904898 2.56464352354 -37.758294073
-9.01832248459 2.52856259778 -37.7351095194
-9.03606211532 2.49424604905 -37.7095937641
-9.05843238246 2.46223601819 -37.6830301915
-9.0834630548 2.43316010853 -37.656666327
-9.1099302554 2.40774505233 -37.6314449683
-9.13763684481 2.38684190492 -37.6078837063
-9.16728999372 2.3714544214 -37.5861471523
-9.20002335948 2.36273605432 -37.5662721533
-9.23674197125 2.36191110334 -37.5484393337
-9.27752989817 2.37009220292 -37.5331631972
-9.32133173016 2.38800699313 -37.5213070618
-9.36601249484 2.4156960619 -37.5139041254
-9.40876029354 2.45227981045 -37.5118502641

/group/profunda_left/3
3
posId 3-9.48585762595 2.33016805649 -37.7350004492
-9.4365168043 2.29966752443 -37.7429139564
-9.3904826517 2.27805250836 -37.7536675901
-9.34936326434 2.26636482104 -37.7670269614
-9.31286728189 2.26473717727 -37.7831929127
-9.2794731666 2.27233105787 -37.8024597428
-9.24749881094 2.28753584619 -37.8248160276
-9.21610953328 2.30838584095 -37.8496814217
-9.18585026524 2.33306495625 -37.8759078747
-9.15850663636 2.36032803908 -37.9020517788
-9.13639372387 2.38969165588 -37.926798637
-9.12141431237 2.42132898894 -37.9493491202
-9.1143179699 2.45571253921 -37.9695875159
-9.11449228668 2.49314236476 -37.9879463717
-9.12037390921 2.5333395998 -38.0050151423
-9.13028662531 2.57525831992 -38.0210578598
-9.14331909391 2.61718393834 -38.0356535316
-9.15983101126 2.65707673673 -38.0476300544
-9.18133491866 2.6930278571 -38.0553438094
-9.20977402215 2.72365731727 -38.0572115041
-9.24648670559 2.7483127553 -38.0522895056
-9.29129833691 2.76701021727 -38.0406669094
-9.34214345661 2.78016003805 -38.0235061472
-9.39540912684 2.78820081587 -38.0027030328
-9.44689079627 2.79129188497 -37.9802908544
-9.49299163218 2.78918112557 -37.9578176539
-9.53168621171 2.78128705871 -37.9359386296
-9.56285885421 2.76694597258 -37.9143805846
-9.58788114661 2.74571302408 -37.8922866839
-9.60860786101 2.71759484717 -37.8687978699
-9.62621440716 2.68313182463 -37.8436338888
-9.64036940225 2.64332021918 -37.8174396193
-9.64910169916 2.59943449951 -37.7917593629
-9.64943627681 2.55284725012 -37.7686524822
-9.63855484672 2.50493257575 -37.7501062197
-9.61501650929 2.45708576417 -37.7374778748
-9.57954274392 2.41082302471 -37.7311789795

/group/profunda_left/6
6
posId 6-9.74612587783 2.17394865649 -38.2181408478
-9.69763920062 2.12972704208 -38.2184572179
-9.64813407064 2.09739387496 -38.2249466351
-9.60063008647 2.07872756282 -38.2371200478
-9.55655358311 2.07276791845 -38.2538803564
-9.51604199753 2.07676028972 -38.2738410979
-9.47875308652 2.08771983988 -38.2957186718
-9.44470791402 2.10383339304 -38.3186313804
-9.41472591047 2.12503074986 -38.3421805542
-9.39026392947 2.15250064628 -38.3662893491
-9.37280687397 2.18746810136 -38.3908858864
-9.3631949036 2.22991338321 -38.4155865456
-9.36128854328 2.27791793317 -38.4395304183
-9.36616623622 2.32797616464 -38.4614413426
-9.37673697886 2.37610148539 -38.479887201
-9.39240691753 2.41914832069 -38.4936191052
-9.41339826867 2.45567789111 -38.5018459051
-9.44050584531 2.48595545007 -38.5043412799
-9.47439080601 2.51113588913 -38.5013664299
-9.51478192275 2.53212079931 -38.4934758891
-9.56003119472 2.54872763094 -38.4813156963
-9.60730457554 2.55962057944 -38.4655052117
-9.65336147669 2.56302019488 -38.4466313936
-9.69555906828 2.55777039659 -38.4253149176
-9.73257967151 2.54413625675 -38.402270079
-9.76450157898 2.52384732924 -38.378294101
-9.7921604024 2.49931664221 -38.3541757878
-9.81611545368 2.47243281428 -38.3305746884
-9.83575404489 2.44358810701 -38.3079523527
-9.84901883563 2.41151786659 -38.2866165004
-9.85294682817 2.37412142158 -38.2668759377
-9.84480830069 2.32991626915 -38.2492329924
-9.82332980059 2.27941684093 -38.2345022319

/group/profunda_left/9
9
posId 9-9.95859427315 1.99830681963 -38.7421943707
-9.91343295901 1.94483425877 -38.7361323684
-9.86848810766 1.90340405531 -38.735535297
-9.83048847262 1.87739071838 -38.7391882081
-9.80008836865 1.86574141777 -38.7463360363
-9.7726241975 1.86407749714 -38.7568800474
-9.74201225127 1.86736641171 -38.7710048142
-9.70524480808 1.87270499787 -38.7886101264
-9.66464598653 1.88070207727 -38.8090195653
-9.62657737056 1.89476572146 -38.8311848846
-9.59761259073 1.91879640837 -38.8541976083
-9.58079895589 1.95464983659 -38.8776585384
-9.57446325237 2.00077021337 -38.9015392564
-9.57424039105 2.05262930861 -38.9255490984
-9.57681509722 2.10454300113 -38.9484319112
-9.58273137911 2.15172865221 -38.967757827
-9.59628849743 2.19150279139 -38.9805184967
-9.62254475295 2.22319803407 -38.9843227952
-9.66343774318 2.24720614534 -38.9785533881
-9.71566228823 2.26398768852 -38.9647839687
-9.77179538439 2.27369428551 -38.9461417156
-9.82398929071 2.27643752987 -38.9259102786
-9.86782297045 2.27269273041 -38.9061297304
-9.90377721239 2.26325250745 -38.886967619
-9.93537937257 2.24858745547 -38.8671882065
-9.96530644616 2.22808079175 -38.8454044741
-9.99214231673 2.19989362629 -38.8213515469
-10.0101003795 2.16191442359 -38.7964388376
-10.0120744653 2.11350369757 -38.7732981643

/group/profunda_left/12
12
posId 12-10.11476157 1.81480018919 -39.1523827021
-10.079612615 1.76377168563 -39.1430553659
-10.04015323 1.72212107533 -39.1390688798
-9.99868909058 1.69178494482 -39.1404500042
-9.95648917958 1.67260821644 -39.1467071056
-9.91408418539 1.66316942084 -39.1570719445
-9.87187371975 1.66190343743 -39.1707608429
-9.83068273087 1.667925736 -39.1871291607
-9.79196978056 1.6811756951 -39.2056605998
-9.75759825097 1.70189586691 -39.2258282806
-9.72932101021 1.72983130136 -39.2469362051
-9.70827356435 1.76367343058 -39.2680592922
-9.69474902429 1.80111706381 -39.2881427925
-9.68835948954 1.83953756836 -39.3062287961
-9.68846960546 1.87692919125 -39.3216993931
-9.69464026072 1.91257729078 -39.3344060615
-9.706823613 1.94706235728 -39.3446056625
-9.72520097897 1.98154856244 -39.3527199641
-9.74976762617 2.0167047567 -39.3590279569
-9.77992356579 2.05182652842 -39.3634395355
-9.81433810676 2.08464893912 -39.3654634438
-9.85120898179 2.11199378805 -39.3643884606
-9.88881130961 2.13095915507 -39.3595918896
-9.92605068589 2.14006146548 -39.3508269676
-9.96270184652 2.13974276545 -39.3383528827
-9.9991568203 2.13196569803 -39.3228516032
-10.0357578567 2.11908245421 -39.30518342
-10.0720227569 2.10254478443 -39.2861128028
-10.1061596713 2.08212129464 -39.2661471713
-10.1351602724 2.05604876084 -39.2455682756
-10.1554996084 2.02208208188 -39.2246319821
-10.1641824271 1.97895393284 -39.2038213053
-10.1597015117 1.92753908962 -39.1840065872

/group/profunda_left/15
15
posId 15-10.1854045237 1.60130614506 -39.4634266995
-10.2257822706 1.6541746917 -39.472106483
-10.2542430774 1.70955270718 -39.4842187431
-10.2689591233 1.76293861505 -39.4986728452
-10.2705987681 1.81147673017 -39.5143778095
-10.2616589612 1.85437828636 -39.5305274088
-10.2452340976 1.89248385041 -39.5467241705
-10.2237879737 1.9272160068 -39.5629009201
-10.1984528253 1.95942581241 -39.5790920842
-10.1691041686 1.98865822828 -39.5951742549
-10.1350869154 2.01314641125 -39.6107057567
-10.0961728212 2.03049664647 -39.6249442611
-10.0532462905 2.03870790763 -39.6370344526
-10.0083763175 2.03702826346 -39.6462757361
-9.96425246167 2.02624571045 -39.6523416353
-9.92328395703 2.00829289984 -39.6553456882
-9.88682741951 1.98537665467 -39.655722
-9.85494098336 1.95906622159 -39.6539771964
-9.82679587818 1.92978460771 -39.6504322233
-9.80154197927 1.89694316277 -39.645077896
-9.77918648271 1.85964113515 -39.6376145528
-9.76102315591 1.81757353459 -39.6276587742
-9.74935843009 1.77168673518 -39.6150201506
-9.74662280441 1.72424235558 -39.599916444
-9.75426784407 1.67823840089 -39.5830228577
-9.77197773593 1.63645386239 -39.5653280142
-9.79760161303 1.60057528809 -39.5478596827
-9.82788906656 1.57083592005 -39.5314047621
-9.85973394705 1.54635899022 -39.5163513112
-9.89137751918 1.52605723236 -39.5027235265
-9.92301464751 1.50966133413 -39.4903897354
-9.95649700467 1.49836625871 -39.4793410897
-9.99422682144 1.49474159254 -39.4699034409
-10.0377038102 1.50188304803 -39.4627738144
-10.0863578014 1.52213672434 -39.458853111

/group/profunda_left/18
18
posId 18-10.3147546215 1.55887075825 -39.8295767513
-10.3328989386 1.6253246262 -39.8460257091
-10.3394152 1.69120917652 -39.8640062514
-10.3355415415 1.75147433577 -39.8818868505
-10.3231269741 1.80302666015 -39.8985091192
-10.3038124249 1.84495167006 -39.9133710832
-10.2785248474 1.87797746709 -39.9265468134
-10.247480066 1.90350265864 -39.938406706
-10.2106392704 1.92265123123 -39.9492793719
-10.168350325 1.93574476961 -39.959206499
-10.1218270467 1.94234550009 -39.9678853495
-10.0732102858 1.94174131523 -39.9747992165
-10.0251668135 1.93354979015 -39.9794494503
-9.98021171489 1.91809747137 -39.9815632219
-9.94007639525 1.89638213106 -39.9811748111
-9.90542244273 1.86966510181 -39.9785501868
-9.87603290922 1.83894421063 -39.9740076799
-9.85137913507 1.80462248221 -39.9677401603
-9.83127635358 1.76658219654 -39.9597407393
-9.81629522845 1.72465268513 -39.9498771864
-9.80771307418 1.67923696487 -39.9380790898
-9.80701338138 1.63175331932 -39.9245376958
-9.81516810239 1.5846146116 -39.9098045947
-9.83205450711 1.54068513906 -39.8947206724
-9.85630798704 1.50242040687 -39.8801904008
-9.88571381954 1.47107869429 -39.8668981868
-9.91798543791 1.44639820454 -39.8551021499
-9.95158416373 1.4269456916 -39.8446147899
-9.98619862483 1.41103986307 -39.8349984166
-10.022643012 1.39787236206 -39.8259020715
-10.0621911709 1.38832373512 -39.8173930562
-10.1056220264 1.38506821838 -39.8101262011
-10.1523924161 1.39184664581 -39.8052555373
-10.2003099396 1.41214113591 -39.8041011894
-10.2458681366 1.44775350847 -39.8076920514

/group/profunda_left/21
21
posId 21-10.3752246325 1.43254358187 -40.2158274119
-10.4005567231 1.48276346013 -40.2289034086
-10.4137554825 1.53042265128 -40.2425403822
-10.4155474242 1.57365790691 -40.2560644878
-10.4079979418 1.61249974736 -40.2692515291
-10.3936070177 1.64833049766 -40.2822572896
-10.374401846 1.68285624598 -40.2953938852
-10.3513768298 1.7170235949 -40.3088492516
-10.324469963 1.75032331988 -40.3224687336
-10.2930335795 1.78075437406 -40.3356903488
-10.2565546739 1.80544485128 -40.3476603711
-10.2152889979 1.82165715045 -40.3574806612
-10.1705284148 1.82775371057 -40.3644850086
-10.1243944261 1.82372760993 -40.3684309757
-10.0792646446 1.81109403024 -40.3695303845
-10.0370998182 1.79221087828 -40.3683098253
-9.99897777506 1.76933401226 -40.3653634703
-9.96504214052 1.74381529747 -40.3611042673
-9.93488254193 1.71577899505 -40.3556181396
-9.90816420673 1.68439753279 -40.348680246
-9.88520667619 1.64862513628 -40.3399223723
-9.86722711383 1.60805029135 -40.3290760319
-9.85610837813 1.56347994383 -40.3161842112
-9.85376403172 1.51698942322 -40.3016891262
-9.86135968228 1.4714091419 -40.2863574279
-9.87872943292 1.42946907299 -40.2710746584
-9.90425978309 1.39297606328 -40.2565971983
-9.9353252987 1.36238944695 -40.2433681901
-9.96912794023 1.336989769 -40.2314760609
-10.0036132079 1.31557592969 -40.2207721192
-10.0380889022 1.29738912449 -40.2110938323
-10.0732802325 1.28285075787 -40.2024928716
-10.1107773724 1.27376674431 -40.1953625356
-10.1520787982 1.27286821484 -40.1904002597
-10.1976043121 1.28283912034 -40.1884106491
-10.24607416 1.30520680923 -40.1900235512
-10.2945137691 1.33954584048 -40.1954407324

/group/profunda_left/24
24
posId 24-10.3648444284 1.26600996505 -40.6059135292
-10.3197747191 1.22119749656 -40.5925633435
-10.2661350301 1.19222416777 -40.5864231911
-10.2088203617 1.17925977579 -40.5870632596
-10.1526459586 1.1790509874 -40.592691965
-10.1011335364 1.18687607466 -40.6010616314
-10.0559010278 1.19888694393 -40.6104677892
-10.0168717393 1.21369552075 -40.6203627521
-9.98313477466 1.23248883088 -40.6313141759
-9.95399655152 1.25772828361 -40.644377606
-9.92970387941 1.29120364069 -40.660244179
-9.91151464613 1.33250740663 -40.6786229096
-9.90113703008 1.37873055744 -40.6981759519
-9.89987460689 1.42550755978 -40.7170237315
-9.90794458466 1.46881840206 -40.7335354169
-9.92432123853 1.50656668557 -40.7469763667
-9.94716519681 1.53909420285 -40.7576704027
-9.97458902425 1.56838012282 -40.7666014859
-10.0053430177 1.59638800959 -40.7746824831
-10.0390650104 1.62348279689 -40.7820962627
-10.0759856816 1.64779774838 -40.7880723296
-10.1162791902 1.66591187797 -40.7912239501
-10.1594364291 1.67448031801 -40.7902643319
-10.2040154305 1.67193008229 -40.7847106218
-10.2479056054 1.65927984745 -40.7751850993
-10.2889505173 1.63960063779 -40.7631360226
-10.325569043 1.61636668689 -40.7501145056
-10.3570116765 1.59156398027 -40.7369915235
-10.3830927975 1.56459367583 -40.7235463047
-10.4035428908 1.53262618458 -40.7086738993
-10.4173618331 1.49231617653 -40.6911372606
-10.4225912021 1.44206190226 -40.6704945419
-10.4167296945 1.38366490975 -40.6477210463

/group/profunda_left/27
27
posId 27-10.3541137339 1.02027979736 -40.9468137592
-10.2960750712 0.992604953062 -40.9382161319
-10.2413188795 0.975485333889 -40.9348576813
-10.1929257902 0.969750174658 -40.9368565494
-10.1515582885 0.974598614248 -40.9437204579
-10.1158371983 0.987999042882 -40.9545186985
-10.0834015012 1.00746320362 -40.9681812118
-10.0522011433 1.03088670794 -40.9838085573
-10.0215087586 1.05712880724 -41.0008732519
-9.99227939694 1.08611831962 -41.0192383748
-9.96677189091 1.11847132987 -41.0389948132
-9.94764984945 1.15480680383 -41.0601928963
-9.93697841089 1.19506576192 -41.0825867491
-9.93554686297 1.23812983671 -41.1055030488
-9.94277867185 1.28190198965 -41.1278930524
-9.9572180598 1.3238133552 -41.1485499744
-9.97732681753 1.3615399571 -41.1664050688
-10.0021970767 1.3936269751 -41.1807835718
-10.031838364 1.41976144402 -41.1915190319
-10.0669038979 1.44058693011 -41.1988837861
-10.1079879635 1.45714991908 -41.2033693168
-10.1548334333 1.47022352913 -41.2054110938
-10.2058424912 1.47980363591 -41.2051730467
-10.2581580366 1.48499517736 -41.2024789929
-10.3083309822 1.48433607572 -41.1969145184
-10.3533194992 1.4764162605 -41.188050366
-10.3913997285 1.46052131988 -41.1756880482
-10.42258089 1.4370193573 -41.1600212184
-10.448311823 1.40732057808 -41.1416448135
-10.4705630184 1.37342457021 -41.1214111386
-10.4906436037 1.33725057571 -41.1001987769
-10.5082475166 1.30004336721 -41.0786976437
-10.5211546211 1.26211874018 -41.0573055031
-10.5257623357 1.22306876294 -41.0361812135
-10.5182899099 1.1823479066 -41.0154294095
-10.4962163505 1.13999141862 -40.9953308104
-10.4594009804 1.09714986965 -40.9765083343

/group/profunda_left/30
30
posId 30-10.3924234165 0.82166212741 -41.3271761517
-10.3332431051 0.795619609473 -41.3181842528
-10.2740878676 0.776763936426 -41.3129107514
-10.2189248311 0.765976942909 -41.3115112067
-10.1703829857 0.763804508323 -41.3140687736
-10.1293698695 0.770375744889 -41.3205814464
-10.0951866652 0.785353102159 -41.3309274994
-10.0660816192 0.80792658407 -41.3448205139
-10.0400480463 0.836862142057 -41.3617738967
-10.0156057191 0.870607377221 -41.3810963246
-9.99232358024 0.907447363856 -41.4019327571
-9.97093860741 0.945691606011 -41.4233521989
-9.95306565606 0.983862930637 -41.4444674906
-9.94062797681 1.02085387914 -41.4645594639
-9.93522268756 1.0560184356 -41.4831725567
-9.9376430175 1.08917744716 -41.5001538596
-9.94771006136 1.12053322485 -41.5156216705
-9.96444795034 1.15050878636 -41.5298689906
-9.98651117447 1.17954501024 -41.5432261061
-10.0126857615 1.20789976719 -41.5559185905
-10.0422670528 1.23549363962 -41.5679587848
-10.0751709816 1.26183655037 -41.5790993753
-10.1117418242 1.28605085485 -41.5888599308
-10.1523377314 1.30698393551 -41.5966166267
-10.1968622533 1.32338286979 -41.6017281987
-10.2444334863 1.33409055371 -41.6036625639
-10.2933335061 1.33821994755 -41.6020908556
-10.3412768758 1.33527115424 -41.5969276617
-10.3859159475 1.32517222141 -41.5883138162
-10.4254068427 1.30824418137 -41.57655537
-10.4588286865 1.28510856777 -41.5620439155
-10.4862931333 1.25656702129 -41.5451859556
-10.508687604 1.22348525605 -41.5263623156
-10.5271274489 1.18670783554 -41.5059255823
-10.5423028593 1.14701842561 -41.4842290692
-10.5539554447 1.10514631974 -41.4616698983
-10.5606872611 1.0618080037 -41.4387250021
-10.560200031 1.01776519683 -41.4159630234
-10.5499183488 0.97387925441 -41.3940252033
-10.5278162392 0.931145304274 -41.3735803539
-10.4931878549 0.89069601281 -41.3552683466

/group/profunda_left/33
33
posId 33-10.4596935338 0.635143367863 -41.7668342817
-10.4081193542 0.600990971491 -41.7559301984
-10.3544222149 0.57926065366 -41.7494728325
-10.3019410591 0.57028334706 -41.7475024942
-10.253132219 0.572657448677 -41.7494664299
-10.2092196728 0.583847272563 -41.7544387455
-10.170216449 0.601066239198 -41.7614325936
-10.1352944752 0.622134536466 -41.7696953034
-10.1033684614 0.646019160924 -41.7788861351
-10.0736946006 0.672887138262 -41.7890813418
-10.0462885134 0.703683824816 -41.8006152532
-10.0220361649 0.739420027937 -41.8138253389
-10.0024805426 0.780451159975 -41.8288019129
-9.98937650562 0.826023575009 -41.8452377667
-9.98417820679 0.874253173718 -41.862432393
-9.98763446032 0.922532930103 -41.8794455773
-9.99961677513 0.968203928229 -41.8953389271
-10.0192141148 1.00922986534 -41.9094124886
-10.0450328739 1.0446220902 -41.9213483205
-10.0755751484 1.07446600613 -41.9312111356
-10.1095551163 1.0995580946 -41.9393125117
-10.1460534542 1.12081363257 -41.945997649
-10.1844840219 1.13869002662 -41.9514419767
-10.2244242422 1.15285759862 -41.9555385033
-10.2654098337 1.16224517259 -41.957918681
-10.3067975612 1.16543413093 -41.9580950744
-10.3477576676 1.16123294623 -41.955664939
-10.3873903369 1.14919081144 -41.9504893841
-10.4248977751 1.12983318067 -41.9427728016
-10.4597129842 1.1045146142 -41.933007804
-10.4915021236 1.07494107737 -41.9218060472
-10.5200140598 1.04255264393 -41.9096831481
-10.5448251828 1.00802254651 -41.8968872052
-10.5650881561 0.971092070095 -41.883346127
-10.579412517 0.930834661207 -41.8687638849
-10.5859710776 0.886273983548 -41.8528368773
-10.582848134 0.837134292199 -41.835511574
-10.5685511701 0.784435081776 -41.8171832648
-10.5425329856 0.730683659207 -41.7987522197

/group/profunda_left/36
36
posId 36-10.4328359431 0.481100202247 -42.2424892798
-10.4874180218 0.516220957366 -42.2520237896
-10.5317263441 0.5556575149 -42.2628539188
-10.5624439811 0.597575631208 -42.2744851149
-10.5789680613 0.641012666067 -42.2866495215
-10.5832980391 0.68564987287 -42.2992423917
-10.5790364803 0.731313942914 -42.3121884083
-10.5698918064 0.777456609698 -42.325305434
-10.5582615146 0.8228570895 -42.3382306981
-10.5444347793 0.865683211615 -42.3504439072
-10.5267019084 0.903882493208 -42.3613770516
-10.5022972815 0.935726234732 -42.3705614042
-10.4687777723 0.960261933403 -42.3777454108
-10.4252794724 0.977470528261 -42.3829299877
-10.3731619708 0.988056417964 -42.38630443
-10.3158090547 0.992961998216 -42.3881105656
-10.257697213 0.992822791017 -42.388495454
-10.203127331 0.987609212776 -42.3874193286
-10.1551268509 0.976622518031 -42.3846624646
-10.1149299849 0.958858379762 -42.3799318033
-10.0821817253 0.933588040779 -42.3730238265
-10.0557030246 0.900905108242 -42.3639736165
-10.0344312859 0.86199142014 -42.3531231833
-10.0181039878 0.818968091337 -42.3410743461
-10.007397471 0.774371832167 -42.3285396104
-10.0034987627 0.730458789683 -42.3161484027
-10.0073553502 0.688618991732 -42.3042869394
-10.0189968577 0.649147680142 -42.2930385057
-10.0372875304 0.611478155668 -42.2822511171
-10.0602650244 0.574791345136 -42.2717074465
-10.0859399571 0.538758217898 -42.2613289601
-10.1131983598 0.504109023612 -42.2513303229
-10.1423724621 0.47278531419 -42.2422582272
-10.1751643786 0.447593028031 -42.2348938338
-10.2138770592 0.43147223518 -42.2300518521
-10.2602145095 0.426651482505 -42.2283501288
-10.3141257673 0.434000359992 -42.230034977

/group/profunda_left/39
39
posId 39-10.4749164072 0.349778613544 -42.7304783615
-10.4217871888 0.31455029849 -42.7206796719
-10.3658228535 0.290596585112 -42.714625936
-10.3110368728 0.278717439188 -42.7124535025
-10.260345716 0.278139285961 -42.713821873
-10.2151057925 0.286917190348 -42.7180583983
-10.1752212909 0.302666618876 -42.7243923817
-10.1397257967 0.323351692475 -42.7321929663
-10.1075663629 0.347840091239 -42.7411251022
-10.0782631084 0.376031024843 -42.7511708189
-10.0521975325 0.408532889681 -42.7625157943
-10.0304588485 0.446042831581 -42.7753527775
-10.0143713475 0.488691425543 -42.7896834835
-10.004953977 0.535619155446 -42.8051977748
-10.0025735615 0.584948647547 -42.8212752969
-10.0069454031 0.634152031786 -42.8371046465
-10.0174608012 0.680654846108 -42.8518692492
-10.0336601088 0.722430563959 -42.8649257276
-10.0555953283 0.75835635509 -42.8759081946
-10.0838722859 0.788210482653 -42.8847261143
-10.1193096429 0.812345760697 -42.8914688251
-10.1623354262 0.831205668219 -42.8962670713
-10.2123790266 0.844905088392 -42.89917564
-10.2675439182 0.853055386106 -42.9001266558
-10.3247467862 0.854895111027 -42.8989677149
-10.3803206441 0.849646803163 -42.8955591352
-10.4308811134 0.836919640306 -42.8898780006
-10.4741316402 0.816960990934 -42.8820750591
-10.509290949 0.790633867934 -42.8724542876
-10.5369663875 0.759128220484 -42.8613831107
-10.5585157994 0.72354292046 -42.8491763678
-10.5751494437 0.684543514629 -42.8360128404
-10.5871355401 0.642275777397 -42.8219315906
-10.5934397819 0.59660505357 -42.8069206786
-10.5919611678 0.547602481696 -42.791067674
-10.5802897857 0.496076160066 -42.7747087275
-10.5567016567 0.443903764185 -42.7585059489

/group/profunda_left/42
42
posId 42-10.6121785523 0.310444393744 -43.2460928579
-10.6185987983 0.370321160026 -43.2775228307
-10.6162052027 0.427533686396 -43.308485542
-10.6061274856 0.478873028873 -43.3371356516
-10.5896521723 0.522537850038 -43.3623660459
-10.5678734663 0.558234348274 -43.3838995847
-10.5414933044 0.586846214718 -43.402133826
-10.510823624 0.609814616179 -43.4178080661
-10.4759706538 0.628451436742 -43.4316146877
-10.4371176216 0.643414554341 -43.4438867133
-10.3947904201 0.654503013116 -43.4544588816
-10.3500008339 0.660809749544 -43.4627339638
-10.3042094512 0.661143231804 -43.4679130732
-10.2591177979 0.654540921288 -43.469293896
-10.2163621984 0.640676296008 -43.4665225371
-10.1772179067 0.620012257046 -43.4597081476
-10.1424184443 0.593656332084 -43.449364952
-10.1121533178 0.562988550611 -43.4362128076
-10.0862424916 0.529218665176 -43.4209205498
-10.0644214973 0.493054367291 -43.4038968179
-10.0466301555 0.454617579306 -43.3852136091
-10.033195487 0.413648548629 -43.3646958264
-10.0248367515 0.369923461281 -43.3421448277
-10.0224846987 0.323723110904 -43.3176096599
-10.0269753699 0.276161293383 -43.2915967164
-10.0387267331 0.229224323849 -43.2651262524
-10.0575165307 0.185473741665 -43.2395971087
-10.0824475977 0.147487805556 -43.2164907937
-10.1121230813 0.117219497171 -43.1970078434
-10.1449803295 0.095491612607 -43.1817604188
-10.1796744312 0.0818153739094 -43.1706330886
-10.2153811088 0.0746169140315 -43.1628712919
-10.2519121221 0.0718193049265 -43.1573810638
-10.2895974155 0.0716029441201 -43.1531499425
-10.3289666523 0.0730977244942 -43.1496531756
-10.3703320224 0.0767721184518 -43.1471080651
-10.4134105257 0.0843755424797 -43.1464842835
-10.4571145668 0.0984324125484 -43.1492552403
-10.4995872631 0.121432670169 -43.156959847
-10.5384806123 0.154965576649 -43.1707073203
-10.5713966044 0.19906683703 -43.1907786691

/group/profunda_left/45
45
posId 45-10.6873021575 -0.0231642752043 -43.6466311163
-10.7089046854 0.0217059509945 -43.6749623703
-10.7215218133 0.0640925031343 -43.7032514078
-10.724820757 0.102650590823 -43.7305874813
-10.7193655317 0.137041070098 -43.7566139773
-10.706435492 0.167796268998 -43.7814665918
-10.6876766973 0.195955713426 -43.8055772667
-10.6646877957 0.222586082305 -43.8294069372
-10.6386609285 0.248330693547 -43.8531889317
-10.610180374 0.273120443592 -43.8767586408
-10.5792327737 0.296125245643 -43.8995162717
-10.5454179371 0.315949610743 -43.9205274886
-10.5082884432 0.331001771581 -43.9387247654
-10.4677082032 0.339915577571 -43.9531433203
-10.42411635 0.341893287106 -43.9631181915
-10.3786140375 0.336867829527 -43.9683849892
-10.3328478933 0.325444468165 -43.9690603915
-10.2887271751 0.30865385827 -43.9655183423
-10.2480623663 0.287608020827 -43.958211184
-10.212235374 0.263178911369 -43.9475009967
-10.1819991139 0.235807584164 -43.9335603663
-10.157461537 0.205504931949 -43.9163760502
-10.1382500411 0.172038504261 -43.8958523473
-10.1237956718 0.135236029143 -43.8719756943
-10.1136404457 0.095296036455 -43.8449798866
-10.10766669 0.0529926355137 -43.815449762
-10.1061753998 0.00969616330093 -43.7843208354
-10.1097917857 -0.0328072440721 -43.7527668611
-10.1192335993 -0.0726462268826 -43.7220053134
-10.1350228148 -0.108241984961 -43.6930797032
-10.157239287 -0.138611591616 -43.6666877154
-10.1854003942 -0.163496400741 -43.6431115997
-10.2185083101 -0.18327005777 -43.6222756678
-10.2552503791 -0.198651940001 -43.6039150022
-10.2942865307 -0.210316600957 -43.5878025854
-10.3345277509 -0.218526787617 -43.573961074
-10.375311364 -0.222914236803 -43.5627875412
-10.4164120359 -0.222488885068 -43.5550446376
-10.4578815334 -0.215886368959 -43.5517123664
-10.4997679619 -0.201787671866 -43.5537385391
-10.5418076627 -0.179387459658 -43.5617592526
-10.5831960634 -0.148767489166 -43.5758727893
-10.6225226574 -0.111055508475 -43.5955370384

/group/profunda_left/48
48
posId 48-10.7028485722 -0.443854738834 -44.0453751556
-10.7410347852 -0.394859239622 -44.0673169279
-10.7703942708 -0.34172610082 -44.0936263333
-10.7895440584 -0.288134574401 -44.1223459138
-10.7981749111 -0.237283193175 -44.1515876254
-10.7970330516 -0.19125960782 -44.1799213392
-10.7876480074 -0.150767885178 -44.206598102
-10.7718876397 -0.115283196916 -44.2315485527
-10.7514740814 -0.0835637224837 -44.255171431
-10.7276044417 -0.0543353733381 -44.2779947263
-10.7007843939 -0.0269146452008 -44.3003301755
-10.6709129899 -0.00156441488392 -44.3220383673
-10.637576302 0.0205246608434 -44.3424788258
-10.6004422856 0.0376029617738 -44.360652766
-10.5596206614 0.0479372157331 -44.3754792043
-10.5158682575 0.0503818854259 -44.3861009194
-10.4705755504 0.0447443358484 -44.3921101797
-10.4255447699 0.0318201577597 -44.3936166077
-10.382638479 0.0130954702401 -44.3911387753
-10.3434172716 -0.00976773594396 -44.3853656251
-10.308883681 -0.0354711793373 -44.376880515
-10.2794084596 -0.0634464594634 -44.3659530686
-10.2548503327 -0.0939144647383 -44.3524779212
-10.2348142751 -0.127617299811 -44.3360844749
-10.218949127 -0.165321902619 -44.3163778193
-10.2071775793 -0.207278770458 -44.2932211676
-10.1997817016 -0.252837616732 -44.266952636
-10.1973233551 -0.300367493005 -44.2384506118
-10.200440166 -0.347520920635 -44.2090150849
-10.2096019616 -0.391758065646 -44.1800984829
-10.2249239642 -0.43095192318 -44.1529752101
-10.2461079744 -0.463863091797 -44.1284640908
-10.2725309608 -0.490315364282 -44.1068026934
-10.3034413814 -0.511006969441 -44.087721595
-10.3381793877 -0.527021092856 -44.07069724
-10.3763247023 -0.539208169865 -44.0552981685
-10.4177007829 -0.547662662916 -44.0415035523
-10.4622176989 -0.55148990868 -44.0298783104
-10.5095998776 -0.548962213723 -44.0215346275
-10.5590952811 -0.538029997421 -44.0178806056
-10.609280493 -0.517029000887 -44.0202292137

/group/profunda_left/51
51
posId 51-10.8747027905 -0.652191289231 -44.5532716698
-10.8980782393 -0.599687005837 -44.5709877635
-10.9124798234 -0.546532423161 -44.5905818885
-10.9181802665 -0.49567511263 -44.6107756736
-10.915950773 -0.449263086491 -44.6305350204
-10.9068804058 -0.408294031071 -44.6492487609
-10.8921636533 -0.372565047466 -44.666787659
-10.8729005211 -0.340935770369 -44.6834304471
-10.8499489178 -0.311830804551 -44.6996806721
-10.823855584 -0.283840750406 -44.7160283524
-10.7948728015 -0.25625374656 -44.7327252605
-10.7630483981 -0.229369345012 -44.7496378788
-10.7283608919 -0.20450809878 -44.7662192025
-10.6908636018 -0.183716036863 -44.7816062113
-10.6508026627 -0.169248876148 -44.7948138926
-10.6086832412 -0.162982097354 -44.8049694647
-10.5652729117 -0.165912638858 -44.8115196342
-10.5215470373 -0.17789062972 -44.8143522793
-10.4785939993 -0.197653404885 -44.8137992295
-10.4375052242 -0.223148169365 -44.8105213612
-10.3992749817 -0.252048735161 -44.8053109891
-10.3647286974 -0.282318755357 -44.7988697558
-10.3344885012 -0.312663614089 -44.7916263009
-10.3089741721 -0.342747977667 -44.783645343
-10.288429589 -0.373125355991 -44.7746523266
-10.272961225 -0.404909433496 -44.7641636289
-10.2625764802 -0.439290154433 -44.7516815557
-10.2572145344 -0.477039579079 -44.7368949423
-10.2567686003 -0.518151667282 -44.7198254282
-10.2611034352 -0.561717324058 -44.7008764457
-10.270073775 -0.60606443306 -44.6807715051
-10.2835473433 -0.649113668653 -44.6604016535
-10.301431094 -0.688838007125 -44.6406290965
-10.3236934241 -0.723685487106 -44.6221068726
-10.3503708284 -0.752838977906 -44.6051693026
-10.3815470715 -0.776238893737 -44.5898262438
-10.4172974687 -0.794369054929 -44.575862392
-10.4575996996 -0.807879810841 -44.563010459
-10.5022235502 -0.817173781898 -44.5511437168
-10.5506218781 -0.822092567476 -44.5404262059
-10.6018506214 -0.821813303249 -44.531370207
-10.6545444229 -0.815000512963 -44.524777263
-10.7069657716 -0.800179991031 -44.5215734199
-10.7571308941 -0.77623092961 -44.5225814016
-10.8029982172 -0.742851463245 -44.5282926704

/group/profunda_left/54
54
posId 54-10.8853088416 -0.890291192854 -45.0696506554
-10.9224453434 -0.843354669977 -45.0773333768
-10.951537791 -0.793110990053 -45.0869314387
-10.9721920938 -0.742746635785 -45.097649117
-10.9845405194 -0.695035336521 -45.1087324991
-10.9891435351 -0.651779764446 -45.1196304531
-10.986836433 -0.613499678399 -45.1300972431
-10.9785537476 -0.579457038103 -45.1402084875
-10.9651681241 -0.548015785622 -45.1502863478
-10.9473753706 -0.517240348547 -45.1607553455
-10.9256452791 -0.485569228858 -45.1719697565
-10.9002415451 -0.452377846332 -45.1840615195
-10.8712979056 -0.418274752407 -45.1968517306
-10.8389254307 -0.385049194591 -45.2098507453
-10.8033205938 -0.355285001969 -45.2223468243
-10.7648462716 -0.331748453119 -45.233558312
-10.7240670707 -0.316719965533 -45.242806626
-10.6817335556 -0.311453615153 -45.2496618727
-10.638723377 -0.315910874211 -45.2540211706
-10.595957463 -0.328836527247 -45.256099284
-10.554313915 -0.348148039275 -45.2563362812
-10.5145603372 -0.371522315191 -45.2552503795
-10.4773181045 -0.397010532712 -45.2532792137
-10.4430620214 -0.423507322886 -45.2506552391
-10.4121490157 -0.450945655754 -45.2473502598
-10.3848626994 -0.48016980416 -45.2431034339
-10.3614584772 -0.512531967171 -45.2375226198
-10.3421965049 -0.549336555849 -45.230227759
-10.3273558675 -0.591297384825 -45.2209932503
-10.317230535 -0.638165709401 -45.2098472863
-10.312113467 -0.688634061443 -45.1970994489
-10.3122777763 -0.740538291362 -45.1832894627
-10.3179624551 -0.791292683531 -45.1690734429
-10.3293655499 -0.83842623483 -45.1550823075
-10.346641725 -0.880061563813 -45.141794865
-10.3698962888 -0.915198832832 -45.1294631582
-10.3991660801 -0.943728791535 -45.1181114624
-10.4343802129 -0.966182811602 -45.1076077505
-10.4753001959 -0.983308350283 -45.0977841919
-10.5214476011 -0.995611456309 -45.0885680131
-10.5720355412 -1.00301772003 -45.0800804005
-10.6259248891 -1.00476642423 -45.0726702626
-10.6816253643 -0.999580404066 -45.0668689655
-10.7373547106 -0.986067812718 -45.0632759732
-10.7911573685 -0.963237515728 -45.0624066333

/group/profunda_left/57
57
posId 57-10.9415151321 -0.975894302712 -45.5745122789
-10.9682678409 -0.923129662564 -45.589758313
-10.9876203939 -0.866006765671 -45.6069595897
-10.9998714367 -0.807535414712 -45.6251143008
-11.0053333621 -0.750781580884 -45.6432013504
-11.0040823978 -0.698347364237 -45.6603678112
-10.9958641276 -0.651976248606 -45.6760643206
-10.9801864404 -0.612398377183 -45.6900887371
-10.9565660746 -0.579454582445 -45.7025278935
-10.9248414857 -0.552448747562 -45.7136201881
-10.8854416585 -0.530605685172 -45.7235870034
-10.839515091 -0.513480458582 -45.732490064
-10.7888699887 -0.501185382594 -45.7401618425
-10.7357392946 -0.494365749598 -45.746230481
-10.6824410377 -0.493942447761 -45.7502282083
-10.6310364162 -0.500719377757 -45.7517439515
-10.5830847695 -0.514998894342 -45.7505663172
-10.5395581734 -0.536344254831 -45.7467671381
-10.5009222602 -0.563576128735 -45.740696757
-10.4673340258 -0.595008785877 -45.7328927834
-10.4388713173 -0.62884877768 -45.723933639
-10.4157045239 -0.663623149922 -45.7142866702
-10.3981493245 -0.698494362941 -45.7042017709
-10.3865891683 -0.733358108697 -45.6936851408
-10.3813088903 -0.768694247105 -45.6825598796
-10.3823169998 -0.805224379422 -45.6705903726
-10.3892403087 -0.843493468821 -45.6576261719
-10.40134821 -0.8835157655 -45.6437155475
-10.4177144132 -0.924599900169 -45.6291507348
-10.4374692513 -0.965403978595 -45.6144317202
-10.4600559385 -1.00419173704 -45.6001642624
-10.4853945841 -1.03919338116 -45.5869305031
-10.5138830405 -1.06894302309 -45.5751790145
-10.5462161108 -1.09247919775 -45.5651725922
-10.583066734 -1.10934985826 -45.5570097166
-10.6247230314 -1.1194383172 -45.5507075224
-10.6707956711 -1.12269453064 -45.5463105027
-10.7200928228 -1.11889224163 -45.5439786535
-10.7707098357 -1.10752351196 -45.5440153268
-10.8203138252 -1.08789092423 -45.5468165933
-10.8665417467 -1.05938229566 -45.5527529505

/group/profunda_left/60
60
posId 60-11.0117470074 -1.04039431734 -46.0670434112
-11.018951429 -0.983119866261 -46.0990073939
-11.0179874934 -0.92745997998 -46.1301398369
-11.0093829823 -0.876280867494 -46.1588333999
-10.9938844177 -0.831512001932 -46.1840026394
-10.9722904072 -0.793963417347 -46.2051876282
-10.9453323722 -0.763429347332 -46.2224970431
-10.9136303787 -0.739027718138 -46.236418712
-10.8777257701 -0.719660885681 -46.2475616932
-10.838167277 -0.704455335209 -46.2564096512
-10.7956111128 -0.693053980945 -46.2631565344
-10.7508930396 -0.685687821027 -46.2676658778
-10.7050418549 -0.683026352549 -46.2695543308
-10.6592250262 -0.685875118412 -46.2683612577
-10.6146410327 -0.694832659657 -46.2637415043
-10.5723914417 -0.710025112123 -46.2556149227
-10.5333727883 -0.731004236304 -46.2442243351
-10.4982217334 -0.756835608849 -46.2300866977
-10.4673290674 -0.786338101856 -46.2138590655
-10.4409149288 -0.818385360212 -46.196169355
-10.4191369243 -0.852161095409 -46.1774726447
-10.4021916197 -0.887278361394 -46.1579835923
-10.3903719779 -0.923721911112 -46.1377081667
-10.384058198 -0.961635510904 -46.1165626576
-10.3836422796 -1.0010314374 -46.0945367787
-10.389409961 -1.04152850008 -46.0718411911
-10.4014196978 -1.08221770565 -46.0489836775
-10.4194214943 -1.12171305006 -46.026741449
-10.4428472884 -1.15838234247 -46.0060321564
-10.4708824163 -1.19069007758 -45.9877215379
-10.5026013837 -1.21754231434 -45.9724293842
-10.537129159 -1.2385169822 -45.9603993473
-10.5737787713 -1.25389534631 -45.9514801448
-10.6121208995 -1.26447217786 -45.9452311019
-10.6519603396 -1.27119426866 -45.9411244932
-10.6932221763 -1.27473619883 -45.9387837591
-10.7357786817 -1.27514910034 -45.9381814224
-10.7792676975 -1.27170278349 -45.9397289535
-10.8229582463 -1.26298740595 -45.9442210915
-10.8657075169 -1.2472636129 -45.9526404281
-10.9060283979 -1.22297313647 -45.9658712993
-10.9422557145 -1.18926900571 -45.9844018506
-10.9727714577 -1.14641257672 -46.0081000588

/group/profunda_left/63
63
posId 63-10.9570169133 -1.41527742039 -46.430832705
-10.9890200383 -1.37031144531 -46.4597970715
-11.0086216387 -1.32128772124 -46.4911115459
-11.0164232571 -1.27196472368 -46.5224116446
-11.0142759265 -1.2255720911 -46.5516885849
-11.0045856382 -1.18413059119 -46.5777069991
-10.9895224392 -1.14820176055 -46.6001494907
-10.9704008971 -1.1171297211 -46.6194531554
-10.9474351181 -1.08966027286 -46.6364141728
-10.9199354425 -1.06469125599 -46.6517170687
-10.8868560965 -1.04187110542 -46.6655659524
-10.8474808069 -1.02183136875 -46.6775494186
-10.8019904675 -1.00598565357 -46.6867773747
-10.7517074732 -0.995995050741 -46.6922230356
-10.6989348818 -0.993124608006 -46.6931267729
-10.6464581244 -0.997750357584 -46.6892990158
-10.596896962 -1.00921011596 -46.6812033507
-10.5521423313 -1.02605113532 -46.6697903279
-10.5130714554 -1.04656914468 -46.6561519465
-10.4796232769 -1.06941833414 -46.6411375262
-10.4511789418 -1.09404493371 -46.6250863047
-10.4270814212 -1.12076821213 -46.6077852168
-10.4070855731 -1.15047371649 -46.5886704876
-10.3915691479 -1.18403895571 -46.567194162
-10.3814386179 -1.22172043835 -46.5432097918
-10.3777889661 -1.26275004289 -46.5172216093
-10.3814736983 -1.3053099976 -46.4903929219
-10.3927722912 -1.3469092728 -46.464302548
-10.4112957023 -1.38502660679 -46.4405368808
-10.4361661148 -1.41777820233 -46.4202710926
-10.4663875415 -1.44435387333 -46.4039999385
-10.5012382619 -1.46505101001 -46.3915230622
-10.5405000381 -1.48088946102 -46.3821922919
-10.5844008712 -1.49295382907 -46.3753262347
-10.6332647604 -1.50171973964 -46.3706299456
-10.6869880173 -1.50663400922 -46.3684511749
-10.7445466113 -1.50612842341 -46.3697631671
-10.8037470019 -1.49808565218 -46.3758659681
-10.8613572138 -1.4806037502 -46.3879056226

/group/profunda_left/66
66
posId 66-10.9967278588 -1.60023752176 -46.9806845695
-11.0018230615 -1.53804324625 -47.0154513875
-11.0034229561 -1.47840245407 -47.0487761532
-11.0011379059 -1.42416331002 -47.0790660357
-10.9939336245 -1.376971335 -47.105397174
-10.9804450768 -1.33726612765 -47.1275179077
-10.9594050824 -1.30457771853 -47.1456851316
-10.9300694432 -1.27799982865 -47.1604018113
-10.8925236121 -1.25667618761 -47.172146673
-10.8477911719 -1.2401482286 -47.1811804519
-10.7977208008 -1.22847142866 -47.187480396
-10.7446891138 -1.22209222928 -47.1908076984
-10.6912042043 -1.22155929383 -47.1908670336
-10.6395157965 -1.22719513245 -47.1874882618
-10.5913278896 -1.23886060119 -47.1807567092
-10.5476733231 -1.25590473764 -47.1710406315
-10.5089592161 -1.27732061639 -47.1589043505
-10.4751437004 -1.30204961181 -47.1449390686
-10.4459723006 -1.32931885028 -47.1295754083
-10.42119527 -1.35887985612 -47.1129510646
-10.4007053844 -1.39104680002 -47.0948900518
-10.384571243 -1.42650072699 -47.0750122177
-10.3729809616 -1.46590914886 -47.0529455031
-10.3661414583 -1.50948034413 -47.0285744779
-10.3641894039 -1.55660421149 -47.0022405771
-10.3671584597 -1.60571401436 -46.9748191901
-10.3750187095 -1.65443952367 -46.9476342843
-10.3877692572 -1.70003103116 -46.9222219483
-10.4055370842 -1.73994414553 -46.9000041426
-10.4286252812 -1.7724163738 -46.8819668144
-10.4574663289 -1.79685849804 -46.868441051
-10.4924679118 -1.81393130698 -46.8590595274
-10.5337794813 -1.82526845721 -46.8529102866
-10.5810434377 -1.83291240668 -46.8488507393
-10.6332122848 -1.83862004977 -46.8458947483
-10.6885047734 -1.84323978033 -46.843560429
-10.7445404179 -1.84634727855 -46.842074213
-10.7986418132 -1.84625643196 -46.8423660941
-10.8482427118 -1.84041483952 -46.8458505038
-10.8913030112 -1.82608190307 -46.8540493525
-10.9266220307 -1.80110480004 -46.868159938
-10.9539632763 -1.76457834685 -46.8886868766
-10.9739522922 -1.71720753483 -46.9152391211

/group/profunda_left/69
69
posId 69-11.0143018993 -1.99109248841 -47.4895274069
-11.042993386 -1.94045751533 -47.5107535762
-11.0627830234 -1.88765363835 -47.5331678096
-11.0734760471 -1.8352693715 -47.5556499903
-11.0756093246 -1.78538980147 -47.5772787513
-11.0702447172 -1.73934455877 -47.5974467447
-11.0586575747 -1.69765779464 -47.6158909662
-11.0420055362 -1.66019582399 -47.6326376764
-11.0210678835 -1.62645545387 -47.6478842118
-10.9961254948 -1.59590150031 -47.6618555371
-10.9670115802 -1.56825470106 -47.6746776658
-10.9333151046 -1.54365224704 -47.6863022618
-10.8946757664 -1.52264541023 -47.6964995513
-10.8510837575 -1.50604921751 -47.7049154333
-10.803096482 -1.49470273535 -47.7111697412
-10.7519081361 -1.48922261351 -47.7149614863
-10.6992496925 -1.48983048722 -47.7161466557
-10.6471444728 -1.4963079866 -47.7147645022
-10.5975845899 -1.50809019737 -47.711005814
-10.5522148241 -1.5244629241 -47.7051358471
-10.5121071438 -1.54479513401 -47.6973994656
-10.4776823774 -1.56872600452 -47.6879419704
-10.4487934367 -1.59623980543 -47.6767742497
-10.4249392145 -1.62759727263 -47.6637967297
-10.4055428526 -1.66313838105 -47.6488774689
-10.3902124432 -1.7030142814 -47.6319615352
-10.3789105196 -1.7469322544 -47.6131772332
-10.371988004 -1.79399837638 -47.5929035787
-10.3700796622 -1.84271720648 -47.5717733122
-10.3738992038 -1.89116313861 -47.5506040358
-10.3840008793 -1.93728701347 -47.5302714613
-10.4005824608 -1.97927928319 -47.5115569305
-10.4233897943 -2.01589035432 -47.4950107587
-10.4517503666 -2.04661650942 -47.4808704722
-10.4847226066 -2.07169462103 -47.469058997
-10.5213113174 -2.0919013725 -47.4592660273
-10.5606787552 -2.10820817539 -47.4510922563
-10.6022818252 -2.1213855283 -47.4442176225
-10.6458885001 -2.13166770539 -47.438546651
-10.6914641909 -2.13857495304 -47.4342888895
-10.7389601595 -2.14094908188 -47.4319492565
-10.7880686544 -2.13720061762 -47.4322273216
-10.8380232246 -2.12570745036 -47.4358494704
-10.8875130696 -2.10526242389 -47.4433766517
-10.9347496144 -2.07545245779 -47.4550377036

/group/profunda_left/72
72
posId 72-10.9411474764 -2.32031111311 -48.0353082611
-10.8863541319 -2.34613030173 -48.0301851781
-10.8293114336 -2.36413645543 -48.0281578903
-10.7724316667 -2.37449614772 -48.0289663385
-10.7178149733 -2.37779928364 -48.0322183478
-10.667031054 -2.37486008298 -48.0374816997
-10.6210076267 -2.366494632 -48.0443761721
-10.5800422831 -2.35332885886 -48.0526441158
-10.543927722 -2.33568281954 -48.0621832909
-10.5121565513 -2.31355785744 -48.073034842
-10.4841564222 -2.2867273648 -48.0853301811
-10.4595025539 -2.25490602596 -48.0992104829
-10.4380632076 -2.21795304576 -48.114739021
-10.420051879 -2.17605676732 -48.1318280949
-10.4059831512 -2.12985316946 -48.1501985002
-10.3965515042 -2.08044754599 -48.1693813982
-10.3924685821 -2.02933278987 -48.1887621202
-10.394300927 -1.97822293415 -48.207655509
-10.4023460268 -1.92884057043 -48.2253953015
-10.4165714888 -1.88270658815 -48.2414174657
-10.4366241509 -1.84097818051 -48.2553198122
-10.461897975 -1.80436729297 -48.2668868084
-10.4916362644 -1.77315057158 -48.276077482
-10.5250382581 -1.74725910743 -48.282983233
-10.5613433 -1.7264178138 -48.2877689922
-10.5998759798 -1.71029472234 -48.2906138885
-10.6400494547 -1.69862192449 -48.291665912
-10.6813372965 -1.69126137992 -48.291019705
-10.7232328123 -1.68820674553 -48.2887192188
-10.7652165026 -1.68953149324 -48.2847797163
-10.8067469242 -1.69530846946 -48.2792184946
-10.847279703 -1.70553263206 -48.2720821131
-10.886307287 -1.72007535243 -48.2634601577
-10.9234023034 -1.73868663232 -48.2534808564
-10.9582434041 -1.76104458223 -48.2422905222
-10.9906058955 -1.78683468755 -48.2300247869
-11.0203096326 -1.81582985164 -48.2167830536
-11.0471308888 -1.84793955767 -48.2026174122
-11.0706990304 -1.88320380407 -48.1875433794
-11.0904084554 -1.92172293665 -48.171573272
-11.1053779915 -1.96353390775 -48.1547656452
-11.1144824658 -2.00846134852 -48.1372781933
-11.1164656175 -2.05598289912 -48.1194086601
-11.1101234577 -2.10514896721 -48.1016096882
-11.0945275823 -2.15458668941 -48.0844690137
-11.0692440597 -2.20259860232 -48.0686547358
-11.0344993621 -2.24734314993 -48.0548344389

/group/profunda_left/75
75
posId 75-11.0032902404 -2.45004871091 -48.3914105074
-11.0527986194 -2.41447458263 -48.3914318564
-11.0961130163 -2.37489960976 -48.3946918289
-11.1318459607 -2.33311850157 -48.4008838781
-11.1591555286 -2.29087701914 -48.4095701261
-11.1777925288 -2.2496134068 -48.4202675459
-11.1880646139 -2.21026356666 -48.4325325551
-11.190727017 -2.17317404319 -48.4460244509
-11.1868221621 -2.13814232005 -48.4605340852
-11.1774982086 -2.10457453831 -48.475973304
-11.1638382861 -2.0717235712 -48.4923306266
-11.146727747 -2.03895196924 -48.5096069263
-11.1267774465 -2.00595903987 -48.5277494507
-11.104309081 -1.97292047583 -48.546602306
-11.0793966214 -1.94051023815 -48.5658866646
-11.0519483123 -1.90980264032 -48.5852157556
-11.0218083383 -1.88208091765 -48.6041403089
-10.9888567384 -1.8586001661 -48.6222119811
-10.9530900413 -1.84036224524 -48.6390474979
-10.9146719673 -1.8279558439 -48.6543760408
-10.8739514637 -1.82149764815 -48.6680568482
-10.8314523165 -1.82068480636 -48.6800619524
-10.7878431149 -1.82494107617 -48.6904283937
-10.7438976984 -1.83361603386 -48.6991927033
-10.7004546123 -1.84618415683 -48.7063257073
-10.6583805108 -1.86239146052 -48.7116863588
-10.6185383343 -1.88231134197 -48.7150090762
-10.581757913 -1.9062947678 -48.7159309358
-10.5488054733 -1.93482702283 -48.7140550005
-10.5203496956 -1.96832712769 -48.709036586
-10.4969250512 -2.00694079117 -48.7006727544
-10.4788970081 -2.05037973898 -48.6889735072
-10.4664368995 -2.09784901334 -48.6741965827
-10.4595154329 -2.14808222103 -48.656835723
-10.4579221503 -2.19947815572 -48.637562923
-10.4613135853 -2.25030738203 -48.617135952
-10.469286252 -2.29894044558 -48.5962907491
-10.4814634961 -2.3440445752 -48.5756420876
-10.4975795431 -2.38470423426 -48.5556142172
-10.5175415433 -2.42044049317 -48.536416362
-10.5414521707 -2.45112997861 -48.5180675877
-10.5695815209 -2.47684960282 -48.500464082
-10.6022867347 -2.49769196089 -48.4834720684
-10.639889039 -2.51360346775 -48.467023714
-10.6825282994 -2.52429113018 -48.4511929033
-10.7300222748 -2.52922581036 -48.436232712
-10.7817596735 -2.52774442818 -48.422565635
-10.8366520475 -2.51922714773 -48.4107288689
-10.8931599922 -2.50330487765 -48.4012875236

/group/profunda_left/78
78
posId 78-11.114988451 -2.51562088566 -48.560334427
-11.0697969322 -2.55493114706 -48.5672904743
-11.0227940635 -2.5884661057 -48.5765988649
-10.9756875636 -2.61526598273 -48.5878484529
-10.9298168374 -2.63481116841 -48.6006509954
-10.8860274831 -2.64704384462 -48.614685161
-10.8446448908 -2.65231684259 -48.6297214982
-10.8055475734 -2.65128174808 -48.6456247177
-10.7683210187 -2.64473974131 -48.6623343357
-10.7324572907 -2.63348526379 -48.6798290723
-10.6975574839 -2.61817305325 -48.6980835203
-10.6634949882 -2.59923337434 -48.7170268657
-10.6305070439 -2.57684966103 -48.7365126379
-10.5991980874 -2.55099953855 -48.7563058015
-10.5704574649 -2.52154708624 -48.7760895882
-10.5453121274 -2.48836394943 -48.7954901508
-10.5247481513 -2.45145158334 -48.8141133464
-10.5095406181 -2.41103752891 -48.831585507
-10.5001284655 -2.36762492933 -48.8475894428
-10.4965601681 -2.32198505065 -48.8618882409
-10.4985199562 -2.27509504891 -48.8743323514
-10.5054263131 -2.22803493554 -48.8848493219
-10.5165786366 -2.18186614098 -48.8934194908
-10.5313176302 -2.13751750886 -48.9000441037
-10.5491624215 -2.09570231104 -48.9047139706
-10.5698930772 -2.05688253559 -48.9073865925
-10.5935598062 -2.0212859327 -48.9079776779
-10.6204169055 -1.98896950638 -48.9063696088
-10.6507966931 -1.9599129093 -48.9024354325
-10.6849524961 -1.93411877241 -48.8960732557
-10.7229071513 -1.91169576946 -48.8872433052
-10.7643427657 -1.89290442634 -48.8759990246
-10.8085587871 -1.87815438548 -48.8625045875
-10.854510594 -1.86795309037 -48.8470339641
-10.9009230512 -1.8628171631 -48.829950578
-10.9464566574 -1.86316658824 -48.8116708127
-10.9898917482 -1.86922620143 -48.7926182492
-11.0302914286 -1.88095788948 -48.7731777329
-11.0671076583 -1.89804051754 -48.753658677
-11.1002065148 -1.91990425131 -48.7342752933
-11.1298057155 -1.9458138646 -48.7151480402
-11.15633641 -1.97498445033 -48.6963261682
-11.1802579894 -2.00670516051 -48.6778267607
-11.2018655849 -2.04044396413 -48.6596820485
-11.2211325953 -2.07590961863 -48.6419848063
-11.2376242888 -2.11305553537 -48.6249217606
-11.2505044439 -2.15202227223 -48.6087871597
-11.2586379874 -2.19302850306 -48.5939725459
-11.260772563 -2.2362317219 -48.5809335494
-11.2557651071 -2.28158718309 -48.5701392081
-11.2428093745 -2.32873504645 -48.562012952
-11.2216191267 -2.37694096804 -48.5568762162
-11.1925297118 -2.42510532775 -48.5549052775

/group/profunda_left/81
81
posId 81-11.2247008846 -2.50226447663 -48.8603947539
-11.1835357077 -2.54497931767 -48.8559754267
-11.1392541017 -2.58358049637 -48.8526308849
-11.0942044813 -2.61658104576 -48.8504310476
-11.0502880405 -2.64287439272 -48.8494138695
-11.0086810819 -2.66188520968 -48.849581863
-10.9697145057 -2.67362379306 -48.8509027158
-10.9329337242 -2.67863201132 -48.8533141658
-10.8973229763 -2.67783209911 -48.8567324396
-10.8616424729 -2.6723105004 -48.861062805
-10.8248029176 -2.66308292877 -48.8662102997
-10.7861949379 -2.65089070312 -48.8720885947
-10.7459022839 -2.63607135978 -48.8786252666
-10.7047545835 -2.61853010208 -48.8857624377
-10.6642118089 -2.59781648409 -48.8934526588
-10.6261101363 -2.57328775522 -48.901650877
-10.592329112 -2.54432160056 -48.9103041433
-10.564456256 -2.51053069776 -48.9193412066
-10.5435239456 -2.47193178213 -48.9286642072
-10.5298751731 -2.42903259236 -48.9381443066
-10.5231839393 -2.38281866156 -48.9476223515
-10.5226198644 -2.33464417635 -48.956914717
-10.5271134376 -2.28605203176 -48.965823505
-10.5356557935 -2.23856310555 -48.9741494803
-10.5475600899 -2.19348042144 -48.9817056723
-10.5626218792 -2.15174915849 -48.9883295243
-10.58114077 -2.11389964755 -48.9938918417
-10.6037992392 -2.08008088429 -48.9983014744
-10.6314287805 -2.05017126287 -49.001505516
-10.6647206261 -2.02393599222 -49.0034856301
-10.7039517274 -2.00119090625 -49.0042517517
-10.7487933927 -1.98193224669 -49.0038347365
-10.7982507405 -1.96640135988 -49.0022795023
-10.8507504165 -1.95506977562 -48.999639849
-10.9043590425 -1.94854985041 -48.9959755713
-10.9570837975 -1.94745437092 -48.991351831
-11.0071866982 -1.95224092193 -48.9858401964
-11.0534402512 -1.96308051106 -48.9795204035
-11.095265225 -1.97978405932 -48.9724818254
-11.1327184085 -2.00180632254 -48.9648238424
-11.1663331601 -2.02832794437 -48.9566547214
-11.1968502434 -2.05839714526 -48.9480891151
-11.2249027901 -2.09109761174 -48.9392447409
-11.2507310249 -2.1257020757 -48.9302390767
-11.2739967123 -2.1617736468 -48.921186935
-11.2937452607 -2.1991887055 -48.9121995462
-11.3085299163 -2.23807343981 -48.9033853456
-11.316675084 -2.27866670947 -48.8948521366
-11.3166230505 -2.32114004045 -48.8867098308
-11.307287825 -2.36541689601 -48.8790726742
-11.2883362801 -2.41103515684 -48.8720598504

/group/profunda_left/84
84
posId 84-11.2175683775 -2.58810053734 -49.3008286887
-11.1794050495 -2.62884014201 -49.2891210964
-11.1374827377 -2.66589276814 -49.2779401777
-11.0934960797 -2.69803688789 -49.2676776306
-11.0489401277 -2.72433522285 -49.2586483933
-11.0049437532 -2.74422726852 -49.2510581506
-10.9621785175 -2.75755674726 -49.2449906118
-10.9208572603 -2.76453137436 -49.2404161844
-10.8808191323 -2.76562584637 -49.2372194207
-10.8416811505 -2.76145001424 -49.2352389759
-10.803023919 -2.75261053788 -49.2343115109
-10.7645733717 -2.73959468551 -49.2343104712
-10.7263423236 -2.72269935756 -49.2351720291
-10.6887047432 -2.70201814037 -49.2369033953
-10.6523899826 -2.67748646058 -49.2395725419
-10.6184007099 -2.64897243842 -49.243282317
-10.5878735514 -2.616391461 -49.2481351537
-10.5619123756 -2.57981780265 -49.2541964004
-10.5414285844 -2.53956773572 -49.2614643901
-10.5270199832 -2.4962351803 -49.269853713
-10.518910547 -2.45067154295 -49.2791951659
-10.5169598084 -2.40391366111 -49.2892521653
-10.5207356553 -2.35707503256 -49.2997498566
-10.5296312391 -2.31122334 -49.310410471
-10.5429982229 -2.26727001146 -49.3209872647
-10.5602664256 -2.22589463329 -49.3312898484
-10.5810243659 -2.1875191308 -49.3411957713
-10.6050451422 -2.15233550448 -49.3506463816
-10.63225519 -2.12037900782 -49.3596285531
-10.6626567795 -2.09162858863 -49.3681470464
-10.6962256631 -2.06611040007 -49.3761943644
-10.7328107382 -2.04397954889 -49.3837255043
-10.7720617622 -2.02556014301 -49.3906438802
-10.813404279 -2.01133307742 -49.3968021352
-10.8560695602 -2.00187282137 -49.4020181452
-10.8991741145 -1.99774615862 -49.4061029838
-10.9418311861 -1.99939481533 -49.4088947673
-10.9832684355 -2.00702818275 -49.4102907532
-11.0229236089 -2.02055090505 -49.4102702064
-11.0604941039 -2.03954318627 -49.4089023573
-11.0959261524 -2.06330069304 -49.4063368973
-11.129342786 -2.09092820375 -49.4027782253
-11.1609239144 -2.12146939905 -49.3984482722
-11.190763592 -2.15404694661 -49.3935453933
-11.2187361972 -2.18798412986 -49.3882079463
-11.2444031809 -2.22288241467 -49.3824904794
-11.2669850442 -2.25863797101 -49.3763580563
-11.2854105766 -2.2953925315 -49.3697006152
-11.2984396427 -2.33342752888 -49.3623651361
-11.3048402046 -2.37302238406 -49.354199636
-11.3035880983 -2.4143056059 -49.3451004139
-11.2940519778 -2.45712934816 -49.3350530819
-11.2761272319 -2.50099378513 -49.3241589579

/group/profunda_left/87
87
posId 87-11.1424126805 -2.74007915697 -49.9377941644
-11.1087015941 -2.78806878502 -49.9222974453
-11.0702410028 -2.8256845884 -49.9086479509
-11.0277268356 -2.85186634221 -49.8971819492
-10.9817511672 -2.86701865405 -49.8878781824
-10.9329046985 -2.87278528774 -49.8804237439
-10.881902189 -2.87155273826 -49.8743465079
-10.8296847349 -2.86580792291 -49.869178983
-10.7774596259 -2.85751071779 -49.864610881
-10.7266567258 -2.84763691035 -49.8605911796
-10.6788047737 -2.83600234404 -49.8573540443
-10.6353548205 -2.82140629289 -49.8553630618
-10.5974945099 -2.80205034061 -49.8551895251
-10.5660014011 -2.77611942461 -49.8573574477
-10.5411746197 -2.74237211486 -49.8621961842
-10.5228641193 -2.70058753893 -49.869738957
-10.5105911203 -2.65175604131 -49.8796930441
-10.5037288561 -2.59796880778 -49.8914883068
-10.501696344 -2.54204010943 -49.9043902363
-10.5041140814 -2.48696387632 -49.9176472167
-10.5108805901 -2.43534636614 -49.9306335299
-10.5221500294 -2.38895875452 -49.9429518016
-10.5382180472 -2.34851774787 -49.9544703551
-10.5593483874 -2.3137390339 -49.9652889928
-10.5855896369 -2.28363493969 -49.975646103
-10.6166351701 -2.25696389804 -49.9857954505
-10.6517686541 -2.23270215545 -49.9958884176
-10.6899150649 -2.21040708933 -50.0058949131
-10.7297888756 -2.19037613123 -50.015584489
-10.7701043997 -2.17356551744 -50.0245717121
-10.8097953632 -2.16130194591 -50.0324114
-10.8481865475 -2.15487855646 -50.0387150831
-10.8850711239 -2.15515836947 -50.0432539395
-10.9206704921 -2.16230475983 -50.0460171792
-10.9554831162 -2.17572084258 -50.0472074313
-10.9900573713 -2.19421840784 -50.0471726481
-11.0247433619 -2.21636942623 -50.0462924409
-11.0594848391 -2.24093816244 -50.0448504598
-11.0937030829 -2.26726522337 -50.0429295614
-11.1263022953 -2.29548436879 -50.0403614827
-11.1557963963 -2.32649662641 -50.0367487597
-11.1805277455 -2.36169269062 -50.0315573303
-11.198926693 -2.40248581174 -50.0242588114
-11.2097524101 -2.44977384305 -50.0144871028
-11.2122620791 -2.50347493338 -50.0021687244
-11.206275216 -2.56226870489 -49.9875917266
-11.1921272819 -2.62362608137 -49.9713928832

/group/profunda_left/90
90
posId 90-11.0811055678 -2.83713616889 -50.4426775477
-11.1098614849 -2.78509974667 -50.4576194316
-11.1288075148 -2.73059798625 -50.4719342341
-11.1378518753 -2.67627325231 -50.4850267331
-11.1379157565 -2.62422933613 -50.4965418317
-11.1306165638 -2.57577750411 -50.5063828605
-11.1177923629 -2.53139671587 -50.5146635489
-11.1010014079 -2.49090206126 -50.52161098
-11.0811376376 -2.45375980107 -50.5274499869
-11.0582697478 -2.41945088129 -50.5323035464
-11.031747293 -2.38777712588 -50.5361377551
-11.0005405993 -2.35902677433 -50.5387658433
-10.9637140651 -2.33396124694 -50.5399076566
-10.9208939866 -2.31363925665 -50.5392844483
-10.8725934066 -2.29914161909 -50.5367185423
-10.820297237 -2.29128673719 -50.5322064148
-10.7662793038 -2.29042549176 -50.5259421843
-10.7131993484 -2.2963762685 -50.518283823
-10.6635904711 -2.30851512964 -50.509671973
-10.6193781807 -2.32598687716 -50.5005258088
-10.5815624819 -2.34796500722 -50.4911475711
-10.5501473113 -2.37387375078 -50.4816650387
-10.5243308993 -2.40349794119 -50.4720299831
-10.5028967655 -2.43694243609 -50.4620738605
-10.4846893138 -2.47445121035 -50.4516046421
-10.4690362368 -2.51614217091 -50.4405159227
-10.4559980891 -2.56174300771 -50.4288751486
-10.4463777657 -2.61041669198 -50.4169633346
-10.4414936464 -2.66074103017 -50.4052524776
-10.4427889932 -2.71086174773 -50.3943250344
-10.4513967542 -2.7587860561 -50.3847570089
-10.4677898533 -2.80273923473 -50.376997321
-10.4916194764 -2.84148402204 -50.3712778623
-10.52178625 -2.87450897577 -50.3675803528
-10.5567188155 -2.90202638942 -50.3656700889
-10.5947720599 -2.92477349102 -50.3651874851
-10.6346216369 -2.94366745932 -50.3657714959
-10.6755329711 -2.95940883224 -50.3671794498
-10.7174212129 -2.97214608328 -50.3693683788
-10.7606822771 -2.98130064782 -50.3725135181
-10.8058452646 -2.9856096448 -50.3769573269
-10.8531523342 -2.98338433096 -50.3831021403
-10.902196737 -2.972922371 -50.3912757599
-10.9517355911 -2.95296814414 -50.4016073035
-10.9997448296 -2.92309998897 -50.4139481471

/group/profunda_left/93
93
posId 93-10.9579787802 -2.95301992983 -50.5698822662
-10.9035584723 -2.98361685267 -50.5685693051
-10.8484809158 -3.00574277583 -50.5678752491
-10.7951072897 -3.01869465871 -50.5678122252
-10.7448851003 -3.02254237887 -50.5683517045
-10.698300728 -3.01802721526 -50.5694325621
-10.6550964631 -3.00632128452 -50.5709748241
-10.6146691859 -2.98871603013 -50.5728955595
-10.5765193667 -2.9663254925 -50.5751228926
-10.5406104974 -2.93988357408 -50.577604721
-10.5075320345 -2.90968594786 -50.5803102406
-10.4784228469 -2.87568499098 -50.5832243723
-10.4546874424 -2.83770234064 -50.5863371096
-10.4376012227 -2.79569086038 -50.5896311209
-10.4279345835 -2.74996518497 -50.5930713014
-10.4257189849 -2.70133089355 -50.5965992986
-10.4302334057 -2.65107324774 -50.6001345402
-10.440220513 -2.60080809726 -50.6035814286
-10.4542694011 -2.55223775996 -50.6068406523
-10.4712479175 -2.50688175543 -50.609821497
-10.4906489651 -2.46585849424 -50.6124518959
-10.5127378326 -2.4297778514 -50.6146837501
-10.5384453312 -2.39877100327 -50.616492522
-10.569027497 -2.37264305448 -50.6178718037
-10.6055843701 -2.35109795697 -50.6188249841
-10.6485763549 -2.33396464496 -50.6193568677
-10.6974826804 -2.32135416364 -50.6194679401
-10.7507099063 -2.31369946553 -50.6191529968
-10.8057891577 -2.31166585769 -50.6184043691
-10.859818456 -2.31595991041 -50.617218461
-10.9100349176 -2.32709604849 -50.6156032128
-10.9543616879 -2.34519360221 -50.6135837908
-10.991778343 -2.36986865373 -50.6112043351
-11.0224106864 -2.40025697306 -50.6085248554
-11.0473134381 -2.43516494729 -50.6056139231
-11.0680054539 -2.47330636331 -50.6025392194
-11.0858873216 -2.51355590391 -50.5993587943
-11.1017053704 -2.55514350298 -50.596115817
-11.1152143187 -2.59772960105 -50.5928386525
-11.1251361008 -2.64133551585 -50.5895465294
-11.129430147 -2.68614581365 -50.5862593404
-11.1258037199 -2.73223832751 -50.5830087375
-11.1123242389 -2.77932087976 -50.5798470901
-11.0879675432 -2.8265547184 -50.5768512569
-11.0529544121 -2.87252249373 -50.5741194196

/group/profunda_left/96
96
posId 96-10.9573266823 -2.96522105638 -50.6412642257
-10.9023998568 -2.99427524438 -50.6324787727
-10.8467226869 -3.01470323079 -50.6251137536
-10.7927961042 -3.02599571808 -50.6194302881
-10.7421894905 -3.0284103947 -50.6154936785
-10.6954641363 -3.0228289266 -50.613192494
-10.6523737721 -3.01048758837 -50.6122985234
-10.6122633891 -2.99265683257 -50.6125492551
-10.5745345627 -2.97035726144 -50.6137287731
-10.5390326052 -2.94418709823 -50.6157241743
-10.506240897 -2.9143030807 -50.6185423637
-10.4772309014 -2.88055233229 -50.6222840601
-10.4533932402 -2.84270993198 -50.6270845091
-10.4360426394 -2.8007477659 -50.6330400712
-10.4260274223 -2.75505292053 -50.640143741
-10.4234714629 -2.70653014255 -50.6482496846
-10.4277342397 -2.65655771271 -50.6570779905
-10.4376058606 -2.60680914444 -50.6662586918
-10.4516795932 -2.55899184404 -50.6754023269
-10.468787185 -2.51457708962 -50.6841763551
-10.4883596713 -2.4745968671 -50.6923649687
-10.5105957259 -2.43956220437 -50.6998947597
-10.5363756164 -2.40952108121 -50.7068188409
-10.5669351544 -2.38423269583 -50.7132643875
-10.6033880483 -2.3634010607 -50.7193594928
-10.6462345095 -2.34689449015 -50.7251614746
-10.6950035646 -2.33488323463 -50.7306084673
-10.7481425681 -2.32785344461 -50.7355093441
-10.8031990018 -2.32649395604 -50.7395757053
-10.8572561743 -2.33149157223 -50.7424871726
-10.9075100125 -2.34329882669 -50.7439712054
-10.9518306138 -2.36194713975 -50.743874108
-10.9891527862 -2.38696508743 -50.7422021806
-11.0195850272 -2.4174300304 -50.7391204948
-11.0442039751 -2.45214092811 -50.7349090756
-11.0645895247 -2.4898628463 -50.7298887821
-11.0822294942 -2.52957069586 -50.7243382357
-11.0979608326 -2.57061820434 -50.7184260572
-11.1116057434 -2.61277882367 -50.7121785413
-11.1219078952 -2.65614244722 -50.7054928472
-11.1267909122 -2.70089473318 -50.6981926747
-11.1238718883 -2.74704195069 -50.6901110023
-11.11109191 -2.79416283984 -50.6811763607
-11.0872933418 -2.84126423998 -50.6714776846
-11.0525887981 -2.88679013513 -50.6612884642

/group/profunda_left/99
99
posId 99-10.9471412451 -2.9890891281 -50.7676607244
-10.8922662748 -3.01765510391 -50.7571232826
-10.8364386421 -3.03776145575 -50.7481434024
-10.7821631484 -3.04893289772 -50.7410410296
-10.7310745395 -3.0513958936 -50.7359206766
-10.6838442196 -3.04594738445 -50.7326884597
-10.6403512009 -3.03371315693 -50.7311145915
-10.6000468587 -3.01586273528 -50.730921931
-10.5623912973 -2.99335766739 -50.7318745504
-10.5272247335 -2.96679865931 -50.7338411862
-10.4949635343 -2.9364076229 -50.7368165392
-10.4665687019 -2.90214183294 -50.7408962253
-10.4433067425 -2.86390014694 -50.7462149701
-10.4263871551 -2.82175614043 -50.7528683638
-10.4165980256 -2.776146987 -50.7608430442
-10.4140604658 -2.72796135509 -50.7699773035
-10.4181844342 -2.67850000988 -50.7799647313
-10.4278446028 -2.62932017523 -50.7904004413
-10.441724906 -2.58200812734 -50.8008565713
-10.4587256057 -2.537944354 -50.8109649085
-10.478304033 -2.4981263827 -50.8204822803
-10.5006369242 -2.46309615179 -50.8293194192
-10.5265439725 -2.43298720992 -50.8375248437
-10.5571838068 -2.40767156392 -50.8452286968
-10.5936038617 -2.38695716329 -50.8525634682
-10.6362733805 -2.37077325767 -50.8595855415
-10.6847393066 -2.35928609642 -50.8662214437
-10.737514099 -2.35290990696 -50.8722555191
-10.7922406933 -2.35221092336 -50.8773635692
-10.8461009563 -2.35773551568 -50.8811833652
-10.8963627952 -2.36981716419 -50.8834018705
-10.940918454 -2.38842397425 -50.8838337827
-10.978665364 -2.41309648611 -50.8824682231
-11.0096222762 -2.44299820563 -50.8794694667
-11.0347460953 -2.47706670754 -50.8751309343
-11.0554985136 -2.51422172295 -50.8697953772
-11.0732824732 -2.55356786528 -50.8637642772
-11.088906369 -2.59452944535 -50.8572229659
-11.102227707 -2.63687359538 -50.8502037544
-11.1120790995 -2.6806104458 -50.8425986104
-11.1165015667 -2.72579599972 -50.834218666
-11.1132249834 -2.77229379983 -50.8248841885
-11.1002670425 -2.8195663646 -50.8145195335
-11.0764894888 -2.86656197046 -50.8032256854
-11.04196257 -2.91173778898 -50.7913088731

