/group/profunda_branch_left/0
0
posId 0-10.8280300202 -0.458798079502 -44.2444244458
-10.8534001495 -0.419434467106 -44.2842809347
-10.8704949961 -0.3798822735 -44.3262492581
-10.878995587 -0.342245491361 -44.3679618358
-10.8791999422 -0.308004461811 -44.4076333532
-10.8719739314 -0.277811506183 -44.4443090628
-10.8585593414 -0.25152366028 -44.4778707215
-10.8402829774 -0.228450365289 -44.5088158251
-10.8182465697 -0.207730156974 -44.5378916024
-10.7930896732 -0.188714797893 -44.5657036766
-10.7649013227 -0.171242395422 -44.5924194689
-10.7333147338 -0.155720999013 -44.6176495648
-10.6977648319 -0.143007540741 -44.6405292251
-10.6578374152 -0.134133146664 -44.659957138
-10.6136073667 -0.129973619035 -44.6749002765
-10.565861943 -0.130978290196 -44.6846573363
-10.5161351878 -0.137047427104 -44.6889930697
-10.466532705 -0.14759599864 -44.6881044037
-10.419386849 -0.161777418459 -44.6824397864
-10.376832732 -0.178786080563 -44.6724452527
-10.3404200702 -0.198130187671 -44.6583367487
-10.3108672152 -0.219775594676 -44.6399895485
-10.2880240646 -0.244104259754 -44.6169949335
-10.2710516025 -0.271693486734 -44.5888751902
-10.2587649538 -0.302983972953 -44.5553901838
-10.2500419579 -0.337945323238 -44.5168318816
-10.2441832915 -0.375853410554 -44.4742002229
-10.2411272549 -0.415262203473 -44.4291866628
-10.2414666737 -0.454193009104 -44.3839507911
-10.2462731603 -0.490495233221 -44.3407420672
-10.2567877328 -0.52227671591 -44.3014714229
-10.2740707773 -0.548276671392 -44.2673587425
-10.2987093126 -0.56806881773 -44.2387642076
-10.330655403 -0.582032517733 -44.2152587381
-10.3692252045 -0.591100382081 -44.1959169808
-10.4132382579 -0.596359878787 -44.1797475615
-10.4612370844 -0.598632346191 -44.1661311786
-10.5117097821 -0.598160796857 -44.1551318157
-10.5632474509 -0.594505146585 -44.1475822593
-10.6145993999 -0.586679855401 -44.1449118107
-10.664630688 -0.573493990038 -44.1487615401
-10.7122239417 -0.553990607608 -44.1604970791
-10.7561877142 -0.527850708237 -44.1807610154

/group/profunda_branch_left/3
3
posId 3-10.8557228666 -0.576970046128 -44.3456724692
-10.8815363214 -0.536931155593 -44.3861985791
-10.8986531401 -0.496306463131 -44.4293853812
-10.9073012526 -0.457072728475 -44.4728897172
-10.9083074479 -0.420759557717 -44.5147502532
-10.9028308792 -0.388267960802 -44.5536585116
-10.8920357567 -0.359847448628 -44.5890600015
-10.8767924173 -0.335226669142 -44.6210709174
-10.8574892183 -0.313852362385 -44.6502440362
-10.8340075614 -0.295164920276 -44.6772550126
-10.8058670516 -0.278833052489 -44.7025973058
-10.7724999713 -0.264885983139 -44.7263664083
-10.7335773996 -0.253714061021 -44.7481848264
-10.6892939071 -0.245947902224 -44.7672772899
-10.6405282852 -0.242260741843 -44.7826632162
-10.5888313677 -0.243158730244 -44.7934025489
-10.5362393154 -0.248824097308 -44.7988200894
-10.4849585287 -0.259056986541 -44.7986447151
-10.4370032769 -0.273329556377 -44.7930292442
-10.3938795334 -0.290930629027 -44.7824548217
-10.3563950901 -0.311151452853 -44.767558875
-10.3246408282 -0.333451304377 -44.7489474359
-10.2981411274 -0.357549082544 -44.7270547023
-10.276126086 -0.383411279769 -44.7020949495
-10.2578471211 -0.411140209931 -44.6741201672
-10.2428490176 -0.440798792831 -44.6431611561
-10.23112744 -0.472229512316 -44.6094014779
-10.2231361332 -0.504928690871 -44.5733215395
-10.2196519729 -0.538021632151 -44.5357581561
-10.2215458278 -0.570353951701 -44.4978509052
-10.2295315192 -0.60067852978 -44.4608826383
-10.2439674077 -0.627886822533 -44.426056585
-10.2647652954 -0.651217235017 -44.3942755914
-10.2914259201 -0.670377146313 -44.3659925949
-10.3231803299 -0.685538383487 -44.3411836556
-10.3591840416 -0.697202092965 -44.3194603376
-10.3986958456 -0.705967692141 -44.3002967684
-10.4411798086 -0.71227053398 -44.2833104629
-10.4862952373 -0.716165032032 -44.2685159852
-10.5337769436 -0.717220223991 -44.2564732828
-10.5832454704 -0.71456531676 -44.2482781402
-10.6340123837 -0.707081597566 -44.2453841069
-10.6849512097 -0.693695675576 -44.2492920165
-10.7344879627 -0.673699070867 -44.2611817169
-10.7807310266 -0.647009342472 -44.2815798061

/group/profunda_branch_left/6
6
posId 6-10.8275948501 -0.909705098129 -44.5710960291
-10.8681493956 -0.875040638298 -44.6020422843
-10.902781229 -0.838811387556 -44.6361415744
-10.930167058 -0.802759287291 -44.6716769438
-10.9495505108 -0.76823640997 -44.7072543903
-10.9608133746 -0.73604304263 -44.7419741837
-10.9644008729 -0.70641223292 -44.7754656814
-10.9611226423 -0.679136177785 -44.807786083
-10.9518862928 -0.653791811124 -44.8392196113
-10.9374396759 -0.629997687214 -44.8700384889
-10.9181955292 -0.607628598341 -44.9002941884
-10.8941885144 -0.586929480934 -44.9296952925
-10.8651764571 -0.568501294127 -44.9576009125
-10.8308557035 -0.553169442962 -44.9831242398
-10.7911269418 -0.54177893532 -45.0053094893
-10.7463322779 -0.534980207872 -45.023326156
-10.697391356 -0.533070022271 -45.0366223814
-10.6457919897 -0.535933314361 -45.0449943978
-10.5934312913 -0.54310021848 -45.0485564931
-10.5423451727 -0.553897299102 -45.0476271944
-10.4943954332 -0.567643824508 -45.0425729106
-10.4509955933 -0.583831035983 -45.033662487
-10.4129458507 -0.602228489598 -45.020981473
-10.3804171884 -0.622884670333 -45.0044350103
-10.3530834886 -0.646022126534 -44.9838393147
-10.3303602156 -0.671860326342 -44.9590726977
-10.3116802318 -0.70042231802 -44.9302369288
-10.2967293417 -0.731387118337 -44.8977747781
-10.2855781647 -0.764036686834 -44.8625015373
-10.2786785281 -0.797318166372 -44.8255337795
-10.276732362 -0.830007141421 -44.788130047
-10.280477446 -0.860926445067 -44.751486062
-10.2904568523 -0.8891569962 -44.7165428566
-10.3068412719 -0.914177913241 -44.6838648033
-10.3293552995 -0.935892840999 -44.6536258311
-10.3573258967 -0.954532527599 -44.6257112379
-10.3898336273 -0.970460620983 -44.5999082688
-10.4259161521 -0.983939552121 -44.5761310666
-10.4647581534 -0.994927256871 -44.5546129931
-10.5058068281 -1.00296892749 -44.5360057923
-10.5487757828 -1.0072224447 -44.5213492647
-10.5935354188 -1.00661863412 -44.5119105629
-10.6399240781 -1.00011860586 -44.50892904
-10.6875403784 -0.987001314833 -44.5133303711
-10.7355852875 -0.967103607013 -44.5254844175

/group/profunda_branch_left/9
9
posId 9-10.9752393351 -1.20093625614 -44.97228019
-10.9968896416 -1.16399119116 -45.0101129594
-11.0108833833 -1.12838905355 -45.0481100528
-11.0171574696 -1.09516267622 -45.0850923184
-11.0162490065 -1.06473986771 -45.120445116
-11.0090483133 -1.03703942272 -45.1540627403
-10.9964803661 -1.01169421722 -45.1861620577
-10.9792142756 -0.988329045258 -45.2170266131
-10.9574913629 -0.966808160439 -45.2467591605
-10.9311260492 -0.947379686928 -45.2751146172
-10.8996808778 -0.930677127732 -45.3014590979
-10.8627631989 -0.917582084474 -45.3248620333
-10.8203523862 -0.908993956388 -45.3442889187
-10.773054581 -0.905579575437 -45.3588334849
-10.7222006871 -0.907580625353 -45.3679182371
-10.6697475202 -0.914738111556 -45.3714038716
-10.6179989421 -0.926356879502 -45.3695772302
-10.5692169423 -0.941490212144 -45.3630251829
-10.5252263572 -0.959187798985 -45.3524367201
-10.4871211677 -0.978730887132 -45.3383970901
-10.4551535096 -0.999782063511 -45.3212396201
-10.4288360792 -1.02240284033 -45.3010024495
-10.4072288639 -1.04693238648 -45.2775043799
-10.3893291762 -1.07376337993 -45.2505164367
-10.3744547937 -1.10308325609 -45.2199749552
-10.3625120607 -1.13466128638 -45.1861674985
-10.3540736111 -1.16775003803 -45.1498292871
-10.3502445964 -1.20113705279 -45.1121134717
-10.3523564454 -1.23333846172 -45.0744360694
-10.3615760591 -1.26288364398 -45.038234662
-10.3785420031 -1.28861157296 -45.0047075435
-10.4031310073 -1.30989380669 -44.9746084141
-10.4344204306 -1.32671823364 -44.9481580368
-10.4708562096 -1.33960649616 -44.9251020037
-10.5105773987 -1.34938549741 -44.9049019964
-10.5518044833 -1.35687590634 -44.8870086495
-10.5931817361 -1.36258574287 -44.8711388458
-10.6339786274 -1.36649745835 -44.8574765765
-10.6740971922 -1.36801201492 -44.8467358988
-10.7138889802 -1.36607014841 -44.8400618566
-10.7538402357 -1.35942144182 -44.8387901574
-10.7942213725 -1.34697006391 -44.844126276
-10.8348059166 -1.32810391039 -44.8568281658
-10.8747425159 -1.30291773209 -44.8769771491
-10.9126179041 -1.27226958274 -44.9038985894

/group/profunda_branch_left/12
12
posId 12-11.0605524858 -1.56709106978 -45.2768390044
-11.0791131374 -1.5271967272 -45.3187724321
-11.0905175303 -1.48852405997 -45.360880867
-11.0950530729 -1.4525576206 -45.4013872448
-11.0932591882 -1.42015346614 -45.4391840657
-11.085739505 -1.39152701533 -45.4738890072
-11.0729783538 -1.36639806239 -45.5057181983
-11.0552163682 -1.34424245672 -45.5352232944
-11.0324246196 -1.32457322397 -45.5629727478
-11.0043891498 -1.3071697967 -45.589268517
-10.9708856737 -1.29219310386 -45.6139745407
-10.9318968136 -1.2801604357 -45.6364976333
-10.8878095289 -1.27179635337 -45.6559158309
-10.8395330015 -1.26781197344 -45.6712070217
-10.7884968187 -1.26868433104 -45.6815039978
-10.7365207313 -1.27450489817 -45.6862981365
-10.6855819478 -1.28494296666 -45.6855332024
-10.6375342483 -1.29933288211 -45.6795668789
-10.5938471985 -1.3168552962 -45.6690193342
-10.5554294286 -1.33675345765 -45.6545627295
-10.5225783869 -1.35851485756 -45.6367227002
-10.4950660714 -1.38195946582 -45.6157575285
-10.4723350062 -1.40720499727 -45.5916548264
-10.4537507908 -1.4345182687 -45.5642471563
-10.438844431 -1.46409801508 -45.5334090223
-10.4274826983 -1.49585741806 -45.4992701349
-10.4199261982 -1.52927690896 -45.4623724377
-10.4167663865 -1.5633785094 -45.4237136725
-10.418765472 -1.59683751435 -45.3846539387
-10.4266479148 -1.62820607533 -45.3467038237
-10.440902434 -1.65618847026 -45.3112505504
-10.4616467718 -1.67989009169 -45.2793005584
-10.4885864559 -1.69896712047 -45.2513158909
-10.5210700518 -1.71363054597 -45.2271973165
-10.5582155147 -1.72449928958 -45.2064258634
-10.5990633663 -1.73234097147 -45.1883280882
-10.6427077722 -1.73777262644 -45.1723924654
-10.6883670884 -1.7410074125 -45.1585461005
-10.7353774193 -1.741722694 -45.1473084096
-10.7831191668 -1.7390924189 -45.1397700195
-10.8309091768 -1.7319813444 -45.1373924884
-10.877902901 -1.71925309805 -45.141674425
-10.9230483471 -1.70011118371 -45.1537681134
-10.9651172948 -1.67438125311 -45.1741468128
-11.0028143218 -1.64265746616 -45.2024116873

/group/profunda_branch_left/15
15
posId 15-11.0976641805 -1.92847378435 -45.4452574039
-11.1313829737 -1.89247641382 -45.4804640884
-11.1557574059 -1.85391197049 -45.5212565164
-11.1705085964 -1.81463292474 -45.5654417407
-11.176108438 -1.77649758023 -45.6106231789
-11.1736456875 -1.74108361507 -45.6545860569
-11.1645875039 -1.70945938229 -45.695639567
-11.1504865252 -1.68206346396 -45.7328408633
-11.1326956147 -1.65871831294 -45.7660530359
-11.1121503713 -1.6387729729 -45.7958274585
-11.0892638037 -1.62134017976 -45.8231413341
-11.0639518297 -1.60557168901 -45.8490542406
-11.0357784994 -1.59090753899 -45.8743652238
-11.0041829799 -1.57724203083 -45.8993503613
-10.968732627 -1.56496970261 -45.923640291
-10.9293419174 -1.55490349652 -45.9462630075
-10.8864065168 -1.5480876676 -45.965837622
-10.8408228599 -1.54555247555 -45.9808692984
-10.7938911408 -1.54807053109 -45.9900726801
-10.7471269475 -1.55597290984 -45.9926461202
-10.7020274461 -1.56906744251 -45.9884328261
-10.6598472706 -1.58667596174 -45.9779339546
-10.6214351826 -1.60777812372 -45.9621754419
-10.5871664316 -1.63122389592 -45.9424657916
-10.55698179 -1.65596109516 -45.9201075338
-10.5305184439 -1.68122216322 -45.8961345041
-10.5072966081 -1.70662599177 -45.8711384478
-10.4869139739 -1.7321729461 -45.8452242146
-10.4692004853 -1.75813856379 -45.8180992763
-10.454298016 -1.78489682348 -45.7892690501
-10.4426499218 -1.81272105112 -45.7582831645
-10.434908813 -1.84161524827 -45.7249659168
-10.4317912232 -1.87121984828 -45.6895695895
-10.4339200523 -1.90081599861 -45.65281045
-10.4416967828 -1.92942658995 -45.6157786163
-10.455235471 -1.95598704706 -45.5797464232
-10.4743722176 -1.97954080702 -45.5459268342
-10.4987421789 -1.99940806165 -45.5152468802
-10.5278969937 -2.01528336343 -45.4881975338
-10.5614239043 -2.02723631913 -45.4648016836
-10.5990270243 -2.03561508605 -45.4447109065
-10.6405414894 -2.04087823095 -45.4274074346
-10.6858700653 -2.04340006231 -45.4124588634
-10.7348543162 -2.04330269371 -45.3997572915
-10.7871127386 -2.04036257585 -45.389676015
-10.8418908566 -2.03402122193 -45.3830956433
-10.89796953 -2.02350369512 -45.381283164
-10.9536668384 -2.00802059653 -45.3856443785
-11.0069481418 -1.98700677255 -45.3974031089

/group/profunda_branch_left/18
18
posId 18-11.0657664997 -2.23703136363 -45.5386955779
-11.0130805812 -2.2568713195 -45.5311434412
-10.9603089128 -2.27258702313 -45.5296647744
-10.9088418096 -2.28437517031 -45.5334043257
-10.8596554546 -2.29263734613 -45.5413758268
-10.8132893836 -2.29786639069 -45.5526375552
-10.7698969646 -2.3005269541 -45.5664466225
-10.7293537093 -2.3009530889 -45.5823647214
-10.6913987172 -2.29928194289 -45.600297498
-10.6557800576 -2.29543524117 -45.6204623478
-10.6223761035 -2.28915074994 -45.6432928427
-10.5912713149 -2.28005616013 -45.669299635
-10.5627752665 -2.26776971134 -45.6989153661
-10.5373856816 -2.25200695177 -45.7323534374
-10.5157074407 -2.23267221233 -45.7695071252
-10.4983477874 -2.20991676215 -45.8099071894
-10.4858117003 -2.18415248165 -45.8527445433
-10.4784200313 -2.15601883464 -45.8969520119
-10.4762669837 -2.12631014472 -45.9413281585
-10.4792241925 -2.0958778553 -45.9846787246
-10.4869881239 -2.06552707175 -46.0259487678
-10.4991579596 -2.03592737391 -46.0643214669
-10.5153246073 -2.00755456162 -46.0992670978
-10.5351493124 -1.98067337607 -46.1305362573
-10.5584129742 -1.95536270046 -46.1581028444
-10.5850240983 -1.93157603247 -46.1820722755
-10.6149828714 -1.90922290948 -46.2025769245
-10.6483090742 -1.88825288866 -46.219682576
-10.6849502318 -1.8687234511 -46.2333264798
-10.7246916552 -1.85083683846 -46.243300121
-10.7670906304 -1.83493758224 -46.2492796885
-10.8114527439 -1.82147095393 -46.2508965696
-10.8568599622 -1.81091100476 -46.2478312529
-10.9022492789 -1.80367353148 -46.2399086702
-10.9465296963 -1.80003281268 -46.2271723763
-10.9887163409 -1.80006055643 -46.2099192177
-11.0280555508 -1.80360122974 -46.1886844177
-11.0641149929 -1.810290632 -46.1641776128
-11.09681842 -1.81961568895 -46.1371811252
-11.1264146238 -1.83100477274 -46.1084303887
-11.1533826488 -1.84393117136 -46.0785011291
-11.1782880013 -1.85800902916 -46.0477275612
-11.2016149161 -1.87306189168 -46.0161704669
-11.2236056342 -1.88914882687 -45.9836445259
-11.2441378093 -1.90654107103 -45.9498025286
-11.2626654038 -1.92565173245 -45.914262415
-11.2782376887 -1.94693040792 -45.8767538186
-11.2895971593 -1.97074178709 -45.837255856
-11.2953428435 -1.99725098235 -45.7960983891
-11.2941332973 -2.02633765869 -45.7540049267
-11.2848958622 -2.05755611547 -45.7120656914
-11.2670069797 -2.09015018939 -45.6716422298
-11.2404129089 -2.12312176601 -45.634217848
-11.2056702692 -2.15534172782 -45.6012186264
-11.1638995943 -2.18568423994 -45.5738357569

/group/profunda_branch_left/21
21
posId 21-11.0205166726 -2.46845402752 -45.6357936893
-10.9594037416 -2.49015476279 -45.6389142873
-10.8998681277 -2.50916719609 -45.6464117142
-10.8436382208 -2.52483900993 -45.6582785149
-10.7920737573 -2.53667304023 -45.6744752751
-10.7460710108 -2.54437322677 -45.6949097327
-10.7060301879 -2.54786664093 -45.7194165565
-10.6718869692 -2.54729886817 -45.7477419484
-10.6432008172 -2.54300388535 -45.779536548
-10.6192846507 -2.53545323361 -45.8143588248
-10.5993549703 -2.52519218752 -45.8516894497
-10.5826793131 -2.51277232405 -45.8909553311
-10.5686992864 -2.49869015195 -45.9315603671
-10.5571120987 -2.48334025392 -45.9729187855
-10.547900665 -2.4669889291 -46.0144864222
-10.5413108265 -2.44977100343 -46.0557855055
-10.5377826407 -2.43170883371 -46.0964194633
-10.5378497152 -2.41274914098 -46.1360757856
-10.5420251055 -2.39281069759 -46.1745168327
-10.550693702 -2.37183445532 -46.2115603749
-10.5640291422 -2.3498276407 -46.2470532736
-10.5819484944 -2.32689463891 -46.2808428143
-10.6041111173 -2.30324990033 -46.3127505808
-10.6299603823 -2.27921122216 -46.3425533664
-10.6587996485 -2.25517505944 -46.3699745002
-10.6898882149 -2.23157846511 -46.3946873002
-10.7225398553 -2.20885437056 -46.416330421
-10.7562064637 -2.18738786577 -46.434532943
-10.7905322571 -2.1674807852 -46.4489454649
-10.8253693834 -2.14933033238 -46.4592724684
-10.860752709 -2.13302496353 -46.4653009776
-10.8968388256 -2.1185577327 -46.4669210851
-10.9338206676 -2.10585429047 -46.4641351698
-10.9718334922 -2.09481023384 -46.4570543971
-11.0108695778 -2.08533094354 -46.4458830765
-11.0507175872 -2.07736667572 -46.4308933586
-11.0909383173 -2.07093655514 -46.4123942566
-11.1308822542 -2.06613709331 -46.3906998528
-11.1697470159 -2.06313359026 -46.3661016536
-11.2066656489 -2.06213580645 -46.338849366
-11.2408110756 -2.06336209606 -46.3091430059
-11.2714987511 -2.06699829361 -46.2771374176
-11.2982693787 -2.07315867888 -46.2429582888
-11.3209364456 -2.08185612318 -46.2067268976
-11.3395889375 -2.09298706686 -46.1685894182
-11.354546997 -2.10633452378 -46.1287458696
-11.3662762912 -2.12158925512 -46.0874738276
-11.3752741352 -2.13838610834 -46.0451428217
-11.3819457449 -2.15634980701 -46.0022167839
-11.3864914391 -2.17514266729 -45.9592437584
-11.3888247042 -2.19450612831 -45.9168340402
-11.3885368333 -2.21428874105 -45.8756296586
-11.3849169612 -2.23445526718 -45.8362693966
-11.3770277852 -2.25507449322 -45.7993541325
-11.3638284083 -2.2762868026 -45.7654171244
-11.3443279865 -2.29825591928 -45.7349029649
-11.3177484356 -2.32111199267 -45.7081574691
-11.2836722765 -2.34489487762 -45.6854289668
-11.2421531483 -2.3695067809 -45.6668796472
-11.1937714476 -2.39468232124 -45.6526040456
-11.1396252254 -2.41998163172 -45.6426507243

/group/profunda_branch_left/24
24
posId 24-10.9974732234 -2.7071596841 -45.7561684736
-10.9479658726 -2.72070848141 -45.790264328
-10.9002950972 -2.73251366297 -45.8273330672
-10.855370807 -2.74246446234 -45.8662759364
-10.8140099038 -2.75046175595 -45.9061053968
-10.7769044455 -2.75641906555 -45.9459933797
-10.7445976008 -2.76026396979 -45.9853054972
-10.7174684887 -2.76193991769 -46.0236194593
-10.6957264458 -2.76140838278 -46.0607270228
-10.6794146979 -2.75865124559 -46.0966198962
-10.66842285 -2.75367324759 -46.1314610858
-10.6625070991 -2.74650432435 -46.1655441175
-10.6613166389 -2.73720160449 -46.1992433513
-10.6644243859 -2.72585085422 -46.2329591706
-10.6713599509 -2.71256715704 -46.267062143
-10.6816426893 -2.69749464493 -46.3018402878
-10.6948127254 -2.68080513905 -46.337453359
-10.7104580262 -2.66269561326 -46.3738975594
-10.7282359033 -2.64338445955 -46.4109833905
-10.7478877219 -2.62310660624 -46.4483284469
-10.7692460663 -2.60210761407 -46.4853659457
-10.7922341218 -2.58063694666 -46.5213687095
-10.8168575563 -2.55894067571 -46.5554872547
-10.8431896783 -2.5372539336 -46.5867996564
-10.8713510894 -2.51579346289 -46.6143700196
-10.9014854064 -2.49475062996 -46.6373117441
-10.9337328806 -2.47428526807 -46.6548513717
-10.9682038724 -2.45452069147 -46.6663886693
-11.0049541407 -2.4355401778 -46.6715487511
-11.0439637827 -2.4173851533 -46.6702224623
-11.0851214097 -2.40005523615 -46.662591917
-11.1282147967 -2.38351020249 -46.6491389625
-11.1729288095 -2.36767384168 -46.6306353797
-11.218850925 -2.35243956775 -46.6081147598
-11.2654841517 -2.3376775582 -46.5828271545
-11.3122666553 -2.32324310479 -46.556178702
-11.3585969346 -2.30898578932 -46.5296594278
-11.403863005 -2.2947590439 -46.5047632262
-11.4474737533 -2.280429625 -46.4829046127
-11.4888904511 -2.26588652376 -46.4653371429
-11.527656364 -2.25104885441 -46.4530784129
-11.5634224765 -2.23587230634 -46.446846269
-11.5959675621 -2.22035381194 -46.4470102891
-11.6252111545 -2.2045341688 -46.4535617741
-11.6512183955 -2.18849845575 -46.4661044571
-11.6741962322 -2.17237419408 -46.4838669556
-11.6944809655 -2.15632731991 -46.5057367363
-11.7125176981 -2.14055614696 -46.5303140927
-11.7288327421 -2.12528360346 -46.5559834424
-11.7440005088 -2.11074811746 -46.5809981982
-11.7586067723 -2.09719359633 -46.6035746178
-11.7732104591 -2.08485899465 -46.621989451
-11.7883062511 -2.07396798756 -46.6346759086
-11.80429028 -2.06471926225 -46.6403125
-11.8214310502 -2.05727790938 -46.6378996292
-11.8398474493 -2.05176833971 -46.6268194764
-11.859495313 -2.04826907304 -46.6068756027
-11.880163521 -2.04680964995 -46.5783098309
-11.9014800536 -2.04736980783 -46.5417952299
-11.9229278442 -2.04988094678 -46.4984053754
-11.9438696846 -2.05422979454 -46.4495614083
-11.9635808886 -2.06026406849 -46.3969596788
-11.9812879421 -2.06779983391 -46.3424838821
-11.9962109886 -2.07663017477 -46.2881064845
-12.0076077435 -2.08653473197 -46.2357848699
-12.0148163122 -2.09728962674 -46.1873579489
-12.0172944184 -2.10867727484 -46.1444489688
-12.0146527257 -2.12049561189 -46.1083799223
-12.0066802493 -2.13256628939 -46.0801023101
-11.9933602919 -2.14474146242 -46.0601480954
-11.9748758657 -2.15690887022 -46.048603553
-11.9516041594 -2.16899500512 -46.0451074295
-11.9241002355 -2.18096626761 -46.0488734624
-11.893070762 -2.19282811076 -46.0587359411
-11.859339162 -2.20462227965 -46.0732157042
-11.8238040655 -2.21642234506 -46.0906028339
-11.7873933443 -2.22832781072 -46.1090513899
-11.7510162781 -2.24045713666 -46.1266808802
-11.715516519 -2.25294006291 -46.1416788224
-11.6816284933 -2.26590963826 -46.1523987354
-11.6499396936 -2.27949435609 -46.1574482013
-11.6208609922 -2.29381077523 -46.1557622535
-11.5946066567 -2.30895696005 -46.1466582156
-11.5711852085 -2.32500701386 -46.1298692078
-11.5504016524 -2.3420069077 -46.1055547726
-11.5318709651 -2.35997172616 -46.0742883828
-11.5150421007 -2.37888437003 -46.0370229069
-11.4992311755 -2.39869567475 -45.9950363365
-11.483661987 -2.41932583094 -45.9498611643
-11.4675116111 -2.44066693082 -45.9032016736
-11.4499585469 -2.46258641694 -45.8568440104
-11.4302307487 -2.48493117835 -45.8125642298
-11.4076509012 -2.50753202595 -45.7720395197
-11.381676472 -2.53020828358 -45.73676751
-11.3519323791 -2.5527722521 -45.7079980009
-11.3182345494 -2.57503333954 -45.6866806179
-11.2806031675 -2.59680169736 -45.6734308897
-11.2392650056 -2.6178912572 -45.6685160957
-11.1946448455 -2.63812212122 -45.6718610277
-11.1473466163 -2.65732231598 -45.6830726189
-11.0981254403 -2.67532897298 -45.7014812891

/group/profunda_branch_left/27
27
posId 27-11.4290501578 -2.81914443609 -45.8071251766
-11.3783086356 -2.84974723081 -45.7900231727
-11.3252437117 -2.88012993264 -45.7782218825
-11.2717253714 -2.90929219311 -45.7718732995
-11.2195383262 -2.9362972477 -45.771055071
-11.1702107658 -2.9603587016 -45.775774675
-11.1248777866 -2.98091065939 -45.7859693136
-11.0841979246 -2.9976518999 -45.8015009121
-11.0483335813 -3.0105583158 -45.8221471429
-11.0169968767 -3.01986221011 -45.8475907977
-10.9895530108 -3.02600162532 -45.8774108449
-10.9651649917 -3.02954699732 -45.9110788974
-10.9429578409 -3.03111546964 -45.9479644703
-10.9221779675 -3.03128473083 -45.9873513329
-10.9023246506 -3.03051803626 -46.0284656114
-10.8832352595 -3.02911019698 -46.0705143207
-10.8651132024 -3.02716106503 -46.1127310252
-10.8484964728 -3.02457892426 -46.154423695
-10.8341736628 -3.02111183965 -46.1950188329
-10.8230620512 -3.01640108172 -46.2340958132
-10.8160676782 -3.01004780652 -46.2714061764
-10.8139494159 -3.00168264862 -46.3068742968
-10.8172076822 -2.99102796391 -46.3405781676
-10.8260139083 -2.97794407539 -46.3727117186
-10.8401899587 -2.96245372924 -46.4035326886
-10.8592385507 -2.94474257449 -46.4333022368
-10.882417671 -2.92513724835 -46.4622238469
-10.9088453051 -2.90406598464 -46.4903894262
-10.9376165309 -2.88200905268 -46.5177397506
-10.9679137973 -2.85944743752 -46.5440446344
-10.999093139 -2.83681786175 -46.5689056502
-11.030733772 -2.81448063548 -46.5917812453
-11.0626451248 -2.7927042199 -46.6120311203
-11.094832756 -2.7716672763 -46.6289741832
-11.1274315315 -2.75147588724 -46.6419526322
-11.1606197322 -2.73219110671 -46.6503940078
-11.1945305831 -2.7138604365 -46.653863479
-11.2291775893 -2.69654648009 -46.6521001296
-11.2644071099 -2.68034692037 -46.645033339
-11.2998863355 -2.66540191665 -46.6327781812
-11.3351281993 -2.65188765232 -46.6156116572
-11.3695479047 -2.63999760058 -46.5939341194
-11.402539891 -2.6299155963 -46.5682220773
-11.4335602119 -2.62178654616 -46.5389794409
-11.4621981441 -2.61569125186 -46.5066940718
-11.4882226068 -2.61163123312 -46.4718053285
-11.5115933715 -2.60952770172 -46.4346863261
-11.5324333482 -2.60923624715 -46.3956422077
-11.5509653784 -2.61057579288 -46.35492323
-11.5674237179 -2.61336749859 -46.3127492741
-11.5819555766 -2.61747703924 -46.269340839
-11.5945307552 -2.62285250893 -46.2249508531
-11.6048770618 -2.62955033061 -46.1798918429
-11.6124557574 -2.63774303686 -46.1345540291
-11.6164852687 -2.64770542825 -46.0894115931
-11.6160137309 -2.65977902099 -46.0450163615
-11.6100328111 -2.6743183266 -46.001980157
-11.5976180286 -2.69162577339 -45.9609487328
-11.5780756511 -2.71188443006 -45.9225712923
-11.5510740863 -2.73509870546 -45.8874699377
-11.5167389576 -2.76105265918 -45.8562129859

/group/profunda_branch_left/30
30
posId 30-11.2895651681 -3.25842587055 -45.9233330586
-11.2375366089 -3.27687087643 -45.9425100896
-11.1879415425 -3.2925335066 -45.9656869205
-11.1427762401 -3.30442411448 -45.9928469231
-11.1036873737 -3.31168730157 -46.0240760295
-11.071782425 -3.31374274725 -46.0594448288
-11.0475335149 -3.31038532721 -46.0988755967
-11.0307904689 -3.30182379402 -46.1420269956
-11.02089671 -3.28864969551 -46.1882258397
-11.0168810066 -3.27174246316 -46.2364651221
-11.0176835986 -3.25212963095 -46.285472738
-11.0223697931 -3.23083012556 -46.3338393401
-11.0302887603 -3.20871157705 -46.3801801847
-11.0411487553 -3.18638902308 -46.4232977708
-11.0549991872 -3.16418305897 -46.4623114173
-11.07213051 -3.14214251249 -46.4967268525
-11.0929202625 -3.12012296914 -46.5264318846
-11.1176639896 -3.0979009517 -46.5516203684
-11.1464311272 -3.07529674081 -46.5726623546
-11.1789781995 -3.05227810563 -46.58994998
-11.2147369056 -3.02902260882 -46.6037537028
-11.2528764302 -3.00592630975 -46.6141207852
-11.2924219184 -2.98355922197 -46.6208381089
-11.3323984973 -2.96257990794 -46.6234667042
-11.3719653212 -2.94363041107 -46.621439135
-11.4105078236 -2.92723640776 -46.6141967675
-11.4476676059 -2.91373530127 -46.601335146
-11.4833053555 -2.90324761532 -46.5827241652
-11.5174089636 -2.89569630998 -46.5585757551
-11.5499725484 -2.89086711503 -46.529443972
-11.5808791477 -2.88849337634 -46.4961578901
-11.609818747 -2.88834347054 -46.4597029626
-11.6362643508 -2.89028878343 -46.4210780784
-11.659514157 -2.89433551064 -46.3811607596
-11.6787911095 -2.9006128057 -46.3406106732
-11.6933762666 -2.9093208121 -46.2998324283
-11.7027431737 -2.92065220829 -46.2590046584
-11.7066591166 -2.93470762963 -46.218166881
-11.7052262162 -2.95142707179 -46.177342168
-11.6988492702 -2.97055567892 -46.1366653477
-11.6881348622 -2.99165403015 -46.0964851914
-11.6737433796 -3.01415211551 -46.0574150949
-11.6562281363 -3.03743524292 -46.0203187257
-11.6359006285 -3.06094178572 -45.9862322
-11.6127567094 -3.08424902428 -45.9562390874
-11.5864858437 -3.10712533658 -45.9313255006
-11.5565672694 -3.12953431293 -45.9122471945
-11.5224369107 -3.15158740787 -45.8994378803
-11.4836917678 -3.17345399295 -45.8929784976
-11.4402882444 -3.19524829626 -45.8926331626
-11.392689955 -3.21691918532 -45.8979421696

/group/profunda_branch_left/33
33
posId 33-11.4124141147 -3.54883263501 -46.1395091232
-11.35788966 -3.55354880878 -46.1666245141
-11.3075913276 -3.55330072757 -46.1983065617
-11.2637596864 -3.54826892736 -46.2328982096
-11.227890483 -3.5390052476 -46.2686678184
-11.2005720702 -3.52630542614 -46.304095147
-11.1815100846 -3.51102349345 -46.3381251219
-11.1697271503 -3.4938808583 -46.3703203101
-11.163883335 -3.4753249049 -46.4008664011
-11.1626358176 -3.45547777056 -46.4304225066
-11.1649505509 -3.43418981248 -46.4598495482
-11.1702955009 -3.41118170951 -46.4898838683
-11.1786791205 -3.38623309765 -46.5208397404
-11.1905393487 -3.3593617445 -46.5524186829
-11.2065261746 -3.33093963831 -46.5836765278
-11.2272447172 -3.30171038483 -46.613158187
-11.2530300904 -3.2727007831 -46.6391660701
-11.2838100008 -3.24505013802 -46.6600931529
-11.3190815142 -3.2198048382 -46.6747353175
-11.3579939298 -3.19773598407 -46.682504191
-11.3995004265 -3.17923136307 -46.6834893521
-11.4425252799 -3.16429166482 -46.6783596873
-11.4860948687 -3.15263067909 -46.6681365183
-11.5293979312 -3.14384904907 -46.6539041281
-11.5717674377 -3.13762971656 -46.6365376452
-11.6126041051 -3.13389673519 -46.6165203873
-11.6512811405 -3.13288955855 -46.5938954591
-11.6870751655 -3.13512925508 -46.568357758
-11.7191579307 -3.14128435766 -46.5394536575
-11.746660901 -3.15197320879 -46.5068273968
-11.7687975088 -3.1675583052 -46.470443159
-11.7850048377 -3.18799090458 -46.4307221681
-11.7950555374 -3.21275024709 -46.3885611273
-11.799095997 -3.24089519148 -46.3452335728
-11.7975872928 -3.27121453115 -46.3022086823
-11.7911554031 -3.30243481766 -46.2609431974
-11.7803875948 -3.33342903621 -46.222705631
-11.7656331777 -3.36337032298 -46.1884774471
-11.7468717647 -3.39179171691 -46.1589484558
-11.723698176 -3.41854071289 -46.1345921142
-11.695443176 -3.44364799136 -46.1157806881
-11.6614112072 -3.46715422941 -46.1028883388
-11.6211808347 -3.4889502603 -46.0963358035
-11.5748910777 -3.50868082978 -46.0965516453
-11.5234342964 -3.52574238701 -46.10385534

/group/profunda_branch_left/36
36
posId 36-11.8478117101 -3.70381609066 -46.4113163046
-11.8102551189 -3.74013240904 -46.3897733346
-11.7675515498 -3.77327740825 -46.3725726716
-11.7212446196 -3.80199615618 -46.3603869499
-11.6728689764 -3.82534568779 -46.3536121386
-11.6237540884 -3.84279773527 -46.3523328791
-11.5749064679 -3.85426210411 -46.3563359556
-11.5269954078 -3.86002786371 -46.3651671088
-11.4804378966 -3.86063893118 -46.3782176186
-11.4355505989 -3.85673575928 -46.3948216427
-11.3927183123 -3.84890192902 -46.4143443538
-11.3525242029 -3.83755180664 -46.4362444766
-11.3157985182 -3.82288386968 -46.460101845
-11.2835662346 -3.8049069235 -46.4856092221
-11.2569036694 -3.78352775554 -46.5125357065
-11.2367412795 -3.7586736023 -46.5406746903
-11.223667079 -3.73041493373 -46.569791351
-11.2177874096 -3.69905532456 -46.599582859
-11.2186882883 -3.6651649978 -46.6296596371
-11.2255146547 -3.62955018842 -46.6595496419
-11.2371533927 -3.59316753782 -46.6887215484
-11.2524774466 -3.55700674773 -46.7166185058
-11.2705904876 -3.52197207238 -46.7426927732
-11.2910094251 -3.48879214658 -46.7664331406
-11.3137364798 -3.45797867882 -46.7873808589
-11.3391999928 -3.42984033933 -46.8051344938
-11.3680765767 -3.40454276245 -46.8193481522
-11.4010379027 -3.38219323003 -46.8297296235
-11.4384852697 -3.36292265624 -46.8360445053
-11.4803388429 -3.346939482 -46.83812951
-11.5259349853 -3.334539309 -46.8359138253
-11.5740578746 -3.3260678501 -46.8294430485
-11.623097649 -3.32184908494 -46.8188973163
-11.67129548 -3.32210128079 -46.8045949101
-11.7170144966 -3.32686766398 -46.7869751956
-11.7589699172 -3.33598476237 -46.7665597518
-11.7963634353 -3.34910076687 -46.7438966844
-11.8288926749 -3.36574162497 -46.7194986945
-11.8566395192 -3.38540809364 -46.6937888086
-11.8798726211 -3.40767679259 -46.6670675898
-11.8988211689 -3.43227544696 -46.6395118523
-11.9134833832 -3.45910805329 -46.6112080615
-11.9235227596 -3.48821840478 -46.5822152913
-11.9282806862 -3.51969702264 -46.5526448578
-11.9269023911 -3.55355264789 -46.5227385799
-11.9185426959 -3.58958065282 -46.49292649
-11.902596854 -3.62726383162 -46.4638482324

/group/profunda_branch_left/39
39
posId 39-11.8266441888 -3.9416486016 -46.7582051932
-11.8664619117 -3.89326516686 -46.7826502345
-11.8940708001 -3.84309199529 -46.8099124331
-11.9071181615 -3.79500498271 -46.8379165188
-11.9061564892 -3.75146702631 -46.8650575128
-11.8941173345 -3.71334563824 -46.8903874216
-11.874749083 -3.68038570092 -46.9135404115
-11.8508047939 -3.65200738771 -46.9344912275
-11.8229016471 -3.62798908659 -46.9532910439
-11.7896348317 -3.60871685924 -46.9698968017
-11.7488853887 -3.59495557355 -46.9841303177
-11.6996425329 -3.5873671898 -46.9957223026
-11.6433854216 -3.58612289216 -47.0043597617
-11.584281341 -3.59086872496 -47.0096796016
-11.528050833 -3.60106634028 -47.0112159375
-11.4800231952 -3.6164815946 -47.0083688895
-11.4433150146 -3.63747940546 -47.0004763521
-11.4180024494 -3.66487367646 -46.9870228138
-11.4016590846 -3.69933165738 -46.9679336312
-11.3909525234 -3.74060618424 -46.9438280409
-11.3834809858 -3.78701136537 -46.9160876057
-11.378943087 -3.83547810119 -46.8866582223
-11.3791059009 -3.88225333182 -46.8576208442
-11.3866677109 -3.92397573331 -46.8306832343
-11.4036717072 -3.95864386911 -46.8068012109
-11.4303275372 -3.98601152982 -46.7860981855
-11.4648434268 -4.00720223941 -46.7681277557
-11.5043065466 -4.02371014965 -46.7523703601
-11.5460787086 -4.03626224633 -46.7387439103
-11.5889027925 -4.04410000023 -46.727894686
-11.6330853309 -4.04504971384 -46.7211281709
-11.6796388971 -4.03637772113 -46.7199984808
-11.7288546123 -4.0160501108 -46.7257265451

/group/profunda_branch_left/42
42
posId 42-11.7030866895 -4.16884730262 -47.10775185
-11.6266300353 -4.17192024977 -47.1098422852
-11.5605733367 -4.16778975706 -47.1145386752
-11.5106285342 -4.15778853561 -47.1210193817
-11.4755782939 -4.14105953343 -47.1297035961
-11.4501975926 -4.11581196841 -47.141586426
-11.4299688815 -4.08134703653 -47.1571663886
-11.4144479545 -4.03947448508 -47.1756923602
-11.4072155246 -3.99435709191 -47.1952319746
-11.4127242317 -3.95085255553 -47.2135180919
-11.4324252001 -3.91239528251 -47.2290232852
-11.4629668711 -3.87974540858 -47.2415727849
-11.4977666733 -3.85135656901 -47.2521179461
-11.5308994706 -3.82506740996 -47.2618428522
-11.5606289248 -3.79999407383 -47.2712011883
-11.5901226783 -3.7774246536 -47.2795034445
-11.6247932867 -3.76022060835 -47.2852901134
-11.6680088162 -3.75122851373 -47.2871989281
-11.7180592832 -3.75182785044 -47.2847183181
-11.768460859 -3.76158051407 -47.2783231776
-11.8114499529 -3.7791315514 -47.2689358387
-11.8423524584 -3.80360727061 -47.2571362739
-11.8618749161 -3.83539179015 -47.2427294516
-11.8747126782 -3.87559442619 -47.2250340889
-11.8853374427 -3.9244617397 -47.2037463431
-11.8937806508 -3.97979783942 -47.1798001707
-11.8943512312 -4.03656802411 -47.1555931692
-11.8783910675 -4.08816748295 -47.1343236539
-11.8395472735 -4.12877328387 -47.1187543997

/group/profunda_branch_left/45
45
posId 45-11.7009293727 -4.29643622642 -47.4793558167
-11.6240495709 -4.30095072789 -47.4759122463
-11.5629038951 -4.29341580985 -47.47593748
-11.5205987161 -4.27546583013 -47.4791192942
-11.4911371064 -4.24939389307 -47.4847068603
-11.4662756008 -4.21777580598 -47.4918112628
-11.4426619145 -4.18291149952 -47.4997598528
-11.4240350532 -4.14632783418 -47.5082862204
-11.4173451298 -4.10866368992 -47.5174415527
-11.4263686578 -4.07007742003 -47.5273005685
-11.4481600151 -4.03097859358 -47.5376725479
-11.4752250326 -3.99263406536 -47.5480164058
-11.5016171517 -3.95723778657 -47.5576074691
-11.5279262133 -3.92736699384 -47.5658232565
-11.5608958146 -3.90515692082 -47.5723369593
-11.6076063547 -3.89172311092 -47.5770852757
-11.6685537586 -3.88719463366 -47.5800511174
-11.7350928756 -3.89129766432 -47.5810414077
-11.7936089469 -3.90403934864 -47.5796431693
-11.8336988115 -3.92596132061 -47.5754076338
-11.8544343448 -3.95772147724 -47.5681433197
-11.8639621396 -3.99922415981 -47.5581200415
-11.8725087647 -4.04883684132 -47.5460522584
-11.8837861066 -4.10319406652 -47.5328882026
-11.8911409011 -4.15773386495 -47.5195603163
-11.8814827071 -4.20768879995 -47.5068576688
-11.8444184142 -4.24904255812 -47.4954641845

/group/profunda_branch_left/48
48
posId 48-11.782650161 -4.3292757588 -47.8568040143
-11.831638292 -4.28082396796 -47.8666832281
-11.8586643197 -4.22146685508 -47.8758067133
-11.8652494527 -4.15972048593 -47.8833530857
-11.8588733926 -4.10297910141 -47.8891653972
-11.8468147385 -4.05522581089 -47.8934525757
-11.8308782339 -4.0169032058 -47.8963277866
-11.8068303415 -3.98665419224 -47.8975614678
-11.7688178441 -3.96350703402 -47.8967343921
-11.7153310183 -3.94800359629 -47.8936492047
-11.6521499378 -3.94171965832 -47.8886505215
-11.5899928896 -3.94584278836 -47.8825726558
-11.5385433242 -3.96006213484 -47.8763251581
-11.5012043336 -3.98261481566 -47.870413848
-11.4743408983 -4.01132280801 -47.8647556417
-11.4513986687 -4.04466840804 -47.8589294568
-11.4286880492 -4.08200006355 -47.8526754242
-11.4084898359 -4.12275793658 -47.8462625611
-11.3972847466 -4.16548274564 -47.8404404603
-11.4006658247 -4.20759076302 -47.8360051393
-11.418991336 -4.24626277468 -47.8333063523
-11.4471862094 -4.27980557603 -47.8320763754
-11.4788203839 -4.30831590265 -47.8317235917
-11.5112095466 -4.33289313289 -47.8318817971
-11.5474089993 -4.35375812746 -47.8328020637
-11.5933086787 -4.36861329135 -47.8352750086
-11.6518345862 -4.37263381926 -47.8401080866

/group/profunda_branch_left/51
51
posId 51-11.6442153209 -4.38927818999 -48.1955810381
-11.5697753531 -4.39044057174 -48.1857685007
-11.5077220046 -4.38097318568 -48.1780720892
-11.4623736931 -4.36386022819 -48.1729197175
-11.4309590845 -4.3404789856 -48.1698842907
-11.4072468961 -4.31071415537 -48.1681542592
-11.3864755016 -4.27416312056 -48.1671240445
-11.3684531299 -4.23150382395 -48.1667371084
-11.3571064711 -4.18506712524 -48.1674002696
-11.3571686475 -4.13825003408 -48.1695766887
-11.3705110715 -4.09420793824 -48.1733655611
-11.3946802118 -4.05473438817 -48.1783621755
-11.4245384641 -4.02007437729 -48.1838816713
-11.4557075959 -3.98975096313 -48.1893721734
-11.4872829382 -3.96378094886 -48.1947143061
-11.5218478616 -3.9433959961 -48.2001896933
-11.5627598879 -3.93074461819 -48.206138984
-11.6106477958 -3.92777680195 -48.2125542969
-11.6616807802 -3.93510244402 -48.2189051862
-11.7089921468 -3.95165395568 -48.224340907
-11.7464434249 -3.97543332421 -48.228149272
-11.7722002337 -4.00485217477 -48.2301633665
-11.7895653908 -4.0397105337 -48.2308254346
-11.8042632437 -4.08104160457 -48.2308380581
-11.8197716799 -4.12978331527 -48.2306137315
-11.8337535212 -4.18505213264 -48.2298869822
-11.8381269081 -4.24314686313 -48.2277697348
-11.823091311 -4.298043014 -48.2232562056
-11.7828863122 -4.34325937141 -48.2158914012

/group/profunda_branch_left/54
54
posId 54-11.5955781552 -4.40348480222 -48.5382077871
-11.5240890987 -4.40755358563 -48.5272015768
-11.4618062668 -4.39884668542 -48.5182387337
-11.4135443991 -4.38063813148 -48.5118792284
-11.3790564711 -4.35572599475 -48.5079427793
-11.3545699569 -4.32525988059 -48.5058008122
-11.3357428916 -4.28893935535 -48.5048128308
-11.3203724397 -4.24632692057 -48.5046684543
-11.3094531684 -4.19834577416 -48.5054707394
-11.3061967198 -4.14794470082 -48.5075541297
-11.3137866654 -4.09945047045 -48.5111784202
-11.3332895365 -4.05695754722 -48.5162954997
-11.3629337803 -4.0227189234 -48.5225226599
-11.3990688188 -3.99652536176 -48.5293191778
-11.4380879811 -3.97647449583 -48.5362374736
-11.4780582101 -3.96068591115 -48.5430816429
-11.5190519917 -3.94892414154 -48.5498746657
-11.5620435247 -3.94311492295 -48.5566652969
-11.607163615 -3.9463818709 -48.5633136914
-11.6525249146 -3.9611203101 -48.5694123778
-11.694469653 -3.98723519793 -48.5744137116
-11.7291738944 -4.02162818939 -48.5778984048
-11.7546328686 -4.05933017154 -48.5798175397
-11.7717252435 -4.09572715736 -48.5805395919
-11.7835406848 -4.12866745989 -48.5806411926
-11.7931923467 -4.15925775826 -48.5805360325
-11.8013142229 -4.1908590086 -48.5801481454
-11.8047623196 -4.22678972099 -48.5788330747
-11.7974677325 -4.26797067508 -48.5756270738
-11.7732172771 -4.31178856957 -48.5697251787
-11.7290171256 -4.35279091089 -48.5609537746

/group/profunda_branch_left/57
57
posId 57-11.5407701603 -4.43196862255 -48.8805533155
-11.4696285742 -4.4352479167 -48.8692906731
-11.4074811614 -4.42613612643 -48.8607659084
-11.3590030618 -4.4077595477 -48.8553525168
-11.3240675443 -4.38268676856 -48.8527492675
-11.2991775751 -4.35191889647 -48.8523103848
-11.2802189152 -4.31515454725 -48.8534384037
-11.2649963239 -4.27204629649 -48.855835008
-11.2542612867 -4.2235787897 -48.8595073384
-11.2508687053 -4.17265274332 -48.8645746774
-11.2577593573 -4.12346759615 -48.8710269814
-11.276053456 -4.08004349363 -48.8785948656
-11.3043526027 -4.0447571104 -48.8868032641
-11.3395378849 -4.01776446653 -48.895157068
-11.3784304795 -3.99764933158 -48.9033244838
-11.419201669 -3.98289097415 -48.9111920947
-11.4616509571 -3.97324067079 -48.9187564617
-11.5062455339 -3.97014148928 -48.9259308605
-11.5526360917 -3.97590134461 -48.9324085483
-11.5987153984 -3.9920962806 -48.9376936666
-11.6409437157 -4.01817944164 -48.9413037272
-11.6758371114 -4.05119331187 -48.9430292767
-11.7017161293 -4.08685850266 -48.9430824351
-11.7195533786 -4.12149773728 -48.9420157072
-11.7322309798 -4.15372610402 -48.9404227379
-11.7424689967 -4.18491773522 -48.938569632
-11.7505552606 -4.21811641785 -48.9361665571
-11.7532585281 -4.25592783885 -48.9324324274
-11.7447488753 -4.29851940057 -48.9264554071
-11.7192617402 -4.34282034883 -48.9176889467
-11.6742287268 -4.38337304168 -48.9063382014

/group/profunda_branch_left/60
60
posId 60-11.654914135 -4.38912971796 -49.2825714826
-11.6859590502 -4.33242676555 -49.2958406034
-11.7037135789 -4.2793761557 -49.3065265539
-11.7065193499 -4.23282368288 -49.3139480324
-11.6960997266 -4.19228192478 -49.3184420746
-11.6763860442 -4.15538188861 -49.3209663338
-11.6514320967 -4.12002933075 -49.3224559448
-11.6235114925 -4.08607451358 -49.3232814607
-11.592370523 -4.05564411825 -49.323084625
-11.5559859192 -4.03205638556 -49.3210573151
-11.512380792 -4.01802151084 -49.3164898342
-11.4614989954 -4.01420029967 -49.3092743373
-11.4061144651 -4.01896339089 -49.3000802041
-11.351266072 -4.02949552945 -49.2901016656
-11.3024875662 -4.04361074666 -49.2805141973
-11.2637364138 -4.06121471825 -49.2719378094
-11.2360825768 -4.08451206147 -49.2642051782
-11.2178177464 -4.11673156331 -49.2565698338
-11.2058993698 -4.15997298057 -49.2482506231
-11.1979452705 -4.21331471573 -49.2390212811
-11.193711457 -4.272260083 -49.2295198353
-11.1952668349 -4.32995152011 -49.2210929827
-11.2057759781 -4.37967121713 -49.2152341648
-11.2275472613 -4.41744617506 -49.2128934919
-11.2604042075 -4.44346111386 -49.2140162035
-11.3012790928 -4.46153280405 -49.2175594061
-11.3452895003 -4.47684958828 -49.2219963944
-11.3877734685 -4.49305308685 -49.2260665223
-11.4262395097 -4.51008923323 -49.2293964918
-11.461210201 -4.52389752004 -49.2326761712
-11.495496666 -4.5281135766 -49.2372918081
-11.5322499939 -4.51697613019 -49.2445911124
-11.572775682 -4.48804658792 -49.2551402053

/group/profunda_branch_left/63
63
posId 63-11.5941003157 -4.45217488503 -49.6708581187
-11.6275987147 -4.39651503983 -49.6851275667
-11.6466976781 -4.34315653781 -49.6968175314
-11.6492606653 -4.2957603844 -49.7049996575
-11.6370657512 -4.25492961862 -49.7098466373
-11.6146368283 -4.21903906271 -49.7123171559
-11.5869417422 -4.18596455381 -49.7135197811
-11.5571412494 -4.15473802481 -49.7140968104
-11.525510496 -4.12627932941 -49.7139391122
-11.4900223789 -4.10291505637 -49.7123543936
-11.4482128694 -4.08707454571 -49.7085666809
-11.3992936345 -4.07998568383 -49.7022536398
-11.3453721426 -4.0811517432 -49.693819081
-11.29112988 -4.0889097671 -49.6842519903
-11.2421310277 -4.10172372006 -49.674655428
-11.2026529307 -4.11941453533 -49.6657126979
-11.1741701851 -4.14353012065 -49.6573947958
-11.155264905 -4.1765207598 -49.6490822275
-11.1429717075 -4.22006439216 -49.640045883
-11.1348042143 -4.27341182685 -49.6300288149
-11.1303542644 -4.33269644581 -49.6196041697
-11.1315933478 -4.39171355014 -49.6100931688
-11.1417108222 -4.44393301609 -49.6030566964
-11.16312023 -4.48484632921 -49.5996047545
-11.1957284049 -4.5135182902 -49.599876816
-11.2364415902 -4.53255309879 -49.6029719006
-11.2802360788 -4.54644019173 -49.6073841299
-11.3222852571 -4.55904419273 -49.6117404532
-11.3600516403 -4.57144185463 -49.6154759872
-11.3942350579 -4.5811591477 -49.6191043607
-11.4280361754 -4.58319052218 -49.6239375977
-11.4650604125 -4.57231997888 -49.6313841876
-11.506903732 -4.54563724393 -49.6421664534

/group/profunda_branch_left/66
66
posId 66-11.5343318069 -4.53165241745 -50.0843819566
-11.4955527656 -4.58367069845 -50.0703546908
-11.4532480942 -4.62614508283 -50.0572771907
-11.4113430255 -4.65453148278 -50.0464568696
-11.371429 -4.66706925433 -50.0384110663
-11.3326990512 -4.66544368727 -50.0327539075
-11.2931302003 -4.65399588143 -50.0284999267
-11.2512575131 -4.63776767505 -50.0246395811
-11.2075857396 -4.62025871734 -50.0207043355
-11.1648878523 -4.60194960265 -50.017042452
-11.1272362409 -4.58030624853 -50.0146704591
-11.0982868932 -4.55128227957 -50.0147770916
-11.0797341416 -4.5116179079 -50.0181290942
-11.0707640026 -4.46084967337 -50.0246744944
-11.0688042964 -4.40208519619 -50.0335363011
-11.0711780543 -4.34119056506 -50.0433915096
-11.0767778335 -4.2847907241 -50.0530383416
-11.0868521474 -4.23802563285 -50.0618660568
-11.1044492889 -4.20307807753 -50.0699995771
-11.1327642866 -4.17907222887 -50.0780630295
-11.1732167854 -4.16325849023 -50.0867017043
-11.224246014 -4.15279838151 -50.096119907
-11.2814576504 -4.14623751748 -50.1058737472
-11.3390752853 -4.14399755038 -50.115015956
-11.391987962 -4.14777904931 -50.1225014472
-11.4373867675 -4.15933935295 -50.1276275989
-11.4752019341 -4.17939284659 -50.1302723975
-11.507173788 -4.20724079712 -50.1308103603
-11.5350936094 -4.24127007813 -50.1297663269
-11.5591702296 -4.27993539274 -50.1274130653
-11.5773988188 -4.32255379778 -50.123551084
-11.5862734195 -4.36935361158 -50.1176097464
-11.5824744155 -4.42066972345 -50.1090302401

/group/profunda_branch_left/69
69
posId 69-11.4088532764 -4.66965490646 -50.5072809616
-11.3573871852 -4.70727803446 -50.4941181224
-11.307644894 -4.72926077883 -50.4833920902
-11.2619133647 -4.73437315715 -50.4756264453
-11.2198025212 -4.72536676368 -50.4703790889
-11.1794809608 -4.70757598415 -50.4666270521
-11.1394927725 -4.68635711597 -50.4634022602
-11.1001520437 -4.66460995142 -50.4603506929
-11.0637853593 -4.64160881822 -50.4579320472
-11.0337439902 -4.61373116882 -50.4571661996
-11.0127829705 -4.57672850258 -50.4590679119
-11.0017423677 -4.52841206247 -50.4640705932
-10.9992885753 -4.47041540441 -50.4717417448
-11.0028790591 -4.40815400456 -50.4809374197
-11.01042496 -4.348995919 -50.4903126582
-11.0217165303 -4.29953496748 -50.498919896
-11.0387732345 -4.26327888818 -50.5065838596
-11.0648406015 -4.23982556929 -50.5138611237
-11.102487398 -4.22583462876 -50.5216116663
-11.1517705429 -4.21720798607 -50.5304130701
-11.2094509468 -4.21132717136 -50.5401290014
-11.2697391905 -4.20823457662 -50.5498603083
-11.3262776208 -4.21025065867 -50.5583039762
-11.3744226056 -4.22035823618 -50.5643295185
-11.4127144234 -4.24031385499 -50.5674679071
-11.4428124626 -4.26954066587 -50.568055239
-11.4679380428 -4.30538193886 -50.5669572877
-11.490618816 -4.34451697413 -50.5650249556
-11.5108831189 -4.38468724717 -50.5625760907
-11.5258268689 -4.42570554638 -50.5591885975
-11.5307829002 -4.46912033997 -50.5539274416
-11.5215149063 -4.51666645854 -50.5458982007
-11.4963453763 -4.56833959289 -50.5348426444

/group/profunda_branch_left/72
72
posId 72-11.2231864917 -4.78658681884 -50.9349846304
-11.1496432407 -4.79391745532 -50.9221193683
-11.082527605 -4.79281564613 -50.9114120384
-11.0274468563 -4.7822911943 -50.9039007523
-10.9866577904 -4.76182688314 -50.9000190686
-10.9589586084 -4.73187586125 -50.8995125338
-10.9407319108 -4.69406365065 -50.9015805533
-10.9276852568 -4.6509778934 -50.9051857513
-10.9165971479 -4.60559954697 -50.909411767
-10.9064170477 -4.5605812482 -50.9137368619
-10.8983623411 -4.51764757716 -50.9181291501
-10.8950752214 -4.47734798375 -50.9229430281
-10.899273304 -4.4392534456 -50.9286748769
-10.9125001121 -4.40250994792 -50.935687583
-10.9344932471 -4.36651928435 -50.9440180609
-10.9633875411 -4.33146952956 -50.9533397419
-10.9965938009 -4.29850353742 -50.9630823283
-11.0319049735 -4.26946608073 -50.9726442148
-11.0683024417 -4.24634500175 -50.9815970051
-11.1060939678 -4.23064610247 -50.9897907346
-11.1463357517 -4.2229640177 -50.9973173306
-11.1898285783 -4.22292346198 -51.0043560694
-11.236180638 -4.22950485786 -51.0109788299
-11.2834062135 -4.24160356672 -51.0170110178
-11.3282890039 -4.25857242094 -51.0220183573
-11.3673869491 -4.2805048686 -51.025431827
-11.3982484935 -4.30812730982 -51.0267586266
-11.4202876783 -4.34233688097 -51.0257850001
-11.4348882595 -4.3835740436 -51.0226762951
-11.4446296515 -4.43129312786 -51.0179220158
-11.4519154012 -4.48375728101 -51.012141228
-11.4575708238 -4.53825254094 -51.0058273835
-11.4600317285 -4.59164448579 -50.9991432903
-11.4555369002 -4.64106213191 -50.9918615259
-11.439340877 -4.68444559448 -50.9834879157
-11.4075397295 -4.7207561965 -50.9735289162
-11.358826491 -4.74979325785 -50.9617997926

/group/profunda_branch_left/75
75
posId 75-11.1658732122 -4.86010795182 -51.3776443347
-11.1109287436 -4.87139199196 -51.3664274298
-11.0624523164 -4.87586546867 -51.3572820758
-11.0214975852 -4.87370458784 -51.3503695877
-10.9868019968 -4.86499422873 -51.3454561111
-10.9557040926 -4.84973207271 -51.342073514
-10.9254960303 -4.82789872302 -51.3397478396
-10.8946963849 -4.79957581585 -51.3382071541
-10.8637721081 -4.76507931561 -51.3374903573
-10.8350578926 -4.72506857035 -51.3379180491
-10.8119308341 -4.6805957827 -51.3399404813
-10.7975796872 -4.6330748114 -51.343925206
-10.7938546676 -4.58416908103 -51.3499699834
-10.8006416658 -4.53562014155 -51.3578161244
-10.8159925526 -4.48905492046 -51.3668978333
-10.8369446381 -4.44581618015 -51.376509672
-10.8606934158 -4.40685521529 -51.3860276783
-10.8856473447 -4.37270992875 -51.3950980246
-10.9119432476 -4.34356959709 -51.4037188612
-10.9412157624 -4.31940595036 -51.4121817779
-10.9757101032 -4.30013446995 -51.4208935402
-11.0170888223 -4.28576394952 -51.4301455733
-11.0654082439 -4.27649731869 -51.439919988
-11.1186794779 -4.27276044329 -51.4498083683
-11.1732050406 -4.27515386959 -51.4590776319
-11.2245811323 -4.28434030621 -51.4668618593
-11.2689939688 -4.30089380117 -51.4724111283
-11.3043182109 -4.32514264782 -51.4753063741
-11.3305946119 -4.35703679479 -51.4755616273
-11.3496978576 -4.39606351843 -51.4735771028
-11.364315803 -4.44122489444 -51.469962619
-11.3766292812 -4.49107974273 -51.4652994817
-11.3872038397 -4.54384308198 -51.4599317892
-11.3945325032 -4.59752863701 -51.4538664286
-11.3954272494 -4.65011478465 -51.4468192448
-11.3861363707 -4.69971143687 -51.4383888457
-11.3637862369 -4.74470485978 -51.4282905292
-11.3276151781 -4.78385975208 -51.416559477
-11.2795349865 -4.81636357768 -51.4036435114

/group/profunda_branch_left/78
78
posId 78-11.1316716264 -4.91836398515 -51.7953515031
-11.0741006081 -4.9383716857 -51.7807337176
-11.0218757895 -4.94972584034 -51.7685201386
-10.9767777927 -4.9520490691 -51.7591256913
-10.9384696067 -4.94582937261 -51.7524076771
-10.9050685387 -4.93214866339 -51.7478221953
-10.8741449601 -4.91227081361 -51.744687724
-10.8437930352 -4.8872411601 -51.7424613591
-10.8134126324 -4.85764067051 -51.7409333586
-10.7839576054 -4.82357866973 -51.7402780127
-10.7576004729 -4.78491952328 -51.740951536
-10.736967934 -4.74165249573 -51.7434819114
-10.7242445381 -4.69426073149 -51.7482324505
-10.7204749986 -4.64394385416 -51.7552277048
-10.7253102542 -4.59259965467 -51.7641054035
-10.7372714839 -4.54255582004 -51.7742106792
-10.7544126465 -4.49613248071 -51.7847962082
-10.7751157715 -4.45517869441 -51.7952529664
-10.7987065828 -4.42073852346 -51.8052850221
-10.8256473852 -4.39296018062 -51.8149621803
-10.8572239849 -4.37127910095 -51.8246290497
-10.8948356193 -4.35481133332 -51.8347021647
-10.9391514073 -4.34282029549 -51.8454290608
-10.9894567439 -4.33509354123 -51.8566992721
-11.0434549309 -4.3320963929 -51.8679809176
-11.0976319206 -4.33484609301 -51.8784131727
-11.1480900488 -4.34454722956 -51.8870294871
-11.1915816913 -4.36211306206 -51.8930384382
-11.2263892541 -4.38773885151 -51.8960657831
-11.2527363551 -4.42067771857 -51.8962713754
-11.2725662591 -4.4593019092 -51.8942953321
-11.2887375071 -4.50143563312 -51.8910455868
-11.3038901758 -4.54485298227 -51.8873940182
-11.319358438 -4.58777767834 -51.8838815732
-11.3345019717 -4.62922012531 -51.8805323791
-11.3466986738 -4.66904200827 -51.8768423329
-11.3520259762 -4.7077308027 -51.8719503548
-11.3464294187 -4.74596455181 -51.8649395828
-11.327011988 -4.78411768022 -51.8551718483
-11.293032243 -4.82187752593 -51.8425467448
-11.2462895143 -4.85810250962 -51.8276006599

/group/profunda_branch_left/81
81
posId 81-11.1224209922 -4.97947686188 -52.1724858846
-11.0660660321 -5.00358956045 -52.1555710059
-11.0082330052 -5.01950177068 -52.1397505932
-10.9519699735 -5.02740590061 -52.1256789128
-10.8995343804 -5.02793858962 -52.1137544784
-10.8521116834 -5.02194620952 -52.1040973976
-10.8098138963 -5.01023621287 -52.0965923408
-10.7719451409 -4.99338570469 -52.0909817953
-10.7374498063 -4.97166071503 -52.086981246
-10.7054119634 -4.94506624647 -52.0843831498
-10.6754650538 -4.9135079953 -52.083121217
-10.6480007076 -4.87701312778 -52.0832790855
-10.6241257394 -4.83593943812 -52.085044195
-10.6053893713 -4.79110494507 -52.0886236708
-10.5933675641 -4.74379277684 -52.0941496803
-10.5892296925 -4.69562248363 -52.1016040656
-10.5934142476 -4.64831818657 -52.1107855414
-10.6055051388 -4.60343480284 -52.1213294571
-10.6243393923 -4.56211697334 -52.1327740763
-10.648308758 -4.52495728284 -52.1446533215
-10.6757619936 -4.49199312005 -52.1565880921
-10.7053874745 -4.4628428448 -52.168348887
-10.7364647532 -4.4369429001 -52.179871277
-10.7689155095 -4.41381931768 -52.1912201236
-10.803146111 -4.39331778524 -52.2025139913
-10.8397370707 -4.37572868152 -52.2138333036
-10.8790801859 -4.36177365458 -52.2251408032
-10.9210785825 -4.352459684 -52.2362392826
-10.9650041392 -4.34884378553 -52.2467803849
-11.0095572501 -4.35177592859 -52.2563228562
-11.0531106495 -4.36169244614 -52.2644235368
-11.094061257 -4.37851607614 -52.2707341582
-11.1311792996 -4.40168668524 -52.2750747699
-11.1638431083 -4.43030819208 -52.277461135
-11.1920816243 -4.46336354023 -52.2780768875
-11.2164050881 -4.49993058973 -52.2771977347
-11.2374703456 -4.53933296435 -52.2750896682
-11.2556808966 -4.58118073768 -52.271911634
-11.27084678 -4.62529011189 -52.2676527742
-11.2820174249 -4.67150874891 -52.2621251271
-11.2875542852 -4.71950302293 -52.2550170633
-11.2854421729 -4.76857636643 -52.2459951675
-11.2737680632 -4.8175801799 -52.2348277903
-11.2512441262 -4.86495262562 -52.2214963115
-11.2176333332 -4.90888361904 -52.206262444

/group/profunda_branch_left/84
84
posId 84-11.0480113479 -5.03591690592 -52.4810379076
-10.992482343 -5.05963650801 -52.4631699942
-10.9357567088 -5.07524819162 -52.446534984
-10.8805930316 -5.08289140324 -52.4317731512
-10.8289515821 -5.0831189205 -52.4192543141
-10.7818077558 -5.07671282615 -52.4090673092
-10.7392221507 -5.06448013319 -52.401075286
-10.7006298762 -5.04708099848 -52.3950178488
-10.6652541569 -5.02493255653 -52.3906290317
-10.6325201668 -4.99820996023 -52.3877370827
-10.6023517494 -4.96693919683 -52.3863187247
-10.5752733623 -4.9311511481 -52.386494865
-10.5522999442 -4.89105008623 -52.3884723586
-10.5346604624 -4.8471467205 -52.3924522443
-10.5234482737 -4.80031667412 -52.3985342978
-10.519309679 -4.75176663757 -52.4066481428
-10.5222665037 -4.70291625336 -52.4165325604
-10.5317245647 -4.65522673669 -52.4277697054
-10.5466611805 -4.61002097136 -52.4398641781
-10.5659293218 -4.56834071858 -52.4523433094
-10.5885803236 -4.53087473649 -52.4648486181
-10.6141019188 -4.49797075229 -52.4771910702
-10.6424951009 -4.46972056488 -52.4893536736
-10.6741637809 -4.44608794366 -52.5014408108
-10.7096499926 -4.42703893931 -52.5135898054
-10.7492966477 -4.41263632509 -52.5258717182
-10.7929444154 -4.4030731078 -52.5382118256
-10.8397614597 -4.39864010125 -52.5503545722
-10.8882664275 -4.39964322677 -52.5618846491
-10.9365473889 -4.40630122484 -52.5722990893
-10.982619477 -4.41865937877 -52.5811098654
-11.024819792 -4.4365483452 -52.5879470241
-11.0621233255 -4.45960144419 -52.5926317644
-11.0942833318 -4.48732379259 -52.5951973729
-11.1217486726 -4.51918878357 -52.595851144
-11.1453753641 -4.55472731704 -52.5948879422
-11.1660111642 -4.59357621655 -52.5925807532
-11.1840724213 -4.63546437846 -52.5890810539
-11.1992392818 -4.6801349181 -52.5843597922
-11.2103659503 -4.72722301121 -52.5782086379
-11.2156446933 -4.7761256943 -52.5703040448
-11.2129916929 -4.82590628163 -52.5603184131
-11.2005595553 -4.87526987075 -52.5480485042
-11.1772432873 -4.92262891304 -52.533525372
-11.1430449021 -4.96625367906 -52.5170742035

/group/profunda_branch_left/87
87
posId 87-11.0356586424 -5.07212442194 -52.7439156354
-10.9860433472 -5.1037554106 -52.7258786737
-10.9321376063 -5.12514999839 -52.7087547423
-10.8766982067 -5.13637287848 -52.6931986686
-10.8222044417 -5.13847661874 -52.6796098078
-10.770516143 -5.13316915514 -52.6681126703
-10.7227053817 -5.12234526944 -52.6586055056
-10.6790893674 -5.10760614263 -52.6508598503
-10.6394378024 -5.08989412833 -52.644640332
-10.6032833185 -5.06933794339 -52.6398093076
-10.5702407089 -5.04534535114 -52.6363864516
-10.5402450941 -5.01691232583 -52.6345474582
-10.5136486357 -4.98305864079 -52.6345644113
-10.4911605416 -4.94326622297 -52.6367077029
-10.4736622529 -4.89779763096 -52.6411405962
-10.4619650478 -4.84780700482 -52.647839414
-10.4565908387 -4.79521460197 -52.6565644077
-10.4576453889 -4.74238177921 -52.6668910317
-10.464820762 -4.69167744681 -52.6782931829
-10.4775209563 -4.64505458587 -52.6902543323
-10.4950647255 -4.60374913946 -52.7023740086
-10.516894866 -4.56817596539 -52.7144382817
-10.5427212971 -4.53803897397 -52.7264333931
-10.5725466335 -4.51261196647 -52.7384984094
-10.6065610204 -4.49110048137 -52.7508307937
-10.6449360272 -4.47297608758 -52.7635728005
-10.6875819771 -4.45818778698 -52.7767124492
-10.7339483029 -4.4471958059 -52.790028767
-10.782937162 -4.44082842981 -52.8030981749
-10.8329688653 -4.44001590988 -52.8153610463
-10.8821927167 -4.44549095742 -52.826229826
-10.9287919232 -4.45755261519 -52.8352078329
-10.9712999181 -4.47596760092 -52.8419846189
-11.0088376194 -4.50003783909 -52.8464805135
-11.041199944 -4.528808919 -52.8488278227
-11.0687606508 -4.56134829893 -52.8492947671
-11.0922160303 -4.59699843682 -52.8481751992
-11.11223543 -4.63551617697 -52.8456774575
-11.1291162184 -4.67704416058 -52.8418463157
-11.1425435286 -4.72191263851 -52.8365426189
-11.1515294675 -4.77032506178 -52.8294885075
-11.1545590327 -4.82202142607 -52.8203669055
-11.1499136307 -4.87602676942 -52.8089477578
-11.1360934729 -4.93057356259 -52.7952050468
-11.1122311431 -4.98324054093 -52.7793904134

/group/profunda_branch_left/90
90
posId 90-11.0008184351 -5.11145656883 -52.9268843236
-10.9498770499 -5.14210348421 -52.9107613463
-10.8942015507 -5.16221185076 -52.895457997
-10.8368485627 -5.17226158589 -52.8815401822
-10.7805708472 -5.1736443809 -52.8693514104
-10.727416306 -5.16824647493 -52.8589998948
-10.6785320707 -5.15794562013 -52.8504040595
-10.6342055888 -5.14415339243 -52.8433805147
-10.5941093553 -5.12752025308 -52.8377470908
-10.5576629094 -5.10787536885 -52.8334101206
-10.5243994361 -5.08440883793 -52.8304107254
-10.494231272 -5.05603853902 -52.8289176678
-10.467545577 -5.02185536416 -52.8291705699
-10.4451165601 -4.98152222375 -52.8313921872
-10.4278771179 -4.93551845481 -52.8356975995
-10.4166337681 -4.88516689072 -52.8420289968
-10.4118225187 -4.83244247458 -52.8501369822
-10.4133863622 -4.77962128706 -52.8596153348
-10.4208132808 -4.72887040996 -52.8699800954
-10.4333202611 -4.68189096614 -52.880770449
-10.4501205202 -4.63970647516 -52.8916421109
-10.4706829396 -4.60264311702 -52.9024258298
-10.4948934305 -4.57049150721 -52.9131336377
-10.5230576181 -4.54278803048 -52.923910705
-10.55573395 -4.51912253569 -52.9349466261
-10.5934410087 -4.49937682559 -52.9463719769
-10.6363255994 -4.48382473252 -52.9581705126
-10.6838955949 -4.47307096419 -52.9701330321
-10.7349074939 -4.46785781047 -52.9818669734
-10.7874564976 -4.46881026428 -52.9928596731
-10.8392584882 -4.47620852762 -53.0025776306
-10.8880555969 -4.48986676881 -53.0105736149
-10.9320372858 -4.5091616326 -53.0165711361
-10.9701593549 -4.53320439265 -53.0205023695
-11.002267733 -4.56110221492 -53.022489201
-11.0289862013 -4.59222198547 -53.0227737043
-11.0513929466 -4.6263649228 -53.0216192289
-11.0705714861 -4.66378408903 -53.0192120165
-11.0871595646 -4.7050234271 -53.0155932911
-11.1010237851 -4.75061254101 -53.0106430248
-11.1111561478 -4.80069946057 -53.0041215588
-11.1158296303 -4.85472926607 -52.9957582855
-11.1129795844 -4.91127112674 -52.9853625794
-11.1007155395 -4.96806039469 -52.9729251781
-11.077831308 -5.02226526665 -52.9586803178

/group/profunda_branch_left/93
93
posId 93-10.9764284522 -5.12597593002 -53.0445923603
-10.9258391464 -5.1582829523 -53.0315691631
-10.8706185885 -5.18018676812 -53.019284204
-10.8136606829 -5.19193928857 -53.0081790379
-10.7575648148 -5.19475934565 -52.9985068697
-10.7042757217 -5.19044687529 -52.9903288218
-10.6549157794 -5.18088571004 -52.9835580748
-10.6098337679 -5.16756653627 -52.9780368477
-10.5688345215 -5.15125484574 -52.9736223037
-10.5315071047 -5.13188793514 -52.970255633
-10.49754803 -5.10872160755 -52.967994239
-10.4669856 -5.08067893356 -52.9669983984
-10.4402477255 -5.0467992281 -52.9674775908
-10.4180669312 -5.00666017555 -52.9696138181
-10.4012669446 -4.96065638674 -52.9734861095
-10.3905101521 -4.91006010829 -52.9790200408
-10.3860941842 -4.8568518535 -52.9859786095
-10.3878668737 -4.80337256954 -52.9939984475
-10.3952882059 -4.75189658394 -53.0026617558
-10.4076185432 -4.70424291687 -53.0115835524
-10.4241698363 -4.66152714342 -53.0204890139
-10.4445340575 -4.62411213558 -53.0292583207
-10.4687079347 -4.59175707118 -53.0379257281
-10.4970640464 -4.56390750026 -53.0466328815
-10.5301662788 -4.54003138978 -53.0555497833
-10.5684780022 -4.51989748931 -53.0647863757
-10.6120485643 -4.50371482317 -53.0743206076
-10.6602759777 -4.49209816505 -53.0839642289
-10.7118264331 -4.48587965497 -53.0933767162
-10.7647487373 -4.48583439383 -53.1021238214
-10.8167658808 -4.49241351405 -53.1097642945
-10.8656728947 -4.50557427195 -53.1159401421
-10.9097357509 -4.52476455446 -53.120444748
-10.9479809945 -4.54906882799 -53.1232496206
-10.980292458 -4.57746953512 -53.1244825977
-11.0072829856 -4.60913871674 -53.1243645251
-11.0299714445 -4.64366159475 -53.1231236074
-11.0493508488 -4.68111156201 -53.1209132449
-11.0659662377 -4.721939775 -53.1177582691
-11.079621285 -4.76669962986 -53.1135462967
-11.0892998206 -4.81567982321 -53.1080677856
-11.093331196 -4.86855316237 -53.1010940892
-11.0897623942 -4.92415106656 -53.0924714949
-11.0768432067 -4.98044390734 -53.0822041961
-11.0534993628 -5.03475264596 -53.0705018543

/group/profunda_branch_left/96
96
posId 96-10.9683042474 -5.13254981624 -53.1081496046
-10.917745068 -5.16574338757 -53.0994972428
-10.862480734 -5.18853882236 -53.0914675957
-10.8053021136 -5.20118383249 -53.0843180595
-10.7487252392 -5.20491868156 -53.0781730162
-10.6946604589 -5.2015725439 -53.0730329458
-10.6442632952 -5.19304413095 -53.0688142571
-10.5979848478 -5.18080587143 -53.0654069036
-10.5557844279 -5.16556335093 -53.0627320481
-10.5174255255 -5.14715789219 -53.0607824548
-10.4827594908 -5.12473241392 -53.0596337586
-10.4519131933 -5.09710806994 -53.0594236598
-10.4253327566 -5.06326195383 -53.0603057933
-10.4036836736 -5.02277019027 -53.0623926667
-10.3876532874 -4.97609290418 -53.0657054166
-10.3777309949 -4.92462391019 -53.0701462114
-10.3740460356 -4.87049492477 -53.0755024951
-10.3763214883 -4.81619244554 -53.0814828739
-10.3839631386 -4.76409583305 -53.0877750522
-10.3962558933 -4.71606366206 -53.0941095866
-10.412602933 -4.67317750955 -53.1003113164
-10.4327257394 -4.63570397296 -53.1063237116
-10.4567522138 -4.60327147745 -53.1121991098
-10.4851530065 -4.57519725866 -53.1180576269
-10.5185332292 -4.55085947679 -53.1240265928
-10.5573336902 -4.53000103067 -53.1301780249
-10.6015281691 -4.51287700846 -53.1364822515
-10.6504105736 -4.50020857423 -53.1427911646
-10.7025449493 -4.49296676745 -53.1488560291
-10.7559074677 -4.49206179665 -53.1543748073
-10.8081949236 -4.49804132307 -53.1590554538
-10.857224691 -4.51089673383 -53.162677071
-10.9013212315 -4.53004109063 -53.1651315228
-10.9395834627 -4.5544672116 -53.1664338697
-10.9719566943 -4.58303614131 -53.1666991376
-10.9990848683 -4.6148029986 -53.166092804
-11.0219792403 -4.64927237306 -53.1647700882
-11.041591511 -4.68649409504 -53.162822431
-11.0584079441 -4.72695729405 -53.1602474637
-11.0721777961 -4.77130248127 -53.156951892
-11.0818548352 -4.81992956199 -53.1527870536
-11.0857740828 -4.87261654615 -53.1476072477
-11.0820226388 -4.92826760735 -53.1413340936
-11.0689109584 -4.98487789403 -53.1340081497
-11.0454236522 -5.03974428491 -53.1258124132

/group/profunda_branch_left/99
99
posId 99-11.0765890961 -4.9277138666 -53.1326332966
-11.0784079002 -4.85635715262 -53.1349339039
-11.0736872436 -4.78825978736 -53.1372503955
-11.0631855981 -4.72715588046 -53.1394463859
-11.0475360862 -4.67522869111 -53.1414385799
-11.0271280262 -4.63296540855 -53.1432037429
-11.0020727776 -4.59942225371 -53.1447706675
-10.9722665742 -4.57279612664 -53.1462002926
-10.937537211 -4.55112465997 -53.1475600504
-10.8978378635 -4.53291512425 -53.1488996581
-10.8534366083 -4.51753792968 -53.1502346923
-10.8050488136 -4.50529997842 -53.1515417081
-10.7538723182 -4.49721207367 -53.1527651905
-10.7015091922 -4.49455341702 -53.1538332692
-10.6497867235 -4.49838928129 -53.1546768532
-10.6005164864 -4.50920093737 -53.1552462541
-10.5552468923 -4.52674085642 -53.155520559
-10.5150670554 -4.55014681865 -53.1555075724
-10.480507401 -4.57826129445 -53.155235229
-10.4515585035 -4.61003471963 -53.1547380453
-10.4278004807 -4.64486410274 -53.1540436175
-10.4086085694 -4.68274011669 -53.1531639564
-10.3933831421 -4.72413959071 -53.1520946958
-10.3817486558 -4.76968618194 -53.1508224667
-10.3736763789 -4.81968296716 -53.1493378912
-10.3695069448 -4.87367090013 -53.1476496066
-10.3698747986 -4.93016973536 -53.145794157
-10.3755603213 -4.98671064693 -53.1438376973
-10.3873107245 -5.04018521552 -53.1418679302
-10.4056741633 -5.08743830264 -53.139977817
-10.43088292 -5.12595174941 -53.1382453957
-10.4628042696 -5.15442694037 -53.136715642
-10.5009573376 -5.17309052604 -53.13539015
-10.5445769987 -5.18361653334 -53.1342284836
-10.5926964612 -5.18866164773 -53.1331618342
-10.6442208179 -5.19111988372 -53.1321160285
-10.6979734768 -5.19328687645 -53.1310380016
-10.7527122228 -5.19615779348 -53.1299184678
-10.8071264024 -5.19905529121 -53.1288041455
-10.8598362383 -5.19970111647 -53.1277954277
-10.9094162792 -5.19472869632 -53.1270291712
-10.9544569987 -5.18051594285 -53.1266502947
-10.9936641275 -5.15413004374 -53.1267790052
-11.0259792045 -5.11414352805 -53.1274818391
-11.0506925621 -5.06111261776 -53.1287538943

