/group/aneurysm/0
0
posId 0
-0.657312208629 1.18989611331 -11.0149605455
-0.681876496391 1.21590727848 -11.0052607453
-0.704077536739 1.24304027674 -10.9981225446
-0.723562451547 1.27097311484 -10.9937085015
-0.740125663993 1.29948809959 -10.9920997895
-0.753693830113 1.32844064334 -10.993295301
-0.764296227018 1.35771682778 -10.9972183617
-0.77202677655 1.38718827164 -11.0037295164
-0.777004911388 1.41667291263 -11.0126429795
-0.779342284567 1.44590894739 -11.0237439107
-0.779120941028 1.47454663445 -11.0368037366
-0.776386263341 1.50215940269 -11.0515912837
-0.771155176438 1.5282722799 -11.067878408
-0.763437234673 1.55240264099 -11.0854399441
-0.75326380789 1.574106172 -11.1040489467
-0.74071904152 1.59302009762 -11.1234691574
-0.725965852114 1.60889625197 -11.1434472308
-0.709261006859 1.62161838053 -11.1637073796
-0.690955193272 1.63120082477 -11.183950723
-0.671476602039 1.63776898121 -11.2038607998
-0.651299480626 1.6415250867 -11.223115575
-0.630901869623 1.64270541866 -11.2414050053
-0.610718835562 1.64153647839 -11.2584520706
-0.591098595399 1.63819789013 -11.2740343035
-0.572268787506 1.63279856557 -11.2880024464
-0.554318781644 1.62537034791 -11.3002929972
-0.537201538558 1.61588025457 -11.3109320912
-0.520755502482 1.60425910698 -11.3200293039
-0.504743822609 1.59044133988 -11.3277613894
-0.488905370776 1.57440864014 -11.3343474698
-0.473010019193 1.55622915785 -11.3400185253
-0.456909802646 1.53608453901 -11.344984996
-0.440578067957 1.51427889313 -11.349406726
-0.424130452326 1.49122674462 -11.3533692848
-0.407824269744 1.46742055514 -11.3568699096
-0.392036195998 1.44338196578 -11.359815026
-0.377221506557 1.41960389927 -11.3620297241
-0.363861003273 1.39649257136 -11.3632779111
-0.352403703822 1.37431894309 -11.3632903963
-0.343214047691 1.35318808311 -11.36179709
-0.336531678552 1.33303243285 -11.3585589928
-0.332449897496 1.31363143851 -11.3533957761
-0.330915950082 1.29465597127 -11.3462054905
-0.331752872759 1.27573203191 -11.3369741682
-0.334699223105 1.25651504965 -11.3257746148
-0.339460191794 1.23676415505 -11.3127552806
-0.345761790276 1.21640545764 -11.2981215131
-0.353399313782 1.19557467169 -11.2821125151
-0.362272173963 1.17463223191 -11.2649778093
-0.37239933887 1.15414791197 -11.2469568845
-0.383912672102 1.13485632366 -11.2282650005
-0.397028945955 1.11758887112 -11.2090869811
-0.412004666626 1.10319112562 -11.1895794212
-0.429080564451 1.09243665851 -11.169880301
-0.44842424443 1.08594881032 -11.1501237671
-0.470079808936 1.08414062564 -11.1304570059
-0.493932212897 1.08718044488 -11.1110558174
-0.519691865898 1.09498684667 -11.0921357491
-0.546901916882 1.10725236517 -11.0739564101
-0.574967235511 1.12349132142 -11.0568177292
-0.603200879691 1.14310382467 -11.0410482547

/group/aneurysm/3
3
posId 3
-0.707053349977 1.32496615067 -10.9806183424
-0.715143636031 1.36357404765 -10.9904489286
-0.720519585829 1.40148650847 -11.0021815154
-0.723215083812 1.43775759077 -11.0153873698
-0.723260327914 1.47163147519 -11.0297214003
-0.720663026324 1.50257182626 -11.0449498329
-0.715403458891 1.53025550473 -11.0609515408
-0.707444463212 1.55453508313 -11.0776940594
-0.69675427656 1.57538009399 -11.0951901725
-0.683337441211 1.59281043098 -11.1134446431
-0.667267187304 1.60683620473 -11.1324024869
-0.648712193176 1.61741649337 -11.1519098118
-0.627951494573 1.62444520588 -11.1716957533
-0.605373415557 1.62776651519 -11.1913798868
-0.58145733526 1.62721612659 -11.2105044941
-0.55674033487 1.62267921166 -11.228586137
-0.531773678679 1.61415220023 -11.2451770978
-0.507076117757 1.60179448532 -11.259925111
-0.483091771057 1.58595768977 -11.2726198712
-0.460159676814 1.56718418377 -11.2832170498
-0.438500123605 1.54617228218 -11.2918345942
-0.418219919095 1.52371191686 -11.298721173
-0.399335372523 1.50060037483 -11.3042018261
-0.381808575933 1.47755181821 -11.308610213
-0.365590160004 1.45511596066 -11.3122195046
-0.350660523939 1.43362012527 -11.3151844294
-0.337061821228 1.41314512734 -11.3175051529
-0.324914682594 1.39353967867 -11.3190198519
-0.314416470786 1.37447133292 -11.3194277404
-0.305821278774 1.35550559637 -11.3183388215
-0.299405279056 1.33619988483 -11.3153417943
-0.295423783286 1.31619642154 -11.310078222
-0.29406796954 1.29529842334 -11.3023098781
-0.295429379752 1.27351697246 -11.2919673687
-0.299478947675 1.25108126797 -11.2791714558
-0.306064725979 1.22841152966 -11.2642234023
-0.3149291073 1.20606048926 -11.247566211
-0.325742790469 1.18463493334 -11.2297238473
-0.338149674932 1.16471215296 -11.2112294552
-0.351814834195 1.146766793 -11.1925554934
-0.366467095826 1.13112137127 -11.1740582788
-0.381928658744 1.11792907367 -11.1559467143
-0.398126448209 1.10719119317 -11.1382804963
-0.415083137022 1.09880492675 -11.12099766
-0.432889366287 1.0926314074 -11.103965926
-0.45166203123 1.08856991257 -11.0870479466
-0.471495958549 1.08662288829 -11.070168005
-0.492417452544 1.08693800599 -11.0533674584
-0.514347827952 1.0898176452 -11.0368382772
-0.537083252319 1.09569220452 -11.0209280395
-0.560294324088 1.10506038629 -11.0061149381
-0.583545345523 1.1184058376 -10.992956817
-0.606329842746 1.13610411592 -10.9820229517
-0.62811615219 1.15833603646 -10.9738203892
-0.648395318501 1.18502266218 -10.9687275988
-0.66672340143 1.21579365559 -10.9669468019
-0.682751572121 1.24999506424 -10.968482914

/group/aneurysm/6
6
posId 6
-0.626334841673 1.488358796 -10.9810426889
-0.61520854955 1.51262837608 -10.9983625892
-0.602116155723 1.53517471512 -11.0164241958
-0.587192496019 1.55599616269 -11.0351304219
-0.570624179577 1.57502995963 -11.0543235762
-0.552628809038 1.5921327728 -11.0737927186
-0.533427767253 1.60707734932 -11.0932918363
-0.513219613961 1.61956501824 -11.1125636952
-0.492161243448 1.62925152866 -11.1313632842
-0.470362458105 1.63578200029 -11.1494751782
-0.447896790189 1.638829794 -11.1667207894
-0.424827807533 1.63813397373 -11.1829540002
-0.401246491479 1.63353067204 -11.1980465247
-0.377312330652 1.62497491728 -11.2118669319
-0.353289169291 1.61255107204 -11.2242590298
-0.32956697637 1.596471684 -11.23502585
-0.306662627529 1.57706599274 -11.2439246553
-0.28519623344 1.55476037005 -11.2506763283
-0.2658439189 1.53005349383 -11.2549895729
-0.249272469579 1.50348906929 -11.2565971414
-0.236065072724 1.47562851625 -11.2552984179
-0.226649738963 1.4470254018 -11.2510007577
-0.221242400649 1.41820270613 -11.2437514215
-0.219814975447 1.38963343752 -11.2337529424
-0.222095080096 1.36172478032 -11.2213572167
-0.227599146545 1.33480590578 -11.2070371135
-0.235695254262 1.30911975583 -11.1913383613
-0.245686983869 1.28481940884 -11.1748181638
-0.256905900161 1.2619698972 -11.1579797469
-0.268798556578 1.24055641063 -11.1412132869
-0.280994513523 1.22049956611 -11.1247531458
-0.293344716093 1.20167780728 -11.108659059
-0.305924227825 1.18395605487 -11.0928252307
-0.318998995685 1.16721859928 -11.0770167941
-0.332962075514 1.15140310895 -11.0609285483
-0.348249607832 1.13653176167 -11.0442570695
-0.365249985922 1.12273511315 -11.0267748912
-0.384220580924 1.11026456281 -11.0083948796
-0.405224946964 1.09949022233 -10.9892143306
-0.428099893984 1.09088258078 -10.9695314502
-0.452456813941 1.08497840716 -10.9498312546
-0.477716047263 1.0823335553 -10.930742783
-0.503167838802 1.08346739557 -10.9129740623
-0.528049432849 1.08880515009 -10.8972347171
-0.551625738528 1.09862516809 -10.8841579319
-0.573261061143 1.11301797097 -10.8742333443
-0.592471554221 1.1318626938 -10.8677604379
-0.608951849156 1.15482448169 -10.8648284898
-0.622574036867 1.18137373958 -10.8653247235
-0.633361942785 1.21082526038 -10.868967803
-0.641447607498 1.24239259342 -10.8753599335
-0.647019388529 1.27525096516 -10.884048254
-0.650271752739 1.30860094114 -10.8945853072
-0.651365605235 1.34172499925 -10.9065792375
-0.6504052189 1.37403027432 -10.9197267812
-0.647434087642 1.40507276949 -10.9338255709
-0.642448084512 1.43456099987 -10.9487661294

/group/aneurysm/9
9
posId 9
-0.485814166156 1.54268201959 -10.9405501967
-0.508530042873 1.51883339876 -10.9203630206
-0.527775724076 1.4942536802 -10.9018625607
-0.54337556932 1.46982010692 -10.8854262025
-0.555450961796 1.44609249566 -10.8711655867
-0.56434983609 1.42328862118 -10.8589577418
-0.570530682138 1.40132394604 -10.8485219611
-0.574426166164 1.37990508545 -10.8395251204
-0.576316868473 1.35865649062 -10.8316920087
-0.576244208221 1.33725426913 -10.8248962541
-0.57398358231 1.31554084835 -10.8192118115
-0.569085772407 1.29359920552 -10.8149137588
-0.560979597206 1.27177442298 -10.8124283799
-0.549114949955 1.25064136558 -10.8122436905
-0.533115873744 1.23092795607 -10.8148002279
-0.512910362147 1.21341164629 -10.8203861583
-0.488807870335 1.19881069031 -10.8290596582
-0.461506211205 1.18769111366 -10.840615384
-0.432024297326 1.18040528573 -10.8546020689
-0.401572858505 1.1770700925 -10.8703870897
-0.371388397228 1.1775838003 -10.8872537341
-0.342563376414 1.18167283548 -10.9045101073
-0.315906294287 1.18895456705 -10.9215866131
-0.291858778997 1.19900072966 -10.9381020868
-0.270484600583 1.21138840929 -10.9538861608
-0.251530264753 1.2257306885 -10.968955523
-0.234541970313 1.2416856168 -10.9834520637
-0.219012412151 1.25894836845 -10.9975591374
-0.204525591891 1.27723568154 -11.0114164617
-0.190869495956 1.29627290429 -11.0250536292
-0.178094678466 1.31579198131 -11.0383570479
-0.166509473733 1.33554411988 -11.0510766354
-0.156616821023 1.35532500008 -11.06286883
-0.149010282159 1.37500490112 -11.0733637509
-0.144254984707 1.3945526102 -11.0822387154
-0.142781214344 1.41404157798 -11.0892790855
-0.144813938829 1.43362982825 -11.0944108488
-0.150351885058 1.45351107089 -11.0976965816
-0.159197304111 1.47384197492 -11.0992957489
-0.171025251179 1.49465781757 -11.0993994266
-0.185471986748 1.51579386265 -11.0981562723
-0.202218108578 1.53683136302 -11.0956092777
-0.221044122332 1.55708432533 -11.0916607906
-0.241843765796 1.57563639501 -11.0860769236
-0.264591620777 1.59142765055 -11.0785331984
-0.289273625933 1.60338068827 -11.0686932685
-0.315799088629 1.61054638423 -11.0563041645
-0.343918228496 1.61224418946 -11.0412867319
-0.373168795519 1.60817113376 -11.0237999867
-0.402868929371 1.59845826571 -11.0042630937
-0.432162614127 1.58366230939 -10.983327549

/group/aneurysm/12
12
posId 12
-0.558835742462 1.42604826935 -10.7782080472
-0.551827759271 1.47225062448 -10.7902000514
-0.542172805308 1.51408344438 -10.8019989445
-0.530332764242 1.55011640293 -10.8131638414
-0.516554344898 1.57976160776 -10.8234973614
-0.500901694427 1.60324118813 -10.8330293417
-0.483329058973 1.62140902884 -10.8419575959
-0.463770976305 1.63547143869 -10.8505618157
-0.442225802912 1.64667064054 -10.8591113209
-0.418812691459 1.65599929802 -10.8677870751
-0.393791000361 1.66400337972 -10.8766335013
-0.367542027781 1.67070757069 -10.885547532
-0.340523008404 1.67566796928 -10.8943030943
-0.313209929437 1.6781280433 -10.9026011214
-0.286047337815 1.67723241933 -10.9101300934
-0.259419716061 1.67224369261 -10.9166210995
-0.233651381405 1.66271165332 -10.9218844923
-0.209032447025 1.64856036034 -10.9258213516
-0.185859860505 1.63008177471 -10.9284104387
-0.164477321872 1.60784901936 -10.9296780735
-0.145297491764 1.58258157809 -10.9296626462
-0.128794525544 1.5550042421 -10.9283862115
-0.115463431343 1.52573938486 -10.925842729
-0.105752790719 1.49525932087 -10.9220068814
-0.0999862458708 1.46390594429 -10.916860647
-0.0982933190111 1.43196409344 -10.9104288475
-0.100569959262 1.39975889384 -10.902811433
-0.106483436252 1.36774014169 -10.8942003532
-0.115526012178 1.3365205729 -10.8848725808
-0.127109627858 1.30684861068 -10.8751572916
-0.140682667778 1.27951615732 -10.86538271
-0.155842638507 1.25522270308 -10.8558146619
-0.172417357386 1.23443265902 -10.8466026136
-0.190492650684 1.2172687936 -10.8377487337
-0.210375634977 1.20347883368 -10.8291111045
-0.23249700675 1.19249563214 -10.8204445244
-0.257270112392 1.18358767386 -10.8114731508
-0.284935519722 1.17607195993 -10.8019807656
-0.315424670658 1.16954189487 -10.7918988622
-0.348273633628 1.16405404343 -10.7813715867
-0.382608371685 1.16022239223 -10.7707803279
-0.417208322948 1.15918663637 -10.7607187759
-0.450638671609 1.16244831917 -10.7519198512
-0.481427138969 1.17159921601 -10.7451466548
-0.50825171049 1.18799297165 -10.7410680264
-0.530103537801 1.2124271704 -10.7401434196
-0.546394762018 1.24490452686 -10.7425405607
-0.556992894745 1.28452787606 -10.7481029466
-0.562178927797 1.3295568937 -10.7563740301

/group/aneurysm/15
15
posId 15
-0.420393126934 1.69444005443 -10.7706431318
-0.458517935595 1.68288459008 -10.767533509
-0.494458958812 1.66840181765 -10.7640569993
-0.526897864081 1.65128221134 -10.7603045641
-0.554816845924 1.63168882799 -10.7563371363
-0.577618892935 1.60967315439 -10.7521837519
-0.595177228161 1.58522395089 -10.74784721
-0.607803856677 1.55833756809 -10.7433158676
-0.616142993216 1.52909381956 -10.7385789484
-0.621010028668 1.49772047656 -10.7336420592
-0.623207564193 1.46463197822 -10.728539606
-0.623354637312 1.43043344488 -10.7233414729
-0.621762606641 1.39588835522 -10.7181525253
-0.618381761887 1.36185575027 -10.7131049716
-0.612828482523 1.32920898437 -10.7083450611
-0.604486580272 1.29875158495 -10.7040167059
-0.592661623775 1.27114600875 -10.7002451776
-0.576756572371 1.24686800581 -10.697123936
-0.556433046834 1.22619363813 -10.6947069262
-0.531725806384 1.20921900389 -10.6930075048
-0.503087758926 1.19590591355 -10.6920037765
-0.471357047196 1.18614161218 -10.6916488318
-0.437653470884 1.17979822664 -10.6918834555
-0.403225489262 1.17677841504 -10.692648496
-0.369278462321 1.17703748077 -10.6938943271
-0.336817774935 1.18057810509 -10.6955856241
-0.306536551274 1.18742051572 -10.6977008245
-0.278767754675 1.19755684496 -10.7002269001
-0.253506760806 1.21090230657 -10.7031511407
-0.230495924864 1.22725675882 -10.7064523124
-0.209350301141 1.24628799514 -10.7100936523
-0.189696059927 1.26754318844 -10.7140196864
-0.171291775042 1.29048838589 -10.7181579166
-0.154107763766 1.31456925384 -10.7224252247
-0.138348822341 1.3392809081 -10.7267376673
-0.124418702901 1.36423186347 -10.7310214497
-0.112837635067 1.38918758566 -10.7352224695
-0.104134275979 1.4140828168 -10.739312029
-0.0987385113198 1.43899805563 -10.743287073
-0.0969004930473 1.46410302866 -10.7471644835
-0.0986545004911 1.48957711795 -10.7509702805
-0.103835234063 1.5155219846 -10.7547257757
-0.112141497091 1.54188388005 -10.7584335122
-0.123230759811 1.56840182639 -10.7620660353
-0.136820434794 1.59459316968 -10.7655600992
-0.152769591987 1.61978087576 -10.7688179079
-0.171118841207 1.64315877995 -10.7717156053
-0.192075392932 1.66388348499 -10.7741177607
-0.215942872057 1.68117627297 -10.7758953379
-0.243008545053 1.69441636422 -10.7769438645
-0.27341131034 1.70320855122 -10.7771983935
-0.307019652555 1.70741332502 -10.776642415
-0.343348346627 1.70713505909 -10.7753090229

/group/aneurysm/18
18
posId 18
-0.441459908543 1.64922559338 -10.6767285969
-0.47366150891 1.62883726468 -10.6779513117
-0.504032074789 1.60670844225 -10.6786760165
-0.531799431794 1.58314147677 -10.6788458263
-0.556316651982 1.55843574722 -10.6784198902
-0.577117922899 1.53288716303 -10.6773806662
-0.593951090368 1.50678679014 -10.6757379981
-0.606782701124 1.48041780666 -10.6735293293
-0.615775429949 1.45405049331 -10.6708159932
-0.62124182196 1.42793553887 -10.6676761404
-0.6235817061 1.40229648372 -10.6641953898
-0.623212928806 1.37732253237 -10.6604566569
-0.620505878606 1.35316315744 -10.6565307438
-0.615731508646 1.32992584713 -10.6524691709
-0.60903034142 1.30767801356 -10.6483003817
-0.60040660539 1.28645352316 -10.6440299365
-0.589747721513 1.26626361481 -10.6396446888
-0.576865431997 1.24711124395 -10.6351203145
-0.561551543415 1.22900725088 -10.6304310326
-0.543639046162 1.21198630692 -10.6255599999
-0.523058604916 1.19612042678 -10.6205087382
-0.499881201184 1.18152799071 -10.6153040757
-0.474339921448 1.16837669064 -10.6100014481
-0.446827177068 1.15687954477 -10.6046839439
-0.417867503999 1.14728401949 -10.5994571199
-0.388069924237 1.13985522956 -10.5944402528
-0.358067064566 1.13485502477 -10.5897552412
-0.328450325611 1.13251938632 -10.5855147394
-0.29971105105 1.13303685574 -10.5818112313
-0.27219676074 1.13653065002 -10.578708632
-0.246089217123 1.14304668 -10.5762376318
-0.221407743211 1.15254893988 -10.574395452
-0.198037317018 1.16492277287 -10.5731500221
-0.175777130249 1.17998547683 -10.5724479339
-0.15440210923 1.19750273756 -10.5722249613
-0.13372784655 1.21720860759 -10.5724175525
-0.11366880156 1.23882629212 -10.5729735568
-0.0942805930004 1.2620869303 -10.5738605617
-0.0757795852962 1.28674387844 -10.5750705799
-0.0585364028003 1.31258067009 -10.5766203727
-0.0430439718724 1.33941175045 -10.5785473545
-0.0298645849316 1.36707612983 -10.5809016934
-0.0195637080876 1.39542512383 -10.5837357929
-0.0126403194386 1.42430620306 -10.5870927436
-0.0094641492612 1.45354554168 -10.5909954896
-0.0102292018098 1.48293205462 -10.5954383571
-0.0149305169678 1.51220552158 -10.6003822427
-0.0233676425447 1.54105084332 -10.6057542216
-0.0351742620023 1.56909964259 -10.611451681
-0.0498694686707 1.59593942979 -10.6173504182
-0.066922897604 1.62112954202 -10.6233155626
-0.0858238207961 1.64422217582 -10.6292137711
-0.106143703959 1.66478618931 -10.6349249734
-0.127582710145 1.68243103234 -10.6403520241
-0.149993071957 1.69682820848 -10.6454269482
-0.173375774379 1.70772806285 -10.6501129855
-0.197851063564 1.71497035674 -10.6544022741
-0.223607307506 1.71848793013 -10.6583096657
-0.25083607467 1.71830363861 -10.6618637337
-0.279663459303 1.7145215548 -10.6650964409
-0.310088337127 1.70731403334 -10.6680331072
-0.341937280038 1.69690657548 -10.6706842429
-0.374843433881 1.6835624608 -10.6730405001

/group/aneurysm/21
21
posId 21
-0.500978843873 1.66074862143 -10.5952144049
-0.529701855119 1.63810825638 -10.5965413544
-0.555880750039 1.6134785418 -10.5969761417
-0.579039027209 1.58715718527 -10.5964816501
-0.598762393095 1.55949025745 -10.5950425238
-0.614723498447 1.53085377126 -10.5926665189
-0.626700309781 1.50163206162 -10.5893839682
-0.634586014999 1.47219625048 -10.5852455769
-0.63838942939 1.44288598039 -10.5803189611
-0.638226066483 1.41399698626 -10.5746844607
-0.634301197916 1.38577605639 -10.56843079
-0.626887184904 1.35842367957 -10.5616510396
-0.616297989595 1.33210339124 -10.5544394144
-0.602863985869 1.30695572754 -10.5468889265
-0.586909965934 1.28311395077 -10.5390900662
-0.568738624896 1.26071844399 -10.5311303065
-0.548620900076 1.23992693002 -10.5230941613
-0.526793485908 1.22091840998 -10.5150634549
-0.503462798265 1.20388981862 -10.5071174622
-0.478813778544 1.189045681 -10.4993326555
-0.453021334198 1.17658231604 -10.4917819187
-0.426261987822 1.16666915948 -10.4845332442
-0.398723472866 1.15943039905 -10.4776480814
-0.370610531308 1.15493021647 -10.4711796295
-0.342145944691 1.15316448655 -10.4651714326
-0.313566733788 1.15406084913 -10.4596566373
-0.285116345474 1.15748778309 -10.4546581973
-0.25703436532 1.16327186723 -10.4501901725
-0.229545736452 1.17122103668 -10.4462600933
-0.202851560265 1.18115055455 -10.4428721652
-0.177123289965 1.19290779682 -10.4400309195
-0.15250154865 1.20639190737 -10.4377447895
-0.129100005336 1.22156494336 -10.436029043
-0.107013855704 1.23845223499 -10.4349075402
-0.086331624731 1.25713117577 -10.4344129097
-0.0671483725096 1.27770932996 -10.4345849309
-0.049578049097 1.30029434696 -10.4354671602
-0.0337627687082 1.32495947197 -10.4371020882
-0.019877160624 1.35170923794 -10.4395253535
-0.00812664898682 1.3804500895 -10.4427597033
0.00126058810988 1.41097018791 -10.4468094774
0.00804726591501 1.44293153676 -10.4516563645
0.0120046527215 1.4758760008 -10.4572570539
0.0129319914721 1.50924498154 -10.4635431859
0.0106751053481 1.54241071682 -10.4704237167
0.00514166743951 1.57471564067 -10.4777895127
-0.00368894459101 1.60551519062 -10.4855196887
-0.0157625261522 1.63421902911 -10.4934889808
-0.0309540023626 1.66032591075 -10.5015752947
-0.0490777766512 1.68344833632 -10.5096665462
-0.0699028447743 1.70332455407 -10.5176659972
-0.0931703472667 1.71981719317 -10.5254954844
-0.118610882111 1.73289959573 -10.5330962147
-0.145958955578 1.74263249988 -10.5404271203
-0.174962409534 1.74913489556 -10.5474610836
-0.205385463271 1.75255347033 -10.5541796179
-0.237005029971 1.75303501186 -10.5605667826
-0.26960105985 1.75070546246 -10.5666031994
-0.302942659111 1.74565814174 -10.5722610056
-0.336772483308 1.73795215453 -10.5775004386
-0.370792288389 1.72762041135 -10.5822685156
-0.404652478338 1.71468524693 -10.5864999816
-0.437948014294 1.6991785399 -10.5901203964

/group/aneurysm/24
24
posId 24
-0.637313405009 1.55795075899 -10.4932658007
-0.625076999316 1.59335452357 -10.4983196888
-0.610069135489 1.62709913528 -10.5023659315
-0.592675495073 1.65855336227 -10.5053530223
-0.573316030569 1.68721735798 -10.5072665713
-0.55241376446 1.71275542102 -10.5081294015
-0.530363589453 1.73501176747 -10.5079978665
-0.507504654644 1.7540073016 -10.506954769
-0.4840996006 1.76991767068 -10.5050996954
-0.460323162163 1.78303518231 -10.5025379196
-0.436261577263 1.79371915301 -10.4993692249
-0.411922954615 1.80234068888 -10.4956780124
-0.387257423226 1.80922858633 -10.4915259127
-0.36218468043 1.81462289268 -10.4869478065
-0.336625627306 1.81864170038 -10.4819517292
-0.310534251279 1.8212650864 -10.4765226471
-0.283925855901 1.82233796343 -10.4706295959
-0.256898158212 1.82159125481 -10.4642352519
-0.229642624483 1.8186785426 -10.457306695
-0.202444590153 1.81322345354 -10.4498259739
-0.175672062792 1.80487177937 -10.4417991183
-0.149754468342 1.79334183065 -10.4332624386
-0.125153800616 1.77846685285 -10.4242853115
-0.102331522881 1.7602244365 -10.414969093
-0.0817150394913 1.73874957835 -10.4054422973
-0.0636675502608 1.71433016603 -10.3958526453
-0.048464626608 1.68738588575 -10.3863569764
-0.0362799722169 1.65843360114 -10.3771102673
-0.0271816683426 1.62804386007 -10.3682550942
-0.0211389063424 1.5967941532 -10.3599127891
-0.0180379440219 1.565224762 -10.3521772977
-0.0177049477228 1.53380248229 -10.345112375
-0.0199326311257 1.50289628271 -10.338752311
-0.0245072625912 1.47276723442 -10.3331059144
-0.0312327184904 1.44357306967 -10.3281630694
-0.0399487847802 1.41538576446 -10.3239028633
-0.0505417732344 1.38821885816 -10.3203021089
-0.0629465996679 1.36206004213 -10.3173430706
-0.0771406209135 1.3369040192 -10.3150193526
-0.0931305913977 1.31278081397 -10.3133391886
-0.110934940283 1.28977555953 -10.3123257588
-0.130564081117 1.26803716735 -10.3120145801
-0.152001589658 1.24777499935 -10.3124484291
-0.175188817904 1.2292444568 -10.3136705909
-0.200014902961 1.21272402359 -10.315717452
-0.226313273526 1.19848752293 -10.3186115247
-0.253864781826 1.18677599588 -10.3223559151
-0.282406635992 1.17777359996 -10.3269310211
-0.311645512074 1.17159126259 -10.3322939188
-0.341272696648 1.1682606064 -10.3383805008
-0.370978920442 1.16773906998 -10.3451100334
-0.400466711594 1.16992541003 -10.3523914509
-0.429458592926 1.17468314212 -10.3601304578
-0.457700192901 1.18186819698 -10.368236396
-0.484958220649 1.19135632636 -10.3766278737
-0.51101413835 1.20306570421 -10.385236333
-0.535655115694 1.21697075782 -10.3940070419
-0.55866435625 1.23310445674 -10.402897374
-0.579813065001 1.25154792663 -10.4118726477
-0.598856147398 1.2724081146 -10.4209001678
-0.61553321273 1.29578605314 -10.429942399
-0.629575667376 1.32173979223 -10.4389503564
-0.640719736468 1.35024707148 -10.447858305
-0.648724280669 1.38117313176 -10.4565807067
-0.65339141998 1.41424865492 -10.4650120665
-0.654587367335 1.44906170634 -10.4730299419
-0.65226060825 1.48506587189 -10.4805009417

/group/aneurysm/27
27
posId 27
-0.65471147381 1.42622236576 -10.3532812117
-0.667660392899 1.46290923698 -10.3647206671
-0.677122168001 1.4999462825 -10.3753658752
-0.682744693302 1.5361182646 -10.3848571302
-0.684265667195 1.57043169279 -10.3929067565
-0.681554372459 1.60220593495 -10.399329926
-0.674638395653 1.63111208703 -10.4040600309
-0.663710334723 1.65715533 -10.4071464188
-0.649113037987 1.68060624569 -10.4087353481
-0.631305664854 1.70189513885 -10.4090378776
-0.61081617731 1.7214893161 -10.4082905508
-0.588188161376 1.73977549956 -10.4067158098
-0.563930731024 1.75696777793 -10.404488888
-0.538479540596 1.77305612416 -10.4017165486
-0.512174773155 1.78780258828 -10.398430726
-0.485258790699 1.8007833058 -10.3945973275
-0.45789252177 1.81146611127 -10.3901376792
-0.430186290916 1.81930733885 -10.3849578759
-0.40223828102 1.82384842945 -10.3789799954
-0.37417261803 1.82479373016 -10.3721690165
-0.346169385307 1.82205514571 -10.3645503083
-0.318480634091 1.81575621002 -10.3562145457
-0.291429311746 1.80619632859 -10.3473094501
-0.26539143148 1.79378381824 -10.3380203621
-0.240765107997 1.77895243066 -10.3285438367
-0.217932656544 1.76207914185 -10.3190597867
-0.197223311303 1.74342054557 -10.3097079378
-0.178884006378 1.72308131139 -10.3005734688
-0.163064100578 1.70102161894 -10.2916848504
-0.149817211997 1.67710253573 -10.2830244469
-0.139119974941 1.65116050967 -10.2745498581
-0.130904177887 1.62309602009 -10.2662217739
-0.125096027386 1.59295817776 -10.2580327069
-0.121654733014 1.56100734835 -10.2500306429
-0.120602530166 1.52774168372 -10.2423324825
-0.122039683914 1.49388009541 -10.2351239899
-0.126140699127 1.46030245972 -10.2286454803
-0.133131412854 1.42795614693 -10.2231651977
-0.143250229988 1.3977447341 -10.2189447427
-0.15669981656 1.37041867434 -10.2162025507
-0.17359751377 1.34648796053 -10.2150819649
-0.193933206269 1.3261733172 -10.2156297865
-0.217542266749 1.30940576419 -10.2177894073
-0.24409869246 1.29587571017 -10.2214100649
-0.273130092886 1.28512362986 -10.2262708594
-0.304052403422 1.27665653681 -10.2321154705
-0.336218773348 1.27006935335 -10.2386915158
-0.368974631204 1.26514888895 -10.2457875682
-0.401709913623 1.26194078431 -10.2532611856
-0.433900042133 1.2607660437 -10.2610528589
-0.465129339416 1.26218257812 -10.2691832757
-0.495093809415 1.26689695889 -10.2777342926
-0.523583976181 1.27564058591 -10.2868169654
-0.55045209753 1.28903107778 -10.2965323657
-0.575570881754 1.30744268805 -10.3069322901
-0.598792327099 1.33090837502 -10.3179870734
-0.619915204336 1.35907098493 -10.3295665425

/group/aneurysm/30
30
posId 30
-0.660987403835 1.57342132529 -10.2804637981
-0.661550642372 1.6041741925 -10.2865466685
-0.658430051782 1.63184868953 -10.2910704934
-0.651110900218 1.65599722167 -10.2938140612
-0.639331844812 1.67680882964 -10.2947454025
-0.623133218237 1.69495590638 -10.2940048545
-0.602828196924 1.71131582645 -10.2918437827
-0.578922650963 1.72664576115 -10.2885408263
-0.552022768198 1.74130187171 -10.2843235053
-0.522767630967 1.75508039042 -10.2793198891
-0.491808399663 1.76722212731 -10.2735540136
-0.45983287258 1.77657465323 -10.2669836156
-0.427612627964 1.78186204329 -10.259564542
-0.396037813439 1.78198371808 -10.2513175387
-0.366106654252 1.77625957397 -10.2423728131
-0.338852595004 1.76455875087 -10.2329758022
-0.31521636628 1.74728706351 -10.2234512373
-0.295894614381 1.72525117344 -10.2141372795
-0.281212094334 1.69945257724 -10.2053122831
-0.271064521834 1.67088095317 -10.1971399415
-0.264962648451 1.64037002263 -10.1896530138
-0.262179199191 1.6085529015 -10.1827831945
-0.261967657389 1.57591722521 -10.1764290606
-0.263795937409 1.54292552956 -10.1705405113
-0.267527634496 1.51014491061 -10.1651912678
-0.273493172698 1.47832867968 -10.1606132691
-0.282421086368 1.44841158474 -10.1571777499
-0.295238371349 1.42141247974 -10.155324161
-0.312787164914 1.39827292738 -10.1554548086
-0.335531468085 1.37968521115 -10.1578248415
-0.363333915126 1.36596990595 -10.1624601505
-0.395366236698 1.35704890747 -10.1691287101
-0.430182253436 1.35252905467 -10.1773758377
-0.46593870367 1.3518742245 -10.1866152499
-0.500709359733 1.35461244283 -10.1962513124
-0.532813123792 1.36050987638 -10.20579856
-0.561074118667 1.36965104539 -10.2149653043
-0.584951736319 1.38239258026 -10.2236787722
-0.60451513135 1.39919792846 -10.2320465235
-0.620278991742 1.42040000703 -10.2402676254
-0.632953379606 1.44596507919 -10.2485215552
-0.643180011298 1.47533519539 -10.2568687149
-0.651325663735 1.50740629161 -10.2651920898

/group/aneurysm/33
33
posId 33
-0.550009386617 1.69728261634 -10.1769461547
-0.575166228633 1.6667206161 -10.1802026239
-0.596337475229 1.63385226374 -10.1820191284
-0.612372611848 1.60010920117 -10.182251124
-0.622193449688 1.56697534306 -10.1807815441
-0.62497710716 1.53572319012 -10.1775391359
-0.620347419221 1.50721263962 -10.1725272892
-0.608519473135 1.48181707548 -10.1658558905
-0.590345643123 1.45949746195 -10.1577640894
-0.567232980451 1.43999397107 -10.1486214027
-0.540935797794 1.42306438278 -10.1388991097
-0.513263778667 1.40868329525 -10.1291123805
-0.485773407816 1.39713141367 -10.1197434165
-0.459519666018 1.38894445988 -10.1111637093
-0.434931899232 1.38474231866 -10.1035763925
-0.411845593724 1.38500279898 -10.0969961002
-0.389679629714 1.38986523156 -10.0912743592
-0.367708933537 1.39903944404 -10.0861659341
-0.345357178119 1.41185858452 -10.0814195114
-0.322430782113 1.42746264198 -10.0768684605
-0.299234657836 1.44505145303 -10.0724967002
-0.276545739256 1.46411856995 -10.0684613457
-0.255461170708 1.48458065421 -10.0650659435
-0.237171748574 1.50675050492 -10.0626920781
-0.222728033597 1.53115436592 -10.0617087494
-0.21286240127 1.55824793688 -10.062384682
-0.207907823945 1.58812204144 -10.0648270093
-0.207821629756 1.6202954109 -10.0689612936
-0.21229077319 1.65366592201 -10.0745553822
-0.220874168374 1.68664140447 -10.0812770926
-0.233133053973 1.71741357644 -10.0887669724
-0.248712011556 1.74429307819 -10.0967048184
-0.267355563751 1.76600519406 -10.1048526597
-0.288869491243 1.78186066249 -10.1130657555
-0.313053465964 1.79175867684 -10.1212736829
-0.339636777266 1.79603506225 -10.1294422979
-0.368241244135 1.79521862895 -10.1375316139
-0.398379160755 1.78978601694 -10.1454635229
-0.429476660364 1.78000109257 -10.153107728
-0.460901677201 1.7658912109 -10.1602866858
-0.49197543642 1.74736161498 -10.1667936858

/group/aneurysm/36
36
posId 36
-0.601339970509 1.74393829856 -10.1081298784
-0.619197570107 1.71948658313 -10.1130986323
-0.637147972397 1.69475977758 -10.1180860712
-0.654611965854 1.67015385207 -10.1229118863
-0.670700236531 1.64589653764 -10.1272809007
-0.684351418614 1.62203351226 -10.1308299288
-0.694510862775 1.59844599021 -10.1331901679
-0.700315786978 1.57489900875 -10.1340532663
-0.701250822048 1.55111375075 -10.1332283587
-0.697243385518 1.52685225148 -10.1306789844
-0.68867978661 1.50199983655 -10.1265326059
-0.676338259746 1.47663029147 -10.1210606973
-0.661251257635 1.45104123454 -10.1146330423
-0.64452314509 1.42575207331 -10.1076548749
-0.627138204471 1.4014634103 -10.1004988256
-0.609795858077 1.37898364044 -10.0934446555
-0.592804822155 1.35913446907 -10.0866382624
-0.576056529702 1.34265103712 -10.0800777154
-0.559082806899 1.33009350095 -10.0736288482
-0.541186453355 1.32178502593 -10.0670672225
-0.52161924514 1.3177865362 -10.0601381908
-0.499772705962 1.31791205319 -10.052623311
-0.475344557998 1.32178124677 -10.0444001826
-0.448448531365 1.3288992442 -10.0354840984
-0.419646232135 1.33874900401 -10.0260434688
-0.38989487455 1.35087953013 -10.0163860816
-0.360420912308 1.36497423159 -10.0069188936
-0.332543786042 1.38088760582 -9.99808912267
-0.307483382971 1.3986443928 -9.99031792226
-0.286187578151 1.41840227954 -9.98393921258
-0.26921189785 1.44038583446 -9.97915506773
-0.256672815007 1.46480440183 -9.97601567841
-0.248281569784 1.49176928568 -9.97442700213
-0.243449611935 1.52122527379 -9.9741837614
-0.24144290793 1.55290852414 -9.97502053529
-0.241553163142 1.58633770143 -9.97667027738
-0.243251257303 1.62083904013 -9.97891834616
-0.246292372063 1.65559992816 -9.98164127994
-0.250752515565 1.68974080033 -9.98482283727
-0.256990335975 1.72239246895 -9.98854457924
-0.265543400977 1.75276592505 -9.99295352791
-0.276981434777 1.78020402455 -9.99821413349
-0.291747685883 1.80420875263 -10.0044549778
-0.310021921669 1.82444300013 -10.0117216942
-0.331634061785 1.84071088936 -10.0199462864
-0.356047089819 1.85292461622 -10.0289396464
-0.382413719542 1.86106776532 -10.0384092945
-0.409696196705 1.86516476171 -10.047999149
-0.436825635677 1.86526368911 -10.0573435517
-0.462869046697 1.86143572203 -10.0661247414
-0.48717038126 1.8537897988 -10.074122118
-0.509436903479 1.84249694537 -10.0812431497
-0.529753011921 1.82781579156 -10.0875293616
-0.548518143587 1.81010995955 -10.0931357965
-0.566320695085 1.78984937483 -10.0982876745

/group/aneurysm/39
39
posId 39
-0.480852362755 1.45003448217 -9.97572154359
-0.510287856228 1.4329917053 -9.98869133552
-0.539435971178 1.42238508886 -10.0013564956
-0.567879977824 1.41913467333 -10.0135141344
-0.595390924503 1.42333811614 -10.0250643629
-0.62177739572 1.4342565731 -10.0359469634
-0.646740535438 1.45050648072 -10.0460744488
-0.669784599294 1.47040191418 -10.0552844004
-0.690214492698 1.49235026786 -10.06332719
-0.707223653272 1.51519036853 -10.0698936581
-0.720046786416 1.53838056379 -10.0746745609
-0.728131051693 1.56198927584 -10.0774334524
-0.731272595065 1.58649873237 -10.0780701708
-0.729674831127 1.61248703475 -10.0766545872
-0.723907756527 1.64028852138 -10.0734189901
-0.714776980132 1.66973745971 -10.0687098072
-0.703138281392 1.70007411057 -10.0629116125
-0.689710197346 1.73004291786 -10.0563648414
-0.67493830453 1.75815456951 -10.049300782
-0.658950013463 1.78303408082 -10.0418125169
-0.641612103015 1.80375052305 -10.0338699669
-0.622672689965 1.82002844174 -10.025374109
-0.601943897922 1.83227517992 -10.0162336849
-0.579468780338 1.84141229294 -10.0064407925
-0.555620001237 1.84855721796 -9.9961217827
-0.531097442538 1.8546463115 -9.98554694618
-0.506821698737 1.86010900728 -9.97509458774
-0.483751696457 1.86468953086 -9.96517872586
-0.462678247253 1.86747101043 -9.95616083765
-0.444054150821 1.86709888982 -9.94827144909
-0.427912673169 1.86214304073 -9.94156527435
-0.413902078283 1.85149759303 -9.93592451157
-0.401431125667 1.83470603976 -9.93111132976
-0.38988837045 1.81212005426 -9.92685638223
-0.37887593808 1.784847728 -9.92295943857
-0.368392664977 1.7545069805 -9.91937407015
-0.358913945809 1.72285536393 -9.91625203003
-0.351342970974 1.69140234478 -9.91393357684
-0.346842688617 1.66111431498 -9.91288457168
-0.346590103069 1.63229487694 -9.91359565555
-0.351515408192 1.60467141214 -9.91646913734
-0.362092161686 1.57765854024 -9.92172251014
-0.378230316207 1.55071733053 -9.92933287877
-0.399295625475 1.52370105042 -9.93903537512
-0.424244814812 1.49708196602 -9.9503740555

/group/aneurysm/42
42
posId 42
-0.498602563972 1.54216940991 -9.88436231007
-0.521440735005 1.51253513579 -9.89793224882
-0.545385098562 1.48825329615 -9.91162826607
-0.569930145609 1.46958248844 -9.92518109425
-0.595044572459 1.45683919864 -9.93855054474
-0.620797172399 1.45046161451 -9.95173621587
-0.646956391823 1.45085567289 -9.96459226911
-0.672749577392 1.45811495941 -9.97673074626
-0.696892159994 1.47177367507 -9.98755527862
-0.717874461428 1.49073969798 -9.99640761585
-0.734379853732 1.5134693096 -10.0027599514
-0.74565308255 1.53832790785 -10.0063681419
-0.751664471991 1.56398854362 -10.007321412
-0.753009842284 1.58969707864 -10.0059722992
-0.750602763003 1.61529075562 -10.0027835949
-0.745301836952 1.64096896341 -9.99816267142
-0.737633489907 1.66692811265 -9.99235349275
-0.727715335051 1.69303317569 -9.98542456596
-0.715385702545 1.71867766667 -9.97734370924
-0.700449942679 1.74289129052 -9.96809096466
-0.682908279208 1.76463403411 -9.9577478313
-0.66305298462 1.78312458704 -9.94651943561
-0.641400329909 1.79803357135 -9.93468588596
-0.618514601641 1.80943748848 -9.92251918164
-0.594840589966 1.81754753886 -9.91022191288
-0.570657048641 1.82234284983 -9.89793303639
-0.546197926112 1.82329476935 -9.88580917385
-0.521893032809 1.81933873925 -9.8741453737
-0.498603276497 1.80914425082 -9.86346986974
-0.477708059107 1.79159857001 -9.8545492805
-0.460956633935 1.76631763481 -9.84827540141
-0.450099208233 1.73397515256 -9.84545771939
-0.446420127356 1.69630993646 -9.84659286997
-0.450353892815 1.65580199063 -9.85170082387
-0.461344831729 1.6151420237 -9.86029727016

/group/aneurysm/45
45
posId 45
-0.557202323907 1.51959175713 -9.82253344465
-0.590408670947 1.50257028443 -9.84189215128
-0.623181105675 1.48837957698 -9.86072529913
-0.654406754857 1.47877229369 -9.87826055195
-0.68359192738 1.47617425035 -9.89398302431
-0.710398141024 1.48269486573 -9.90749306649
-0.73413815084 1.49912051966 -9.91834465952
-0.753552930609 1.52436214095 -9.92598507888
-0.76704098395 1.5556300434 -9.92985802234
-0.773260385974 1.589277474 -9.929634179
-0.771804043134 1.62194943953 -9.92544865644
-0.763579345947 1.65154169624 -9.91800174989
-0.75064780151 1.67757678782 -9.90843474258
-0.735540747569 1.70088505603 -9.8980009744
-0.720333531859 1.72279793978 -9.88766000988
-0.705895905855 1.74426370394 -9.87777320274
-0.691668352088 1.76529036534 -9.86804350041
-0.676072532023 1.78492241514 -9.85773517241
-0.657367063274 1.80167774782 -9.84608120519
-0.634554083942 1.81415522193 -9.8326997517
-0.607928452593 1.82147688275 -9.81783866761
-0.579044127473 1.82336378038 -9.8023497884
-0.550157218712 1.81987608033 -9.78742123589
-0.523448797389 1.81104434012 -9.77420449969
-0.50041309587 1.79667135256 -9.76351125289
-0.481682920269 1.7764670981 -9.75570681975
-0.467319337438 1.75046247798 -9.75082030025
-0.457347538854 1.71945628912 -9.74878154949
-0.452202248885 1.68519695979 -9.74963798863
-0.452811917114 1.65012286426 -9.7536263168
-0.460261028417 1.61672192784 -9.76106066138
-0.475208841992 1.58679532005 -9.77210180284
-0.497382116541 1.56099498262 -9.78653695034

/group/aneurysm/48
48
posId 48
-0.622946888798 1.52511086528 -9.79321585742
-0.656154162331 1.52299881395 -9.8117955752
-0.688148831456 1.52822166203 -9.82882212603
-0.718199318332 1.54065000625 -9.84390739006
-0.745158264099 1.55907553198 -9.85656383214
-0.767307681457 1.58147494335 -9.8660872417
-0.782613604534 1.60550451995 -9.87163765533
-0.789345597 1.62907573198 -9.87251185453
-0.78680907497 1.65083382298 -9.86848981364
-0.775839560108 1.67039285051 -9.86007912243
-0.758774845115 1.68826138594 -9.84850858057
-0.738833036497 1.70549416442 -9.83542695845
-0.719090086149 1.72319096094 -9.82239915133
-0.701448207531 1.7420060706 -9.8103960253
-0.686021032761 1.76181830444 -9.79949489302
-0.671208527996 1.78165109202 -9.78893048443
-0.654455304771 1.79984947609 -9.77749208356
-0.633399884868 1.81444512519 -9.76411375012
-0.606955333766 1.82359542444 -9.74841773939
-0.575888195468 1.82597770904 -9.73098647001
-0.542672502088 1.82104894928 -9.71325066304
-0.510697591706 1.8091284519 -9.69704221537
-0.483171234584 1.79130807186 -9.68399971972
-0.462170483833 1.76922816041 -9.67507168677
-0.44820772901 1.7447742286 -9.67031363323
-0.440441847751 1.71975296857 -9.66904365011
-0.437383507323 1.69560348892 -9.6702664197
-0.437744552524 1.67319446695 -9.67316639084
-0.441047983909 1.65274930966 -9.67745341013
-0.447753500109 1.63392456071 -9.68342255196
-0.458892128135 1.61603783511 -9.69172502143
-0.475427760311 1.59840254018 -9.70297548297
-0.497670821794 1.58068760667 -9.7173851427
-0.525016219726 1.56319696669 -9.73458345501
-0.556098137913 1.54697005879 -9.75369143199

