/group/R_com/0
0
posId 0
1.36029090869 0.862700360474 -10.2533103067
1.33846677261 0.890191469076 -10.2652732154
1.31450737134 0.916215970186 -10.273357
1.2893082949 0.940462922664 -10.2780635713
1.2634836314 0.962857479296 -10.2799051736
1.23736529476 0.983421950635 -10.2792349286
1.21109691625 1.00210982181 -10.2761374041
1.1847859079 1.01866547838 -10.2704075546
1.15866119878 1.03255622533 -10.2616230642
1.13318390827 1.04300318129 -10.2492905868
1.1090736579 1.04910933267 -10.2330271653
1.0872395617 1.05005445287 -10.2127292575
1.06863426302 1.04530593323 -10.1886855076
1.05407299025 1.03478786961 -10.1616044421
1.04407053343 1.01896011976 -10.1325503908
1.03874413517 0.998782055051 -10.1028040645
1.03781107878 0.975566062568 -10.0736822046
1.04068200239 0.950755093528 -10.0463589793
1.0466229375 0.925678579015 -10.0217286029
1.05493909455 0.901346311855 -10.0003354401
1.06512742421 0.878329050125 -9.98237880044
1.07695475151 0.85675078538 -9.96778029088
1.09044090813 0.836387596336 -9.95628734612
1.10575505119 0.816840195852 -9.94758101904
1.12305968276 0.797729349689 -9.9413601882
1.14235289062 0.778860054662 -9.93738606372
1.16336015893 0.760312230535 -9.93548610284
1.18551236778 0.742438899752 -9.93553018895
1.20802055575 0.725780431272 -9.93739987959
1.23002830329 0.710927330185 -9.94097138376
1.25079802772 0.698377431167 -9.94612504944
1.26987546955 0.688432581586 -9.95278140637
1.28718099737 0.681165581384 -9.96095068356
1.30299610769 0.676464871201 -9.97077384109
1.31784316135 0.674139403423 -9.9825318524
1.33228751678 0.674046907453 -9.99660718439
1.34671478675 0.676201161746 -10.0133953378
1.36114501429 0.680820170044 -10.0331808548
1.37513728672 0.68829537761 -10.0560062285
1.38781477902 0.699086722526 -10.0815689974
1.3980079196 0.713571916375 -10.1091792574
1.40448132638 0.731893690942 -10.1377969832
1.40618737088 0.753851071811 -10.1661489947
1.40248209209 0.778869154451 -10.1929043144
1.39324967542 0.806059634315 -10.2168699741

/group/R_com/3
3
posId 3
1.35404478376 0.855564822974 -10.2601400974
1.33196404317 0.88402314859 -10.2734566064
1.30785205444 0.910273632439 -10.2819704328
1.28276064755 0.933899003573 -10.2862193051
1.25739012699 0.955043913377 -10.2870889308
1.23201649325 0.974201826598 -10.2854735405
1.20657651249 0.991878770103 -10.2819415327
1.18088340584 1.00824834393 -10.2765217055
1.15489816503 1.02292052886 -10.2686876295
1.12895865083 1.03491279797 -10.2575522076
1.10387947601 1.04284634882 -10.2422133385
1.08087738725 1.04531456605 -10.2221390277
1.06133578177 1.04131063265 -10.1974644283
1.0464781974 1.03057724798 -10.169099948
1.03705470772 1.01376243845 -10.1386101457
1.03314497309 0.992325147725 -10.1078975304
1.03414658978 0.968213287935 -10.0787886971
1.03895856024 0.943409249811 -10.0526513497
1.0463065602 0.919479674564 -10.0301593988
1.0551102271 0.897263914328 -10.0112735964
1.06477848925 0.876790114902 -9.99543403894
1.07534179365 0.85743461527 -9.98189238773
1.08738239414 0.838263781128 -9.97006865749
1.10178824813 0.81844263011 -9.95981385131
1.11941125709 0.797579099164 -9.95149590678
1.14073857504 0.775900507882 -9.94588920064
1.1656778236 0.754219065384 -9.94391523082
1.19351674343 0.733714835216 -9.9463309054
1.22305932563 0.715622877292 -9.95347481324
1.25288383599 0.700937037219 -9.96515700348
1.28163228324 0.690228524228 -9.9807237992
1.30823714499 0.683629590144 -9.99926566695
1.33201961297 0.680969391648 -10.0198858251
1.35264322103 0.681993533938 -10.0419277828
1.36995940134 0.686570644513 -10.0650778776
1.38381858619 0.694798183085 -10.0893072658
1.39392919137 0.70696163748 -10.1146789882
1.39982477637 0.723360408318 -10.1410974274
1.40095551692 0.744067989486 -10.1681008484
1.39687034034 0.768723227475 -10.1947840323
1.38741905604 0.796442308099 -10.2198918366

/group/R_com/6
6
posId 6
1.32333441881 0.877473039566 -10.3138845272
1.34602470198 0.84956911103 -10.3013244569
1.36509292177 0.820835131643 -10.2839188103
1.37970797505 0.792322623859 -10.2621658222
1.38919751953 0.765368353547 -10.2370987344
1.39313824214 0.741345581467 -10.2100572674
1.39142398879 0.721386236743 -10.1823983545
1.38429509499 0.706157180858 -10.1552366204
1.37231924747 0.695756698539 -10.1292902764
1.35632411452 0.689759930851 -10.1048699064
1.33729241098 0.687396127075 -10.0819990462
1.31623838235 0.687800832467 -10.06061257
1.29408876092 0.690264865542 -10.0407555688
1.27159001214 0.694405591738 -10.022708857
1.24925748071 0.700213009766 -10.0069957933
1.22737247717 0.707964556336 -9.99426880331
1.20602286703 0.718044837321 -9.98511792446
1.18517393299 0.730736091998 -9.97987291517
1.1647512223 0.746052692837 -9.97847492389
1.14471672349 0.763676192114 -9.98047156284
1.12512371133 0.783012052234 -9.98514752959
1.10614250688 0.803346966893 -9.99175536366
1.08805713433 0.824050548209 -9.99977343016
1.07123932234 0.844748781894 -10.0091037264
1.05610998747 0.865404622357 -10.0201362792
1.0430987071 0.886271081051 -10.0336461525
1.0326092219 0.907724612463 -10.0505415507
1.02499495584 0.930027799353 -10.0715306922
1.02054445758 0.953096770864 -10.0968051439
1.01947387298 0.976351510097 -10.1258379293
1.02192273842 0.998704771139 -10.1573647825
1.02795041912 1.01870432218 -10.1895648429
1.0375326023 1.03479628533 -10.2203983933
1.05055925986 1.04563915858 -10.2480118316
1.06683641012 1.05038082036 -10.2710986069
1.08609334029 1.04882014267 -10.2891162477
1.10799491783 1.04140819777 -10.3023007388
1.13215607205 1.02909132109 -10.3114781428
1.15815363888 1.01304496902 -10.3177319058
1.18553057175 0.994378985588 -10.3220251534
1.21378951363 0.973901803368 -10.3248883162
1.24237658127 0.95201118164 -10.3262606095
1.27066083572 0.928738607184 -10.3255262279

/group/R_com/9
9
posId 9
1.36790766712 0.724751246479 -10.2406858075
1.36670212372 0.751995469981 -10.2765820396
1.3595154157 0.780366222162 -10.3074940975
1.34761053099 0.807859763732 -10.3320625804
1.33262065721 0.832972675185 -10.3500151635
1.3161317104 0.854978953569 -10.362089788
1.29928217626 0.874023213864 -10.3697255601
1.28249996867 0.891000883578 -10.3746121467
1.26545750055 0.907251452277 -10.3782218078
1.24726179425 0.924140464918 -10.3814457986
1.22682567627 0.942636045962 -10.3844207834
1.20331060912 0.962987697955 -10.3865730644
1.17650872682 0.984588255169 -10.3868466668
1.14704849371 1.00605167217 -10.3840338677
1.11636021505 1.02548324614 -10.377106661
1.08640875193 1.04087040619 -10.3654590183
1.05926965052 1.05049438597 -10.3490069066
1.03667062854 1.05326279077 -10.3281424816
1.01962926741 1.0488891458 -10.3035842015
1.00828748789 1.03788943238 -10.2761915816
1.00198359483 1.02141419614 -10.2468144522
0.999531944006 1.00097426538 -10.21622333
0.999620286313 0.978138150603 -10.1851294455
1.00120361017 0.954275865204 -10.1542643547
1.00377967071 0.930400437517 -10.1244639529
1.00747240598 0.907123755903 -10.0966991367
1.01291145093 0.884709208289 -10.0720163039
1.02095908589 0.863180283151 -10.0513879041
1.03238043263 0.842437919395 -10.0355130483
1.04756511718 0.822349880033 -10.0246360338
1.06638602417 0.802797043477 -10.0184555341
1.088231479 0.783685088069 -10.0161756539
1.11218792371 0.764946315516 -10.0167076391
1.13730051389 0.74655920337 -10.0189807785
1.1628152108 0.728601854948 -10.0222794231
1.18831535773 0.711334515135 -10.0265046339
1.2137048708 0.695284279045 -10.0322715473
1.23904568644 0.681291375038 -10.040795317
1.26431023075 0.67047770603 -10.0535781994
1.28914239406 0.66411627449 -10.0719705393
1.31272145958 0.663410261136 -10.0967206347
1.33379173635 0.669223592698 -10.1276390553
1.35086620082 0.681829586542 -10.1634774171

/group/R_com/12
12
posId 12
1.31486185319 0.680501388659 -10.2134443604
1.32716313842 0.695465132785 -10.24995877
1.33364335664 0.713432775218 -10.2840964041
1.3344719141 0.733125576176 -10.3141660506
1.33022824317 0.753458623386 -10.3392429876
1.32179285179 0.773669238098 -10.3592311616
1.31018776636 0.793365732585 -10.3747484185
1.29639610136 0.812499388419 -10.3868738415
1.28119773836 0.831277677898 -10.396827126
1.26505694865 0.850044854937 -10.405660556
1.24808773068 0.869156445292 -10.4140329568
1.23010555485 0.88886855393 -10.4221067128
1.2107540711 0.90925443863 -10.4295728451
1.18967716219 0.930152854394 -10.4357761286
1.16669526319 0.951147657368 -10.439891396
1.14194325761 0.971576754071 -10.4410982167
1.11593612924 0.990569601927 -10.4387131781
1.089545778 1.00711386802 -10.4322612405
1.06389367413 1.02015119073 -10.4214915566
1.04018395135 1.02869790414 -10.4063604409
1.01951514683 1.0319794162 -10.3870095141
1.00271282882 1.02955878037 -10.3637597226
0.99021911321 1.02143409395 -10.3371259034
0.982060529379 1.00807891047 -10.3078388758
0.977896864388 0.990406805505 -10.2768502705
0.977135381839 0.969655311704 -10.2452947556
0.979081591055 0.947202890104 -10.214396107
0.983092323888 0.924350773942 -10.1853240738
0.988699804187 0.902114106678 -10.1590310145
0.995685013915 0.881069455343 -10.136112471
1.00409178314 0.861296574528 -10.1167376129
1.01418598401 0.842432507028 -10.1006814025
1.02637391531 0.823830129287 -10.0874633143
1.04109874226 0.804787539937 -10.0765650443
1.05873370213 0.784796041529 -10.0676719059
1.07948710483 0.763748100905 -10.0608688983
1.10332906708 0.742054711082 -10.0567283467
1.12994540386 0.720642340664 -10.0562514079
1.15872130747 0.70082804659 -10.0606644189
1.188756359 0.684100167459 -10.0711124093
1.21891202242 0.671853999039 -10.0883241236
1.2478916055 0.665141522038 -10.1123358229
1.27434956725 0.664489450397 -10.1423504008

/group/R_com/15
15
posId 15
1.27681069201 0.680319289874 -10.2700975184
1.27953321447 0.701560723508 -10.3095468279
1.27496632144 0.725631781789 -10.3441377892
1.26438826978 0.749827242638 -10.3709939849
1.24948650113 0.77209172597 -10.3888765985
1.2318889461 0.791570138083 -10.3984939894
1.21280425953 0.808728757226 -10.4022305723
1.19287254822 0.825004965892 -10.4033583508
1.1722457152 0.842114028119 -10.4049730929
1.15083350651 0.861265353756 -10.4089967414
1.12859806981 0.882572514122 -10.4155709526
1.1057742902 0.904869232317 -10.4230377366
1.08293460031 0.925994597823 -10.4285064969
1.06088679858 0.943440209291 -10.4288112201
1.04046294033 0.955122829446 -10.4215355394
1.02229912614 0.960005502293 -10.4057700034
1.00670443106 0.958351595494 -10.3823676143
0.993674445426 0.951535356976 -10.3536419841
0.983039603882 0.94149620056 -10.3226423249
0.97467817189 0.930050659 -10.292273668
0.968693689537 0.918319293858 -10.2645641296
0.965469681926 0.906471620139 -10.2403067065
0.965565754507 0.893863249576 -10.2191534177
0.969488187679 0.879486840375 -10.2000732156
0.977426490212 0.862541025545 -10.1819640292
0.989070285057 0.842883657733 -10.1641757295
1.0035972025 0.821190390409 -10.1467617805
1.01985940052 0.798763677309 -10.1304033876
1.03671727139 0.777080824756 -10.1160877534
1.05340454924 0.757275727251 -10.1047159061
1.0697856746 0.739775421949 -10.0968294303
1.08639533355 0.724249129962 -10.0925767162
1.10422325631 0.709899072046 -10.0919193718
1.12429913333 0.695979919106 -10.0949603438
1.14720938715 0.682334124198 -10.1022087795
1.17271045242 0.669714199815 -10.1146128495
1.19957852243 0.659738568672 -10.1332866483
1.22576060894 0.654467316315 -10.1589938045
1.24879195583 0.655734752882 -10.191572667

/group/R_com/18
18
posId 18
1.27057991172 0.620538015014 -10.2557737108
1.27361438621 0.631985440571 -10.2858988522
1.27415739167 0.644522752598 -10.3142196626
1.27213577311 0.657506292538 -10.3392060778
1.26713762874 0.670883920305 -10.3600519021
1.25863581263 0.685090290246 -10.3768214681
1.24624014929 0.700777232315 -10.3902840663
1.22988320888 0.718476733453 -10.4014893753
1.2098804638 0.738313384503 -10.4112399264
1.18686105383 0.759861299339 -10.4196619585
1.16161721704 0.782186442364 -10.4260449166
1.13494818293 0.804049426766 -10.4290224555
1.10756795705 0.824190230303 -10.4270398975
1.08011014002 0.841593685383 -10.418942728
1.05321312918 0.855649717293 -10.4044700819
1.02762755601 0.86616760054 -10.3844664609
1.00427287998 0.87326050077 -10.3607244336
0.98418889827 0.877163158057 -10.3355045773
0.968373603376 0.878064523 -10.3108971132
0.957552828347 0.876022598283 -10.2882486227
0.951966683555 0.870988074617 -10.2678548198
0.951265015431 0.862914047818 -10.2490247244
0.954573424801 0.851891592531 -10.23048799
0.960732246572 0.838240486673 -10.2109948507
0.968644712224 0.822504958588 -10.1898919189
0.977622699141 0.805347241017 -10.1674705198
0.987608701285 0.78737900609 -10.144971212
0.999187071476 0.769002438102 -10.124255244
1.01336591381 0.750334818136 -10.1072731505
1.03118986473 0.731260857158 -10.0955284298
1.05330524836 0.711606343547 -10.0897263942
1.07962014062 0.691374640687 -10.0897199159
1.10917415327 0.670955227218 -10.0947464938
1.14026508354 0.65121494711 -10.1038405759
1.17079520763 0.633419362042 -10.1162435791
1.19872826514 0.618991330405 -10.1316440835
1.22251393784 0.609175042733 -10.1501567137
1.24135128818 0.604713205488 -10.1720591332
1.25522016936 0.605647200408 -10.1974079512

/group/R_com/21
21
posId 21
1.16899931745 0.710876071054 -10.4470225777
1.20298500741 0.683916457679 -10.4426779253
1.23289256635 0.65853319153 -10.4331833881
1.25756122684 0.635441527555 -10.4179845939
1.27630912025 0.615177852948 -10.3971532759
1.28893153971 0.598133172048 -10.3714972721
1.29562970933 0.584578007909 -10.3424615761
1.29689502792 0.574667034268 -10.3118450124
1.29337952448 0.568425262175 -10.28141821
1.28578058108 0.565729274236 -10.2525615165
1.27475869553 0.566302123006 -10.2260350197
1.26089473112 0.569737009627 -10.2019490229
1.24468174151 0.575554032182 -10.1799369458
1.22653921411 0.583280323973 -10.1594661365
1.20683582126 0.592532304479 -10.1401778948
1.18590986404 0.60307432943 -10.1221408383
1.16408235118 0.614833000204 -10.1059336292
1.14166330513 0.627859572125 -10.0925327415
1.11895516392 0.642249959405 -10.0830477416
1.09625710934 0.658046798316 -10.0783976173
1.07387142383 0.675155391783 -10.0790398126
1.05210937807 0.693302078612 -10.0848431034
1.03129184442 0.712050257255 -10.0951439701
1.01174036593 0.730870120842 -10.1089619473
0.99375800862 0.749239523518 -10.1252950112
0.977604707796 0.766741757726 -10.1433901753
0.96347666135 0.783125662103 -10.1628957488
0.951501155551 0.798304965895 -10.1838457235
0.941755459074 0.812293657605 -10.2064876218
0.934311172506 0.825096046432 -10.2310212231
0.929295594974 0.836586817917 -10.2573470576
0.92695251589 0.846422091781 -10.2849194153
0.927679877679 0.854015084929 -10.3127604706
0.932023518124 0.858591547921 -10.339633654
0.94061522253 0.859316380563 -10.3643164646
0.954057733886 0.855461208063 -10.3858762496
0.972775324804 0.84657000111 -10.403850293
0.99686127814 0.832579949351 -10.4182649212
1.02595898565 0.813867516095 -10.4294856783
1.05920913689 0.791210689446 -10.4379517736
1.09528216763 0.765681141512 -10.4438912219

/group/R_com/24
24
posId 24
1.1767941138 0.636967061779 -10.4534497294
1.20886359424 0.611260730717 -10.4375352144
1.23593178422 0.588735297746 -10.4164148697
1.25620649631 0.570850180335 -10.3911900423
1.26885977468 0.558361627358 -10.3631310774
1.2741378018 0.551220950999 -10.3334958748
1.27319165607 0.548685395385 -10.3033836921
1.26768411454 0.54960335765 -10.273652126
1.25929512911 0.552783058872 -10.2449050656
1.24927641988 0.557330810167 -10.2175395167
1.23818525926 0.562858778401 -10.191825459
1.22586635989 0.569507466545 -10.1679887542
1.21166957007 0.577789471786 -10.1462726339
1.19481682996 0.588317933343 -10.1269653574
1.174788681 0.601516843287 -10.1103952963
1.15160176567 0.617410651205 -10.0969050388
1.12589225404 0.63555846112 -10.0868199255
1.09878985605 0.655145620612 -10.0804232952
1.07163849791 0.675191231854 -10.0779429346
1.04566850498 0.694792719068 -10.0795447398
1.02173540721 0.713320342765 -10.0853244206
1.00021021536 0.730497256228 -10.0952886424
0.98104732425 0.74634527597 -10.1093231904
0.963990829282 0.761026434724 -10.1271549487
0.948831527242 0.774647551586 -10.1483225665
0.935612188457 0.787106357221 -10.1721736322
0.924702328625 0.79803954805 -10.1979017483
0.916716254091 0.806892619696 -10.2246256375
0.912309790888 0.813083631585 -10.2514976864
0.911938840916 0.816195936305 -10.2778162632
0.915678885022 0.816122276249 -10.303109844
0.923182536181 0.813099517577 -10.3271646626
0.933799940792 0.807613893362 -10.3499812527
0.946823206343 0.800206394278 -10.3716654013
0.961764604617 0.791248645318 -10.3922796872
0.97855865994 0.780775862893 -10.4116962866
0.997598921327 0.768448360353 -10.4294949948
1.01957540308 0.753670733416 -10.4449406627
1.04514990048 0.735842364911 -10.4570537418
1.07456881379 0.714663437083 -10.4647621161
1.1073441637 0.690394929241 -10.4670993692

/group/R_com/27
27
posId 27
1.20121516061 0.558026138945 -10.3864946097
1.16930644318 0.579835811217 -10.4094749757
1.13742187745 0.602369387182 -10.4241741963
1.10853517099 0.623338210416 -10.4313092116
1.08370762038 0.641834437568 -10.4321519594
1.06217429095 0.658334811804 -10.4277677635
1.04231358344 0.674016175494 -10.4185602225
1.02295738498 0.689770826607 -10.404322686
1.0043390222 0.705454301744 -10.3847195227
0.988184051192 0.719762900626 -10.3598950865
0.976912373341 0.730796740549 -10.330850807
0.972394477194 0.736997101734 -10.2993673092
0.974940779481 0.737947390102 -10.2675026113
0.983078067349 0.734599530931 -10.2369317724
0.994247918559 0.728793151009 -10.2084823603
1.00607014692 0.722312090172 -10.1821165299
1.01750934516 0.715972454524 -10.1573700813
1.0293259284 0.709226261904 -10.1340105236
1.04356328547 0.70049879673 -10.1125535058
1.06232644425 0.688094641581 -10.0943472228
1.08648103068 0.671207641823 -10.081162272
1.11494779346 0.650511474872 -10.0744901477
1.14496181955 0.628021977985 -10.0749156736
1.17316565852 0.606299004493 -10.081898856
1.19697273482 0.587398130117 -10.0940920969
1.21549820429 0.572111918615 -10.1100369356
1.22958246407 0.559888368917 -10.1288779843
1.24090965742 0.549459120699 -10.1507109135
1.25070089783 0.539836775318 -10.1763613038
1.25868971524 0.531144207201 -10.2066824492
1.26294498643 0.524822393269 -10.241714081
1.26066660203 0.52308480808 -10.2801290334
1.24956914534 0.527879550806 -10.3192649495

/group/R_com/30
30
posId 30
1.10616905802 0.576664861385 -10.389084388
1.07822567998 0.598830931899 -10.385648989
1.05298402812 0.620082053343 -10.3782590185
1.031011132 0.639628582944 -10.3681703445
1.0122306688 0.65736663547 -10.3559474825
0.996207369785 0.673709405448 -10.3412998686
0.982537922142 0.689224155903 -10.3233146522
0.971192781939 0.704217824375 -10.3009987038
0.962671709377 0.718436087454 -10.2739174589
0.957906851943 0.730999598143 -10.2426738803
0.957944354185 0.740611817035 -10.2090254411
0.963522127973 0.745968799482 -10.1755709551
0.974704619335 0.746221859448 -10.1451020584
0.990718392175 0.741319645124 -10.1198442716
1.01006096257 0.7320967111 -10.1008599152
1.0308559008 0.720066607682 -10.0878307852
1.05133673615 0.706985221167 -10.0793019405
1.07029434335 0.694334520717 -10.0732999088
1.08733501922 0.682906535474 -10.0681019214
1.10286456154 0.672631275805 -10.0628786368
1.11781184268 0.662703960243 -10.0579814293
1.13319711784 0.651959265496 -10.0547782882
1.14970187744 0.639353302365 -10.0551096392
1.16739011242 0.624379507188 -10.0605742236
1.18566923272 0.607274543094 -10.0719138462
1.20348684186 0.588952291695 -10.0887231531
1.21967244073 0.570706392045 -10.1095838009
1.23328372457 0.553805687035 -10.1325602546
1.24382331462 0.539141132203 -10.1558587618
1.25124980224 0.527055371687 -10.1783929578
1.2557932441 0.517409132135 -10.2000402803
1.25766548596 0.509842551729 -10.2214962606
1.25679837263 0.50411217083 -10.2437909572
1.25273139176 0.500355541477 -10.2676626594
1.24470926665 0.499166086033 -10.2930384088
1.23196356281 0.501438538664 -10.3188283997
1.21407466346 0.508039296567 -10.3431188587
1.19127242685 0.519429196176 -10.3636932045
1.16455110265 0.535389582426 -10.3786841039

/group/R_com/33
33
posId 33
1.01972640641 0.591728871726 -10.3893396776
0.991716648745 0.620209374615 -10.3750614533
0.969503037396 0.645800275922 -10.3572794756
0.953827288048 0.667728989056 -10.3364114114
0.944417494901 0.686178627086 -10.31251938
0.940314722962 0.70188079998 -10.2856379449
0.940376100814 0.715552181145 -10.2561421221
0.94375181939 0.727417536534 -10.2249732382
0.950153987937 0.737015068529 -10.1936067413
0.959827642991 0.743353486788 -10.1637631035
0.973259240459 0.745338573873 -10.1369793862
0.990763945636 0.742274179199 -10.1142239632
1.0121371122 0.734215239074 -10.0957217794
1.03652110836 0.722018531429 -10.0810684741
1.06254252087 0.707069872951 -10.0695868967
1.08865856997 0.690806648647 -10.0607729415
1.1135646025 0.674241815381 -10.0546358271
1.13649275581 0.657692901022 -10.0517800759
1.15728298085 0.640828849577 -10.0531857412
1.1762081738 0.623008437877 -10.0597739623
1.19364109162 0.603756707627 -10.0719410152
1.20971629675 0.583165536289 -10.0892637953
1.22413783675 0.562037405476 -10.110513114
1.23621469891 0.54170374537 -10.1339848177
1.24510196328 0.523592715128 -10.1580247889
1.25013202093 0.508733875636 -10.1815386487
1.25107863236 0.497419592966 -10.2042770745
1.24822579072 0.489179837418 -10.2267745441
1.24220124924 0.483093875983 -10.2499582725
1.23364317335 0.478315190548 -10.2745784615
1.22284994254 0.474587700546 -10.3006854901
1.20958072189 0.472525172769 -10.3273635039
1.19311806559 0.473516385223 -10.3528293643
1.17259528849 0.47927014462 -10.3748620585
1.14747548898 0.491164433754 -10.3913990047
1.1179951762 0.509650230147 -10.4010741502
1.08538628436 0.533946157419 -10.4035022892

/group/R_com/36
36
posId 36
1.05127697005 0.525972184326 -10.3712606226
1.02063443458 0.548543442959 -10.3738414129
0.992844439058 0.571682328832 -10.371844595
0.969412366497 0.594471281584 -10.3648324747
0.951143350714 0.616451342264 -10.3525192985
0.938083608823 0.637566905527 -10.3349362163
0.929708295697 0.657939705672 -10.3125578942
0.925275071716 0.67756926017 -10.2863363116
0.924200440075 0.696089761369 -10.2576136442
0.926311319504 0.712692393206 -10.2279261627
0.931878525886 0.726255200546 -10.1987502669
0.941429144249 0.735637127002 -10.1712650299
0.955424026588 0.740023874701 -10.1462033423
0.973938650197 0.739189461821 -10.1238357588
0.996479959216 0.733568879469 -10.1040871049
1.0220122618 0.724111416347 -10.0867416719
1.04917759581 0.711970791444 -10.07166445
1.07661712667 0.698151914245 -10.0589633936
1.10326256592 0.68324911819 -10.0490414373
1.12848482181 0.667371459125 -10.0425274281
1.15205192083 0.650273834346 -10.0401169476
1.17393102191 0.631630190129 -10.0423819813
1.19403441215 0.611330738974 -10.0496133474
1.21202927104 0.589680525571 -10.0617417439
1.22729809215 0.567422492465 -10.0783509765
1.23906618914 0.54558407326 -10.0987638957
1.24663603509 0.525219803649 -10.1221604378
1.24961912656 0.507162670948 -10.1476846342
1.24805631013 0.491887729022 -10.1745120855
1.24236718017 0.479537975269 -10.201872745
1.23314668468 0.470088567959 -10.2290446501
1.22089842701 0.463563554686 -10.2553434272
1.20582747822 0.460196298117 -10.2801270465
1.18779500075 0.460450624942 -10.3028195928
1.16646993293 0.464883067255 -10.3229407917
1.14162706552 0.473899754388 -10.3401191704
1.11347258859 0.487512443705 -10.3540714195

/group/R_com/39
39
posId 39
1.01108329682 0.512307971955 -10.3611620268
0.979270264528 0.539072501538 -10.3571627375
0.953004759842 0.564326040881 -10.349554236
0.932877004721 0.587754581108 -10.3381616328
0.918681670242 0.609698038779 -10.3227310101
0.909713044852 0.630773989337 -10.3031411005
0.905150742037 0.651428907381 -10.2796213302
0.904394553768 0.671585049774 -10.2528913412
0.9072352055 0.690511924629 -10.2241618186
0.913815787296 0.706965716996 -10.1949836708
0.924420054442 0.719540355118 -10.1669854104
0.939187789627 0.727097170201 -10.141577855
0.957880492864 0.729114300473 -10.1197168901
0.979795365669 0.725830634134 -10.1017949884
1.00386301919 0.718138307832 -10.0876880134
1.0288897079 0.707271870067 -10.0769317321
1.0538474631 0.694415478777 -10.0689612043
1.07809738105 0.680374823152 -10.0633301878
1.10145899138 0.665429491711 -10.0598416705
1.12410061873 0.649407546654 -10.0585581914
1.14629715267 0.631936628103 -10.059706829
1.16815429683 0.612759166165 -10.0635309813
1.18941135692 0.591978786486 -10.0701557457
1.20940280378 0.570137906897 -10.0795213312
1.22719476212 0.548098967475 -10.0914055936
1.24184158927 0.526784380844 -10.1055165857
1.25265809882 0.506889894067 -10.1216053934
1.25939485573 0.488698529543 -10.1395408183
1.26224128344 0.472082180021 -10.1593040244
1.26165014795 0.456700722214 -10.1808962695
1.25805069687 0.442324618649 -10.2041919588
1.25156721828 0.429150015813 -10.2287963978
1.24186472915 0.417968968109 -10.2539712663
1.22820043454 0.410105888415 -10.2786687279
1.2096835522 0.407117529169 -10.3016751994
1.18566518788 0.41034548344 -10.3218234121
1.15612485748 0.420472163571 -10.338203156
1.12191260139 0.437238799095 -10.35029857
1.08474964168 0.459432690598 -10.3580048615

/group/R_com/42
42
posId 42
1.01956723231 0.451076124935 -10.3656887675
0.988425779771 0.47009155417 -10.3679081947
0.961007330038 0.490321728181 -10.3655415934
0.9382650157 0.511544954594 -10.3580747227
0.920580918985 0.53355253782 -10.3454498678
0.907749095856 0.556069908121 -10.3281775886
0.899119978665 0.578715779374 -10.3072677966
0.893882584971 0.600996724448 -10.2840029075
0.891403516093 0.622322803112 -10.2596379122
0.891508161681 0.642029886144 -10.2351399877
0.894596869506 0.659403716215 -10.2110625452
0.901538655913 0.673712355623 -10.1875930068
0.913361595462 0.684259341319 -10.1647432087
0.930834649383 0.690464716109 -10.1425951233
0.954081265774 0.691966196283 -10.1214953434
0.982361677459 0.688714913576 -10.1021166652
1.01410759008 0.681029041754 -10.0853629511
1.04720804958 0.669572001681 -10.0721595319
1.07945925885 0.655241801792 -10.0632179932
1.10903533467 0.638988872779 -10.0588722078
1.13483160685 0.621610084337 -10.0590493587
1.1565783466 0.603583620351 -10.063380355
1.17470291175 0.585004143934 -10.0713942372
1.19000235946 0.565649441313 -10.082706585
1.20324640879 0.545166892291 -10.0971171396
1.21484316765 0.52332554005 -10.1145742217
1.22466607935 0.500253065353 -10.1350244156
1.23207627844 0.476577268754 -10.1582188123
1.23610623636 0.453419850065 -10.183568721
1.23572367014 0.432237178026 -10.2101244879
1.2300838605 0.414552140444 -10.2366988255
1.21870271255 0.401655782081 -10.2620931642
1.20152707211 0.394365395606 -10.2853391099
1.17892149748 0.39290491196 -10.3058575538
1.15161368524 0.396932081864 -10.3234701701
1.12063688509 0.405690301051 -10.3382590091
1.0872832037 0.41822735252 -10.3503341871

/group/R_com/45
45
posId 45
0.973706147046 0.43198483822 -10.3613090423
0.93745189285 0.455664074847 -10.3572308741
0.909059162759 0.479298438577 -10.3479596769
0.889372419605 0.502149419544 -10.3338136696
0.877629810465 0.524174824123 -10.315351676
0.871966056257 0.54577621168 -10.2933390728
0.870203547906 0.567393826962 -10.2687034878
0.870654849725 0.589110098554 -10.2424726571
0.872666443678 0.610414211327 -10.2156926473
0.876734127237 0.630215167194 -10.1893352465
0.884177033828 0.647094676825 -10.1642135585
0.896512367969 0.659700920021 -10.1409291336
0.914771123438 0.667133581301 -10.119868903
0.939002990179 0.669177879862 -10.1012561571
0.968137029479 0.666306487307 -10.0852412379
1.00022704596 0.659458701518 -10.0720014539
1.03296996806 0.649690656279 -10.0618127804
1.06429417528 0.637836239703 -10.0550620931
1.0928043489 0.624308693456 -10.0521871785
1.11793998814 0.609112310608 -10.0535569766
1.13982525611 0.592046772556 -10.0593278079
1.1589092121 0.573008106116 -10.069324126
1.17557002076 0.552251192322 -10.0829892193
1.18985662515 0.530494769115 -10.0994322376
1.20146930719 0.508814746776 -10.1175685487
1.20996810448 0.488359814202 -10.1363202174
1.21509274905 0.469999701601 -10.1548224665
1.21702398572 0.454050221276 -10.1725775848
1.21643710935 0.440195801728 -10.189511694
1.21428703542 0.427657353567 -10.2059177518
1.21138488114 0.415558204586 -10.2223012
1.2079293248 0.403360042021 -10.2391722006
1.20319773966 0.391206127629 -10.2568419616
1.1955613058 0.380035284284 -10.2752765491
1.1828763111 0.371409069771 -10.2940420998
1.1631608442 0.367097708781 -10.3123476156
1.13534630628 0.368559600522 -10.3291648994
1.09984431168 0.376491029006 -10.3433878725
1.05871412636 0.390600869053 -10.3539898352

/group/R_com/48
48
posId 48
0.888849852715 0.458134142993 -10.3148762566
0.871141291608 0.484710145814 -10.2921868009
0.857118591378 0.509418656703 -10.269806999
0.846318547267 0.531640017326 -10.2487269037
0.838171894141 0.551261200186 -10.2293821967
0.832148929838 0.568590114371 -10.2116807698
0.827890155345 0.584188102878 -10.195135719
0.825297607465 0.598663704391 -10.1790656756
0.824569709771 0.612477614237 -10.1628113705
0.826172907246 0.625803391887 -10.1459183228
0.830755074029 0.638472573003 -10.1282485118
0.839016428158 0.650010787618 -10.1100048026
0.851561398324 0.659749016503 -10.091674899
0.868758142222 0.666976893892 -10.0739206303
0.890630701471 0.671097092754 -10.0574487602
0.91680257067 0.671742843256 -10.0428991431
0.946501090788 0.668833177759 -10.0307758761
0.978621429319 0.662558765457 -10.0214306922
1.01183899925 0.653310039051 -10.0150903683
1.04475173755 0.641573632532 -10.0119065862
1.07602985021 0.627829286971 -10.0120013006
1.10455079688 0.61247607006 -10.0154845696
1.12950102415 0.595805392001 -10.0224335213
1.15043224997 0.578022494278 -10.032836855
1.16726761394 0.559302603564 -10.0465239741
1.18026038153 0.539857340394 -10.0631067346
1.18991401895 0.519984318551 -10.0819617646
1.19687664888 0.500078881903 -10.1022718679
1.20182492605 0.480599770399 -10.1231284809
1.2053523928 0.461996331755 -10.1436780861
1.2078757857 0.444618917724 -10.1632794328
1.20957003396 0.428641977136 -10.1816303673
1.21033922902 0.414028427611 -10.1988260191
1.20982693802 0.400553987678 -10.215324069
1.2074650672 0.387893713921 -10.2318148116
1.20255621288 0.375754430551 -10.2490183252
1.19438030552 0.364021280628 -10.2674518496
1.18231274039 0.352878857882 -10.287221735
1.16593863344 0.342869959972 -10.307892557
1.14514695316 0.334867877963 -10.3284709589
1.12018958373 0.329958440172 -10.3475166362
1.09169413224 0.329250775106 -10.3633635132
1.06062532915 0.333655105108 -10.3744076773
1.02819750522 0.343676656407 -10.3794016471
0.995748705712 0.359273851648 -10.3776914058
0.964594077825 0.379816138375 -10.3693443418
0.935880779853 0.404154941007 -10.3551401424

/group/R_com/51
51
posId 51
0.873074036825 0.424943258921 -10.291023666
0.85502602689 0.449138067142 -10.2679525066
0.840942193435 0.471452089651 -10.2456543243
0.83072774833 0.491559530207 -10.22457438
0.824180754694 0.509684835664 -10.2045124011
0.821048389258 0.526437252222 -10.1848070959
0.821076552132 0.542565573006 -10.1646231414
0.824046957396 0.55869542501 -10.1432649968
0.829798609055 0.575113633914 -10.1204380562
0.838233225096 0.591650780113 -10.096393382
0.849306291495 0.607687568143 -10.0719233029
0.863006802734 0.622279517719 -10.0482135263
0.879329395013 0.634365472946 -10.0265934456
0.898242689111 0.643005611183 -10.0082510601
0.919657488681 0.647588736702 -9.99398637023
0.943398249451 0.647957876872 -9.9840656538
0.969181053069 0.644424995788 -9.97821183845
0.996601145355 0.637674340038 -9.97573035854
1.02513276571 0.628582214365 -9.97573464138
1.05414328191 0.618001717983 -9.97740971968
1.08292237718 0.606568993374 -9.98024293975
1.11072517836 0.594580939849 -9.98415972954
1.13682593026 0.581974930708 -9.98952758226
1.16057647903 0.568413895263 -9.99702633735
1.18146193645 0.553452193445 -10.0074185321
1.19914499534 0.536736212192 -10.0212808462
1.21349087742 0.518184103264 -10.0387693521
1.22456699827 0.498094068861 -10.0594842087
1.23261497587 0.477148901302 -10.0824751359
1.23799709205 0.456311505666 -10.1063934224
1.24112396385 0.436635024649 -10.1297582329
1.24237409003 0.419034541485 -10.1512742086
1.24201825481 0.404079077023 -10.1701217501
1.2401618959 0.391859504487 -10.1861451869
1.23671627431 0.381970568639 -10.1998867541
1.23140488879 0.373617527671 -10.2124506529
1.22380577078 0.365826784068 -10.2252227491
1.2134241078 0.357712964299 -10.2395075843
1.19978422404 0.348739043545 -10.2561663733
1.18252633377 0.338905456409 -10.2753419215
1.16149238454 0.328819159626 -10.2963380416
1.13678695588 0.319620938519 -10.3176862122
1.10880328037 0.312782434386 -10.3373890809
1.07821024151 0.309815463573 -10.3532892188
1.04590259975 0.311957670264 -10.3634821257
1.01292253105 0.319905135756 -10.3666819344
0.980364800481 0.333652548587 -10.3624591022
0.949279845071 0.352477206506 -10.3512990349
0.920588479225 0.375070211588 -10.3344719765

/group/R_com/54
54
posId 54
0.827512111389 0.396269538583 -10.2694679404
0.810706297488 0.421447436614 -10.2427247612
0.799519320664 0.446391794134 -10.2145277987
0.793899236337 0.470048658479 -10.1862318665
0.793446521908 0.491649915626 -10.1589370119
0.79754326902 0.510785684742 -10.1333563203
0.805515974535 0.527395992201 -10.1097757774
0.81678880747 0.541688068057 -10.0881115643
0.830987090764 0.55400333193 -10.068046763
0.847964504151 0.564669455343 -10.0492107783
0.867748529464 0.573875055278 -10.0313554852
0.890421278483 0.581597232041 -10.014484389
0.915970947425 0.587597412534 -9.99890418005
0.944157785219 0.591482773843 -9.98518847334
0.974435210509 0.592813689607 -9.97406591434
1.00595231522 0.591226496027 -9.9662634732
1.03764220529 0.586538163429 -9.96234598048
1.06837722567 0.578805647715 -9.96259238814
1.09715335775 0.568325883706 -9.96693833371
1.12325703979 0.555578850594 -9.9749964846
1.14637087689 0.541131377164 -9.9861457844
1.16658947305 0.525529279966 -9.99966351679
1.18433916394 0.509207482536 -10.0148644688
1.20021990663 0.492441580215 -10.031211704
1.21480760055 0.475351784131 -10.0483731348
1.2284654318 0.457954904461 -10.0662142691
1.24121074104 0.440246329266 -10.0847355626
1.25266995377 0.422285648574 -10.1039777072
1.2621319243 0.404258955124 -10.1239258845
1.26868541214 0.386498051748 -10.1444425434
1.27140572251 0.36944974659 -10.1652482551
1.2695441134 0.353603437053 -10.1859546844
1.26267424187 0.339397987101 -10.2061372438
1.25076233033 0.327135794297 -10.2254223787
1.23414843271 0.316930846932 -10.243559377
1.21344958121 0.308708625968 -10.2604506652
1.18941546374 0.302261252343 -10.2761267257
1.16277841069 0.297345245805 -10.2906686654
1.13413904879 0.293796104361 -10.3040983095
1.10391733352 0.291627404191 -10.3162675885
1.07237913893 0.291084297142 -10.3267823073
1.03972659936 0.292631863886 -10.3349887943
1.00622200717 0.296875193 -10.3400368125
0.972305299216 0.30442608666 -10.3410122572
0.938666654535 0.315746189526 -10.3371137832
0.906248038682 0.331004066212 -10.3278338504
0.87616726851 0.349982087021 -10.3131006445

/group/R_com/57
57
posId 57
0.867763187826 0.305147292363 -10.2994225735
0.83828814705 0.323920101872 -10.2837596459
0.811905856151 0.343507272285 -10.2662497994
0.789946248688 0.362956951309 -10.2477311533
0.773486534357 0.381496907444 -10.2288841373
0.763152378234 0.398667404905 -10.2101180101
0.759003399121 0.414383099906 -10.191523842
0.760530292019 0.428909298787 -10.1729050475
0.766766040922 0.44275756997 -10.153878552
0.776488061222 0.456524322089 -10.1340231743
0.788467537541 0.470709256081 -10.1130406362
0.80171141412 0.485555486387 -10.0908913693
0.815643952876 0.500948444956 -10.0678727663
0.830188213449 0.516397464157 -10.0446205091
0.845730216658 0.531105176473 -10.0220311359
0.862974867959 0.544109845148 -10.0011220842
0.882726985104 0.55446902967 -9.98285991699
0.905647497855 0.561443426531 -9.96799495934
0.932040282953 0.564639518003 -9.95693939471
0.961717953694 0.564078884824 -9.94971621351
0.993976879091 0.560178612329 -9.9459904489
1.02768687631 0.55364737964 -9.94517549216
1.06147505217 0.545320977562 -9.94659019964
1.09396206338 0.53597478329 -9.94963088886
1.12399742472 0.526155978515 -9.95391883713
1.15084103342 0.516073821345 -9.95938936417
1.17425063308 0.505573078748 -9.96630177993
1.19445660869 0.494196791791 -9.97516742941
1.21203131464 0.481324184748 -9.98661169932
1.22768418921 0.466352371407 -10.0012009378
1.24203071957 0.448880458543 -10.0192733528
1.25538907902 0.428853980255 -10.0408122517
1.26765168862 0.406636462952 -10.0653906249
1.27826160554 0.382991295821 -10.0922001799
1.28629951834 0.358977236768 -10.1201591085
1.29066177937 0.335780237535 -10.1480753746
1.29028913482 0.314518434878 -10.1748301032
1.28439436291 0.296062931427 -10.1995414658
1.27263748866 0.280913103462 -10.2216742086
1.25520945642 0.269152552408 -10.2410725275
1.23280625767 0.260493379331 -10.2579114731
1.20650064281 0.254396440119 -10.2725804523
1.17754189136 0.250238210667 -10.2855275106
1.14713030216 0.247484730067 -10.2971014926
1.11621838042 0.245832080843 -10.3074290234
1.08538394418 0.245281186403 -10.3163546272
1.05480313834 0.246130392604 -10.3234572348
1.02432763933 0.248888702244 -10.3281383394
0.99364566417 0.254131154834 -10.3297603012
0.962486493056 0.262331387115 -10.3278016392
0.930817711311 0.273711751732 -10.3219922542

/group/R_com/60
60
posId 60
0.854928731785 0.264689114499 -10.2775903039
0.826964017576 0.28626525414 -10.2586607437
0.803409924727 0.309361823519 -10.2367589589
0.785306233719 0.333002275879 -10.2127997116
0.773289371708 0.35635379057 -10.1876273976
0.767490489155 0.378820676491 -10.1619291865
0.767528023375 0.400074481681 -10.1362004964
0.772598029812 0.420019540076 -10.1107634933
0.781643993262 0.438707860636 -10.0858264871
0.793570122729 0.456228632839 -10.0615628794
0.807452318134 0.472602607008 -10.0381848099
0.822701342394 0.487709164188 -10.0159895172
0.839143218199 0.501264736928 -9.99536480999
0.857000182321 0.512857675392 -9.97675176623
0.876777583915 0.522029995485 -9.96057484737
0.899082966369 0.528384258057 -9.947159013
0.924418548393 0.531687068845 -9.93665775398
0.952994065429 0.531941014359 -9.92901409376
0.984602174569 0.529404222195 -9.92396890666
1.01858446069 0.524549428295 -9.92111917766
1.05389572104 0.517969433295 -9.92001590477
1.08925224964 0.510249536411 -9.92028039572
1.12333123305 0.50183661243 -9.92171150482
1.15497727092 0.492936661245 -9.92435658612
1.18337089548 0.483467228363 -9.92852580397
1.20812296679 0.473079169117 -9.93474156166
1.22927585376 0.461246457596 -9.94362952117
1.24721345531 0.44740672396 -9.95577164092
1.26250255188 0.431122669486 -9.97155157956
1.2757030769 0.412228451353 -9.99102626708
1.28719128624 0.390927106074 -10.0138534122
1.29703611419 0.367814832557 -10.0392938618
1.30495618309 0.343823441212 -10.0662922794
1.3103660046 0.320090112574 -10.0936228882
1.31249927403 0.297779828294 -10.1200726916
1.3105795713 0.277896776804 -10.1446258644
1.30399826372 0.261124172094 -10.1666119129
1.29245831821 0.247726453059 -10.1857871009
1.2760512429 0.237534864285 -10.2023321444
1.25525043653 0.230019747954 -10.2167664395
1.2308240373 0.224434356068 -10.2297964111
1.20368928357 0.219999684357 -10.2421292377
1.17474400453 0.216091096466 -10.2542902816
1.14471597603 0.212387261191 -10.2664815368
1.11406631705 0.208950202194 -10.2785095632
1.08296993636 0.206220212912 -10.2897966598
1.05137735245 0.204927708655 -10.2994716609
1.01914238498 0.205941741361 -10.3065204637
0.986183918885 0.21008803924 -10.3099646865
0.952641038494 0.217975240426 -10.3090321132
0.918981480097 0.229865309742 -10.3032856579

/group/R_com/63
63
posId 63
0.851839190629 0.230446334288 -10.2420790696
0.824450156789 0.251260176288 -10.2256773159
0.800902065001 0.273923400379 -10.2061066513
0.782172331302 0.297596367973 -10.1840634997
0.768985420876 0.321449174576 -10.1603021193
0.761712263563 0.344757089573 -10.1355525736
0.760326322363 0.366963520865 -10.1104604965
0.764425769431 0.387700628189 -10.0855573996
0.773317013585 0.406768445748 -10.0612618341
0.786141695739 0.424083276628 -10.0379039391
0.802020251026 0.439612767219 -10.015760749
0.820182276296 0.453316922191 -9.9950882861
0.840057824658 0.46511109265 -9.97613910899
0.861313367895 0.474859674756 -9.95915973041
0.883829178412 0.482399926172 -9.94436947009
0.907628177282 0.487586463399 -9.93192882633
0.932776756209 0.490340999773 -9.92190948148
0.959283329878 0.490690307208 -9.9142784336
0.987019331052 0.488778645003 -9.90890529174
1.0156804816 0.484848127446 -9.90559535813
1.04479531517 0.479189774019 -9.90414344742
1.07377586856 0.472076816921 -9.90439655346
1.10199519966 0.463697825726 -9.90630940827
1.1288704123 0.4541086486 -9.90997695671
1.15392953036 0.443218519234 -9.91563204966
1.17684578604 0.430817708868 -9.92360437488
1.19743219026 0.416643725491 -9.93424600952
1.21560015855 0.400472865131 -9.94783769942
1.23129562514 0.382216522201 -9.96449582052
1.24443200549 0.361999055426 -9.98410135534
1.25484006253 0.340197025524 -10.0062685638
1.26225005442 0.317427731456 -10.0303630014
1.26631274074 0.294486356799 -10.0555678808
1.26665521247 0.272243025797 -10.0809869161
1.26295787266 0.251520775787 -10.1057632862
1.25503276937 0.232980485196 -10.1291902519
1.24288251622 0.217037843061 -10.1507903171
1.22672355161 0.203830613552 -10.1703464307
1.20696639356 0.193243255445 -10.1878791348
1.18415660261 0.184982980862 -10.2035754321
1.15889054049 0.178689610775 -10.2176857631
1.13172700379 0.17405386497 -10.2304124361
1.10311752979 0.170916836274 -10.2418145435
1.07337403589 0.1693277947 -10.2517504901
1.04268335754 0.169547116057 -10.2598706678
1.0111663636 0.17199376479 -10.2656615662
0.978967574806 0.177149422636 -10.2685312883
0.946352550385 0.185441097746 -10.2679176297
0.913786996509 0.197128643429 -10.2633955118

/group/R_com/66
66
posId 66
0.8667339317 0.431822256144 -9.94520705673
0.835790695629 0.417016646683 -9.97060256144
0.810306464798 0.399534896259 -9.99717913184
0.790980678918 0.380657372204 -10.0233502871
0.777840037714 0.361411136877 -10.0480082473
0.770377664302 0.3423989549 -10.0706640656
0.767797090473 0.323772214957 -10.0914013553
0.769286790801 0.305345320102 -10.1106691421
0.774247648247 0.286805161883 -10.1289874402
0.782414850858 0.267941431314 -10.1466630868
0.793850628505 0.248820225596 -10.1636061241
0.808823777178 0.229845203623 -10.179301491
0.827623978914 0.211689897679 -10.1929387648
0.850374210957 0.195128619578 -10.2036510545
0.876899344673 0.180827322646 -10.210779431
0.90668621284 0.169168758338 -10.2140724278
0.938938246694 0.160174156381 -10.2137530338
0.972697131102 0.15355053324 -10.2104305197
1.00698470481 0.148849549781 -10.2048865975
1.04091629983 0.145684877315 -10.1978077525
1.07375171145 0.143933268021 -10.1895542609
1.10487614325 0.143847408553 -10.1800452492
1.13373125963 0.146035627105 -10.1688016879
1.15973598527 0.151306211557 -10.1551374905
1.18224095616 0.16041883929 -10.1384396767
1.20054790335 0.173817901596 -10.1184478883
1.21399998741 0.191431602876 -10.0954416025
1.22211995607 0.212603186575 -10.0702711418
1.22475033048 0.236181520593 -10.0442174532
1.22214211149 0.260749568894 -10.0187201495
1.214949406 0.284926215951 -9.99505604207
1.2041143863 0.307653156863 -9.97406749107
1.19066202674 0.328381863815 -9.95602556184
1.17545594091 0.347105315395 -9.94067137306
1.15898465786 0.364226274933 -9.92742304147
1.14124508189 0.380303943776 -9.91568285684
1.12176621692 0.395758289818 -9.90514650119
1.09977770343 0.410624582794 -9.89601384798
1.07448543594 0.424435471747 -9.88903018707
1.04538321813 0.43626895175 -9.88533873693
1.01251546578 0.444949806041 -9.88618395054
0.97661619552 0.449345233594 -9.89255215115
0.93908157069 0.44866679469 -9.9048567466

/group/R_com/69
69
posId 69
0.829970067737 0.211250963388 -10.1155362681
0.810275107826 0.241815303329 -10.092204002
0.79593524156 0.2720757537 -10.0673195622
0.788188879135 0.29990643617 -10.0425512658
0.787433306414 0.32393390086 -10.0191162456
0.793257892589 0.343734081617 -9.99757472572
0.804670547697 0.359746237008 -9.97783658172
0.820431248735 0.37294447669 -9.95936994883
0.839382045611 0.384379894835 -9.94153865668
0.860674360866 0.394742176951 -9.92395597659
0.883836275708 0.404078302317 -9.90673877366
0.908680032792 0.411751995654 -9.89057948319
0.935103855546 0.416648606206 -9.87661258933
0.96287486471 0.417551461009 -9.86611852967
0.991481282718 0.413562348541 -9.86016011691
1.02011275074 0.404427202392 -9.85926815055
1.04777818057 0.390661325538 -9.86327716348
1.07351843678 0.373435322906 -9.8713643685
1.09663438664 0.354261368302 -9.88228020417
1.11684231637 0.334584068642 -9.89469808634
1.13429170811 0.315410206379 -9.90757341516
1.14942752652 0.297097551366 -9.92039947598
1.16273477077 0.279369558603 -9.93328128207
1.17444819582 0.261547641942 -9.94680688512
1.18432892243 0.242920399599 -9.96176049026
1.19159462343 0.223123321501 -9.97877212469
1.1950446164 0.202398232582 -9.99801851114
1.19335917844 0.181640662487 -10.0190728432
1.18549334248 0.162213081393 -10.0409527948
1.17104868798 0.14557999753 -10.0623518222
1.15050503703 0.132881866976 -10.0819792573
1.12522954288 0.124588487725 -10.0988989944
1.09724371822 0.120350713682 -10.1127562967
1.06880086129 0.119108203531 -10.1238176659
1.04188518177 0.119429518535 -10.1328086414
1.01777129532 0.11998498476 -10.140599789
0.996769531197 0.120006734157 -10.1478410772
0.978231827525 0.1195894552 -10.1546632323
0.960819467951 0.119730727922 -10.1605453723
0.942959217268 0.122087898547 -10.1643970425
0.923360715663 0.128515298018 -10.1648356956
0.901451204455 0.140514249115 -10.1605787695
0.877608585735 0.158757209569 -10.1508323901

/group/R_com/72
72
posId 72
0.81264012409 0.206159323965 -10.0489121917
0.794099181058 0.239489813547 -10.0257852272
0.78295225858 0.269029051598 -10.0033781914
0.779740248686 0.292975941785 -9.98310747793
0.783756062867 0.311539469256 -9.96504168332
0.793409554836 0.326523570164 -9.94814120905
0.806895809968 0.340291774144 -9.93094327767
0.82287846458 0.354558918749 -9.91239628199
0.840898122477 0.369521871901 -9.89249011493
0.861338435706 0.383690401475 -9.87241980046
0.884976147486 0.394478138406 -9.85421926728
0.912323159334 0.399290035454 -9.84002595909
0.943060394587 0.396633662219 -9.83129092472
0.975825200162 0.386774941875 -9.82826880858
1.00846197595 0.371656420077 -9.83000038812
1.0386442516 0.354113229958 -9.83478936894
1.06461171179 0.33672342346 -9.84096485676
1.08570884436 0.320786918913 -9.84760043993
1.10248869201 0.305873798319 -9.8548809443
1.11632471386 0.29014056312 -9.8639597148
1.1286811318 0.271284876586 -9.87636793316
1.14033989318 0.247734655843 -9.89322988233
1.15090736077 0.219563183683 -9.91462228744
1.15881399264 0.188733266868 -9.93935591509
1.16182008302 0.158554195919 -9.96527874225
1.15783276468 0.132567231925 -9.98997805065
1.14571030314 0.113318261102 -10.0115880981
1.125733182 0.101526923552 -10.0293634191
1.09955645098 0.0959975854209 -10.0437757301
1.06966845448 0.0943071695319 -10.0560940219
1.03858014518 0.0939783171282 -10.0676276927
1.00807448918 0.0936411509415 -10.0789581576
0.978814055596 0.0936899291516 -10.0894930253
0.950450907745 0.0961516287229 -10.0975439847
0.922171463316 0.103814110347 -10.1009100948
0.893428658394 0.118973539439 -10.097734117
0.864539446331 0.142323237853 -10.0872809551

/group/R_com/75
75
posId 75
0.797239000508 0.135985385204 -10.0356438149
0.776363332676 0.169312580997 -10.01668485
0.764540085388 0.202112932256 -9.99489032162
0.761202279561 0.231806324182 -9.97251271359
0.764589789312 0.257039962116 -9.95125885995
0.772444149806 0.277888204675 -9.93188152311
0.78281813614 0.295531190383 -9.91414357015
0.794699816115 0.311547808886 -9.89715505766
0.808224872059 0.327101568311 -9.87994335668
0.824410273185 0.342334279543 -9.86203031579
0.84452591999 0.356198988121 -9.84379078033
0.869358595196 0.366792638599 -9.82645302038
0.898661980793 0.372056132179 -9.81174055691
0.93101281696 0.370568409451 -9.80129334156
0.96413494094 0.362125610188 -9.79609141177
0.995570783677 0.347879444017 -9.79610365121
1.02344385903 0.329978474608 -9.80029854329
1.04701815646 0.310846909486 -9.80701575855
1.06683579925 0.29237451823 -9.81455990094
1.08437424446 0.275325283615 -9.82179327483
1.10134770749 0.259188441793 -9.82850526623
1.11891434151 0.242525993244 -9.83542138872
1.13708861441 0.22368063979 -9.84385238285
1.15458261353 0.201570319287 -9.85512037642
1.16913929865 0.17626285801 -9.86998280663
1.17823605037 0.149109206215 -9.88827373685
1.17989838433 0.12238363302 -9.90889706232
1.17332394884 0.0985689034517 -9.93016980363
1.15909076061 0.0795610073562 -9.95037872375
1.13888262662 0.0660989333289 -9.96833180066
1.11484800092 0.0576382309949 -9.9836890813
1.08884613403 0.0527157837662 -9.99694401347
1.06187387759 0.0496629658225 -10.0090632143
1.03389309515 0.0473882757131 -10.0209270746
1.00412071889 0.0459211803281 -10.0327936706
0.97166183979 0.0464981021071 -10.0440029234
0.936230669641 0.0511457085111 -10.053048329
0.898666972953 0.0619097112563 -10.0580036818
0.861031215432 0.0800155805985 -10.0571552898

/group/R_com/78
78
posId 78
0.786775443816 0.096537475203 -9.98974489343
0.769081307176 0.132649626251 -9.97122786189
0.756220812535 0.168229363118 -9.95142117
0.748277802167 0.201237931758 -9.93168293816
0.745083102053 0.230580451068 -9.91281572292
0.74642913982 0.256114407488 -9.89498739698
0.752248815648 0.278351855872 -9.87787258791
0.762678355816 0.297982766242 -9.86095542129
0.777970555794 0.315402694143 -9.84388044963
0.798285698423 0.330418092293 -9.82672455107
0.82343981256 0.342231926459 -9.81009274166
0.852713851787 0.349706785238 -9.79500441644
0.884812868011 0.351800248173 -9.78261116126
0.918015168779 0.348004285598 -9.77384689864
0.950484310655 0.338619040287 -9.76913504176
0.980655176904 0.324751653029 -9.76825735811
1.00757170866 0.308031072148 -9.77043254402
1.03106133546 0.290134066177 -9.77457902495
1.0516789594 0.272288507138 -9.77967196746
1.07042655146 0.254931754431 -9.78507147139
1.08832883948 0.23764988142 -9.7907089094
1.10599594115 0.219425448179 -9.79706785297
1.12331244709 0.199111897912 -9.80496763562
1.1393554779 0.175970243545 -9.81522629821
1.15257302679 0.150078106245 -9.82832141319
1.16117149041 0.122462252571 -9.84416750032
1.16359468954 0.0949000759495 -9.86208736319
1.15894779632 0.0694506545694 -9.88098619676
1.14723785379 0.0478720509116 -9.89966575018
1.12936179912 0.0311245588835 -9.9171663137
1.1068533662 0.0191338734877 -9.93301430365
1.08147538385 0.0109015954007 -9.94728642137
1.05478934661 0.00493220702314 -9.96046631331
1.02783552907 -0.00016394089061 -9.97314373132
1.00101504754 -0.0050952174451 -9.98566343768
0.974195257462 -0.00953896541514 -9.99785128806
0.946985876605 -0.012142614811 -10.0089206287
0.919080098975 -0.0108848291847 -10.0176013807
0.890539801853 -0.00368581063239 -10.0224577084
0.861930412426 0.0109276123697 -10.0222943272
0.834268384779 0.0333152702552 -10.0165191236

/group/R_com/81
81
posId 81
0.743952094422 0.14434130382 -9.90266881541
0.738753607774 0.184860395042 -9.88200208261
0.736983757453 0.222606279462 -9.86180065028
0.73927214896 0.255367214823 -9.84308578766
0.746556640914 0.281788019861 -9.82631271388
0.759780512766 0.301509357404 -9.81138757899
0.779514659449 0.315046161314 -9.79785099059
0.805629098488 0.323457985395 -9.78516068449
0.837129980577 0.327924398236 -9.77297526718
0.872230284789 0.329360746474 -9.76134358558
0.908649459417 0.328187652006 -9.75073887343
0.944063281613 0.324310261303 -9.74193120012
0.97657483861 0.317290825723 -9.73574712529
1.00506793151 0.306635394913 -9.73280294635
1.02933909999 0.292082934966 -9.73330499513
1.04997280631 0.273792726366 -9.73698518365
1.06800389852 0.252369100946 -9.74319166859
1.08447637305 0.228724902839 -9.75110019806
1.10003671298 0.203843818647 -9.75997036764
1.11468467168 0.178536151727 -9.76935684672
1.12775015141 0.153281131441 -9.7792031998
1.13809038756 0.128212971612 -9.78978864148
1.14443192855 0.103251492251 -9.80155060216
1.14573970166 0.0783222875877 -9.81484970526
1.14149379875 0.0535768298579 -9.82976328437
1.13179254423 0.0295223362709 -9.84598216133
1.11726360685 0.0070050086943 -9.86284731576
1.09883090663 -0.0129539188529 -9.87951200658
1.07743110407 -0.0294125401035 -9.8951691621
1.05378438677 -0.0417587541333 -9.90925986412
1.02829761104 -0.0498593954928 -9.92158524034
1.00112440507 -0.054043958264 -9.93227895247
0.97234659424 -0.0549178254302 -9.94164849177
0.942196245001 -0.0530638436624 -9.94994255372
0.911223848709 -0.0487369389681 -9.95713122426
0.880340247122 -0.041666939046 -9.96278464495
0.850709321671 -0.0310545411186 -9.96610394385
0.82352677819 -0.0157833023333 -9.96610609351
0.799765846412 0.00520307538133 -9.96190984757
0.779986257678 0.0324691059915 -9.95303200882
0.764282156753 0.0657382167579 -9.93959552308

/group/R_com/84
84
posId 84
0.721549619499 0.0408983973172 -9.88938210014
0.706599783445 0.0743805573958 -9.8798851609
0.696224524425 0.106610508005 -9.86969494304
0.690803771505 0.136917527722 -9.85898068504
0.69045547768 0.165070821496 -9.84780395885
0.695034676091 0.191167936367 -9.83616357523
0.70418319298 0.215449393918 -9.82405679225
0.717415479529 0.23809566523 -9.81153815999
0.734215909363 0.25906560429 -9.79875877873
0.754119949909 0.278021666897 -9.78597503407
0.776756760199 0.294360865868 -9.77352508531
0.801842532723 0.307339202702 -9.7617808032
0.829128866697 0.316250321547 -9.75108974809
0.858324253427 0.320604079474 -9.74172420207
0.889015301179 0.320251796145 -9.73385160945
0.9206150595 0.315421587907 -9.72753392793
0.952358416145 0.30665433215 -9.72275445918
0.98335109554 0.294660363135 -9.71946240907
1.01266313094 0.280140258188 -9.71762020762
1.03944433603 0.263623244775 -9.71723803236
1.06303215923 0.245370954722 -9.71838416705
1.0830234994 0.225374305581 -9.72116749844
1.09929134307 0.203443194507 -9.72569727441
1.11194187618 0.179360819723 -9.73203253887
1.12122386089 0.153055075515 -9.74013719734
1.12741498833 0.124734338694 -9.74985534555
1.13071596799 0.0949455906093 -9.76091566136
1.1311806006 0.0645360392579 -9.77296502284
1.12869975029 0.0345283199067 -9.78562264114
1.12304194989 0.00594535206563 -9.79853955498
1.11393766871 -0.0203637581682 -9.8114463062
1.10118248679 -0.0438453962533 -9.8241746992
1.08472983512 -0.0642747808081 -9.83664693012
1.0647477634 -0.0816914857029 -9.84883495882
1.04162515357 -0.096257312012 -9.86070200322
1.01592763344 -0.108080761524 -9.87214380026
0.988317807088 -0.117063637433 -9.88294803985
0.959464150011 -0.12282021652 -9.89278580343
0.929965257143 -0.12469921971 -9.90124013634
0.900310515125 -0.121909127636 -9.90786647103
0.87088646745 -0.113716757128 -9.91227044043
0.842023728608 -0.0996663313193 -9.9141833059
0.814066598645 -0.0797582415997 -9.91351532563
0.787440320412 -0.0545358574455 -9.91037293694
0.762691352106 -0.0250527087392 -9.90503510646

/group/R_com/87
87
posId 87
0.722122489902 0.251825807059 -9.7644309129
0.750654632406 0.278232227111 -9.75071051715
0.783060779785 0.298363380321 -9.73793005783
0.817664235914 0.311479404782 -9.72666503256
0.852885629 0.317597567611 -9.71725453028
0.887466713982 0.317441787801 -9.70976683362
0.920584776271 0.312234582362 -9.7040336395
0.951840874319 0.303383041198 -9.69974188033
0.981141441672 0.292138832044 -9.69655615406
1.00852130288 0.279319321352 -9.6942365426
1.03396900398 0.265160559917 -9.69271844422
1.05730941146 0.249337516116 -9.69213239302
1.07817632345 0.231142227685 -9.69275938542
1.09607666567 0.209768745694 -9.69493590376
1.11051752756 0.18462625955 -9.69893724254
1.12114718287 0.155595966779 -9.70487377905
1.12785741949 0.123164353349 -9.71263080092
1.13080798338 0.0884004688103 -9.72186964152
1.13036038316 0.0527875352282 -9.73208996221
1.12693934775 0.0179578423838 -9.74273528271
1.12086604915 -0.0145962151504 -9.75331144268
1.11221948146 -0.04375910993 -9.76348415261
1.10077687836 -0.0689193845756 -9.77312812814
1.08606191886 -0.0899626327871 -9.78231459544
1.06749702121 -0.107144394918 -9.79124199172
1.04462288747 -0.120889749959 -9.80013118191
1.01732475382 -0.131583921483 -9.8091166605
0.98599810181 -0.139416132489 -9.81816607501
0.951599610706 -0.144318605922 -9.82705178936
0.9155588204 -0.146010725129 -9.8353826767
0.87956425644 -0.144124915079 -9.8426864839
0.845273822284 -0.138365994974 -9.84851820531
0.814022612322 -0.128646985423 -9.85256232548
0.786604865185 -0.115154025838 -9.85469876364
0.763188990985 -0.0983178891081 -9.85501328445
0.743389957729 -0.0787016404882 -9.85374979927
0.726481170688 -0.0568431182176 -9.8512194433
0.711689954011 -0.0331078216477 -9.84769440186
0.698497470732 -0.00760688955143 -9.84331927162
0.686861998504 0.0197840101889 -9.83806779908
0.677304602631 0.0493004706868 -9.83175952658
0.670832969016 0.0810899660713 -9.82413305491
0.668722411864 0.114994532927 -9.81495551312
0.672210994475 0.150383686239 -9.80413645608
0.682187969794 0.186096490068 -9.79181219022

/group/R_com/90
90
posId 90
0.778692295394 0.292345266639 -9.70290479675
0.743738812322 0.276887674852 -9.71290642651
0.712633878904 0.2567519794 -9.7232367142
0.68681872912 0.232048241969 -9.73360144085
0.667292726782 0.203257561409 -9.74370587383
0.654491161549 0.171188713161 -9.75328734033
0.648258266916 0.136882854502 -9.76214163108
0.647919655681 0.101486721909 -9.77013787156
0.652438689872 0.0661197020336 -9.77721906815
0.660624907228 0.0317595859214 -9.78338873091
0.671352947097 -0.000833892528179 -9.78868706456
0.683749426786 -0.0311479783942 -9.79316249914
0.697313004858 -0.0588992642074 -9.79684528317
0.711947633961 -0.0839801754707 -9.7997292709
0.727907480797 -0.106386764311 -9.80176604106
0.745670161909 -0.12614707106 -9.80287254998
0.765768946087 -0.14326672797 -9.80295032338
0.788621536625 -0.157702135073 -9.80191146719
0.814391705717 -0.169363184938 -9.79970515663
0.842910999143 -0.178139315459 -9.79633811851
0.873673233967 -0.183936679127 -9.79188399065
0.905897983837 -0.186711879417 -9.78647900927
0.938644438985 -0.186489539073 -9.78030465121
0.970947185738 -0.183356374367 -9.77356091122
1.00194258553 -0.177431985944 -9.76643611918
1.03095889874 -0.168824227837 -9.75908008173
1.05755374697 -0.157582721279 -9.75158665733
1.0814962442 -0.143666243042 -9.74398978945
1.10270476777 -0.126937609808 -9.7362739986
1.12116161764 -0.107193635329 -9.72839705752
1.13683034464 -0.0842290966586 -9.72031978908
1.14959936781 -0.0579244550731 -9.71203627135
1.15926734075 -0.0283396093002 -9.70359758627
1.16557371375 0.0042078286864 -9.69512364668
1.16826514798 0.0391001889876 -9.68680026516
1.16717812259 0.0754278211731 -9.67886189385
1.16231288011 0.112052305049 -9.67156362784
1.15387517202 0.147717937791 -9.66514841129
1.1422698861 0.181193812428 -9.65981638698
1.12804278939 0.211421180101 -9.65570276547
1.11178037453 0.237638209299 -9.65286859594
1.09398975727 0.259457496213 -9.65130585737
1.07498768292 0.276880254511 -9.65095503726
1.0548279884 0.290243347477 -9.65173056945
1.03328993806 0.300108706657 -9.65354779887
1.00993702664 0.307116392767 -9.6563449154
0.984239883071 0.311830090257 -9.66009459482
0.955741416846 0.314605542316 -9.66480259771
0.92423094276 0.315507912182 -9.67049372402
0.889889504893 0.314294210647 -9.67718857155
0.853372316374 0.310463805614 -9.68487679729

/group/R_com/93
93
posId 93
0.64497677915 0.0888698335113 -9.72465938726
0.646298267936 0.12376365601 -9.71672460398
0.651118599539 0.157790785731 -9.70839046454
0.659539287091 0.190005873248 -9.6998487492
0.67156883041 0.219554589961 -9.69128683083
0.687119004252 0.245754638306 -9.68287039836
0.706010961473 0.268154709064 -9.6747293964
0.727987790509 0.286561296033 -9.66694997834
0.752729379383 0.301028503559 -9.65957424867
0.779865698023 0.311812217422 -9.65260814809
0.808985807112 0.319296155127 -9.64603627515
0.839641725652 0.323902264359 -9.63984103519
0.871348298579 0.326000791818 -9.63402253764
0.903581917727 0.325835556324 -9.62861532686
0.935781942424 0.323477454232 -9.62369841759
0.967358668355 0.318814410949 -9.61939616992
0.997710643306 0.31157969531 -9.61586910735
1.02625219238 0.301413829687 -9.61329558603
1.05244956066 0.287949430736 -9.61184694085
1.07586160816 0.270904242677 -9.6116600522
1.09617903577 0.250166096902 -9.61281194511
1.11325514794 0.225854819804 -9.61530091216
1.12712146505 0.198349989345 -9.61903774258
1.13798315069 0.1682792276 -9.62384908185
1.14619202271 0.136468395282 -9.62949299685
1.15219844277 0.103861456858 -9.63568481083
1.15648703756 0.0714228002093 -9.64212954663
1.15950434153 0.0400375659069 -9.64855617407
1.16158847208 0.0104256159461 -9.65474849971
1.16291142617 -0.016917820346 -9.66056802942
1.16344334868 -0.0417465444104 -9.66596539484
1.16294528736 -0.0640506016359 -9.67097875111
1.16099291821 -0.0840103325737 -9.67571961518
1.15702912125 -0.101926635567 -9.68034857461
1.15043884921 -0.118140344323 -9.6850448257
1.14063619297 -0.132954762715 -9.68997434965
1.12715150427 -0.146574020322 -9.69526157536
1.10970624689 -0.159066349697 -9.70096862257
1.08826496562 -0.170356363573 -9.70708481833
1.06305712634 -0.180244900196 -9.71352739447
1.03456605506 -0.188450045192 -9.72015242154
1.00348706901 -0.194659436741 -9.72677343929
0.970661368902 -0.198582528631 -9.73318417145
0.936995636918 -0.199992327296 -9.73918132829
0.903379039395 -0.198749000243 -9.74458384095
0.870609221877 -0.19480205212 -9.74924584066
0.839336975252 -0.188172595096 -9.75306208536
0.810035909923 -0.178921624657 -9.75596607018
0.782999293206 -0.167113270508 -9.75792243987
0.758361898148 -0.152783112413 -9.7589162967
0.736140990886 -0.135920604577 -9.75894239405
0.716288034164 -0.116471641028 -9.75799697154
0.698741669448 -0.0943629106051 -9.7560741897
0.683473144104 -0.069544803646 -9.75316794054
0.67051737526 -0.0420452245412 -9.74927849405
0.65998585314 -0.0120236377692 -9.74442226335
0.652060998427 0.020186320742 -9.7386421748

/group/R_com/96
96
posId 96
0.799617359078 0.306791091452 -9.59280129055
0.759018737457 0.299190120499 -9.60155379566
0.722167680303 0.287917541418 -9.6107101547
0.690228192752 0.272817284116 -9.62012305499
0.663849742845 0.253870203055 -9.62969147785
0.643159747524 0.231237045834 -9.63935002253
0.627840203425 0.20527597204 -9.6490515068
0.617268044494 0.176531368185 -9.6587470884
0.610687892026 0.145695949347 -9.66836848557
0.607381660283 0.113552848413 -9.67781625754
0.60680259528 0.0809076818451 -9.68695668503
0.608650833361 0.0485218661942 -9.69562787796
0.612881248555 0.0170575776266 -9.70365374186
0.619649188107 -0.0129580301324 -9.71086277629
0.62921250097 -0.0411457651767 -9.71710769901
0.641816399278 -0.0672653297964 -9.72228178268
0.657589593168 -0.091188985887 -9.72632856141
0.67647563229 -0.112865327932 -9.72924303272
0.698213701049 -0.132281450798 -9.73106431855
0.722370583721 -0.149430924646 -9.73186155857
0.748413051669 -0.164292646276 -9.73171619957
0.775800367888 -0.176822446465 -9.73070452621
0.804072095734 -0.186956072763 -9.7288841124
0.832907914973 -0.194619591372 -9.72628691116
0.862143290456 -0.199741924938 -9.72292016358
0.891735928669 -0.202264417767 -9.71877454061
0.921690414751 -0.202143885714 -9.71383732575
0.951959341526 -0.199348123098 -9.70810735613
0.982346041396 -0.193845636799 -9.70160810158
1.01243503618 -0.185593723697 -9.69439574701
1.04157114409 -0.174530271375 -9.68656034082
1.06889783563 -0.160574466627 -9.67821971207
1.09345211029 -0.143639910978 -9.66950757243
1.11429979493 -0.123660796927 -9.66055861981
1.13068475495 -0.100628416685 -9.65149422736
1.14216050119 -0.0746321390296 -9.64241225249
1.1486743918 -0.0458968666951 -9.6333836313
1.15058295852 -0.0148084533074 -9.6244569123
1.14859028263 0.0180801354173 -9.61567005204
1.14361711751 0.0520661335313 -9.60706704397
1.13662332791 0.0863378138784 -9.59871567064
1.1284170141 0.120034387111 -9.59072215443
1.11948801057 0.152316538483 -9.58323887027
1.10990019186 0.182436639567 -9.57646252124
1.09926663344 0.209797135742 -9.57062202637
1.08681610272 0.233987277449 -9.56595745769
1.07154164008 0.25479198913 -9.56269325861
1.05240567231 0.272171603665 -9.56101028048
1.02856448566 0.286216499288 -9.5610216039
0.999570366233 0.297085329311 -9.5627565625
0.965513268603 0.304938611304 -9.56615595219
0.927074857793 0.309880317861 -9.57107936862
0.88548404332 0.311918589309 -9.57732337274

/group/R_com/99
99
posId 99
1.04580412585 0.138768601131 -9.54324729422
1.02873439308 0.176510363312 -9.53124888187
1.00738942909 0.208620461171 -9.52221483698
0.982454570837 0.233965904105 -9.51647559102
0.954803118087 0.252375149409 -9.51394874826
0.92543665905 0.264536303263 -9.51418964057
0.895393316076 0.271713759176 -9.51651925394
0.865638149087 0.275359841027 -9.52019677611
0.836956933775 0.276721731607 -9.52459342906
0.809876589494 0.276541606944 -9.52932483053
0.784631687468 0.274920512793 -9.53431062668
0.761187291287 0.271371685871 -9.53974946035
0.739315899825 0.265038775707 -9.54601937164
0.718713488627 0.255012042285 -9.55353269743
0.699129810013 0.240652085359 -9.56258553666
0.680483823291 0.221831828675 -9.57324212415
0.662937672052 0.199032504546 -9.58528411541
0.646911601847 0.173271075503 -9.59823674164
0.633035585966 0.145883346732 -9.61146296479
0.622048023873 0.118226212203 -9.62429874271
0.614664164765 0.0913835190005 -9.63619207212
0.611443889204 0.0659574588225 -9.64680829575
0.612688448972 0.0420022169284 -9.65607412954
0.618388740136 0.0191159972184 -9.66415014619
0.628235410313 -0.00333716830489 -9.67134125741
0.641686601845 -0.0259408398061 -9.67797164577
0.658075946056 -0.048957914234 -9.68426002164
0.676734711433 -0.0721585485001 -9.69023050596
0.697099768448 -0.0947950061004 -9.69568409694
0.718783619829 -0.115732680254 -9.70023846982
0.741592812116 -0.133702151551 -9.70342455729
0.765493927783 -0.147602177432 -9.70481230629
0.790538782039 -0.156767802752 -9.70412965206
0.816769379404 -0.161125918914 -9.70134043438
0.844126592605 -0.16119065703 -9.69665828949
0.872383872434 -0.157895002559 -9.69049142106
0.901119618073 -0.152301059313 -9.68333269525
0.929731412604 -0.145266836323 -9.67562532589
0.957485030488 -0.137162347303 -9.66764209066
0.983583632682 -0.127717689193 -9.65941330263
1.00723965706 -0.116052803791 -9.65072621674
1.02773401543 -0.100891224603 -9.64119943071
1.04445333991 -0.0809106869968 -9.63041522531
1.05690411123 -0.0551451886831 -9.6180762438
1.0647100119 -0.0233363162677 -9.60414498069
1.06760351178 0.0138587746426 -9.58892753545
1.06542316343 0.054861499826 -9.57307639681

/group/R_com/102
102
posId 102
1.04982679009 0.121968091089 -9.48437928026
1.02939173745 0.149279541605 -9.4730640527
1.00470242063 0.173790094669 -9.46412475473
0.976778490591 0.195024095075 -9.45763139609
0.946820373074 0.212758093868 -9.45347877059
0.916058621252 0.226971920047 -9.45144257186
0.885596234423 0.237771229928 -9.45125275758
0.856276058456 0.24530313519 -9.45266597147
0.828600723414 0.249686422757 -9.45551977311
0.802721510706 0.250972525859 -9.45975652877
0.778497557933 0.249144305284 -9.4654127579
0.755611349358 0.24414926205 -9.47257850896
0.733714095106 0.235954710492 -9.48133877043
0.71256825175 0.22460697521 -9.49171318556
0.692155557239 0.210276148959 -9.50361041857
0.672727262115 0.193272387693 -9.51680945446
0.654786764194 0.17402787328 -9.53097297937
0.639010405397 0.153048248124 -9.54568961819
0.62612612491 0.130845946854 -9.56053433221
0.616778757694 0.107873130586 -9.57513159469
0.6114129803 0.0844724533276 -9.5892052465
0.610199853793 0.0608594781366 -9.60260236067
0.613021943559 0.0371423197651 -9.61528513952
0.619517839555 0.01337413623 -9.62729312699
0.629172997337 -0.0103749872793 -9.63868574263
0.641433477323 -0.0339460210283 -9.6494803579
0.655814755202 -0.0570390272402 -9.65960249663
0.671980198884 -0.0791971192269 -9.66886186968
0.689772267353 -0.0998336103745 -9.67696153924
0.709191740881 -0.118298814105 -9.68353913742
0.730333221606 -0.133972630969 -9.68823083261
0.753295539693 -0.146361841992 -9.69074272331
0.778091060497 -0.155178825599 -9.69091208543
0.804577025702 -0.160381926823 -9.68874302192
0.832425378848 -0.162166225175 -9.68440709161
0.861136887513 -0.160905010535 -9.67820797708
0.890093614521 -0.157054132741 -9.67051811287
0.918633979724 -0.151040660878 -9.66170224155
0.946129315296 -0.143161669817 -9.6520463302
0.972041285207 -0.133517307101 -9.64170926208
0.995945624183 -0.121994867529 -9.63070941366
1.01751769381 -0.108309088598 -9.61894988529
1.03648665432 -0.0920909481248 -9.60627678083
1.05257456651 -0.0730059284897 -9.59255680037
1.06544186761 -0.0508756791702 -9.57775550753
1.0746599259 -0.0257759249741 -9.56199716963
1.07972480577 0.00191140797609 -9.54559118448
1.08011553165 0.031503747993 -9.52901783004
1.07538774313 0.0620802617822 -9.51287555617

/group/R_com/105
105
posId 105
0.946960499305 -0.138847253898 -9.61637541966
0.910523256406 -0.149097066247 -9.63129506086
0.872517576149 -0.155384474297 -9.64377981359
0.834472413921 -0.1573569148 -9.65325780711
0.797843633316 -0.154886796182 -9.65932993494
0.763840478414 -0.148104649843 -9.66182996351
0.733296116188 -0.137390231838 -9.66084587547
0.706609461402 -0.123321635261 -9.65669669639
0.683770136938 -0.106592120401 -9.64986906419
0.664459961942 -0.0879119088917 -9.64092699947
0.648207137548 -0.067915758517 -9.63041449591
0.634557423178 -0.0470958239275 -9.61877216243
0.623222942001 -0.0257733829962 -9.60628578621
0.614174758574 -0.00411386057423 -9.59307712126
0.607658788999 0.0178206061975 -9.5791372322
0.604132791254 0.0399955987028 -9.56439271422
0.604140848113 0.0623256445597 -9.54878745898
0.608156482345 0.084612522376 -9.5323591657
0.61643285659 0.106516512073 -9.51529132251
0.62889670279 0.127568234317 -9.49792751563
0.645112170371 0.147218684956 -9.48074416348
0.664324208232 0.164915656398 -9.46428787988
0.68557237393 0.180188226524 -9.44909220615
0.707849545401 0.192718954066 -9.43559337397
0.730269755552 0.202386323759 -9.42406491443
0.752207624804 0.209267108407 -9.41458632275
0.773378916159 0.213597910781 -9.40705278158
0.793845761688 0.215704878649 -9.40122316128
0.813947648893 0.21591809644 -9.39679453315
0.834176071466 0.214490649779 -9.39348541116
0.855022861293 0.211541028719 -9.39110828844
0.876836868371 0.207031757373 -9.38961508275
0.899719955561 0.200788366544 -9.38910602139
0.923482393361 0.192553229868 -9.38980151855
0.947662572367 0.18206070567 -9.39198547174
0.971600375256 0.169115405972 -9.39593494922
0.994541443509 0.153655314142 -9.40185388719
1.01574384701 0.135785826521 -9.40982659293
1.03456054667 0.115778432481 -9.41980111101
1.05047979622 0.0940367029278 -9.43160438809
1.0631187739 0.0710402587621 -9.44498278175
1.07217968623 0.0472824364255 -9.45965496332
1.07738859478 0.0232182242478 -9.4753613219
1.07844233116 -0.000764448537552 -9.49189532836
1.07498669219 -0.0243438794231 -9.50910759594
1.06664017269 -0.0472365032161 -9.52688119955
1.05306411845 -0.0691516776229 -9.54508514601
1.03406588997 -0.0897446322633 -9.56351953295
1.00971025333 -0.10858396057 -9.58186911838

/group/R_com/108
108
posId 108
0.845469842862 -0.16084773549 -9.6137120609
0.81832074796 -0.159368977765 -9.61893831127
0.792101143574 -0.155889029206 -9.62230615809
0.766463670357 -0.15021183913 -9.62373748186
0.741084352581 -0.142120647488 -9.62313166794
0.715871793468 -0.131470019107 -9.62039134211
0.691099023669 -0.118258882988 -9.61545089612
0.667421959734 -0.102665848257 -9.60830101857
0.645780246892 -0.0850389255078 -9.59900379028
0.627208893887 -0.065844381735 -9.58769547916
0.612613670982 -0.0455903858886 -9.57457729173
0.602573080902 -0.02474745617 -9.55989720664
0.597222197096 -0.00368787623707 -9.54392792526
0.596250892509 0.0173397162607 -9.52694649163
0.59901720647 0.0381947102956 -9.5092201997
0.604744523131 0.0587938279464 -9.49100133933
0.612747661756 0.0790413176894 -9.47253073246
0.622624411129 0.0987614330714 -9.45404759132
0.634357915829 0.117653985371 -9.43580162557
0.64829933923 0.135287293484 -9.41806292339
0.665032950632 0.151132340775 -9.40112597897
0.685158366701 0.16463031099 -9.38530603976
0.709048248352 0.175276151697 -9.37092815382
0.736647813559 0.182696067506 -9.35831127194
0.767372716158 0.186698232187 -9.34775094966
0.800136605798 0.187283198178 -9.33950429278
0.833505645474 0.184611538031 -9.33377980985
0.865943463092 0.17893815305 -9.33073310814
0.896085504432 0.170532140474 -9.33046743953
0.922973172272 0.159605462804 -9.33303657593
0.946187909588 0.146271615337 -9.33844685182
0.965851064148 0.130547477414 -9.34665568116
0.98249025925 0.112399631491 -9.35756532537
0.996807908702 0.091823809108 -9.37101274614
1.00941322283 0.0689361944712 -9.38675840824
1.02058873016 0.0440508394045 -9.4044782674
1.03015338499 0.0177197581781 -9.42376340668
1.03745906587 -0.00927907509644 -9.44413069113
1.04152232895 -0.0360077565952 -9.46504557864
1.04125785645 -0.0614766907974 -9.48595536871
1.0357534476 -0.0847721396289 -9.5063284089
1.02451560704 -0.105174700117 -9.5256928469
1.00762257583 -0.122241922038 -9.54366797409
0.985745890774 -0.135836609898 -9.55998228016
0.960035784783 -0.146095334962 -9.57447484919
0.931900883698 -0.15334601511 -9.58708012701
0.90273945749 -0.157995457006 -9.59779958747

/group/R_com/111
111
posId 111
0.843188825941 -0.165040292694 -9.56930225564
0.798528371843 -0.160065881672 -9.57659740259
0.756125274564 -0.152557174865 -9.58096464661
0.71849399425 -0.143229705498 -9.58239330849
0.687124953302 -0.132264827097 -9.58065403023
0.662357182625 -0.119315596422 -9.57533801384
0.643566604366 -0.103722607129 -9.56600528037
0.629590333321 -0.0848642050851 -9.55239367851
0.619238677816 -0.0625182967769 -9.53461524398
0.611728280611 -0.0371078707987 -9.51326668036
0.606906400846 -0.00974124010031 -9.48940674318
0.605213632201 0.0179724161493 -9.46439668808
0.607423031132 0.0442752392923 -9.43964603261
0.614266629663 0.067666617939 -9.41633886734
0.626091531572 0.0872307283151 -9.39522431893
0.642668206096 0.102780401052 -9.37653531446
0.663211998084 0.114774467951 -9.36005879813
0.686598440719 0.124042213062 -9.34533166803
0.711682836341 0.131412769191 -9.33189633596
0.737599535371 0.137377354391 -9.31953151163
0.763928120878 0.141898141877 -9.30838363821
0.790667019452 0.14442461839 -9.29895887511
0.818029722374 0.144105210945 -9.29198282055
0.84614709378 0.140114277414 -9.28817920245
0.874795919381 0.131975718456 -9.28804470182
0.903265234617 0.119767719191 -9.29169637504
0.930420909328 0.104136940197 -9.29884145865
0.954953868239 0.0861191516728 -9.30887620275
0.975725636977 0.0668325162224 -9.32107584205
0.992083282833 0.0471550566548 -9.33480722658
1.00402051501 0.0275033355602 -9.34968934303
1.01211252844 0.00779310297054 -9.36564677672
1.01723224068 -0.012402577383 -9.38283983313
1.02013699971 -0.0335534222918 -9.40149882254
1.02106841778 -0.0558379402802 -9.42172354637
1.01951347998 -0.0788973303042 -9.44332067733
1.01422856628 -0.101770455358 -9.46573763939
1.00354366519 -0.123041000416 -9.48811697698
0.985869543604 -0.141154054045 -9.50945244931
0.960257930093 -0.154799465207 -9.52879238511
0.926839169079 -0.163234480322 -9.54541980829

/group/R_com/114
114
posId 114
0.834000049636 -0.191243409574 -9.54370422408
0.790590832791 -0.185628758745 -9.55117307948
0.749107710055 -0.177309132512 -9.5553578562
0.711680728303 -0.167040223574 -9.55637202154
0.679697776767 -0.155156466318 -9.55413162662
0.653740981118 -0.141545892807 -9.54834934126
0.633708436912 -0.1258041725 -9.53865173687
0.619060535627 -0.107509675214 -9.52477999004
0.609103008985 -0.0865192310478 -9.50680020846
0.603221452926 -0.0631772135762 -9.48524174288
0.601010947201 -0.038360993221 -9.46110355947
0.602287504106 -0.0133430290362 -9.4357129479
0.607009596117 0.0104860692404 -9.4104723632
0.61516381046 0.0319405733694 -9.38657100538
0.626671206357 0.0502995760813 -9.36475322293
0.641351543433 0.0654163693818 -9.34521996645
0.658950515343 0.0776418854265 -9.3276971044
0.679203995238 0.0875911360879 -9.31164951177
0.701895665959 0.0958357347043 -9.29657103441
0.726867196392 0.102630741107 -9.28225444612
0.753962061788 0.107771522613 -9.26895144793
0.782916241459 0.110630488023 -9.25736888857
0.813238141217 0.110360436417 -9.24850169726
0.844133716084 0.106192884569 -9.24335726301
0.874524026282 0.0977264519452 -9.24266189798
0.903172879473 0.0851037936743 -9.24664552622
0.928901524305 0.0690144860821 -9.2549741044
0.950830223866 0.0505221075096 -9.26684966281
0.968567340247 0.0307752804045 -9.28124214622
0.982274113412 0.0107031466486 -9.29717427179
0.992567346886 -0.00919863493074 -9.31396475321
1.0002729685 -0.0289168089838 -9.33135145879
1.00609463599 -0.0487875827302 -9.34945839597
1.01029575426 -0.0692290012387 -9.36862403518
1.01249781337 -0.0904336640931 -9.38915494251
1.0116695184 -0.112131802331 -9.41109224608
1.00632725188 -0.133511505265 -9.43407149449
0.994904150428 -0.153329331587 -9.45732199822
0.976192226193 -0.170179104865 -9.47980226836
0.949736429425 -0.182831992904 -9.50042118681
0.916069839526 -0.190535944995 -9.51826642777

/group/R_com/117
117
posId 117
0.838851401109 -0.228907272031 -9.52664884489
0.804226299576 -0.228127383174 -9.53789276333
0.771038895364 -0.223689412771 -9.54475878236
0.740443370559 -0.215798573267 -9.54706202786
0.713223681753 -0.204958374592 -9.54506281323
0.689738129203 -0.191909514053 -9.53942120034
0.66993690444 -0.17750494138 -9.53105848046
0.653449277364 -0.162549632007 -9.52095697754
0.639722459525 -0.147645089908 -9.50994684935
0.628183168494 -0.133079560089 -9.49853341645
0.618388163468 -0.118794762528 -9.48680943073
0.610132726739 -0.104441081626 -9.4744757464
0.603495670384 -0.0895103881824 -9.46096639083
0.598813748739 -0.0735150156074 -9.44564715751
0.596594034439 -0.0561684027192 -9.4280375913
0.597386237683 -0.0375211698895 -9.40799970727
0.601645055938 -0.0180166123749 -9.38584478611
0.609613683424 0.00155067055955 -9.36233013951
0.621253548936 0.0201650201563 -9.33854557502
0.636233838087 0.0367782666171 -9.31571723118
0.653980289344 0.050510978301 -9.29497728989
0.673769533712 0.0608172583668 -9.27715644322
0.694845931616 0.0675728496343 -9.26264979313
0.716534421101 0.0710654421595 -9.25138778396
0.738325777333 0.0718905392176 -9.24291683842
0.759918777167 0.0707797591862 -9.23656661894
0.781214738143 0.0684050244866 -9.23165944542
0.802270876106 0.0652075263673 -9.22770781236
0.82322722675 0.0612933698415 -9.2245504563
0.844225716937 0.0564203286011 -9.22239460452
0.865338862381 0.0500767966987 -9.22175716083
0.886520363197 0.0416308927671 -9.22332391247
0.907582447318 0.0305106899114 -9.22776642652
0.928197495166 0.0163699517657 -9.23556584204
0.947916350882 -0.000800989085371 -9.24688898137
0.966194047175 -0.0206441370577 -9.26154642995
0.982415553486 -0.0424861361394 -9.27903898897
0.995918575811 -0.0654561486678 -9.29867465129
1.00601557886 -0.0886355999919 -9.31971961889
1.01202104396 -0.111199786534 -9.34153887221
1.01329092261 -0.132516040572 -9.36368644827
1.00927864 -0.152177224005 -9.38592141329
0.999606367035 -0.169968666015 -9.40814797867
0.984143205162 -0.18578578679 -9.43030094582
0.96307564211 -0.199533234985 -9.45221425435
0.936952359426 -0.211040694396 -9.47351613668
0.90668675209 -0.220024487998 -9.49358754895

/group/R_com/120
120
posId 120
0.625468451547 -0.10898293401 -9.42641999271
0.625372813868 -0.0776125264813 -9.39100909096
0.628823180412 -0.0488138064732 -9.35707645199
0.63496246159 -0.0237646726183 -9.32629824399
0.643648531761 -0.00309834017549 -9.29944724485
0.655511385011 0.012935805954 -9.27655159645
0.67165949054 0.0242706028163 -9.25724086487
0.69313669389 0.0308812518617 -9.24112276427
0.720332906839 0.0327652125591 -9.22804316585
0.752578046516 0.0300332644672 -9.21814669746
0.78808753009 0.0230439872098 -9.21174672434
0.824300665024 0.0124878953945 -9.2090940201
0.858507464013 -0.000653880681329 -9.21017106892
0.888549529388 -0.0152955803892 -9.21462001994
0.913348555645 -0.03052696147 -9.22184645908
0.93307468667 -0.0458835854795 -9.23125704914
0.948895453556 -0.0614902605437 -9.24252271528
0.962397063042 -0.0779968628748 -9.2557391423
0.974887554336 -0.0962998389056 -9.27139265136
0.986832280208 -0.117127289502 -9.29011863988
0.997621431581 -0.140627485046 -9.31233019966
1.00574621125 -0.166113862472 -9.33785901948
1.0093108816 -0.192075528443 -9.36576107581
1.00668777054 -0.216474183208 -9.39438842384
0.997075456145 -0.237246768118 -9.42173244735
0.980762907175 -0.252855048305 -9.44593854476
0.959016792429 -0.262698490042 -9.46581806704
0.933651234345 -0.267246265664 -9.48117072748
0.906455021396 -0.267835874799 -9.49278767356
0.878697596784 -0.26619831397 -9.50211383149
0.850895958916 -0.263863485784 -9.51066986108
0.822916731908 -0.261641352444 -9.51942474592
0.794353914953 -0.259349271672 -9.52833557326
0.765015352439 -0.25587284859 -9.53622041897
0.735311125773 -0.249535873573 -9.54101999971
0.706379541873 -0.238653689394 -9.540372263
0.679893734289 -0.222088441082 -9.53231770748
0.657621460607 -0.199632070907 -9.5159094271
0.640911296336 -0.172108648903 -9.49153563363

/group/R_com/123
123
posId 123
0.733117866466 -0.0367674696312 -9.23981942975
0.693973963793 -0.0395586997535 -9.26114321913
0.660737533878 -0.0475327295589 -9.28618124686
0.636095602648 -0.0600528450607 -9.31291913135
0.621017894031 -0.0761173932007 -9.33967507725
0.614677124733 -0.0946048357719 -9.36543940298
0.61495688147 -0.114492737776 -9.38991356646
0.619342356644 -0.134985482133 -9.41326149066
0.625852717943 -0.155530320249 -9.43570374974
0.633671800763 -0.175748169608 -9.45714402416
0.64326399209 -0.195334715434 -9.47699385449
0.65596972017 -0.213988169465 -9.49426795422
0.673275325576 -0.231394875042 -9.50789973975
0.696065958498 -0.247266650964 -9.51712861189
0.724155617573 -0.261393013194 -9.52177911409
0.756257186145 -0.273662160848 -9.52230057249
0.790366309686 -0.284021328064 -9.51954279268
0.82436673871 -0.292381753926 -9.51436213846
0.856589297521 -0.298509207698 -9.50723091408
0.886099193985 -0.301959635623 -9.4980265876
0.912623161946 -0.302110145104 -9.48610338199
0.936195554873 -0.298299792691 -9.47062800801
0.956726177252 -0.290046467589 -9.4510452596
0.973718675772 -0.277266288386 -9.42747798083
0.986287204092 -0.260408982683 -9.40088692608
0.993469143568 -0.240444920131 -9.37291194838
0.994681907353 -0.218690499838 -9.34544744707
0.990091453592 -0.19651952184 -9.3201170834
0.980687791284 -0.175054821202 -9.29785785159
0.9679892048 -0.154947228916 -9.27878168214
0.953468195821 -0.136321111103 -9.26237015583
0.937932483347 -0.118906624371 -9.2479207087
0.921139018954 -0.10231042702 -9.23505772876
0.901842696028 -0.0863250776746 -9.22409305273
0.878310852286 -0.0711626909728 -9.21608011092
0.849138276691 -0.0575263662694 -9.21253019902
0.814057589723 -0.0464927064439 -9.21489717543

/group/R_com/126
126
posId 126
0.755399926938 -0.0730416101328 -9.2089085535
0.71705208701 -0.071075036482 -9.22557806034
0.68255942078 -0.0735859534838 -9.24653531308
0.65411761191 -0.0805482935833 -9.27063264219
0.633082047384 -0.0915325264293 -9.29658549987
0.61974279268 -0.105756457619 -9.32315714069
0.61338630736 -0.122214323853 -9.34930726855
0.612625493945 -0.139857231021 -9.37427640906
0.615891936872 -0.157780140857 -9.39759731427
0.621931588978 -0.175365271371 -9.41904388838
0.630146328289 -0.19234180608 -9.43854150888
0.640678335976 -0.208744985612 -9.45606731585
0.654222806597 -0.224787156466 -9.47156532496
0.671645852899 -0.240679904654 -9.48489198191
0.693546795616 -0.256461394824 -9.49579711973
0.719916406218 -0.271881474796 -9.50393684137
0.750002412428 -0.286379371609 -9.50891051515
0.782416823118 -0.299160565096 -9.51031356984
0.815435030394 -0.309349723283 -9.50779920778
0.847374587499 -0.316174782625 -9.50114318818
0.876923009294 -0.319129906243 -9.49030498068
0.903313071442 -0.318073793191 -9.4754760241
0.926307352134 -0.31324100666 -9.45710333564
0.946025639691 -0.305170191307 -9.43587684489
0.962701883295 -0.294575705597 -9.41267354277
0.976472738172 -0.282201592768 -9.38846102904
0.98727407961 -0.268696220177 -9.36417521124
0.994867981709 -0.254534174949 -9.34059781689
0.998964059811 -0.239994467996 -9.31826460489
0.999360249104 -0.225187387005 -9.29743152799
0.996024686565 -0.210111813617 -9.27811315531
0.989073000323 -0.194722750695 -9.26018826153
0.978649458905 -0.178993879278 -9.24354715158
0.964772381161 -0.162968241758 -9.22824052968
0.947230759366 -0.146797004452 -9.21458583629
0.925607101346 -0.130768470705 -9.20319611417
0.899453695353 -0.115326650341 -9.19491666688
0.868583652314 -0.101073165006 -9.1906804026
0.833380476764 -0.088742168522 -9.19131619804

/group/R_com/129
129
posId 129
0.717144615355 -0.0989018164669 -9.19313717596
0.678304044037 -0.0982088884541 -9.21317707376
0.644635367138 -0.102530585551 -9.23849113834
0.618941367504 -0.11172667388 -9.26732630452
0.602684597704 -0.124967877681 -9.29754775887
0.595698715474 -0.140949459245 -9.32714081511
0.596405042943 -0.15823663213 -9.35465029782
0.602449854081 -0.175624273018 -9.37941381088
0.611531825079 -0.192390921515 -9.40152084174
0.622127936177 -0.208367530778 -9.4215282687
0.633871280717 -0.223809504214 -9.44004807428
0.647467568333 -0.239130878446 -9.45736391206
0.664208010702 -0.254606285845 -9.47321554952
0.685280939247 -0.270152917057 -9.48682203603
0.711149935269 -0.285269734685 -9.49712237632
0.741230028288 -0.299148841444 -9.5031316195
0.773971789024 -0.310908325423 -9.50427076493
0.807303981129 -0.319851925442 -9.50054462328
0.839250152691 -0.325654578571 -9.49250533072
0.868474196081 -0.328405708821 -9.48102501068
0.894545941711 -0.328500357115 -9.46697542392
0.917834326322 -0.326428746549 -9.4509466105
0.939085824271 -0.322553941885 -9.43311777062
0.958870450238 -0.316969894574 -9.41332999303
0.977128124296 -0.309497782333 -9.39132746146
0.993005304285 -0.299821115674 -9.36706445272
1.00505300837 -0.287702571968 -9.34094734526
1.01170991798 -0.273190912527 -9.31390533125
1.01187670646 -0.256728614126 -9.28725122928
1.00534703859 -0.239109457997 -9.26237826832
0.992913791196 -0.221295332989 -9.24040662226
0.976096104685 -0.20415934527 -9.22191758251
0.956584691468 -0.188254910052 -9.20688313133
0.935619779593 -0.173704295441 -9.19482495696
0.913551236309 -0.160256515485 -9.18514748683
0.889767995329 -0.147499582116 -9.17751881691
0.863045788645 -0.135150621023 -9.17214941383
0.83220002559 -0.123313174941 -9.16985164546
0.796806451542 -0.112598114101 -9.1718423084

/group/R_com/132
132
posId 132
0.596921827965 -0.189197421069 -9.3431155
0.594537521363 -0.169131642746 -9.30611816995
0.598243857343 -0.15215523529 -9.27159816291
0.607783086644 -0.138958255787 -9.24101887693
0.622525345188 -0.129687902072 -9.21501578151
0.641534355403 -0.124027974838 -9.19351129041
0.663680233016 -0.121373800777 -9.17598553329
0.68778670524 -0.121046216535 -9.16180240549
0.712789481047 -0.122482327784 -9.15048497178
0.73787547125 -0.125353329211 -9.14186228064
0.762572047898 -0.129585915972 -9.13606007495
0.786763032481 -0.135294996299 -9.13336323922
0.810622833795 -0.14266167286 -9.13401970756
0.834479043919 -0.151803936928 -9.13807068294
0.858632155957 -0.16268475057 -9.14527640536
0.883173839354 -0.175085057353 -9.15516678547
0.907848450813 -0.188644202028 -9.16719651643
0.931994565318 -0.202946029374 -9.18094245911
0.954585637685 -0.217613748371 -9.19626202464
0.974365551532 -0.23237538704 -9.21334200284
0.990051605078 -0.247074380309 -9.23260463461
1.00056041709 -0.261621792806 -9.25448928017
1.00520582871 -0.275909993184 -9.27917618484
1.00382390197 -0.289723904963 -9.30634661451
0.996797091949 -0.302689262079 -9.33507039706
0.984973257617 -0.31428601849 -9.36387709059
0.969499363935 -0.323932647657 -9.39101057266
0.951608475432 -0.331120923421 -9.41480634908
0.932407496407 -0.335559857844 -9.43408593832
0.912710350781 -0.337279333267 -9.44844869185
0.892948263494 -0.336652179747 -9.45836443271
0.873169407674 -0.334316295631 -9.46502485533
0.853119671854 -0.33100925285 -9.46998209508
0.832379775621 -0.327357105279 -9.47466810716
0.810524992685 -0.323677322519 -9.47992831967
0.787273541374 -0.319856504032 -9.48570453753
0.76259703927 -0.315345635478 -9.49096376049
0.736778234651 -0.30928374896 -9.49390198432
0.710413749807 -0.300724056746 -9.49237471543
0.684369516844 -0.288905844614 -9.48444152039
0.659702084518 -0.273500005509 -9.46887940568
0.637559934876 -0.254761007983 -9.44552867139
0.619076797352 -0.233542269049 -9.41538228207

/group/R_com/135
135
posId 135
0.780501092074 -0.329456985649 -9.47702172189
0.748939070642 -0.322601588611 -9.47895994487
0.718951422338 -0.315502200833 -9.47947211755
0.690772711587 -0.308017332377 -9.47810724364
0.664483978585 -0.299879147075 -9.47421276192
0.640093908213 -0.290778682248 -9.46708290443
0.61763221409 -0.280460830189 -9.45612243208
0.597232380309 -0.268807718513 -9.44098994814
0.579182961767 -0.255892276249 -9.42169099552
0.563933821522 -0.241991087664 -9.39860376205
0.552054294542 -0.227555251133 -9.37243615211
0.544151740115 -0.213147489228 -9.34412824331
0.54076846853 -0.199360900522 -9.31472507781
0.542280261745 -0.186737872035 -9.28524893474
0.54881937808 -0.175706212833 -9.25659710406
0.560239148971 -0.166544127 -9.22948203954
0.576127505512 -0.159377800839 -9.20441838853
0.595865450394 -0.154207255282 -9.18174923977
0.618716401465 -0.150949797337 -9.16169519007
0.643925900967 -0.149487402651 -9.14440658515
0.670809867992 -0.149705228953 -9.13000198801
0.698813513359 -0.151512686138 -9.11858333141
0.727531057687 -0.15484467612 -9.11022780323
0.756686330992 -0.159646895745 -9.1049652542
0.786083618935 -0.165853660996 -9.10275512725
0.815544461137 -0.17336831597 -9.1034770363
0.844848062216 -0.182054590705 -9.10694418302
0.873690310706 -0.191742900975 -9.11294036059
0.901670101082 -0.202249954397 -9.12127201502
0.928303621613 -0.213404918408 -9.13181969518
0.953059780077 -0.225072440552 -9.14457064727
0.975405008076 -0.237162985074 -9.15961743577
0.994844530458 -0.249624330812 -9.17711578339
1.01094991461 -0.262413769867 -9.1972062296
1.0233683203 -0.275456935392 -9.21991559568
1.03181554861 -0.288604373837 -9.24506231069
1.03606066182 -0.301599325027 -9.27219183652
1.03591286525 -0.314068781088 -9.30056365287
1.0312205913 -0.325544880463 -9.3292003022
1.02188848555 -0.335516200769 -9.35699434625
1.00791149966 -0.343500440075 -9.38285436681
0.989418490097 -0.349123477225 -9.40586017079
0.966712707547 -0.35218671922 -9.42539314496
0.94029499642 -0.352705995552 -9.44121164
0.910858130395 -0.350910938645 -9.45345270409
0.879247038231 -0.347202554703 -9.46255786475
0.846388187177 -0.342076454462 -9.46913809454

/group/R_com/138
138
posId 138
0.768045703962 -0.337828281255 -9.45778608233
0.728154823612 -0.328283170517 -9.45466611595
0.688377138552 -0.318451971629 -9.45074058943
0.650699869451 -0.308397888531 -9.44509273681
0.616973097594 -0.298090370068 -9.43663658972
0.588638082585 -0.287447001706 -9.42437372384
0.566545522511 -0.276389793015 -9.40763850927
0.550899821475 -0.264902292947 -9.38627696063
0.541335473455 -0.253073681806 -9.36071984302
0.537100882045 -0.241118993477 -9.3319352549
0.537300723696 -0.229370197538 -9.30127358148
0.541136060067 -0.218239683709 -9.2702419045
0.548084481158 -0.208164112416 -9.24025997942
0.557979593588 -0.199541097373 -9.21245233248
0.570975731228 -0.192672711717 -9.18752054632
0.587413147382 -0.187728024434 -9.16571917618
0.607623828206 -0.184732244592 -9.14693316469
0.631732330558 -0.183583723925 -9.13083040974
0.659506286975 -0.184093586673 -9.11704615395
0.690297561099 -0.186037679703 -9.10535009569
0.723091077153 -0.189208063097 -9.09575372607
0.756650237492 -0.193451937349 -9.08853244673
0.789722733065 -0.198689495943 -9.08416002653
0.821254797711 -0.204907757789 -9.0831759996
0.850559528838 -0.212133558244 -9.08602385471
0.877396390208 -0.220394029947 -9.0929050123
0.901941506424 -0.22967581992 -9.10368892875
0.92465615311 -0.239894278062 -9.11790451725
0.946086895118 -0.250880967825 -9.13481640207
0.966648506137 -0.262392867873 -9.15356694815
0.986445586424 -0.274140851475 -9.17334736952
1.00517938756 -0.28582993751 -9.19355309388
1.0221650344 -0.297200708165 -9.21388210056
1.03645640233 -0.308060975059 -9.23434933059
1.04704836362 -0.318299326674 -9.25521188675
1.05310591789 -0.327876952634 -9.27682311618
1.05416204109 -0.336799894412 -9.29945280991
1.05023300333 -0.34507913804 -9.32312068573
1.0418198616 -0.352689377468 -9.3474883394
1.02979299575 -0.359537933524 -9.37184123502
1.01518599321 -0.365453002029 -9.39517027917
0.998948575708 -0.370195666309 -9.41633747751
0.981719697264 -0.37349410724 -9.43428834264
0.963678421358 -0.375092676641 -9.4482606391
0.944512363157 -0.374804428691 -9.45793816107
0.923515546375 -0.372554386672 -9.46351001008
0.899796186211 -0.368402643454 -9.46561762596
0.872547775968 -0.362540962419 -9.46519846523
0.841320567291 -0.355262781622 -9.46326030015

/group/R_com/141
141
posId 141
0.765051883176 -0.35344853631 -9.45007400313
0.725640198171 -0.345248400964 -9.44736250573
0.686509744025 -0.33657571044 -9.44312959713
0.649567709528 -0.327417262689 -9.43631692782
0.616562057964 -0.317762421322 -9.42595875257
0.588820307922 -0.307630187582 -9.41140018414
0.567085100536 -0.297090311693 -9.3924463881
0.551479090214 -0.286274539628 -9.36941399049
0.541600176912 -0.27537624982 -9.34307908937
0.536717070625 -0.264639093712 -9.31453970203
0.536012208717 -0.254337303555 -9.28502871041
0.538809627791 -0.244751660287 -9.25572226235
0.544731609932 -0.236145501455 -9.2275863836
0.553747971107 -0.228744600109 -9.20129224007
0.566110517802 -0.222723478358 -9.17721148555
0.582195158872 -0.218199098339 -9.1554824031
0.602297862166 -0.215231311888 -9.13612034095
0.626442164187 -0.213828306298 -9.11913646406
0.654252457581 -0.21395477484 -9.10462923017
0.684929776374 -0.215540700238 -9.09282282385
0.717339792033 -0.218489319353 -9.08404319991
0.750193138416 -0.222683761922 -9.07864089834
0.782273566831 -0.22799270367 -9.07688541819
0.812656107802 -0.234275870069 -9.07886450289
0.840858854983 -0.241390221159 -9.08442090336
0.866887936435 -0.24919715485 -9.09314922388
0.891161774467 -0.257570260465 -9.10445892618
0.914331231316 -0.266402319274 -9.11769083348
0.937039018031 -0.27560969506 -9.13225854721
0.959678001434 -0.285132231697 -9.1477774177
0.982209554498 -0.294927381899 -9.16414466441
1.00408929044 -0.304958456912 -9.18154500604
1.02432165787 -0.315178363102 -9.20037427658
1.04163325232 -0.325511613274 -9.22109454131
1.05472511423 -0.335838376137 -9.24405288056
1.06254410108 -0.345984540069 -9.2693074207
1.06450774764 -0.355721065027 -9.29650518884
1.0606274264 -0.364774342637 -9.32484629849
1.05149869992 -0.372847158178 -9.35314992528
1.03815973631 -0.37964758958 -9.38001387546
1.02185076764 -0.384921291926 -9.40403690314
1.00373195125 -0.388481552958 -9.42405680855
0.984627627408 -0.390231554376 -9.4393518055
0.964859165304 -0.390174486901 -9.4497592689
0.944207661082 -0.388409336066 -9.45568345895
0.922016701752 -0.385112852203 -9.45798824918
0.897411721254 -0.380510883969 -9.45779663693
0.86958429395 -0.374844325207 -9.45623989448
0.838073853621 -0.368335955143 -9.45421068897

/group/R_com/144
144
posId 144
0.758731648869 -0.367159038155 -9.44776404099
0.716693722636 -0.357697732606 -9.43985540574
0.6784721348 -0.348776232951 -9.43165150987
0.644886497302 -0.340288542476 -9.42238430816
0.616305429851 -0.33198434526 -9.41106496563
0.592705622424 -0.323577225937 -9.39679636754
0.573791885856 -0.314847940507 -9.37903780801
0.559149796139 -0.305717838822 -9.35775774865
0.548396219913 -0.296277147534 -9.33344437198
0.541294656502 -0.286765718219 -9.30698373167
0.537811527825 -0.277516479272 -9.27945057393
0.538104052805 -0.268880862785 -9.25187794698
0.542446652441 -0.261158665449 -9.22507325031
0.55111704444 -0.254551570453 -9.19953063132
0.564271970723 -0.249151108201 -9.17545818523
0.581843907845 -0.244960773323 -9.15290255661
0.603484029146 -0.24194160143 -9.13192367697
0.628564834051 -0.240063732335 -9.11275709702
0.656241304494 -0.239345239467 -9.09590507555
0.685555813045 -0.239864063504 -9.08211923878
0.715562543648 -0.241737846465 -9.07227104887
0.745443973656 -0.245077140368 -9.06714191449
0.774595434283 -0.249926668999 -9.0671921749
0.802662655218 -0.256214254662 -9.0723791732
0.829528956312 -0.263726083432 -9.08208546513
0.855260250699 -0.272120241897 -9.09519075311
0.880024413848 -0.280979666061 -9.1102824519
0.904005001524 -0.28989377054 -9.12596029112
0.927327360102 -0.298548458908 -9.1411610042
0.950008934319 -0.3067998151 -9.15541846453
0.971937213564 -0.314709065851 -9.16898630401
0.992870881683 -0.322525111716 -9.18278184258
1.01245463771 -0.330613997448 -9.19815434959
1.0302371537 -0.339348807225 -9.21652600012
1.04568472066 -0.348984890926 -9.23898852643
1.05818900057 -0.35955089967 -9.26595316779
1.06707376718 -0.370784115985 -9.29694179094
1.0716101837 -0.382129220143 -9.33057492991
1.07105115968 -0.392805073573 -9.36476573974
1.0646918951 -0.401927860015 -9.39707910287
1.05195648934 -0.408665052501 -9.42517488709
1.0325013637 -0.412386688216 -9.44723380409
1.00631787966 -0.412780411821 -9.46226865406
0.973811616038 -0.409904781525 -9.47025183892
0.935836228059 -0.404169488433 -9.4720347318
0.893666222748 -0.396247948499 -9.46908448396
0.848904317178 -0.386943063369 -9.46310657986

/group/R_com/147
147
posId 147
0.75836092833 -0.376986779863 -9.44878180378
0.715790270417 -0.367986136879 -9.44003664393
0.676718106548 -0.3591718743 -9.43011487307
0.642228882175 -0.350634251471 -9.41876305038
0.612952749651 -0.342348506033 -9.40556942608
0.589052421081 -0.334214532529 -9.39010667885
0.570295137196 -0.326107756034 -9.37206884233
0.556192870597 -0.317929670911 -9.35137168393
0.546178291693 -0.30964748143 -9.32819719885
0.539775845255 -0.301315496188 -9.3029781395
0.536728580354 -0.293075531798 -9.276333598
0.537051953094 -0.285138431994 -9.24897778769
0.541003250122 -0.27775276581 -9.22162868409
0.54897546252 -0.271168966581 -9.19494024421
0.561342584405 -0.26560721762 -9.16947266132
0.578295088575 -0.261235434098 -9.14570229964
0.599706918053 -0.258160373278 -9.12406024886
0.625068092293 -0.256431172451 -9.10497940754
0.653501670485 -0.256051464914 -9.08892718492
0.68386398787 -0.25699445463 -9.07640513486
0.714907488345 -0.259215332026 -9.06790700662
0.745470749506 -0.262657085413 -9.06384006505
0.774653883977 -0.267248549233 -9.06442740538
0.801940850759 -0.272896579854 -9.06961769594
0.827242436625 -0.279476647671 -9.07903065281
0.850851784835 -0.286827153173 -9.09196064193
0.873324011079 -0.294752072955 -9.10744819904
0.895308009921 -0.303034261491 -9.12441285419
0.917368197578 -0.311458471103 -9.14182446636
0.939834568948 -0.319839803296 -9.15887847337
0.962711187161 -0.328050834124 -9.17513628444
0.98565833001 -0.33603983898 -9.19059697063
1.00804579487 -0.34383374775 -9.20567973252
1.02905870236 -0.351522539104 -9.22111555212
1.04782642224 -0.359226078492 -9.23776671072
1.06354239718 -0.367048906029 -9.2564097521
1.07554805346 -0.375032061228 -9.27752692765
1.0833659605 -0.383112729576 -9.3011507648
1.08668260505 -0.391101762824 -9.32679600105
1.08529549392 -0.398685978156 -9.35349490314
1.07904899889 -0.405457183398 -9.37992997528
1.06778588006 -0.410964167942 -9.40463720084
1.05133614757 -0.414778724116 -9.42623797307
1.02955328527 -0.416563324199 -9.44365212547
1.00239299016 -0.416127211392 -9.45624921721
0.970015491411 -0.41345963538 -9.46390929561
0.932883063294 -0.408733397714 -9.46698445024
0.891822249769 -0.402277826779 -9.46617395768
0.848026418277 -0.394526480937 -9.46234381696

