/group/int_iliac_right/0
0
posId 0
4.28886298131 15.8351832808 -58.948861094
4.33092217237 15.8503806674 -58.9610759572
4.36938596049 15.8626896429 -58.9704441354
4.40313475314 15.8708195562 -58.9756354821
4.43127854804 15.8738094972 -58.9756664213
4.45320951727 15.8710960901 -58.9699705594
4.46864041253 15.8625494441 -58.9584348734
4.47762573985 15.8484749054 -58.9413991702
4.48056366813 15.8295811916 -58.9196197177
4.47817784503 15.8069183239 -58.8942010203
4.4714796125 15.7817912608 -58.8665023761
4.46171244638 15.7556570477 -58.8380278607
4.45028168925 15.7300144802 -58.8103095755
4.43867370731 15.7062956306 -58.7847942731
4.42836939531 15.6857680999 -58.7627428205
4.42075741299 15.6694555895 -58.7451504735
4.417052622 15.6580824781 -58.7326937553
4.41822489208 15.6520457286 -58.725707094
4.42494277687 15.6514148692 -58.7241895261
4.43753557163 15.6559582415 -58.727838996
4.45597602798 15.6651914217 -58.7361093379
4.47988460784 15.6784419123 -58.7482831394
4.50855471258 15.6949230211 -58.7635525205
4.54099693281 15.7138093953 -58.7810995187
4.57599912992 15.7343069707 -58.8001682508
4.61219817312 15.7557110867 -58.8201222594
4.64815848333 15.7774480773 -58.8404823076
4.68245222042 15.7990976153 -58.8609421461
4.71373600855 15.8203952348 -58.8813622151
4.7408195103 15.8412165831 -58.9017435947
4.76272189137 15.8615468198 -58.922186558
4.77871319949 15.881440022 -58.9428395887
4.78833882992 15.9009743146 -58.9638455698
4.79142647383 15.9202086615 -58.9852919491
4.7880761501 15.9391468107 -59.007171036
4.77863501601 15.9577128451 -59.0293552793
4.76365956336 15.9757412737 -59.0515905433
4.74386847478 15.9929827806 -59.0735082557
4.7200898071 16.0091248184 -59.0946550708
4.69320627169 16.023824417 -59.1145366128
4.66410221129 16.0367490632 -59.1326701713
4.63361546069 16.0476204603 -59.1486400792
4.60249667762 16.0562555225 -59.1621490628
4.57137800244 16.0625991363 -59.1730591412
4.54075211802 16.0667440342 -59.1814166662
4.5109620019 16.0689344764 -59.1874577213
4.48220095058 16.0695521979 -59.1915921809
4.4545218577 16.0690850635 -59.1943670515
4.42785427774 16.0680808683 -59.1964120365
4.40202751819 16.067090519 -59.1983723373
4.37679787699 16.0666062303 -59.2008353055
4.35187815997 16.0670012149 -59.2042585164
4.32696774951 16.0684775253 -59.2089070236
4.3017817133 16.0710281953 -59.214806945
4.27607770464 16.0744186461 -59.2217211628
4.24967967582 16.0781905803 -59.2291509086
4.22249767459 16.0816894427 -59.2363645451
4.19454319957 16.0841141858 -59.2424521753
4.16593974306 16.0845857729 -59.2464020779
4.13692825283 16.0822288087 -59.2471926384
4.10786730756 16.0762591277 -59.2438916681
4.07922784557 16.0660692479 -59.2357539525
4.05158233673 16.0513034361 -59.2223076809
4.02558836773 16.0319147562 -59.2034211086
4.00196674263 16.0081978493 -59.1793423503
3.98147439712 15.9807932147 -59.1507074683
3.96487268915 15.9506612379 -59.1185148029
3.95289195284 15.9190269334 -59.0840665322
3.9461935647 15.8872990732 -59.0488814798
3.94533114041 15.8569698128 -59.0145859064
3.95071281675 15.8295028615 -58.9827911785
3.96256683343 15.8062194931 -58.9549685955
3.98091276966 15.788192123 -58.9323321211
4.00554077519 15.7761547344 -58.9157392717
4.03600093709 15.7704381576 -58.9056189816
4.07160453152 15.7709361831 -58.9019330195
4.11143833021 15.7771059142 -58.904174681
4.15439238851 15.7880028532 -58.9114052644
4.1992008796 15.8023482374 -58.9223255657

/group/int_iliac_right/3
3
posId 3
4.28000520692 15.81532251 -58.9711987673
4.32201588369 15.83068052 -58.9842027812
4.36120129731 15.8427294328 -58.9937949473
4.39628605151 15.850101503 -58.9985755941
4.42618078023 15.851830711 -58.9975746256
4.45007902016 15.8474285112 -58.9903264671
4.46754106171 15.8369183541 -58.9769003329
4.47855487853 15.8208266231 -58.9578841542
4.48356575378 15.8001317149 -58.9343249183
4.48346878317 15.7761768374 -58.9076321993
4.47956180732 15.7505553197 -58.8794549253
4.47346017851 15.7249795053 -58.8515435851
4.46697869835 15.7011454403 -58.8256109628
4.46198965081 15.6806054687 -58.8032040282
4.46026869805 15.6646595703 -58.7855979091
4.46334217225 15.6542739841 -58.7737201407
4.47234975968 15.650032617 -58.7681099532
4.48793564046 15.6521233004 -58.7689136159
4.51017887493 15.6603574831 -58.7759132082
4.53857041366 15.6742188131 -58.7885830253
4.57203987665 15.6929335764 -58.8061654722
4.60903061502 15.7155543566 -58.8277569646
4.6476169998 15.7410476878 -58.8523941457
4.68565384311 15.768376905 -58.8791316004
4.72094476094 15.7965727442 -58.90710406
4.75141445604 15.8247863108 -58.9355685686
4.77526952467 15.8523215411 -58.9639249144
4.79113351469 15.8786469144 -58.9917154553
4.79814447141 15.9033886186 -59.0186079446
4.79600684624 15.9263093431 -59.0443668071
4.78499403923 15.9472781681 -59.0688193259
4.76590255268 15.9662375049 -59.0918232816
4.73996327213 15.983172705 -59.1132417679
4.70871930851 15.9980888849 -59.1329293248
4.67388274603 16.0109978711 -59.1507314185
4.63718426852 16.0219162068 -59.1664969514
4.60022984532 16.0308731532 -59.1801012194
4.5643774571 16.0379258393 -59.1914748754
4.53064439275 16.0431774067 -59.200633236
4.49965223458 16.0467933485 -59.2076998842
4.47161265239 16.0490113356 -59.2129190137
4.44635297773 16.0501406567 -59.2166522996
4.42337666424 16.0505488733 -59.2193581
4.40195055062 16.0506352044 -59.2215532405
4.38120863731 16.0507922693 -59.2237602027
4.36026105795 16.0513598373 -59.2264448949
4.33829713024 16.0525758846 -59.2299520011
4.31467272929 16.0545313064 -59.2344459398
4.28897453673 16.05713489 -59.2398655259
4.26105668149 16.0600945656 -59.2458994823
4.23104854152 16.0629195247 -59.2519880368
4.19933564149 16.0649456746 -59.2573531669
4.16651830501 16.0653842974 -59.2610568903
4.13335471505 16.0633910025 -59.2620837028
4.10069611059 16.0581494141 -59.2594402126
4.06942192706 16.0489618604 -59.2522625833
4.04038182039 16.0353378884 -59.2399208801
4.01434985784 16.0170709451 -59.2221090333
3.99199396458 15.9942941296 -59.1989099765
3.97386128995 15.967507526 -59.1708275486
3.96037782794 15.9375721467 -59.1387797796
3.95185869832 15.9056687034 -59.1040519255
3.94852421184 15.8732229645 -59.0682116919
3.95051636238 15.8418029785 -59.0329930539
3.95791075919 15.8129965656 -59.0001585293
3.9707201688 15.7882798556 -58.9713522918
3.98888760996 15.7688890026 -58.9479578498
4.01226908548 15.7557073659 -58.9309739795
4.04060823833 15.7491793599 -58.9209211769
4.07350717154 15.7492599295 -58.9177881979
4.11039908395 15.7554054068 -58.9210245464
4.1505290234 15.7666076622 -58.9295804274
4.192948815 15.7814693599 -58.9419911309

/group/int_iliac_right/6
6
posId 6
4.31779896674 15.7364314399 -59.0003461766
4.35889083928 15.7461892632 -59.0080369924
4.39441317018 15.7529207746 -59.0128265992
4.42331643145 15.7555734145 -59.0136421206
4.44495570014 15.7534491467 -59.0097683709
4.4591382277 15.7462534553 -59.0008978921
4.46614129774 15.7341103493 -58.9871460386
4.46669808314 15.7175430546 -58.9690309298
4.46195165086 15.6974231643 -58.9474212795
4.45337975803 15.6748937658 -58.923457936
4.44269542254 15.6512742069 -58.8984571306
4.431730228 15.6279555101 -58.8738047661
4.42230875987 15.6062958878 -58.8508514522
4.41612333622 15.5875253349 -58.8308174241
4.41461821963 15.5726669565 -58.8147150367
4.4188917713 15.5624806935 -58.8032944058
4.42962359348 15.5574326609 -58.7970151943
4.44703172514 15.5576906755 -58.7960448119
4.47086257958 15.5631440117 -58.8002806924
4.50041374786 15.5734432242 -58.8093921004
4.5345872593 15.5880542461 -58.822875323
4.57196860459 15.6063200415 -58.8401152501
4.61092497802 15.6275229357 -58.8604463129
4.64971492983 15.6509413379 -58.883206483
4.68660102885 15.675895807 -58.9077794286
4.71995724874 15.7017811275 -58.9336217872
4.74836357295 15.7280830321 -58.9602746069
4.77068167057 15.7543802 -58.987360084
4.78610728612 15.7803339376 -59.0145665377
4.7941970353 15.8056693114 -59.0416258983
4.79486941649 15.8301523042 -59.0682887119
4.78838184602 15.8535677285 -59.0943016953
4.77528723765 15.8757021567 -59.1193922353
4.756374943 15.8963350936 -59.1432630044
4.73260166419 15.9152401632 -59.1655982248
4.70501821205 15.9321964102 -59.1860812647
4.67469773189 15.9470081319 -59.2044214372
4.6426703224 15.9595301924 -59.2203863197
4.60986793667 15.969694704 -59.2338348263
4.57708220648 15.9775344498 -59.2447457945
4.5449365123 15.9831985278 -59.2532370623
4.51387236354 15.9869564394 -59.2595709076
4.48414907113 15.9891881302 -59.2641432067
4.45585487112 15.9903591899 -59.2674555766
4.42892713914 15.990982325 -59.2700718885
4.40317912936 15.9915681104 -59.2725626135
4.37833074659 15.9925696623 -59.2754422483
4.3540411577 15.9943270647 -59.2791063382
4.32994148546 15.9970179338 -59.283775191
4.30566631669 16.0006203515 -59.2894511722
4.28088320949 16.0048935049 -59.2958954597
4.25531973188 16.0093798061 -59.3026284125
4.2287877586 16.0134301865 -59.3089554196
4.20120477846 16.0162518582 -59.3140174759
4.17261183466 16.0169753801 -59.3168630617
4.14318747968 16.0147356064 -59.3165354549
4.1132568391 16.0087593024 -59.3121676684
4.08329462346 15.9984510823 -59.3030759929
4.05392078402 15.9834690168 -59.2888427976
4.02588754461 15.9637818296 -59.2693798647
4.00005680622 15.9397010286 -59.2449650699
3.97736743011 15.9118834787 -59.216247542
3.95879264214 15.8813026222 -59.1842193276
3.9452887134 15.8491895274 -59.1501547643
3.93773707592 15.8169479049 -59.1155219264
3.93688301994 15.7860498709 -59.0818733096
3.94327497242 15.7579212916 -59.0507251076
3.95720895642 15.7338267825 -59.0234357393
3.97868307685 15.7147647377 -59.0010945979
4.00736669693 15.7013820661 -58.9844312442
4.0425883269 15.6939166775 -58.9737535291
4.08334515778 15.692173333 -58.9689205607
4.12833569669 15.6955354892 -58.9693532792
4.17601520629 15.7030124963 -58.9740819642
4.22467175982 15.7133182911 -58.9818266196

/group/int_iliac_right/9
9
posId 9
4.27615710596 15.6791718042 -59.11536645
4.32634503968 15.7010615752 -59.1366124314
4.37170863899 15.722130399 -59.15717865
4.41050853694 15.7401070744 -59.1747227433
4.44164744986 15.7530145441 -59.187189127
4.46478553954 15.7593604643 -59.1930067526
4.48037275337 15.7582800888 -59.191239535
4.48959221679 15.7496165044 -59.1816737978
4.49422010985 15.7339302515 -59.1648340634
4.49641823745 15.7124382319 -59.1419264365
4.49848420697 15.6868895787 -59.1147167417
4.50258954668 15.659392903 -59.085357512
4.51053748492 15.6322142384 -59.056183083
4.5235692803 15.6075675347 -59.0294948432
4.54224135907 15.5874194686 -59.0073588709
4.56638602143 15.5733277544 -58.9914358151
4.59515746239 15.5663274648 -58.982858361
4.62715385361 15.5668737834 -58.982165588
4.66059676616 15.574842922 -58.9892968061
4.69354255566 15.5895865062 -59.0036408928
4.72409733453 15.6100293273 -59.0241315349
4.75060813803 15.6347965831 -59.0493747269
4.77180759183 15.6623549135 -59.0777927679
4.78689702267 15.6911517456 -59.1077689111
4.79556233254 15.719739479 -59.1377785926
4.79792667155 15.7468744206 -59.1664963624
4.79445257837 15.7715845322 -59.1928717123
4.78581259521 15.7932043448 -59.2161712939
4.77275056794 15.8113792137 -59.2359889552
4.75595556668 15.8260439904 -59.2522281097
4.73596679688 15.8373828815 -59.2650628974
4.71312169525 15.8457777031 -59.2748853062
4.68755167676 15.8517510729 -59.2822450226
4.65922197916 15.85590963 -59.2877875578
4.62800501115 15.8588905463 -59.2921945353
4.59377162632 15.8613128362 -59.2961283609
4.55648254341 15.8637336476 -59.3001821758
4.5162629769 15.8666090827 -59.3048352872
4.47344720098 15.8702592158 -59.3104142515
4.42858556506 15.8748377604 -59.3170603879
4.38241339657 15.8803080244 -59.3247054848
4.33578808629 15.88642802 -59.3330584917
4.28960629585 15.892748475 -59.3416067023
4.24471670949 15.8986276761 -59.3496349851
4.20184449097 15.9032663255 -59.3562657994
4.16154147352 15.9057638579 -59.3605209742
4.12417145864 15.9051950773 -59.361403666
4.08993360084 15.9007028517 -59.3579958509
4.05891978221 15.8915994159 -59.3495636063
4.03119533189 15.8774661246 -59.3356598165
4.00688755325 15.8582397827 -59.3162123168
3.98626416634 15.8342734039 -59.2915852862
3.96978443934 15.8063606354 -59.2626031475
3.9581094693 15.7757161608 -59.2305293501
3.95206428782 15.743908898 -59.1969969471
3.95255229445 15.7127502586 -59.1638933534
3.96043075378 15.6841454685 -59.1332074312
3.97636342042 15.6599211956 -59.1068523277
4.00067156931 15.6416467453 -59.0864815474
4.03320688342 15.6304682367 -59.0733179377
4.07326830909 15.6269750494 -59.0680151893
4.11958017578 15.6311153074 -59.070568968
4.17034117147 15.6421724377 -59.0802900762

/group/int_iliac_right/12
12
posId 12
4.18017794333 15.6009211563 -59.2416195921
4.21610833443 15.6508491251 -59.2928194456
4.22872737925 15.6921096586 -59.3351164705
4.23042701419 15.7129472908 -59.3564735627
4.23205023586 15.7220649263 -59.365819243
4.22927487784 15.7360026701 -59.3801010956
4.20914627805 15.7589096356 -59.4035603033
4.16787111481 15.7790145837 -59.4241297607
4.11729639726 15.784234837 -59.4294365519
4.07294593998 15.7756289325 -59.4205787987
4.03984236143 15.7624044253 -59.4069972423
4.01315393744 15.7476264894 -59.3918291242
3.98982625073 15.7249111949 -59.3685292039
3.97407753446 15.6895591395 -59.3322848617
3.97079525806 15.6475008924 -59.289178274
3.97882088259 15.6097673532 -59.2505135695
3.99496054042 15.5814727308 -59.2215293621
4.0219046809 15.5615649781 -59.2011497515
4.06580009082 15.5526802335 -59.1920816629

/group/int_iliac_right/15
15
posId 15
4.61120199811 15.591244719 -59.4709459331
4.61053116919 15.6077195169 -59.4869999869
4.66584891485 15.6319614119 -59.5136565156
4.71982500265 15.6011934341 -59.4865150723
4.72513576639 15.6118131077 -59.4971729798
4.72178162176 15.5594692371 -59.4458703389
4.72049583158 15.5707937102 -59.4568611662

/group/int_iliac_right/33
33
posId 33
4.0872570872 15.1288095006 -60.0402577422
4.18692109267 15.1253067132 -60.0878784871
4.24412037865 15.1736662108 -60.1371580898

/group/int_iliac_right/39
39
posId 39
3.47150957784 15.3126168798 -60.1733209586
3.50780334091 15.3466697575 -60.2013523087
3.52128951754 15.3724454054 -60.2167846435
3.51751887552 15.3943224537 -60.2235880078
3.50709208829 15.4251366534 -60.2310544265
3.49505776659 15.4682335532 -60.2425512909
3.47900942985 15.5102113325 -60.2519598636
3.45612487267 15.5333549848 -60.2513405891
3.42931854386 15.5341716388 -60.2405638293
3.40485950288 15.527019449 -60.2277117387
3.38495034454 15.5283421157 -60.219981564
3.36516000276 15.5387732166 -60.2157825141
3.34058262812 15.5426347748 -60.2070918104
3.31356496868 15.5247666932 -60.1890848251
3.29333400551 15.4857065931 -60.1657839973
3.2872384671 15.4392693513 -60.145510423
3.29357556041 15.3972523281 -60.1320696066
3.30465303669 15.3599794557 -60.1224033351
3.31687806069 15.3229086132 -60.1132890008
3.335987034 15.2894386747 -60.1083988981
3.37052359304 15.2725901783 -60.1162447594

/group/int_iliac_right/42
42
posId 42
3.35833695971 15.3089834541 -60.3516244216
3.41102315752 15.3233321773 -60.375264215
3.4053700341 15.35759683 -60.3866555115
3.39409344816 15.4033734681 -60.4005975158
3.39507179281 15.4364953157 -60.4138171943
3.37214681332 15.4547494012 -60.4130604854
3.32521794586 15.4797629879 -60.4067058957
3.29945188206 15.513079653 -60.410834729
3.29816349688 15.5283157027 -60.4163199374
3.2797248421 15.5153971306 -60.4049747942
3.24402186506 15.4934489048 -60.3841997932
3.23117766368 15.4704848326 -60.37086446
3.23730386929 15.430595427 -60.3574472912
3.22578387357 15.3731333443 -60.3311461519
3.21703524529 15.3261518053 -60.3098718135

/group/int_iliac_right/48
48
posId 48
3.8787457232 14.6555474483 -60.6801361961
3.88050566635 14.7441174264 -60.7141212117
3.90236883817 14.7563620928 -60.7227432266
3.93442284758 14.7613204798 -60.7304451767
3.9640676304 14.7526432707 -60.7325269773
3.98834002881 14.722845469 -60.7256058043
4.00499790879 14.6990569964 -60.719586883
3.98834002881 14.667228051 -60.7044655187
3.97585131855 14.6496945228 -60.6955345029

/group/int_iliac_right/51
51
posId 51
3.79639733189 14.6348016014 -60.8805584445
3.8191900849 14.56893742 -60.8591229168
3.84885855505 14.5395098225 -60.851404047
3.88288527858 14.5339502207 -60.852656455
3.9186133699 14.5274926224 -60.8537492383
3.95190857954 14.5212661341 -60.8546928295
3.98016708108 14.5360819102 -60.8626987614
4.00276940637 14.5751577276 -60.8788613822
4.01855399988 14.615988574 -60.8950028656
4.02607176805 14.6425133733 -60.9052278259
4.02621876207 14.6651219644 -60.9133460171
4.02034869655 14.6988805383 -60.9248871067
4.00437493923 14.7379875544 -60.9373817412
3.9695934632 14.7659748928 -60.9440966926
3.91415221664 14.7791141852 -60.943518869
3.85200593977 14.7814925547 -60.9384442463
3.80551725217 14.7641425876 -60.9277912273

/group/int_iliac_right/54
54
posId 54
3.84209719976 14.5196734737 -61.0746926716
3.81447904225 14.6123003098 -61.1049707545
3.84701475564 14.6614956478 -61.1213616729
3.88592613899 14.6651216025 -61.122809428
3.89631404832 14.6760539889 -61.1264726098
3.91780112043 14.6644005492 -61.1227815314
3.95057482456 14.6345372414 -61.1131764111
3.96287027678 14.6106933434 -61.1054162992
3.96179842917 14.5725324127 -61.0928604449
3.95386102062 14.5407066844 -61.0823427924
3.93295690065 14.5208403846 -61.0756727635

/group/int_iliac_right/57
57
posId 57
3.85145282553 14.448783646 -61.2952161713
3.82428514044 14.5446342679 -61.3255873729
3.85425018825 14.5973961029 -61.3385097814
3.89101566349 14.5973991206 -61.3354040042
3.90317720449 14.6118018453 -61.3385950546
3.92446766918 14.5967690016 -61.3323927616
3.95563032962 14.5591617006 -61.3187440032
3.97002201399 14.5433976091 -61.3129104637
3.97136880029 14.5064117219 -61.3019631471
3.96421627155 14.4649174295 -61.2904134632
3.94397331818 14.4517855767 -61.2882775378

/group/int_iliac_right/60
60
posId 60
3.94062804591 14.4148418659 -61.5300610391
3.88464296992 14.4604834802 -61.551493634
3.88131441651 14.4900823777 -61.5595394099
3.86646154357 14.5337813918 -61.5731820288
3.88673303008 14.5591308376 -61.5759686547
3.93853798575 14.5772240682 -61.5713306946
3.99452306173 14.5856596252 -61.563518343
4.02059720986 14.5402609416 -61.5474559301
4.01077232348 14.4955245247 -61.5379321663

/group/int_iliac_right/63
63
posId 63
3.94673634645 14.4611878218 -61.8120270621
4.05243189146 14.4207754166 -61.7749271369
4.11902866483 14.4958587397 -61.772380375

/group/int_iliac_right/66
66
posId 66
3.27780085472 14.8639478722 -62.4217087618
3.32116282702 14.8832813239 -62.4096906727
3.32603916326 14.9199589699 -62.4144810144
3.30400624605 14.9589905038 -62.4292841537
3.28096728305 14.9934989454 -62.4436408311
3.2735199427 15.0315211863 -62.4530642039
3.27687924785 15.0813110391 -62.4607294657
3.27279486091 15.1338072254 -62.4715303268
3.24684660977 15.1671744552 -62.4867210911
3.19959359551 15.1700411569 -62.5040782084
3.14552336912 15.1542717756 -62.5205484739
3.10380385902 15.1402179624 -62.5329207979
3.08724739098 15.1324967762 -62.537449149
3.09465673694 15.1163492519 -62.5319331711
3.11150929331 15.0779205378 -62.5190842597
3.12123409074 15.0219492463 -62.5056538655
3.12050738678 14.9659986552 -62.4959533652
3.12443642314 14.9219237852 -62.4867069422
3.15341845176 14.8896543818 -62.4706299845

/group/int_iliac_right/69
69
posId 69
3.42978771344 14.8731806855 -62.7314362838
3.47896609295 14.9323460293 -62.7200941174
3.48475734674 14.9910550409 -62.7275610079
3.46545764093 15.0408527212 -62.7444341133
3.4462265212 15.0839122031 -62.7601310279
3.43210523691 15.1215016308 -62.7726730068
3.40982825421 15.1496855976 -62.7871651106
3.37030726953 15.1652948096 -62.8070243596
3.32080483096 15.170088981 -62.8293886919
3.27486625766 15.1658956656 -62.8486726565
3.23863426458 15.1492403871 -62.8616111961
3.21231740847 15.1159365344 -62.8674012782
3.19948545189 15.0705857247 -62.8652718119
3.20525783327 15.0260894737 -62.8551891411
3.22433817788 14.9905519907 -62.8408375386
3.24009927862 14.9578863324 -62.8284193925
3.24328801353 14.9166424065 -62.8200147006
3.24839711022 14.8685772013 -62.8096135942
3.28203448761 14.8338769845 -62.7890676629

/group/int_iliac_right/72
72
posId 72
3.57231123582 14.8316598857 -63.0446351565
3.60973138575 14.8580462734 -63.0300567372
3.6359979404 14.8917326517 -63.0226042509
3.65290565937 14.9279834213 -63.020478106
3.66334196116 14.9628005766 -63.0214469952
3.66808599191 14.9933801468 -63.0245924953
3.66500277021 15.0185804489 -63.0308130702
3.65116823932 15.0392713341 -63.0417854573
3.62608060277 15.0580406993 -63.0582445485
3.59322181764 15.0778800023 -63.0789321344
3.55852299104 15.1001822966 -63.1010261009
3.52675884411 15.123142493 -63.1217179479
3.49862335098 15.1417673297 -63.1397320165
3.47084759674 15.149903445 -63.1556362033
3.4394563122 15.1433952017 -63.1707312235
3.40382046621 15.1225702919 -63.1854035561
3.36842520796 15.0924405822 -63.198244917
3.34085670794 15.0602995054 -63.2066563071
3.32728775446 15.032012667 -63.2085102987
3.32865168069 15.0091722219 -63.2036145406
3.34028672964 14.9888071954 -63.1938431751
3.35536429111 14.9657914626 -63.1817995159
3.36967769693 14.9364641484 -63.168995067
3.38437347506 14.9013113425 -63.1549240455
3.40469080303 14.8652352937 -63.1377668158
3.43565210027 14.8354507271 -63.1162402314
3.47781442611 14.8183841484 -63.0912336133

/group/int_iliac_right/75
75
posId 75
3.75586750801 14.8439228932 -63.3568994509
3.78551955093 14.8599716277 -63.3420732073
3.7992391662 14.907766676 -63.3442618787
3.79812033951 14.9567501168 -63.3559363736
3.77252483484 14.9813853274 -63.3773612612
3.72867514142 14.9898210454 -63.4064968619
3.69349051897 14.9994771116 -63.4305221957
3.68105352205 15.0061963683 -63.4397556581
3.67233568929 14.9983334283 -63.44340981
3.6442540086 14.9859179944 -63.4580747352
3.60543588404 14.9882783589 -63.4827223568
3.58301793115 14.9973289868 -63.4986797709
3.5819636558 14.9817341141 -63.4958393188
3.58201518476 14.9333265811 -63.4849570459
3.57617894904 14.8840965149 -63.4775486057
3.58727842825 14.863870092 -63.4661186227
3.63442548253 14.8625140588 -63.4365211675

/group/int_iliac_right/84
84
posId 84
4.73745656698 13.9591404078 -63.3601589093
4.75579518066 14.0043554967 -63.3781357202
4.78174280727 14.050941218 -63.3838062087
4.80974437314 14.0899780039 -63.3771542148
4.83598301347 14.1152745412 -63.3580973473
4.85928045113 14.1264398337 -63.3283381095
4.87931261623 14.1271903473 -63.2926910839
4.89488344706 14.1209635659 -63.2572425969
4.90452059661 14.1081669491 -63.2251384864
4.90861365301 14.0873578688 -63.1940292155
4.91014877299 14.0585485221 -63.1584876541
4.91232372768 14.0248321296 -63.1162029605
4.91482904852 13.990544206 -63.0726667183
4.91264434828 13.9579938622 -63.0396509524
4.89935463666 13.9264105971 -63.0279684935
4.87270940281 13.8944545025 -63.0401970067
4.83757801899 13.8637925288 -63.0693587858
4.80335140769 13.8398658187 -63.104527248
4.77769600847 13.8286168977 -63.1384878108
4.76189868855 13.832048419 -63.1711719081
4.75166264059 13.8468894285 -63.2066908944
4.74234484439 13.8677951812 -63.2474298959
4.73377504354 13.8921004792 -63.2906698905

/group/int_iliac_right/87
87
posId 87
4.91653634928 13.8908287748 -63.3235623622
4.93861586861 13.9091239555 -63.2699064141
4.96060476395 13.9298444129 -63.2301936625
4.98241129658 13.9530095041 -63.2051704822
5.00407997397 13.978418348 -63.193423797
5.02500030035 14.0050486659 -63.193602881
5.04360687836 14.03084308 -63.2053391202
5.05785889634 14.0531529714 -63.2283362988
5.06627270611 14.0697309892 -63.2606127278
5.06887694302 14.0797836662 -63.2976137459
5.06744012666 14.0844655616 -63.3333356061
5.06472159325 14.0864320895 -63.3630980856
5.06308296065 14.0885641174 -63.3862335419
5.06320728982 14.0924568044 -63.4067305392
5.06364669036 14.0974429125 -63.4310301359
5.06146459296 14.1006786673 -63.4640154627
5.05362924901 14.0982836124 -63.5055440878
5.03841625493 14.0869926479 -63.5497284766
5.01611985358 14.0655422278 -63.5875806369
4.98880914186 14.0351903683 -63.6115672588
4.95941125589 13.9992392776 -63.6193870953
4.93072325559 13.9619117025 -63.6146988103
4.90487464077 13.9271662382 -63.6043694178
4.88337427284 13.8979310825 -63.5939414191
4.86746110066 13.8759060385 -63.584098821
4.85831594591 13.861760139 -63.5702739714
4.85687172623 13.8554266463 -63.5455908607
4.86333105439 13.8563006984 -63.5053159811
4.87678315212 13.8633504782 -63.4501415735

/group/int_iliac_right/93
93
posId 93
5.19157220144 13.6916458818 -63.3658483131
5.12397343354 13.6334452621 -63.370582892
5.11107019963 13.598567241 -63.4227947627
5.10921709989 13.5824474929 -63.4542772867
5.09427246438 13.5677693629 -63.4592337839
5.10586185247 13.5660271209 -63.4837221732
5.14959528948 13.5864028377 -63.5179551225
5.19358770159 13.6176237074 -63.5292404369
5.23736732289 13.6523544394 -63.5325686389
5.27827764146 13.6842518325 -63.5368812858
5.28852131263 13.7010877621 -63.51885924
5.2814387887 13.7107794477 -63.485271327
5.28633934788 13.7285675695 -63.455637733

/group/int_iliac_right/96
96
posId 96
5.28733656247 13.5449341707 -63.3260613491
5.22295896158 13.5076583526 -63.3171588989
5.19237209602 13.4715153895 -63.3452231033
5.19150024322 13.4649370732 -63.3557433017
5.17617324698 13.4337257412 -63.3927577212
5.19209543753 13.4334584206 -63.4115799693
5.23985432924 13.4574836135 -63.4245407067
5.28705990398 13.4769471396 -63.4448556585
5.33131030091 13.5107156624 -63.4367017616

/group/int_iliac_right/111
111
posId 111
5.46506689159 12.9090831136 -62.9714554205
5.38562750009 12.9077375032 -62.9347144484
5.32444566651 12.9063031974 -62.9475652488
5.29726910278 12.9054643779 -62.9741297505
5.29536361785 12.9049523897 -63.0228492194
5.31317264009 12.9048143993 -63.0765449172
5.34002615329 12.9053105225 -63.0846989982
5.37423170482 12.90604174 -63.0848219101
5.41053709205 12.9067698075 -63.0899193947
5.44098866719 12.9077119869 -63.0599184322
5.47741299626 12.9087475853 -63.0334814556

/group/int_iliac_right/114
114
posId 114
5.55326029797 12.768239193 -62.9104402854
5.58434808351 12.7794871014 -62.9790387417
5.58372188941 12.7893502798 -63.039719131
5.56351661392 12.7964965303 -63.0840577225
5.53934037999 12.8015074947 -63.1153371941
5.51551566911 12.8052461784 -63.1387842042
5.48423913282 12.8078271108 -63.1552507165
5.4378771 12.8090583814 -63.1637005712
5.37995797933 12.8092228468 -63.1658069334
5.32339617872 12.8088058709 -63.1643111863
5.27951377035 12.807449417 -63.1567970429
5.25085936597 12.8037513694 -63.1345918968
5.23461331411 12.7966759606 -63.0913780224
5.23012122875 12.7872156231 -63.0332722538
5.24004295388 12.7782155839 -62.977725351
5.26406724134 12.7721037139 -62.9396770651
5.29474660754 12.7687370052 -62.9183885185
5.3230397496 12.7657696769 -62.8996016685
5.34851388645 12.7613901794 -62.8721818277
5.3814518971 12.7566618887 -62.8424754798
5.43184932606 12.7549626042 -62.8310705912

/group/int_iliac_right/117
117
posId 117
5.42060511585 12.6147087587 -62.8943233941
5.4766972301 12.6152742266 -62.8899818505
5.51947886772 12.6218274885 -62.9041190456
5.54963289702 12.6322873739 -62.930730874
5.57229087321 12.6439396309 -62.9615367067
5.59119517335 12.6550043067 -62.9910662376
5.60547158691 12.6653985833 -63.0191762055
5.6111843207 12.6761946888 -63.0493403295
5.60559198727 12.6882821623 -63.0843848726
5.58992139191 12.7013144252 -63.1231918324
5.56819690568 12.7137147596 -63.1608402222
5.54348470569 12.7236255185 -63.1917100629
5.51532504306 12.7299598849 -63.2127525665
5.48097006797 12.7327338865 -63.2243050506
5.4394047056 12.7325448825 -63.2281778064
5.39434776772 12.7297915878 -63.2251125403
5.35311696088 12.724374613 -63.2140493305
5.3219043123 12.7160921215 -63.1937557379
5.30142994974 12.7052616086 -63.1650602393
5.2869851681 12.6928885868 -63.1313284361
5.27329003834 12.6801538662 -63.0964861776
5.26034314104 12.667680411 -63.0623091506
5.25522528805 12.6553173212 -63.027615763
5.26785922591 12.6427539642 -62.99046754
5.30363585762 12.6305011296 -62.9517481534

/group/int_iliac_right/120
120
posId 120
5.44322851383 12.5396877663 -63.0597431617
5.50285973528 12.5387405672 -63.0437843483
5.52506409351 12.5510624142 -63.060083827
5.53970845109 12.5767404284 -63.1016338834
5.54688487076 12.6074648324 -63.1538300369
5.50285973528 12.6220362645 -63.18995576
5.44322851383 12.6119236224 -63.1865062168
5.39424723706 12.5946783262 -63.1679866083
5.37551640384 12.5897912776 -63.1639013022

/group/int_iliac_right/132
132
posId 132
5.65441594658 12.2253615095 -63.4686609014
5.70455374817 12.2721990141 -63.4571453087
5.7005944843 12.2545209046 -63.4507939056
5.72898780065 12.3278757386 -63.4685957492
5.7005944843 12.3065673127 -63.4778261756
5.65935605342 12.332012751 -63.5205226815
5.60823740886 12.2793569927 -63.5297175273

/group/int_iliac_right/135
135
posId 135
5.74836692811 12.1534538821 -63.5849100172
5.75981961151 12.1371820001 -63.5684138436
5.79320798483 12.1363097087 -63.5422406016
5.83928118533 12.1280505785 -63.5028026717
5.86447088978 12.1795150389 -63.5075906227
5.87516579929 12.2209570478 -63.5188452411
5.8638930658 12.2783034423 -63.554536452
5.83928118533 12.290787685 -63.5794034818
5.79320798483 12.2888464896 -63.61404009

/group/int_iliac_right/354
354
posId 354
9.99173568816 11.451432406 -65.8188199161
10.0293952045 11.3978231135 -65.8084100848
10.0458271145 11.3546692732 -65.8150149332
10.0310732052 11.3476143232 -65.8349188515
9.99206189783 11.3704609911 -65.8641391801
9.94726378023 11.391133108 -65.9008320391
9.91511684576 11.3995496812 -65.9307825046
9.9032737723 11.4169448331 -65.9337537055
9.9055258566 11.4566679403 -65.9089173799
9.90995425764 11.5072229349 -65.875622398
9.91058840712 11.5551240429 -65.8479196455
9.90965022306 11.5940082678 -65.8269998998
9.91059778007 11.6105639792 -65.8166390219
9.91499694792 11.5917246397 -65.8225169799
9.92688060964 11.5473613714 -65.8347131468

/group/int_iliac_right/357
357
posId 357
9.93995459384 11.4995101283 -65.8103032101
9.94824062826 11.509476614 -65.7991724869
9.9565815837 11.4602755043 -65.8126241892
9.96823223682 11.4039744535 -65.8262423827
9.98990488959 11.3785306824 -65.8185711988
10.0225757869 11.3696217397 -65.794749782
10.0583779701 11.3452421815 -65.7747295135
10.0885288484 11.3040884157 -65.7664535771
10.1096342844 11.2706605641 -65.7625837521
10.1189892119 11.2578285001 -65.7600423078
10.1090772014 11.2579368102 -65.7683494763
10.0743511208 11.2646553514 -65.7948144339
10.0229102398 11.2795245201 -65.8319712196
9.97454635738 11.2964789446 -65.8656672099
9.94450291191 11.3044264344 -65.8876748395
9.93282724706 11.3131109336 -65.8938982666
9.93099357443 11.3526792503 -65.8789729512

/group/int_iliac_right/360
360
posId 360
10.0114099227 11.5199978445 -65.8239031011
9.99238773582 11.5554170123 -65.8257177782
9.98292605585 11.5447380262 -65.8365010118
9.98533902218 11.4990794333 -65.85064507
9.99027563672 11.4415215373 -65.8670625783
9.98828029173 11.3863659747 -65.8878094958
9.98123241826 11.337569353 -65.9101030057
9.9812251961 11.2990563854 -65.9235563692
9.99923926687 11.2764082095 -65.9180339308
10.0358438019 11.2680968642 -65.893644868
10.0811852085 11.2638604526 -65.8613189731
10.1209274279 11.2576977646 -65.8338402794
10.1420726331 11.2583140069 -65.8178598807
10.1375260171 11.2790824813 -65.8139977516
10.1103325345 11.3176039203 -65.8208214444
10.0743660823 11.3531055676 -65.8352404477
10.0468448903 11.3694708164 -65.8500449811
10.0358045031 11.3767500821 -65.8557345785
10.0341661325 11.4019406626 -65.848160037

/group/int_iliac_right/363
363
posId 363
10.1807224304 11.4674691708 -65.8726114389
10.1612314178 11.5230479512 -65.8686737824
10.1395666198 11.5584223613 -65.8729275037
10.1086454229 11.5766421806 -65.8895465051
10.0753340786 11.5801036349 -65.9127346652
10.0542390728 11.5645127035 -65.9332318386
10.0512544503 11.5251026136 -65.9482931086
10.0570643248 11.4666737332 -65.9631505962
10.0585215767 11.4042009421 -65.9825076704
10.0539827133 11.3527560318 -66.0026375621
10.0547825415 11.3181601854 -66.0133622465
10.0727393105 11.2973802807 -66.0070450279
10.1092571489 11.2851423658 -65.9843847311
10.1564456818 11.2778115706 -65.9523300455
10.2044303144 11.2728055348 -65.9189342385
10.2442804342 11.2692115048 -65.8910156467
10.26670473 11.2715685641 -65.8738738573
10.2646410789 11.2903564206 -65.8692391344
10.2405060386 11.3339939826 -65.8725952657

/group/int_iliac_right/366
366
posId 366
10.2712676006 11.5054756697 -66.0147268237
10.2456882396 11.5709736809 -66.0124980912
10.2212826781 11.603423074 -66.0206449401
10.1980159012 11.6161851431 -66.0346260393
10.1751423081 11.6232748714 -66.050236801
10.1578153247 11.6153741704 -66.0666002609
10.1527379026 11.5774921174 -66.0835575458
10.1573523525 11.5167707506 -66.1006830703
10.1603725356 11.4567190568 -66.1188366279
10.1565080517 11.4102681608 -66.1377676932
10.1556441688 11.3743566392 -66.1507289033
10.1722089998 11.3480376043 -66.1466679305
10.2078093865 11.3377220692 -66.1221255624
10.2492052088 11.3412823293 -66.0882687985
10.2818202912 11.3449384347 -66.0613026008
10.2997503446 11.3463441618 -66.0466846171
10.3030569093 11.3668290504 -66.037072617

/group/int_iliac_right/369
369
posId 369
10.4040914484 11.612476139 -66.1725872824
10.3818806706 11.6701159184 -66.1703117568
10.3583560382 11.7009954476 -66.1801577486
10.3312857776 11.7217367017 -66.1974969628
10.3033586597 11.7339825887 -66.2191028556
10.2843462232 11.7211716179 -66.2424029115
10.2807407683 11.6769566872 -66.2637962818
10.2863470481 11.6178946987 -66.2824534834
10.2887300474 11.5631024612 -66.3024440251
10.2847984658 11.5165506263 -66.3250971355
10.2851663682 11.4770963178 -66.3407747798
10.3017524645 11.4513844183 -66.3354335031
10.3348349293 11.44323045 -66.3072585357
10.373980351 11.4405408645 -66.2710930978
10.4076555596 11.4309661771 -66.2429311146
10.4286500534 11.4274011567 -66.2243971021
10.4336683452 11.4587213729 -66.206897327

/group/int_iliac_right/372
372
posId 372
10.6410206535 11.7480337812 -66.3024098005
10.6164259789 11.7968787991 -66.30745265
10.5937976063 11.835447563 -66.3157471711
10.5708569779 11.8674390474 -66.3282345305
10.5460197613 11.8977943645 -66.3442100845
10.5201319568 11.9279709983 -66.3617004573
10.4963206629 11.9536486321 -66.3789802142
10.4780872953 11.9664878816 -66.3961262683
10.4670326918 11.9588750379 -66.4153542146
10.4618686356 11.9286218251 -66.4396511255
10.4594493405 11.8806703552 -66.4704108638
10.4571173828 11.8248658823 -66.5055580839
10.4547364171 11.7713686521 -66.5394476317
10.4550246559 11.7265747228 -66.5647562735
10.4620050872 11.6917334062 -66.5753591925
10.4786639594 11.664440357 -66.5686211999
10.5053515632 11.6413729011 -66.5459774546
10.5398038682 11.6202532308 -66.511778186
10.5784569603 11.6001446991 -66.4713517121
10.617890434 11.5807475329 -66.4294680865
10.6553645315 11.5620636699 -66.3898092837
10.6883382633 11.5451374589 -66.3551920911
10.7137931199 11.5332060123 -66.327817348
10.7283714216 11.5317715037 -66.3090424871
10.7296157402 11.5466593539 -66.298829292
10.7175479999 11.5807307255 -66.2955069782
10.6953185814 11.6313170926 -66.2963712599

/group/int_iliac_right/375
375
posId 375
10.8494522695 12.1185188016 -66.4491223745
10.8316215738 12.1780277976 -66.4283821839
10.8143592918 12.2274683916 -66.4175816159
10.7987679947 12.2648125019 -66.4161276788
10.785093512 12.2931610588 -66.4198536496
10.7730002356 12.3189253189 -66.4223610919
10.7619402995 12.3487555643 -66.4175376444
10.7514717959 12.3864899181 -66.4021858205
10.741431721 12.4313618362 -66.3776041416
10.7319444961 12.4781493254 -66.349395324
10.7233121527 12.5191214155 -66.3255445078
10.7158629342 12.546901425 -66.3135656991
10.7098259499 12.5570362862 -66.3179135511
10.7052646081 12.5492627553 -66.3387204349
10.702064588 12.5270815716 -66.3723115668
10.6999533601 12.4959952621 -66.4131546872
10.6985341932 12.4612977725 -66.4562805889
10.6973385264 12.4263999529 -66.49904695
10.6959172858 12.3923200964 -66.541476984
10.6939871445 12.3583578098 -66.5851101223
10.6916178154 12.323406891 -66.6310193448
10.6894040274 12.2871151994 -66.6780424752
10.6885351754 12.250269732 -66.7221620006
10.6906802143 12.2142677679 -66.7574078999
10.6976545525 12.1800721835 -66.7779187569
10.7109173028 12.1473598821 -66.7802291541
10.7310302637 12.114491984 -66.7647244802
10.757256999 12.0794968334 -66.7355777378
10.7874643553 12.0416797043 -66.6991804038
10.818406796 12.0030527504 -66.6617719509
10.8463510207 11.9687447874 -66.6273340129
10.8678789529 11.9459495565 -66.5966756081
10.8806376982 11.941637045 -66.5680621747
10.8838145007 11.9598785971 -66.5390054209
10.8782019894 11.9999180364 -66.5082821733

/group/int_iliac_right/378
378
posId 378
10.9588272321 12.8690957431 -65.8227578526
10.9536313395 12.8878866341 -65.7726266143
10.9491415661 12.9049749113 -65.7233968333
10.9457406561 12.9195035492 -65.6750996929
10.9437394962 12.9307856319 -65.6276965589
10.9433508373 12.9383642527 -65.5810694803
10.9446693182 12.9420572995 -65.5350191889
10.9476596827 12.9419825567 -65.4892730319
10.952154467 12.9385600919 -65.4435041803
10.9578616844 12.9324907483 -65.3973621204
10.9643822195 12.9247115946 -65.3505129835
10.9712358306 12.9163311927 -65.3026868725
10.9778939228 12.9085493559 -65.2537281624
10.9838166596 12.9025675152 -65.2036439173
10.9884915799 12.8994967539 -65.1526452073
10.9914707264 12.9002709078 -65.1011762728
10.9924033748 12.9055718395 -65.0499271978
10.991061787 12.9157730741 -64.9998269606
10.9873579647 12.9309065266 -64.9520153463
10.9813501 12.9506551684 -64.9077940812
10.9732382558 12.9743723415 -64.8685595089
10.9633496774 13.0011262232 -64.8357209962
10.9521149715 13.0297658575 -64.8106108305
10.9400371117 13.0590033987 -64.7943924993
10.9276557828 13.0875058981 -64.7879747926
10.9155099114 13.1139892361 -64.7919390673
10.9041013239 13.1373067034 -64.8064862447
10.8938623132 13.1565252863 -64.8314087211
10.8851295133 13.1709838459 -64.8660904705
10.8781258969 13.1803289953 -64.9095363601
10.8729519961 13.1845264316 -64.960429279
10.8695866528 13.1838475757 -65.0172113124
10.8678968174 13.1788334446 -65.0781830966
10.8676551835 13.1702395289 -65.1416138432
10.8685638592 13.1589669205 -65.2058534979
10.870281854 13.1459859068 -65.2694381844
10.8724539556 13.1322586446 -65.3311805269
10.8747385864 13.118667329 -65.3902376081
10.8768324511 13.1059535126 -65.4461511167
10.8784901953 13.0946729978 -65.498856505
10.8795378391 13.0851691479 -65.5486605345
10.8798793741 13.0775656912 -65.5961891943
10.8794965564 13.0717783075 -65.6423104222
10.8784425306 13.0675426493 -65.6880381208
10.8768304249 13.064455106 -65.7344254619
10.8748184208 13.0620216955 -65.7824562883
10.8725929958 13.0597100213 -65.8329434812
10.8703520527 13.0569993035 -65.8864424707
10.8682894925 13.053424034 -65.9431866898
10.8665824843 13.0486077647 -66.0030498382
10.8653822751 13.0422847822 -66.0655375136
10.8648089125 13.0343088303 -66.1298082843
10.8649497749 13.0246494498 -66.1947218446
10.8658613769 13.0133777774 -66.2589097262
10.8675735756 13.000644648 -66.3208623112
10.8700950943 12.986654482 -66.3790247587
10.8734192089 12.9716386554 -66.4318939904
10.8775285271 12.9558318375 -66.478109106
10.8823980063 12.9394541691 -66.5165284801
10.8879956799 12.9227012281 -66.5462882187
10.8942809554 12.9057425927 -66.5668384815
10.9012007536 12.8887286039 -66.5779562272
10.9086841449 12.8718037828 -66.5797350143
10.9166364351 12.8551244104 -66.5725543944
10.924933844 12.8388771322 -66.5570330069
10.9334199666 12.8232951916 -66.5339705874
10.9419050957 12.8086690528 -66.5042846525
10.9501692382 12.7953487387 -66.4689476009
10.9579692783 12.7837361256 -66.4289294044
10.9650502828 12.774266611 -66.3851500328
10.9711604443 12.7673808758 -66.3384443964
10.9760686768 12.7634887583 -66.2895410487
10.9795834631 12.7629284001 -66.2390543459
10.9815712638 12.7659246804 -66.1874883557
10.9819726547 12.7725514189 -66.1352497132
10.9808144065 12.782701837 -66.0826659106
10.9782159444 12.796071293 -66.0300052674
10.9743890299 12.8121553836 -65.9774950507
10.9696300441 12.8302652038 -65.9253348619

/group/int_iliac_right/381
381
posId 381
11.1494306199 12.3864709065 -64.5993760478
11.1209260796 12.4560144654 -64.6290538219
11.096694303 12.5139464427 -64.6508939063
11.0796945516 12.5507457153 -64.6552455835
11.0651732716 12.5769435246 -64.644014396
11.0466179249 12.6101973007 -64.629029718
11.0226279698 12.6570933257 -64.6207973828
10.9983710012 12.7064263316 -64.6179403187
10.9807519649 12.7393788621 -64.6076420619
10.9724184179 12.7460740448 -64.5773898821
10.9704564077 12.7327114205 -64.5276206033
10.9706275702 12.7134797845 -64.4737329894
10.972432685 12.6963483181 -64.4355198456
10.979712323 12.6769766133 -64.4233406966
10.9963069411 12.6458491364 -64.4327807021
11.0214564428 12.6001227821 -64.4512209371
11.0498303548 12.5474685073 -64.4689840575
11.0761763109 12.4983100492 -64.4847139034
11.099654571 12.4555047565 -64.5015931418
11.1231349564 12.4133515946 -64.520346641
11.1479737089 12.3677520081 -64.5373079876
11.1697415488 12.3267896535 -64.5493163746
11.1798524126 12.309257045 -64.5591586602

/group/int_iliac_right/384
384
posId 384
11.15664582 12.2540538702 -64.5402115338
11.121695104 12.2923756565 -64.4990429536
11.1276511886 12.2778762552 -64.4939515826
11.1126509318 12.2742020347 -64.445712439
11.1164634374 12.2762186604 -64.4596180921

/group/int_iliac_right/396
396
posId 396
11.8067862137 12.5364518458 -65.295186356
11.8200604704 12.5857490832 -65.3805258464
11.8056607358 12.610308524 -65.4006152611
11.7602603876 12.626575431 -65.3756469997
11.7121909827 12.656807524 -65.3679923299
11.6960876458 12.6476807098 -65.3376292772
11.7025646079 12.6196554898 -65.304080593
11.713525511 12.5954090693 -65.2807730082
11.7589258593 12.5675846923 -65.289055252

/group/int_iliac_right/402
402
posId 402
11.0925270131 12.8687177089 -65.1241873222
11.0780965773 12.9002805726 -65.1953694265
11.054079045 12.9241121889 -65.2402673799
11.0321461665 12.9336141568 -65.2498363604
11.0205610083 12.9277774095 -65.2270615158
11.0178980049 12.911091314 -65.1824902543
11.017370786 12.8900141492 -65.1281024889
11.0155002789 12.8691282814 -65.0732993182
11.0147662811 12.8496463312 -65.0228615218
11.0181023958 12.8304685308 -64.9759479777
11.023266471 12.8101689018 -64.9273912029
11.0249411396 12.788450073 -64.8728432759
11.0222973008 12.7667506853 -64.815433139
11.0222040809 12.7481824558 -64.7677697945
11.0328386777 12.736642608 -64.7453579815
11.0540857178 12.7349827976 -64.7554302484
11.07589829 12.7431171721 -64.7909916935
11.087439302 12.757788097 -64.8363835779
11.087505145 12.7748271275 -64.8801082918
11.0847473348 12.7924114965 -64.9233269645
11.0872989623 12.8123417978 -64.9761397897

/group/int_iliac_right/405
405
posId 405
11.1056941009 12.8544786134 -65.1613730393
11.0905131282 12.8736253149 -65.2418613395
11.0677839512 12.8891802771 -65.3022928976
11.0439131471 12.8983764307 -65.3330446175
11.0252139272 12.9003009805 -65.3329449644
11.0145550189 12.8959256899 -65.3078145644
11.0105353873 12.8872725559 -65.2662498358
11.0094423562 12.8763577565 -65.2157181024
11.0082763018 12.8645438791 -65.1610320631
11.0065434594 12.8525066102 -65.105052164
11.0056839211 12.8405523337 -65.0498690098
11.0069435902 12.8288617347 -64.996904657
11.0096902919 12.8174581815 -64.9459646905
11.0117100103 12.8060689133 -64.8947434744
11.0113005183 12.7942169395 -64.8402436895
11.0093908375 12.7816896129 -64.7819340624
11.0097438695 12.7691325005 -64.7245670576
11.0167303566 12.7582659756 -64.6781096694
11.0321151472 12.7513754218 -64.6538749494
11.0532436203 12.7502246311 -64.6586784065
11.0741576626 12.7550290437 -64.6906657156
11.0890752219 12.7642080002 -64.739836976
11.0958761708 12.7751923159 -64.7934093559
11.0971169471 12.7858640571 -64.8428978826
11.0978003684 12.7957343644 -64.8884485181
11.1014493268 12.8060770591 -64.9375778607
11.1072814265 12.8188877193 -64.9990563105

/group/int_iliac_right/408
408
posId 408
11.0241605897 12.8397303795 -65.0355598105
11.0182047168 12.8396024964 -65.0355611526
11.0163501285 12.8384148938 -64.9261925861

/group/int_iliac_right/414
414
posId 414
11.9318421625 12.9908447647 -65.2686268915
11.8716034215 13.0237707999 -65.1995348408
11.8743130863 13.0186757041 -65.2082074369
11.8673552056 13.0142938073 -65.2128298702
11.830553901 13.0033703263 -65.2184119588

/group/int_iliac_right/417
417
posId 417
11.8054923819 12.9700805329 -65.3455222378
11.9047318234 12.9796801733 -65.3577250216
11.8774495821 12.8910777139 -65.4219956735

/group/int_iliac_right/420
420
posId 420
12.077872082 12.3391161187 -65.7411685877
12.1168598546 12.3696928871 -65.7324109138
12.1917309885 12.3755589714 -65.7398538501
12.2318999786 12.3663897562 -65.7495006406
12.2657785452 12.3506606146 -65.7613070647
12.2908420462 12.3179841312 -65.7796994749
12.2937342481 12.3030001401 -65.7869690911
12.2890222331 12.3079321557 -65.7840672666
12.2427252506 12.2899735448 -65.7860433604
12.1739821091 12.2754760266 -65.7833920759
12.1458051489 12.293507523 -65.7713006561

/group/int_iliac_right/423
423
posId 423
11.9726297974 12.3304377869 -65.6941098736
12.080567809 12.3708604461 -65.6924425014
12.116528977 12.3237905562 -65.7094965073
12.1555959823 12.33228973 -65.7106765569
12.116528977 12.3360475413 -65.7059311095

/group/int_iliac_right/429
429
posId 429
11.8680365638 13.1566018911 -65.6513096622
11.8409037364 13.2104962038 -65.6442167692
11.7996830632 13.1564340449 -65.6499255102

/group/int_iliac_right/432
432
posId 432
11.8799838516 13.1493609492 -65.7524946814
11.8564850732 13.2241093904 -65.747545466
11.8341943507 13.2241938693 -65.7480639483
11.7982625482 13.2242097313 -65.7489085786
11.7795219136 13.1901074134 -65.7518600404
11.7573821043 13.1697402317 -65.7538804499
11.7577596374 13.0950316377 -65.7593709826
11.780180292 13.060621035 -65.7613762429
11.7795219136 13.0358568232 -65.7632146738

/group/int_iliac_right/435
435
posId 435
11.8840474468 13.1490284131 -65.8460433046
11.8768343169 13.2352710949 -65.8432492928
11.8310369015 13.2335543188 -65.8471176847
11.7957341595 13.2335050534 -65.8500494969
11.773173363 13.2159210802 -65.8526136066
11.7471750431 13.1647414935 -65.856784604
11.7425853555 13.113674059 -65.8591744267
11.7607863452 13.0528244286 -65.8600576029
11.7824747525 13.0131751193 -65.8598173615
11.8091763564 13.0048838575 -65.8579274851
11.8340413372 12.9800434106 -65.8568410538

/group/int_iliac_right/438
438
posId 438
11.8784097384 13.1667892955 -65.93010034
11.8602443051 13.2223536443 -65.9324132722
11.8488061431 13.2285377645 -65.934305197
11.8394611942 13.222408184 -65.9360199857
11.7949241712 13.1896652784 -65.9442458636
11.7850308324 13.1678697563 -65.9462927379
11.7880713539 13.1123450988 -65.9466045919
11.800783885 13.0977257008 -65.9446190178
11.8299746669 13.0575538691 -65.9401595411

/group/int_iliac_right/462
462
posId 462
12.0440173116 13.1568193039 -66.3136949945
12.0280155637 13.206078684 -66.3208400627
11.9651337666 13.1330524515 -66.3424485647
11.9796909962 13.1514563967 -66.3374825214
11.9692782301 13.1671556016 -66.3417351313

/group/int_iliac_right/465
465
posId 465
12.0625484605 13.156560692 -66.3556871917
12.0421845449 13.2047242262 -66.3621719981
11.9771144614 13.1306752805 -66.3828732433
11.9972425096 13.1508627353 -66.3764695136
11.9835707478 13.1718457752 -66.3808222318

