/group/knee_left/0
0
posId 0
-8.91917112254 -5.26733461399 -75.4992371966
-8.92404195724 -5.2103156944 -75.5587970752
-8.93406390141 -5.16505804118 -75.6068021335
-8.95049606469 -5.13313055352 -75.6417788931
-8.97460747538 -5.111915257 -75.6665860604
-9.00614477628 -5.09722142555 -75.6855285599
-9.04288647415 -5.08621867641 -75.7012705657
-9.08152325919 -5.07898257962 -75.713341159
-9.11917239811 -5.07792752039 -75.7189007176
-9.15442555276 -5.08575038485 -75.7149923737
-9.18720840253 -5.10336371291 -75.7006633525
-9.2176160609 -5.12915125064 -75.677596836
-9.24465179064 -5.15989160223 -75.6490068251
-9.26589485633 -5.19256275355 -75.6177320762
-9.27847371502 -5.22571780167 -75.5849285089
-9.28076288406 -5.25952519227 -75.5502289674
-9.27362367319 -5.29457388602 -75.5131264358
-9.26021169404 -5.33043308771 -75.4744410457
-9.24428252709 -5.36510541599 -75.436684649
-9.22795717904 -5.39582536633 -75.4029696732
-9.21036734827 -5.42062443178 -75.3752293423
-9.18814647919 -5.43945127015 -75.3531172249
-9.15761761729 -5.45387507265 -75.334573731
-9.11744860404 -5.46538466773 -75.3179006792
-9.07019449493 -5.47336460437 -75.30403794
-9.02176915754 -5.47422851909 -75.2973971928
-8.97910904654 -5.46258711798 -75.3043764741
-8.94735542865 -5.43405751221 -75.3301197173
-8.92812924096 -5.38818698441 -75.3752875967

/group/knee_left/3
3
posId 3
-8.91220905345 -5.32905131867 -75.5604824827
-8.91893617745 -5.27477203719 -75.6189684594
-8.93100473694 -5.23022112861 -75.6677653775
-8.94442183121 -5.19690890926 -75.7047847557
-8.95859903863 -5.17210114849 -75.7328603765
-8.97611052315 -5.15130992355 -75.7570724827
-9.00063547977 -5.13136858557 -75.7812313738
-9.03433002979 -5.11240949209 -75.805457665
-9.07613532812 -5.09774858083 -75.8260999305
-9.12193061129 -5.09188552121 -75.8378780554
-9.16635051197 -5.09786152471 -75.8369107132
-9.20514635946 -5.11550477688 -75.8228656705
-9.23671889554 -5.14150300293 -75.799068396
-9.26200844711 -5.17114735516 -75.7706359009
-9.28294385177 -5.20064295791 -75.7418338864
-9.30050821962 -5.22862347646 -75.7142331787
-9.31366951231 -5.25606280219 -75.6866739883
-9.31984549778 -5.28478587942 -75.6569044678
-9.31658773255 -5.31562291129 -75.6237458774
-9.3033832614 -5.34742115007 -75.5883608422
-9.28237038219 -5.37753618101 -75.5538180955
-9.2574177265 -5.40344567272 -75.5232663122
-9.2320364644 -5.42437486482 -75.4979540885
-9.20736533176 -5.44177125273 -75.4764814562
-9.18150719397 -5.45816594173 -75.4559292918
-9.15075287743 -5.4749975808 -75.4343196369
-9.1121203844 -5.49071729123 -75.4129368417
-9.06581281284 -5.50046366687 -75.3969706831
-9.01615525905 -5.49777002473 -75.393815955
-8.97036280257 -5.47759503053 -75.4097032011
-8.93568550146 -5.43912973645 -75.446370358

/group/knee_left/6
6
posId 6
-8.974324716 -5.49016858998 -75.7208042396
-8.95387177047 -5.43669660289 -75.77735077
-8.94627328043 -5.38533135959 -75.8331749269
-8.94918858864 -5.34253567128 -75.8808409446
-8.95862823576 -5.30959756332 -75.9184266864
-8.97094948211 -5.28320726835 -75.9491352437
-8.98441957219 -5.25827191979 -75.9783792107
-8.99961932379 -5.2313270693 -76.0100603898
-9.01860279901 -5.2026818876 -76.044093717
-9.04337308819 -5.17624315889 -76.0764113446
-9.07453304414 -5.15731042459 -76.1012310585
-9.11078437002 -5.14974090229 -76.1141272806
-9.14941674647 -5.1541328037 -76.1141001514
-9.18737460559 -5.16796753852 -76.1035516491
-9.22222867568 -5.18744072487 -76.0863831842
-9.25253840825 -5.2097311601 -76.0655330104
-9.27754105085 -5.23427789954 -76.0415258277
-9.29654758004 -5.26233601237 -76.0128883228
-9.30858645329 -5.29520884786 -75.9780585173
-9.31262143316 -5.33240579387 -75.9374492009
-9.30822762906 -5.37102293723 -75.8942169551
-9.29623405521 -5.40685793973 -75.8531101791
-9.27878698079 -5.43663302392 -75.8180199563
-9.25861193445 -5.45991893466 -75.7897613002
-9.23776852917 -5.47943178719 -75.7655894632
-9.21658237372 -5.49930263558 -75.7409791088
-9.19344156455 -5.52216461156 -75.7128184456
-9.16572266948 -5.54671920371 -75.6822149043
-9.13148079108 -5.56731413187 -75.655172887
-9.09105754208 -5.5760164441 -75.6405033095
-9.04772092634 -5.56626668825 -75.645864628

/group/knee_left/9
9
posId 9
-9.18036672768 -5.55787240862 -76.122384642
-9.1202597979 -5.55027634853 -76.1234355958
-9.0694673292 -5.53538697716 -76.1343024981
-9.03307143976 -5.51430065359 -76.1543615224
-9.01109291805 -5.48790276442 -76.1825723482
-8.99948977217 -5.45717412512 -76.2172484015
-8.99321564483 -5.42353298825 -76.2560558053
-8.98945311692 -5.38887358819 -76.2963928127
-8.98908579013 -5.35522316727 -76.3359872806
-8.99562760631 -5.32424992631 -76.3733356587
-9.01243986431 -5.29698431682 -76.4076656568
-9.04010437072 -5.27396785628 -76.4384157732
-9.07563854544 -5.25572082055 -76.4645811863
-9.11398567057 -5.24315650079 -76.4844215404
-9.15072809833 -5.23756595275 -76.4958354157
-9.1842210758 -5.2400772579 -76.4972777341
-9.21579538122 -5.25087943729 -76.4887006727
-9.24799678746 -5.26872775498 -76.4719051274
-9.28212478057 -5.29113999505 -76.4499860821
-9.31674530297 -5.31529392068 -76.4260799161
-9.34813128033 -5.33918574847 -76.4020575165
-9.37224213523 -5.36239871407 -76.3778789497
-9.38681130998 -5.38601090974 -76.3519763264
-9.39207662445 -5.41165061032 -76.3224626643
-9.38967846105 -5.4402012813 -76.2885127135
-9.38058027121 -5.47086713558 -76.2511905642
-9.36361166159 -5.5011056481 -76.2133377183
-9.33586190249 -5.52744094188 -76.1786665643
-9.29488468601 -5.54669006549 -76.1506054251

/group/knee_left/12
12
posId 12
-9.20100136637 -5.66107407907 -76.5166288614
-9.14928376394 -5.65685200993 -76.5146726955
-9.10422937223 -5.64446279282 -76.5244536741
-9.06926452448 -5.6253890554 -76.5445154225
-9.04513353152 -5.600947382 -76.5732303634
-9.03034264118 -5.57220879618 -76.6089691343
-9.02252229299 -5.54038470092 -76.6497898967
-9.01993592755 -5.50722538182 -76.6931324008
-9.02234519654 -5.47498637814 -76.7359881744
-9.0308616471 -5.4458718645 -76.7756128195
-9.04700428238 -5.42130004169 -76.8103574683
-9.07158722347 -5.40152937486 -76.8399997692
-9.10406397218 -5.38598007608 -76.8652246479
-9.14259708456 -5.37410791471 -76.8864823715
-9.18466270946 -5.36626462206 -76.902942088
-9.22773362635 -5.36391840479 -76.9123004451
-9.26965277638 -5.36898219109 -76.9117215927
-9.3086189117 -5.38258280491 -76.8994578707
-9.34301066328 -5.40401965819 -76.8761971247
-9.3713546183 -5.43061681439 -76.8452531082
-9.39255547817 -5.45866669704 -76.8113547341
-9.40621269972 -5.48499811117 -76.7786247838
-9.41269031407 -5.50829227815 -76.7488549445
-9.41272943558 -5.52938478439 -76.721051343
-9.40673170564 -5.5503709753 -76.6925098053
-9.39415860613 -5.57302736872 -76.66080976
-9.37353724407 -5.59744899952 -76.6256116652
-9.34325750283 -5.62165205371 -76.589296865
-9.30284909612 -5.64230759666 -76.556185967

/group/knee_left/15
15
posId 15
-9.2310963984 -5.7433889414 -76.9373275548
-9.18003438228 -5.73897232691 -76.9340952367
-9.13569340083 -5.72638071953 -76.9439441549
-9.1016924443 -5.7076133204 -76.9646663178
-9.07846163702 -5.68432885984 -76.9939453123
-9.06399062335 -5.65744398807 -77.0300776951
-9.05547563536 -5.62747339367 -77.0717915778
-9.05092678291 -5.59524807485 -77.1175111665
-9.04996559743 -5.56239718027 -77.1648105325
-9.05360323806 -5.53117214536 -77.2106260268
-9.06336728213 -5.50368692574 -77.2521899533
-9.08039911284 -5.48109523727 -77.2880497529
-9.10497729974 -5.46330757993 -77.3183872415
-9.13651820344 -5.44950041593 -77.3442827943
-9.17377798573 -5.43911927095 -77.3663035751
-9.21495049973 -5.43270388616 -77.3833293541
-9.25760224117 -5.43193433513 -77.3924736039
-9.29867643162 -5.43878511685 -77.3903068831
-9.33487031514 -5.45426832411 -77.3747444228
-9.36345032327 -5.47755320144 -77.3464721647
-9.38317533775 -5.50605246627 -77.3089958629
-9.39475139958 -5.53647653254 -77.2672030122
-9.40037411604 -5.56624658182 -77.225234323
-9.40240916552 -5.59441965033 -77.1848981833
-9.40183259873 -5.62157270344 -77.1455444935
-9.39732255548 -5.64873692343 -77.1054339284
-9.38563992562 -5.67606130554 -77.0637411651
-9.3632546657 -5.70204505809 -77.0219705797
-9.32844697101 -5.72381424002 -76.983952098

/group/knee_left/18
18
posId 18
-9.2560878707 -5.77287392132 -77.3854356945
-9.20089270391 -5.76519980684 -77.3816985341
-9.15663535649 -5.75235688192 -77.3885247647
-9.12596051305 -5.73465498439 -77.4061784255
-9.10633660679 -5.71169232956 -77.4345612429
-9.09292983635 -5.68346939143 -77.4723583763
-9.0823841484 -5.65141676184 -77.5165567788
-9.0750763802 -5.61852154683 -77.5628726953
-9.07451561312 -5.58833270157 -77.6070489128
-9.08447199194 -5.56340113018 -77.6463647097
-9.10588755425 -5.54414320334 -77.6804648036
-9.13569273834 -5.52890242084 -77.7109470566
-9.16831434797 -5.51524428019 -77.7398710806
-9.19883015528 -5.50172710656 -77.7680156163
-9.22562942512 -5.48906438544 -77.7938950928
-9.25079850145 -5.47995396478 -77.8141152519
-9.27800683837 -5.47767362189 -77.8248606721
-9.30936324711 -5.48430542762 -77.8236473973
-9.34340049627 -5.49966564925 -77.8103463271
-9.37556602213 -5.5215499602 -77.786956563
-9.40087593757 -5.54706268002 -77.7563751139
-9.41689434207 -5.57412877799 -77.7209866741
-9.42495045553 -5.60221546124 -77.6819349547
-9.42868911601 -5.63184891472 -77.639438223
-9.43088533061 -5.66332308967 -77.5938192762
-9.43070693243 -5.69552528184 -77.5464857485
-9.42341586165 -5.72570705333 -77.500185273
-9.40294684545 -5.75038484493 -77.4583840961
-9.36589073903 -5.76679908624 -77.4242074839

/group/knee_left/21
21
posId 21
-9.26817462039 -5.8146689056 -77.6965090823
-9.22042760361 -5.80361800989 -77.6927856681
-9.17851888351 -5.78277479666 -77.7045035083
-9.14580104873 -5.75543987959 -77.7285288504
-9.12381415576 -5.72578351459 -77.7598529407
-9.11217248659 -5.69734042285 -77.7935721215
-9.1090660755 -5.6719013941 -77.8265736238
-9.1121338413 -5.64927150449 -77.8582005702
-9.11934103691 -5.62792367184 -77.8897146015
-9.12953880512 -5.60615064247 -77.9229644729
-9.14255994022 -5.58312474939 -77.9589981559
-9.15891555815 -5.55939371644 -77.9972780105
-9.17930074357 -5.5366812236 -78.0357565675
-9.20413937728 -5.51722032006 -78.0715957921
-9.23331458981 -5.5030318228 -78.102032583
-9.26610827245 -5.4954909886 -78.1249379708
-9.30128440316 -5.49527842525 -78.1389155669
-9.33723419936 -5.50255685925 -78.1431203427
-9.3721412662 -5.51711319927 -78.137131863
-9.4041719206 -5.53830566802 -78.1210994639
-9.43170309785 -5.56487388744 -78.096086361
-9.45355813952 -5.59484427377 -78.0642886511
-9.46916390026 -5.6257616751 -78.0287849561
-9.47852558127 -5.65528526578 -77.9927252626
-9.48197328424 -5.68191787872 -77.9582514605
-9.47975206405 -5.70547121244 -77.9257121627
-9.47164298699 -5.72693374416 -77.8936928404
-9.45684008812 -5.74769747457 -77.8600078103
-9.43422427017 -5.76846521439 -77.8232763362
-9.40299293652 -5.78839098069 -77.7843237052
-9.36340796955 -5.80495133994 -77.7466453859

/group/knee_left/24
24
posId 24
-9.26053270836 -5.81091199086 -77.9117813903
-9.19933832541 -5.7911222823 -77.903061309
-9.15537565539 -5.75968389503 -77.9159716453
-9.13417972362 -5.72218412543 -77.9470730216
-9.13229661969 -5.68486992606 -77.9876739438
-9.14124444617 -5.65186217987 -78.0289232334
-9.15340424717 -5.62388375815 -78.0661869066
-9.16572108051 -5.59917573968 -78.0998880849
-9.17944373304 -5.57576086452 -78.13285595
-9.19733741311 -5.55340653462 -78.1667392151
-9.22122234844 -5.53406946125 -78.2002739921
-9.25148351613 -5.52082430199 -78.2302302978
-9.28786148436 -5.51629003522 -78.2535616586
-9.32968865613 -5.52165231844 -78.268612391
-9.37476804366 -5.53664268854 -78.2745772601
-9.41811603364 -5.56002492599 -78.2703280836
-9.45262185393 -5.58994633242 -78.2543540348
-9.47224115454 -5.62398004862 -78.2263195425
-9.47578220505 -5.65923535264 -78.1888443326
-9.46807780496 -5.69293430222 -78.1474503423
-9.45685778686 -5.72329682591 -78.1080044141
-9.447018106 -5.75001313553 -78.0733120711
-9.43647513765 -5.77366133435 -78.0416824465
-9.41711368756 -5.79423178536 -78.009047767
-9.38070267593 -5.80981434325 -77.97339813

/group/knee_left/27
27
posId 27
-9.27887379187 -5.81424826034 -78.0503191036
-9.23068124593 -5.80214486445 -78.0347828765
-9.18767898922 -5.77789595049 -78.0330260643
-9.15387007569 -5.74492439224 -78.0441630293
-9.13196223326 -5.70893641994 -78.0645423471
-9.12270211829 -5.67534639789 -78.0896997704
-9.12484546052 -5.64694508147 -78.116440778
-9.13579019474 -5.62318402541 -78.1438319557
-9.15258630621 -5.6014028553 -78.1726501134
-9.1728794523 -5.579113014 -78.2038440951
-9.19542151147 -5.55587888825 -78.2371214887
-9.22002640087 -5.5337407528 -78.2705436804
-9.24711105231 -5.51615627741 -78.3012269083
-9.27710019279 -5.5063484657 -78.3265029208
-9.30994646133 -5.50613875337 -78.3447061741
-9.34488666287 -5.51578045203 -78.3551900765
-9.38042663738 -5.53449951113 -78.3578319212
-9.41449073632 -5.56103009598 -78.3526327658
-9.44468108713 -5.59367162122 -78.339808286
-9.46861058109 -5.63001491235 -78.3202178987
-9.48425764009 -5.66691487036 -78.2955839393
-9.49025131326 -5.7011324375 -78.2680701557
-9.48598675028 -5.73044202489 -78.2393481864
-9.47153627266 -5.75443518555 -78.2098253604
-9.44744019871 -5.77427195294 -78.1787538081
-9.41455280093 -5.79131487191 -78.1453755568
-9.37409759987 -5.80545782773 -78.1104571635

/group/knee_left/30
30
posId 30
-9.25728012936 -5.80108497622 -78.1285199281
-9.18962233973 -5.77306462546 -78.112810101
-9.15020554339 -5.73790061125 -78.1172289025
-9.13659033271 -5.69691731411 -78.1395281335
-9.1377040174 -5.65487023135 -78.1704077701
-9.14610326096 -5.61873511154 -78.200893898
-9.16156337613 -5.59240103667 -78.2280657972
-9.18539620399 -5.57355538159 -78.2542853465
-9.21521856431 -5.55702562156 -78.2820142505
-9.24711256022 -5.54140558022 -78.3101868971
-9.28109292204 -5.53166126748 -78.3352338149
-9.3209796857 -5.53464696627 -78.3542441309
-9.36728125622 -5.55238979937 -78.3660273223
-9.41188225734 -5.58050517931 -78.3694364045
-9.44274635675 -5.61322434076 -78.362241311
-9.455066128 -5.64897231131 -78.3430261019
-9.45620595179 -5.68991808224 -78.314135351
-9.45724355928 -5.73602463152 -78.2814727828
-9.45897640279 -5.78065152053 -78.2502449369
-9.44789338966 -5.81318366849 -78.2209304081
-9.40815394436 -5.82630587531 -78.1903948504

/group/knee_left/33
33
posId 33
-9.33804266927 -5.84743596356 -78.1836730365
-9.28440733314 -5.83932209278 -78.1635958512
-9.23634121745 -5.82003811229 -78.1525129516
-9.20013817154 -5.79171888089 -78.1520999979
-9.17794510947 -5.754444068 -78.1633016262
-9.16836546475 -5.7095871967 -78.1846835008
-9.16898943055 -5.66245374024 -78.2120822048
-9.17841572092 -5.62055578448 -78.2405303658
-9.19620167975 -5.58868733943 -78.2670662861
-9.22140279576 -5.56578711305 -78.2918646709
-9.25168295262 -5.54722136327 -78.3165130689
-9.28414887804 -5.53071638344 -78.3409845126
-9.31705229179 -5.52015460936 -78.3622392967
-9.35044860993 -5.52309885581 -78.3759529074
-9.38491354463 -5.54390345657 -78.3798863618
-9.41945713129 -5.57880775133 -78.3757460539
-9.45071764735 -5.61789054497 -78.367687684
-9.47434312382 -5.65243515665 -78.3587172815
-9.487320339 -5.68111762728 -78.3482062534
-9.48906561265 -5.70944686107 -78.3327166394
-9.4803471078 -5.74312328687 -78.3093239775
-9.46133917804 -5.7815053972 -78.278477695
-9.43105902118 -5.81700151255 -78.2440910664

/group/knee_left/36
36
posId 36
-9.32721846499 -5.84202242229 -78.2290662883
-9.27339046813 -5.83562602592 -78.2108526059
-9.22897703916 -5.81742566045 -78.2017596937
-9.1946652826 -5.79014390138 -78.2008071132
-9.17067235976 -5.75444299503 -78.2077760382
-9.15831749779 -5.71008601104 -78.2232936705
-9.15825819487 -5.65981968077 -78.2463568434
-9.16882042697 -5.61124874572 -78.2728150284
-9.18751979088 -5.57359654806 -78.2974558667
-9.21418634986 -5.55183927455 -78.3179271041
-9.251231431 -5.5440095209 -78.3360798549
-9.2995753203 -5.54451888956 -78.3548423973
-9.35433438366 -5.55015562779 -78.3737708358
-9.40565592347 -5.56271965836 -78.3881669285
-9.44489081585 -5.58598462574 -78.3928988748
-9.4701533975 -5.62064961614 -78.3869046345
-9.48540247286 -5.66264520838 -78.373608816
-9.49388715373 -5.70603726393 -78.3570135909
-9.49293449903 -5.74676773466 -78.3379324335
-9.4757633163 -5.7831730877 -78.3144647409
-9.43856702748 -5.81352157886 -78.2859100984

/group/knee_left/39
39
posId 39
-9.311484516 -5.84407298827 -78.2950328768
-9.2633924075 -5.83686464154 -78.2795911191
-9.23073833767 -5.81193848527 -78.2761980024
-9.20420227592 -5.77586104379 -78.2790417408
-9.17757630335 -5.73680357559 -78.2829068344
-9.1570767882 -5.69994133383 -78.2882869845
-9.15476475086 -5.66616821173 -78.2993783665
-9.17423430462 -5.63437356255 -78.3179189118
-9.20565892659 -5.60431405537 -78.3403181697
-9.23612015743 -5.57745092099 -78.361225388
-9.26311693152 -5.55598979786 -78.3789239478
-9.29542377788 -5.54212390227 -78.3959203939
-9.34034321546 -5.53832243245 -78.4140728145
-9.39237142221 -5.5473801681 -78.4303325396
-9.43661738575 -5.57089892784 -78.4385610151
-9.46298447851 -5.60712537961 -78.4356013039
-9.47452367444 -5.65067230987 -78.4245021212
-9.48033186712 -5.69516997425 -78.4109221017
-9.48173484234 -5.73664864453 -78.3967626597
-9.46862899159 -5.77423857346 -78.3785514381
-9.43103404981 -5.80739278113 -78.3527479615

/group/knee_left/42
42
posId 42
-8.17176775036 -8.98204936531 -77.1574299344
-8.11723953291 -8.96915438431 -77.1386346821
-8.06678487587 -8.9589197899 -77.1208337998
-8.02040866464 -8.95119667306 -77.1040652029
-7.97768516733 -8.9456052344 -77.0882495379
-7.93782587445 -8.94156320974 -77.0732105759
-7.89977680716 -8.93833805703 -77.0587017092
-7.86233669729 -8.93511878676 -77.0444360924
-7.82428574328 -8.9311007212 -77.0301179093
-7.78451388928 -8.92557454442 -77.0154724139
-7.74213781518 -8.91801002126 -77.0002727217
-7.69659701938 -8.90812487714 -76.9843617843
-7.64772139073 -8.89593057015 -76.9676684869
-7.59576529173 -8.88174894166 -76.950217323
-7.54140615 -8.86619676605 -76.9321315584
-7.48570859559 -8.85013869634 -76.9136301829
-7.43005800623 -8.83461262331 -76.8950192316
-7.37606968686 -8.82073461922 -76.8766782443
-7.32548162239 -8.80959304795 -76.8590427422
-7.28003968821 -8.80214279907 -76.8425836425
-7.24138434354 -8.79911076809 -76.8277845551
-7.21094721189 -8.80092262576 -76.8151179108
-7.18986468144 -8.80765870771 -76.8050208971
-7.17891390074 -8.81904375741 -76.7978722189
-7.1784744975 -8.83447162051 -76.7939707557
-7.18851721465 -8.85306223206 -76.7935172358
-7.20861863013 -8.87374478707 -76.796600071
-7.23799936322 -8.8953582312 -76.8031864434
-7.2755817859 -8.9167584612 -76.8131196117
-7.32006231506 -8.93692107209 -76.8261231486
-7.36999287107 -8.95502917955 -76.8418124667
-7.42386601753 -8.97053768275 -76.8597135099
-7.48019857749 -8.9832080871 -76.8792879422
-7.53760906642 -8.99311134307 -76.8999635733
-7.59488499974 -9.00059968248 -76.9211682016
-7.65103693843 -9.00625173717 -76.9423645798
-7.70533696662 -9.01079793339 -76.9630838874
-7.75734010713 -9.01503497333 -76.9829549825
-7.80688796017 -9.01973896288 -77.0017268389
-7.85409459923 -9.02558637315 -77.0192819617
-7.89931549385 -9.03309062016 -77.0356392136
-7.94310096926 -9.04255982176 -77.0509453149
-7.98613646848 -9.05407854408 -77.0654552488
-8.02917264561 -9.06751343723 -77.0795028129
-8.07294906089 -9.08253994227 -77.0934635135
-8.11811591408 -9.09868505333 -77.1077127942
-8.16515876985 -9.11537968513 -77.122583148
-8.21433151188 -9.13201366734 -77.1383239018
-8.2656027268 -9.14798677931 -77.155067352
-8.3186202963 -9.1627504516 -77.1728044698
-8.37269812469 -9.17583658684 -77.19137261
-8.42682765162 -9.18687211414 -77.2104566226
-8.47971514487 -9.1955800746 -77.2296035743
-8.52984383641 -9.20176993549 -77.2482500528
-8.57555790221 -9.20532119007 -77.2657598678
-8.61516327322 -9.2061649473 -77.2814690005
-8.64703849936 -9.20426807995 -77.2947339747
-8.66974756493 -9.19962362662 -77.3049795013
-8.68214584003 -9.19224968156 -77.3117413164
-8.68347037098 -9.18219718824 -77.3147005765
-8.67340651704 -9.16956516201 -77.3137069575
-8.65212451314 -9.15452019737 -77.3087886345
-8.62028177686 -9.13731592969 -77.30014851
-8.57898951019 -9.11830761532 -77.2881472752
-8.52974513807 -9.09795726745 -77.2732750242
-8.47433510533 -9.07682582729 -77.25611409
-8.41471523638 -9.05555053734 -77.2372964373
-8.35287798443 -9.03480779876 -77.2174592933
-8.29071723717 -9.01526404915 -77.1972026887

/group/knee_left/45
45
posId 45
-7.83170148436 -8.97714689055 -77.4079037385
-7.76139393825 -8.95807015027 -77.3755487441
-7.69004655312 -8.94308422216 -77.3422776387
-7.62329405568 -8.93369650263 -77.3106856308
-7.56653147956 -8.93087600456 -77.2833049898
-7.52400683931 -8.93487775035 -77.2621804394
-7.49822686713 -8.94519057075 -77.2485847702
-7.48976767564 -8.96062189823 -77.2429180827
-7.4974746315 -8.97950403904 -77.2447845536
-7.51894423246 -8.99998037397 -77.2531986364
-7.55112859521 -9.02031316573 -77.2668488534
-7.5909007054 -9.03915109084 -77.2843464962
-7.63546122405 -9.05570496929 -77.3044062951
-7.68253793533 -9.06980173744 -77.3259382181
-7.73040249472 -9.08181412302 -77.3480626701
-7.77778245587 -9.09249010166 -77.3700846855
-7.82376411274 -9.10272585055 -77.3914692984
-7.86776052962 -9.1133343723 -77.4118491153
-7.90956934051 -9.12485801274 -77.431071244
-7.94948604883 -9.13745864159 -77.4492634985
-7.98839315737 -9.15089866422 -77.466879736
-8.02773152031 -9.16460482182 -77.4846795114
-8.06928532145 -9.17779009796 -77.5036110891
-8.11477026191 -9.18960048002 -77.5245960629
-8.16528827409 -9.19925384568 -77.5482497163
-8.22077716591 -9.20614635894 -77.5746021642
-8.27961675087 -9.20991410868 -77.6029002342
-8.33853935473 -9.21045023253 -77.6315621395
-8.39293083262 -9.20788691546 -77.658325979
-8.43751194564 -9.20255546279 -77.680585797
-8.46728431495 -9.1949361543 -77.6958576057
-8.47854012615 -9.18560462177 -77.7022768244
-8.46969639504 -9.17517591401 -77.6990104502
-8.44173736558 -9.16424403149 -77.6864787087
-8.39813051808 -9.15331526257 -77.6663207919
-8.34420413925 -9.14273816348 -77.6410985273
-8.28610679018 -9.13263976605 -77.6137956653
-8.22957667332 -9.12288365613 -77.5872223324
-8.17880267854 -9.1130678443 -77.5634601828
-8.13564321133 -9.10257669195 -77.5434765033
-8.09938633006 -9.09069122477 -77.5269962785
-8.06710551842 -9.076747779 -77.5126596999
-8.03452232141 -9.06031971603 -77.4984243821
-7.99716654517 -9.04138539117 -77.4821139705
-7.95155722342 -9.02044171053 -77.4619823151

/group/knee_left/48
48
posId 48
-7.71072095675 -9.03081738525 -77.7230479873
-7.66368597943 -9.00957100318 -77.6946235925
-7.61965619669 -8.98748785869 -77.6679126437
-7.57518591374 -8.96740124324 -77.6410382158
-7.52765820913 -8.95222267575 -77.6126103756
-7.47708360065 -8.9440229001 -77.5827321454
-7.42681997214 -8.9434669977 -77.5533929257
-7.38287789147 -8.94978306759 -77.5280618986
-7.35206386875 -8.96120300571 -77.5106258199
-7.33969555723 -8.97562907805 -77.5040877366
-7.34778854052 -8.99123068859 -77.5095374637
-7.37439985696 -9.00676827498 -77.5257838886
-7.41432540127 -9.02161118127 -77.549762525
-7.46080989123 -9.03556692761 -77.5775247589
-7.50757150771 -9.0486944262 -77.6054098569
-7.55040343109 -9.0612169722 -77.6309748948
-7.58787375282 -9.0735305299 -77.6534033257
-7.62105466578 -9.08620124137 -77.6733469302
-7.652573319 -9.09983089877 -77.692365991
-7.68544223698 -9.11475383667 -77.7122330232
-7.72206439332 -9.13066399719 -77.7343350951
-7.76360131537 -9.14637198923 -77.7592939463
-7.8096839333 -9.1598870139 -77.7868011917
-7.85835056521 -9.16889190242 -77.8156043809
-7.90614091174 -9.17148521282 -77.8435965377
-7.9483897582 -9.16690131315 -77.8680211355
-7.97983357216 -9.15588048753 -77.8858431759
-7.99558204083 -9.1404821466 -77.8943070389
-7.9923185944 -9.12337053378 -77.8916031943
-7.96937797398 -9.10684645352 -77.8774513227
-7.92924671337 -9.09203161457 -77.853354028
-7.87714584866 -9.07856339258 -77.8223391955
-7.81967847525 -9.06494195267 -77.7881875037

/group/knee_left/51
51
posId 51
-7.60805342153 -9.03327621681 -77.9906509358
-7.45927780061 -8.98868525057 -77.8896074004
-7.40968592696 -9.05114236218 -77.8671079499

/group/knee_left/54
54
posId 54
-7.61063901334 -9.06463138363 -78.2535837489
-7.57148887425 -9.05192341166 -78.2266192903
-7.53135351979 -9.03845726982 -78.1989017542
-7.49013775156 -9.02420712868 -78.1703664353
-7.44784486253 -9.0091992847 -78.1410198899
-7.40458100893 -8.993519013 -78.1109438705
-7.36055444923 -8.97731418203 -78.0802954582
-7.31607013874 -8.96079509739 -78.0493036116
-7.27152033824 -8.94423029007 -78.0182625005
-7.22737199605 -8.92793824672 -77.9875221061
-7.1841516996 -8.91227537554 -77.9574766409
-7.14242897075 -8.8976207886 -77.9285513788
-7.10279861325 -8.88435873656 -77.901188485
-7.06586272407 -8.87285973512 -77.8758324106
-7.0322128708 -8.86346155639 -77.8529153699
-7.00241282963 -8.85645131078 -77.8328433578
-6.97698218673 -8.85204980967 -77.8159831023
-6.95638104021 -8.85039927754 -77.802650283
-6.94099600552 -8.85155527961 -77.7930992928
-6.93112772549 -8.85548346314 -77.7875147705
-6.9269801126 -8.86206139411 -77.7860050972
-6.92865159679 -8.87108542953 -77.7885980197
-6.93612870618 -8.88228222335 -77.7952385386
-6.94928235471 -8.89532414678 -77.8057891782
-6.96786723786 -8.90984763355 -77.8200327213
-6.99152472952 -8.92547325934 -77.8376774581
-7.01978962094 -8.9418262458 -77.8583649411
-7.05210093977 -8.95855605316 -77.88168017
-7.08781693145 -8.97535379318 -77.9071640431
-7.12623408232 -8.9919663514 -77.934327811
-7.166609823 -9.008206343 -77.9626691522
-7.20818828761 -9.02395732246 -77.9916893795
-7.25022823864 -9.03917400196 -78.0209111693
-7.29203202067 -9.05387758315 -78.0498961123
-7.33297420234 -9.06814664442 -78.0782613112
-7.3725284252 -9.08210432884 -78.1056942132
-7.41029092143 -9.09590282265 -78.1319648723
-7.44599920083 -9.10970628452 -78.1569348867
-7.47954455037 -9.12367347034 -78.1805623647
-7.51097723557 -9.13794129134 -78.2029024253
-7.54050363315 -9.15261044734 -78.2241029398
-7.56847494429 -9.16773410083 -78.2443954552
-7.5953676119 -9.18331031482 -78.2640815019
-7.62175606632 -9.19927868869 -78.2835147544
-7.64827891857 -9.2155213128 -78.3030797749
-7.67560017393 -9.23186784896 -78.3231683024
-7.70436741919 -9.24810425351 -78.3441542447
-7.73516921379 -9.26398441365 -78.3663686605
-7.76849406562 -9.27924378301 -78.3900760854
-7.80469337952 -9.29361399228 -78.4154535409
-7.84395062505 -9.30683738021 -78.4425734702
-7.88625868282 -9.31868044017 -78.4713916707
-7.93140690955 -9.32894530085 -78.5017410507
-7.9789789343 -9.33747854495 -78.5333317322
-8.02836159292 -9.34417689987 -78.5657576785
-8.07876476265 -9.34898959075 -78.5985096612
-8.12925121429 -9.35191740616 -78.6309940145
-8.17877499694 -9.35300877115 -78.662556287
-8.22622635069 -9.35235333072 -78.6925086066
-8.27048073821 -9.35007370461 -78.720159344
-8.31044932681 -9.34631617027 -78.7448435124
-8.34512815339 -9.34124105956 -78.7659522847
-8.37364327507 -9.33501361657 -78.7829600459
-8.39528944303 -9.32779596464 -78.7954475299
-8.40956022137 -9.31974068129 -78.8031198096
-8.4161679821 -9.31098629531 -78.8058182
-8.41505280852 -9.30165481796 -78.8035254795
-8.40637999276 -9.29185121895 -78.796364215
-8.39052647761 -9.28166457612 -78.7845883677
-8.36805722556 -9.2711704805 -78.7685687296
-8.3396930586 -9.26043417985 -78.7487730825
-8.30627196776 -9.24951390055 -78.7257422494
-8.2687062137 -9.23846380371 -78.7000634174
-8.22793771236 -9.22733610373 -78.6723422311
-8.18489421512 -9.21618199884 -78.6431751883
-8.14044865528 -9.20505122119 -78.6131238066
-8.09538375574 -9.19399019342 -78.5826918863
-8.05036359816 -9.18303896232 -78.5523069766
-8.00591337333 -9.17222724908 -78.5223068744
-7.96240799818 -9.16157009446 -78.4929316723
-7.92006973549 -9.15106367063 -78.4643215386
-7.87897442249 -9.14068186931 -78.4365200835
-7.83906543894 -9.1303742533 -78.4094828608
-7.80017415025 -9.120065875 -78.3830902889
-7.76204526888 -9.10965932636 -78.357164068
-7.72436540013 -9.09903920118 -78.3314860237
-7.68679297973 -9.08807893703 -78.3058182379

/group/knee_left/57
57
posId 57
-7.29573220999 -8.99870189093 -78.268332828
-7.24498384552 -8.9782914752 -78.2348722417
-7.19222348618 -8.95767775042 -78.2001746402
-7.13942913272 -8.93788022606 -78.16557732
-7.08887563199 -8.92001441246 -78.1326098428
-7.04285154648 -8.90519041008 -78.1028091985
-7.00339659517 -8.89440236119 -78.0775459564
-6.97209888424 -8.88842114243 -78.0578867628
-6.94997661155 -8.88770382985 -78.0445099923
-6.93745116962 -8.89233274171 -78.0376806006
-6.93440126492 -8.90199411891 -78.0372794375
-6.9402741949 -8.91600194224 -78.042873521
-6.95422319725 -8.93336655427 -78.0538085762
-6.97523981349 -8.95290147332 -78.0693042298
-7.00225692993 -8.97335602337 -78.0885354312
-7.03420962071 -8.99355711362 -78.1106899134
-7.07005422844 -9.0125414579 -78.1349991868
-7.10875809353 -9.02966017376 -78.1607478432
-7.14928019634 -9.04464107041 -78.1872711525
-7.19056491631 -9.05759960491 -78.2139529388
-7.23156672844 -9.06899665108 -78.2402341513
-7.27131400326 -9.07954881158 -78.2656378769
-7.30900744103 -9.09010384575 -78.2898099709
-7.3441360861 -9.1014988197 -78.3125676794
-7.37658444822 -9.1144210244 -78.3339433367
-7.40670051683 -9.12929117704 -78.354207897
-7.43529773488 -9.14618501819 -78.3738605269
-7.46357413784 -9.16480369515 -78.3935757196
-7.49294717621 -9.184496192 -78.4141075243
-7.5248203115 -9.20432964505 -78.4361599283
-7.56031373088 -9.22319680245 -78.4602412048
-7.60000294298 -9.23994511104 -78.4865261876
-7.6437128651 -9.25350958538 -78.514752392
-7.69040993452 -9.26303196165 -78.5441729116
-7.73822113688 -9.26795145801 -78.5735812512
-7.78458871436 -9.26805717311 -78.6014118809
-7.82654614352 -9.2634979162 -78.6259072426
-7.86107895037 -9.25475113318 -78.6453296018
-7.88551721431 -9.24255769426 -78.6581868618
-7.89789851866 -9.22783296233 -78.6634371418
-7.89724244799 -9.21156639407 -78.660638599
-7.88369044688 -9.19472189591 -78.6500185948
-7.85848595633 -9.17814953334 -78.6324487255
-7.8237956691 -9.16251646509 -78.6093273857
-7.78239898106 -9.1482617427 -78.5823867932
-7.7372946292 -9.13557646176 -78.5534540847
-7.69128719789 -9.12440812659 -78.5242039139
-7.64661919918 -9.11448625194 -78.495941529
-7.6047062606 -9.1053652079 -78.4694502518
-7.566015065 -9.09647996516 -78.4449264978
-7.53009929637 -9.08721044116 -78.4220108527
-7.49578230666 -9.07695028387 -78.3999078207
-7.46145121343 -9.06517592173 -78.3775724561
-7.42540981761 -9.05151145546 -78.3539316665
-7.38622996269 -9.03578453682 -78.3281032475

/group/knee_left/60
60
posId 60
-7.20493704611 -9.02267941732 -78.5051267242
-7.15268389653 -9.00342326783 -78.4714056014
-7.10792543392 -8.98150024599 -78.4416973615
-7.06562443428 -8.96157088274 -78.4137401208
-7.02167738702 -8.94967088289 -78.3860310138
-6.97829772464 -8.94941325291 -78.3604229176
-6.94430236107 -8.96000854797 -78.3419929427
-6.92990282754 -8.97732183383 -78.3361325851
-6.93987134982 -8.99677816984 -78.3449605192
-6.97018718524 -9.01571308206 -78.365702524
-7.01053869202 -9.03361296005 -78.3922027388
-7.05061689114 -9.05068964843 -78.418416951
-7.08552548595 -9.06656440799 -78.4414016983
-7.11676433099 -9.0803928902 -78.4619129114
-7.14892983843 -9.09208876849 -78.482646726
-7.18536675003 -9.10304628669 -78.505786171
-7.22610325169 -9.11515123274 -78.5316340042
-7.26880392569 -9.12858643752 -78.5588414169
-7.3107336199 -9.14038151628 -78.5853455277
-7.34928778752 -9.14538644212 -78.608829704
-7.38069844406 -9.13942289204 -78.6264389991
-7.39892336334 -9.12237748877 -78.6345947778
-7.39702125736 -9.09872932536 -78.629885325
-7.37105120357 -9.07484913579 -78.6109544446
-7.32373340061 -9.05495587419 -78.5800456588

/group/knee_left/63
63
posId 63
-7.12349120748 -9.03265668058 -78.8145621782
-7.07039783124 -9.0172377231 -78.7799337091
-7.02186522891 -9.00338340709 -78.7483232738
-6.97909861387 -8.99049176741 -78.72034483
-6.94219743229 -8.97779700539 -78.6959195708
-6.9102267491 -8.9645096607 -78.6743440769
-6.88145950969 -8.9499640745 -78.6544622645
-6.8537489471 -8.93375036141 -78.634912582
-6.82496717215 -8.91581000468 -78.6144083223
-6.79343419407 -8.89647956919 -78.5920028153
-6.75826353135 -8.87647503083 -78.5672938632
-6.71956583135 -8.85681851441 -78.5405326098
-6.67847761846 -8.8387182437 -78.5126190776
-6.63701355958 -8.82341971909 -78.4849866637
-6.59777158393 -8.81205035219 -78.4593972079
-6.56354508625 -8.80548034864 -78.4376832743
-6.53691080291 -8.80421953016 -78.421482341
-6.51986242079 -8.80836365501 -78.4120073647
-6.51354873195 -8.81759576725 -78.4098899924
-6.51815378861 -8.83123959985 -78.4151183428
-6.53292950302 -8.84835451242 -78.4270737207
-6.55636384965 -8.86785605441 -78.4446532864
-6.58644545146 -8.88864375294 -78.4664518346
-6.62097184551 -8.90971831726 -78.4909678554
-6.65784613724 -8.93027375679 -78.516798096
-6.69531479298 -8.94975510636 -78.5427906046
-6.73211558483 -8.967878461 -78.568137077
-6.76752525671 -8.98461572726 -78.5923986866
-6.80131675648 -9.00015097077 -78.6154725432
-6.83365167029 -9.0148178952 -78.6375158818
-6.8649418406 -9.02902867174 -78.6588502059
-6.89571391731 -9.04320330545 -78.6798672871
-6.92650264495 -9.05770653882 -78.7009537606
-6.95778560198 -9.07279666553 -78.7224427338
-6.98995751548 -9.08858823577 -78.7445916398
-7.02332999193 -9.10502896566 -78.7675779017
-7.05813563386 -9.12189041006 -78.7914997149
-7.09451571898 -9.13877200213 -78.8163693886
-7.1324777526 -9.15511852913 -78.8420910486
-7.17182134426 -9.17025149827 -78.8684218551
-7.21204476392 -9.18341466993 -78.8949241945
-7.25225641349 -9.19383299481 -78.9209232428
-7.29112186731 -9.20078226502 -78.945487797
-7.32687584853 -9.2036642695 -78.9674510442
-7.35741904637 -9.20207969255 -78.9854818041
-7.38050353546 -9.19588911386 -78.9982067556
-7.39399093288 -9.18525194151 -79.004372296
-7.39614857338 -9.17063440995 -79.0030236081
-7.3859352927 -9.15278103266 -78.9936708879
-7.36322343498 -9.13264881541 -78.9764105923
-7.32890932255 -9.11130940442 -78.9519739992
-7.28488035706 -9.08983015773 -78.9216859773
-7.23383065253 -9.069149765 -78.8873319313

/group/knee_left/66
66
posId 66
-6.8350008324 -9.02408318827 -79.0582971312
-6.8012739541 -9.00467040741 -79.0327527791
-6.76706235195 -8.98383861534 -79.0065799743
-6.73217679084 -8.9616568898 -78.9796761955
-6.69652395259 -8.93831167167 -78.952025816
-6.66012101566 -8.9141069166 -78.9237092567
-6.62310290877 -8.88945669104 -78.8949058259
-6.58572243091 -8.86487025415 -78.8658903747
-6.5483437942 -8.84093019588 -78.8370242467
-6.51143040839 -8.81826472257 -78.8087412848
-6.47552788408 -8.7975156524 -78.7815298645
-6.44124329743 -8.77930406242 -78.75591205
-6.40922175108 -8.76419578245 -78.7324210242
-6.38012121057 -8.75266903084 -78.7115779319
-6.3545865188 -8.74508641938 -78.6938692093
-6.33322341781 -8.74167331688 -78.6797253766
-6.31657335594 -8.74250416657 -78.6695021444
-6.30508983854 -8.7474978264 -78.6634645549
-6.29911709237 -8.75642238236 -78.6617747403
-6.29887184738 -8.76890921868 -78.6644837541
-6.30442907666 -8.78447546643 -78.6715277981
-6.31571255282 -8.80255334648 -78.6827290423
-6.33249105016 -8.8225244208 -78.6978011012
-6.35438092416 -8.84375640964 -78.7163590866
-6.3808556147 -8.86564004853 -78.7379340006
-6.41126233894 -8.88762346442 -78.761991056
-6.44484586798 -8.90924174362 -78.7879513251
-6.48077883419 -8.93013973042 -78.8152159218
-6.51819752364 -8.95008660453 -78.8431917291
-6.55624160921 -8.96898139675 -78.8713175146
-6.59409582201 -8.98684926788 -78.8990891406
-6.63103119154 -9.00382904151 -78.9260824993
-6.6664432541 -9.02015309794 -78.9519728017
-6.69988457498 -9.03612125459 -78.9765489302
-6.73108907735 -9.05207064332 -78.9997217505
-6.75998603052 -9.06834381858 -79.0215255494
-6.78670211126 -9.08525738222 -79.042112132
-6.81155068657 -9.10307329229 -79.0617375414
-6.83500832633 -9.12197475008 -79.0807418417
-6.85767947713 -9.1420481607 -79.0995228875
-6.88025114285 -9.16327217277 -79.1185054673
-6.90344024564 -9.18551426563 -79.138107598
-6.92793701007 -9.20853481144 -79.158706046
-6.95434815977 -9.23199803508 -79.1806033125
-6.98314389149 -9.25548886475 -79.203998331
-7.0146124707 -9.27853433605 -79.2289629765
-7.04882587187 -9.30062800085 -79.2554261699
-7.08561918984 -9.32125570494 -79.2831669111
-7.124585622 -9.33992113123 -79.311816995
-7.16508773282 -9.35616964342 -79.340873523
-7.20628454576 -9.36960918806 -79.3697206394
-7.2471728535 -9.37992729379 -79.3976592645
-7.28664008863 -9.38690351734 -79.4239430162
-7.32352523738 -9.39041699982 -79.4478180399
-7.35668367923 -9.39044908951 -79.4685641631
-7.38505154406 -9.38708124115 -79.4855346664
-7.40770521977 -9.38048860479 -79.4981920318
-7.42391201324 -9.37092986472 -79.5061372994
-7.43316863645 -9.35873398311 -79.5091310997
-7.43522510132 -9.34428455037 -79.5071050107
-7.43009268775 -9.32800245631 -79.5001625694
-7.41803581215 -9.31032758494 -79.4885699898
-7.39954877488 -9.29170021263 -79.4727373555
-7.37531941489 -9.27254276515 -79.4531917056
-7.34618256867 -9.25324256809 -79.4305439721
-7.3130668548 -9.23413620956 -79.4054521118
-7.27693864419 -9.21549612054 -79.3785829863
-7.23874711323 -9.19751995844 -79.3505755627
-7.19937402138 -9.18032334462 -79.3220078367
-7.15959133883 -9.16393644453 -79.293369548
-7.1200291272 -9.14830478039 -79.265042277
-7.0811552141 -9.13329452351 -79.2372879459
-7.04326727578 -9.11870232394 -79.2102461201
-7.00649702955 -9.1042695034 -79.1839398837
-6.97082540828 -9.08970017222 -79.1582894836
-6.9361069043 -9.07468255003 -79.1331324421
-6.90210077216 -9.05891249388 -79.1082484668

/group/knee_left/69
69
posId 69
-6.28325058751 -8.79722094714 -79.1042097248
-6.2484853215 -8.76853004264 -79.0738211308
-6.2117121759 -8.73956180345 -79.0420584472
-6.17342544232 -8.71091251867 -79.009405755
-6.13431384354 -8.68323127833 -78.9764873592
-6.09521615416 -8.65718736012 -78.9440301036
-6.05706659005 -8.63343749616 -78.9128190426
-6.02083486115 -8.61259496973 -78.8836501681
-5.9874659471 -8.59520219082 -78.8572839194
-5.95782435208 -8.58170801435 -78.8344028968
-5.93264688001 -8.57245063982 -78.8155766219
-5.91250693607 -8.56764650641 -78.8012354025
-5.89779212722 -8.56738521025 -78.7916544548
-5.88869563585 -8.57163014708 -78.7869485058
-5.88522061179 -8.58022434003 -78.7870762413
-5.8871957861 -8.59290075377 -78.7918532437
-5.8942997471 -8.6092963163 -78.8009715514
-5.9060908915 -8.62896885356 -78.8140236902
-5.92203998643 -8.65141616925 -78.8305289836
-5.94156252822 -8.67609655071 -78.8499601266
-5.96404860227 -8.7024500292 -78.8717683515
-5.98888864741 -8.72991975487 -78.8954059809
-6.0154943084 -8.75797285212 -78.9203456609
-6.04331431398 -8.78612010075 -78.9460960572
-6.07184595177 -8.8139337491 -78.9722141893
-6.10064314936 -8.84106272309 -78.9983148526
-6.12932236816 -8.86724446979 -79.0240776972
-6.15756746138 -8.8923126873 -79.0492525028
-6.18513436328 -8.91620026588 -79.07366302
-6.21185601821 -8.93893691191 -79.0972095002
-6.23764740285 -8.96064115449 -79.119869733
-6.26250993584 -8.98150674007 -79.1416981388
-6.28653409933 -9.0017837882 -79.1628222591
-6.30989879991 -9.02175548641 -79.1834359074
-6.33286593391 -9.04171150921 -79.2037883173
-6.35576882657 -9.06191971517 -79.2241688552
-6.37899368223 -9.08259796563 -79.2448872518
-6.40295387591 -9.10388807979 -79.266249796
-6.42805776339 -9.12583396329 -79.2885324943
-6.4546715924 -9.14836580214 -79.3119527386
-6.48307995032 -9.17129189621 -79.3366414921
-6.51344687389 -9.19429923054 -79.3626183163
-6.54578117222 -9.2169632762 -79.3897716685
-6.57990960138 -9.2387668206 -79.4178467675
-6.61546123361 -9.25912690469 -79.4464429318
-6.65186568724 -9.27742825364 -79.4750216673
-6.68836686434 -9.29306099139 -79.5029259602
-6.72405256483 -9.30545998526 -79.5294102785
-6.7578989222 -9.31414292112 -79.5536798014
-6.78882717396 -9.31874419368 -79.5749364636
-6.81576898474 -9.31904192058 -79.5924286273
-6.83773551908 -9.31497584302 -79.605500661
-6.85388483201 -9.30665452911 -79.6136384767
-6.86358198894 -9.2943510973 -79.6165071988
-6.86644668112 -9.2784875629 -79.6139776106
-6.8623839553 -9.25960880567 -79.6061388231
-6.85159496524 -9.23834798607 -79.5932956725
-6.8345662698 -9.21538592868 -79.5759505877
-6.81203800574 -9.19140748517 -79.5547709731
-6.78495308797 -9.16705814061 -79.5305443984
-6.75439126473 -9.1429041149 -79.5041249663
-6.72149322123 -9.11939893513 -79.476375037
-6.68738084905 -9.09685893856 -79.4481069403
-6.65308018812 -9.07544945449 -79.4200293652
-6.61945336062 -9.05518256718 -79.3927027569
-6.58714506443 -9.03592645382 -79.3665073193
-6.55654794294 -9.01742539799 -79.3416261638
-6.52778951311 -8.99932877467 -79.3180448663
-6.50074146348 -8.98122665174 -79.2955673071
-6.47505020245 -8.96268920655 -79.2738462965
-6.45018572108 -8.94330694464 -79.2524262564
-6.42550430056 -8.92272874109 -79.2307942479
-6.40031947926 -8.90069499185 -79.2084349853
-6.37397509499 -8.87706363056 -79.1848852209
-6.34591418071 -8.85182738869 -79.1597830323

/group/knee_left/72
72
posId 72
-8.09010529775 -5.18450226662 -79.6430458961
-8.03828743941 -5.15857974764 -79.6029151792
-8.05135247288 -5.10821005983 -79.5965461666
-8.07886998622 -5.07099187726 -79.6030856167
-8.11727241871 -5.06385648556 -79.6251932111
-8.17865371296 -5.05625546419 -79.6616314549
-8.22491644233 -5.04847105014 -79.6884991885
-8.24634466799 -5.06792420512 -79.7076247764
-8.27752353224 -5.09866673794 -79.7361594275
-8.2989517579 -5.11811989292 -79.7552850154
-8.27509368844 -5.14792048511 -79.7489001375
-8.24574454613 -5.19090151374 -79.7428773229
-8.23463581752 -5.20835408451 -79.7409407526

/group/knee_left/81
81
posId 81
-7.41134179955 -5.05881203775 -80.3187719314
-7.33893832463 -5.04277538783 -80.2901878904
-7.30410061543 -5.0116641153 -80.2726702495
-7.29707216704 -4.97333394843 -80.2639788804
-7.30060870803 -4.93241410418 -80.2586652836
-7.31217083392 -4.8925460112 -80.2564033108
-7.33904309292 -4.85946259903 -80.2607316143
-7.38147620141 -4.83797056492 -80.2725136073
-7.43118561016 -4.82752351547 -80.2886859675
-7.48205898805 -4.8246579606 -80.3064961853
-7.53176839681 -4.82950502657 -80.3251292749
-7.5742015053 -4.84621678442 -80.3430580239
-7.6010737643 -4.87627291845 -80.3575450933
-7.61263589018 -4.91483848711 -80.3679026158
-7.61617243118 -4.95535992446 -80.3756924219
-7.60914398279 -4.99448187695 -80.3794626239
-7.57430627359 -5.02951777061 -80.3725876566

/group/knee_left/84
84
posId 84
-7.15723125865 -4.96689693885 -80.4793843076
-7.08773416234 -4.96650066476 -80.4598345811
-7.02126833752 -4.96306649688 -80.4407463347
-6.9625962022 -4.95528469129 -80.4232880556
-6.91602366279 -4.94216515468 -80.4085410789
-6.88442384115 -4.92340093905 -80.3972722181
-6.86857648764 -4.89953683756 -80.3897700124
-6.86702592048 -4.87190654575 -80.3857968211
-6.87651285202 -4.84237057034 -80.3846764211
-6.89286875089 -4.81294234968 -80.3854970635
-6.91212463731 -4.78541615382 -80.3873749233
-6.93152028098 -4.7611007578 -80.3897031479
-6.95012507908 -4.74072207176 -80.3923135909
-6.96889221367 -4.72449967686 -80.395501807
-6.99013174878 -4.7123453694 -80.3999046423
-7.01655874671 -4.70409436339 -80.4062627674
-7.05019948721 -4.69967342557 -80.4151353233
-7.09148482089 -4.69913671185 -80.4266501296
-7.13881014732 -4.7025507997 -80.440365505
-7.18870966289 -4.70976893413 -80.4552902473
-7.23661557238 -4.72018162842 -80.4700647116
-7.27800152738 -4.73255045706 -80.4832603443
-7.30959314583 -4.74501632377 -80.4937203803
-7.33030116804 -4.75532568727 -80.5008506304
-7.34160336625 -4.76125139955 -80.5047805236
-7.34725052657 -4.76111867181 -80.5063479659
-7.3523578708 -4.75430168565 -80.5069080106
-7.36211372933 -4.74154757826 -80.5080120344
-7.38044399987 -4.72501695381 -80.5110382087
-7.40898389441 -4.7079968155 -80.5168662402
-7.44662429376 -4.69432570731 -80.5256764778
-7.48974282742 -4.68764910644 -80.5369193983
-7.53304423712 -4.69067368673 -80.5494558951
-7.5707729884 -4.70459701373 -80.5618244749
-7.59796845113 -4.72885103691 -80.57256058
-7.61143412567 -4.7612225948 -80.580483958
-7.6101851332 -4.79832153684 -80.5848841596
-7.59529416547 -4.83628149747 -80.5855670524
-7.5692292694 -4.87152259288 -80.5827666879
-7.53491700857 -4.90139406376 -80.5769647415
-7.49483188509 -4.92455075944 -80.5686832401
-7.45038945962 -4.94099015899 -80.5583190285
-7.40181524745 -4.95176626568 -80.5460703484
-7.34850701669 -4.95847884626 -80.5319730852
-7.2897514798 -4.96268929305 -80.5160270511

/group/knee_left/96
96
posId 96
-6.92685251675 -4.93264635896 -80.5866323648
-6.86824030555 -4.94051384634 -80.567853788
-6.82142554283 -4.9358185879 -80.5490491587
-6.78859082764 -4.92085352617 -80.5318141272
-6.76440487575 -4.89885770533 -80.5153153367
-6.73997187436 -4.87326583888 -80.4974793743
-6.70889236566 -4.84705253838 -80.4769892911
-6.67178213903 -4.82219030486 -80.4547547731
-6.63649127838 -4.79928943031 -80.4338676904
-6.61388648944 -4.77757730514 -80.4180473931
-6.61176756501 -4.75536714707 -80.4095710457
-6.63058711701 -4.73098894607 -80.4080258302
-6.66346246287 -4.70387663544 -80.4106901615
-6.70028804933 -4.67530667877 -80.4142986232
-6.73328770446 -4.64833889606 -80.4170586644
-6.76062515383 -4.626854866 -80.419642029
-6.78610182204 -4.6140662769 -80.4245568121
-6.81552618391 -4.61120395547 -80.434360886
-6.85235679232 -4.61707482446 -80.4499096827
-6.89543507444 -4.62876192333 -80.4697669746
-6.93999550973 -4.64314657758 -80.4911031666
-6.98084547646 -4.65847991935 -80.5114067801
-7.01521867005 -4.67518416819 -80.5298091715
-7.04323303651 -4.69545887298 -80.547116064
-7.06577111902 -4.72188981872 -80.5645476072
-7.08158968826 -4.75576742267 -80.5820949483
-7.08613522123 -4.79594668411 -80.5976904272
-7.07338730926 -4.8387745593 -80.6078587779
-7.03984232377 -4.87906487847 -80.6095167413

/group/knee_left/99
99
posId 99
-7.01507600481 -4.95930212981 -80.5093887525
-6.95992800069 -4.96246384854 -80.4870658817
-6.91026350807 -4.96143375193 -80.4652067135
-6.86899702329 -4.9541245656 -80.4441214161
-6.83809115806 -4.93889204262 -80.4239107661
-6.81843412517 -4.91504366256 -80.4046437443
-6.80997268412 -4.88318203646 -80.3865703133
-6.81201149995 -4.84528003531 -80.3702843874
-6.82355340458 -4.80444639992 -80.3567642532
-6.84356160559 -4.76441659666 -80.3472549454
-6.87106963129 -4.72887419516 -80.3430082873
-6.90513116356 -4.70075418681 -80.3449457852
-6.94466699736 -4.68168866292 -80.3533416798
-6.98830821382 -4.67172405604 -80.3676273447
-7.03433912378 -4.66937529923 -80.3863912361
-7.08080876561 -4.67200204324 -80.4075972921
-7.12581677088 -4.67641607415 -80.4289831398
-7.16790884286 -4.67957664812 -80.4485453316
-7.20646271013 -4.67921454051 -80.4649881969
-7.24192673649 -4.67424932145 -80.4780155868
-7.27579935169 -4.66492037112 -80.4883813458
-7.31030333465 -4.65262482413 -80.4976756227
-7.34779714486 -4.63952554103 -80.5078937734
-7.39005041974 -4.62804145193 -80.5208934847
-7.43756636256 -4.6203496738 -80.537877428
-7.48914123707 -4.61801140207 -80.5590340972
-7.54180493897 -4.62178894555 -80.5834293535
-7.59119638384 -4.63166368047 -80.609176252
-7.63231613478 -4.647011105 -80.6338385059
-7.66049621708 -4.66685427409 -80.6549629981
-7.67236207693 -4.69010899566 -80.6706051772
-7.66655335272 -4.71575309031 -80.679716176
-7.64402267564 -4.74288955392 -80.6823001212
-7.60783266812 -4.77071621846 -80.6793129528
-7.56249480197 -4.79844820081 -80.6723425218
-7.51300747281 -4.82525334716 -80.6631650115
-7.4638245446 -4.85025113233 -80.6533001465
-7.41800028703 -4.87259608654 -80.6436806593
-7.37670852686 -4.89162835749 -80.6345133512
-7.33923622786 -4.90704014448 -80.6253516966
-7.3034309469 -4.91898984399 -80.6153402744
-7.26646979166 -4.92810287823 -80.6035463665
-7.22574366317 -4.93532865168 -80.5892760623
-7.17963280604 -4.94166843458 -80.5722850926
-7.12799047897 -4.94783536123 -80.5528331964

