/group/LPA_005/0
0
posId 0-3.35346937903 8.73419112741 -7.30623357399
-3.3356527103 8.7624273026 -7.33011202553
-3.31676493444 8.78807899505 -7.35445666448
-3.29760063568 8.81066158023 -7.37837792647
-3.27868680414 8.8296137085 -7.40123151258
-3.26022334398 8.8443238293 -7.42268278305
-3.24209796296 8.85419676658 -7.44270721477
-3.22397206939 8.85874860489 -7.46152757643
-3.20541822091 8.85770902502 -7.47950219379
-3.18607785855 8.85110583097 -7.49698927415
-3.16580324476 8.83930805781 -7.5142173577
-3.14475085289 8.82301165089 -7.53119041716
-3.12340422717 8.80316373066 -7.54764827682
-3.1025201499 8.78083527145 -7.56309062499
-3.08300925938 8.75706446751 -7.57685872501
-3.06577714916 8.73270118394 -7.58825615817
-3.05156106903 8.70828463151 -7.59668140433
-3.04079856747 8.68398109329 -7.60174266757
-3.03355746392 8.65959707755 -7.60332958344
-3.02954296545 8.6346679957 -7.60162630886
-3.02818059108 8.60860660513 -7.59706373876
-3.02875669371 8.58088246345 -7.59022221301
-3.0305855647 8.55119640319 -7.58170700614
-3.03316624103 8.51961423773 -7.57202469444
-3.03629451046 8.48663163278 -7.56148791231
-3.04010566588 8.45315577308 -7.55016924003
-3.04503901014 8.42040625986 -7.53791360657
-3.0517324605 8.38975404279 -7.52440526954
-3.0608709466 8.3625296534 -7.50927319586
-3.07302220737 8.33983794066 -7.49221028171
-3.08849589562 8.32241470152 -7.473079181
-3.10725615236 8.31055150765 -7.45198109312
-3.12890540402 8.30410067398 -7.42927279019
-3.15274094961 8.30255582234 -7.40552931642
-3.1778696598 8.30518840123 -7.38146231993
-3.2033534998 8.31121000466 -7.35781397231
-3.22835244247 8.31992650355 -7.33525159615
-3.25223297642 8.33085347815 -7.31428729939
-3.2746193548 8.34377222547 -7.29524035517
-3.29537881502 8.35871936319 -7.27824935471
-3.31454789667 8.37591761176 -7.2633288544
-3.33222096784 8.39566747645 -7.2504542627
-3.34843088154 8.41822668664 -7.23965167945
-3.36305328559 8.44370500648 -7.23106800001
-3.37576015361 8.47199652821 -7.22500119578
-3.38603601107 8.50276134234 -7.22188023937
-3.39325495342 8.5354561265 -7.2221964387
-3.39680151783 8.56940169881 -7.22640009803
-3.39620733183 8.6038676371 -7.23478555799
-3.39127087493 8.63815144495 -7.24739157504
-3.38213079157 8.67163290011 -7.2639416706

/group/LPA_005/3
3
posId 3-3.40871962615 8.43213155997 -7.28140898859
-3.4240825029 8.47365599013 -7.27481540585
-3.435589833 8.51685012163 -7.27235140021
-3.44289275774 8.55942075617 -7.27389031958
-3.44590871488 8.59941206299 -7.27911294748
-3.44482928497 8.63550976262 -7.28756205619
-3.44008517278 8.66719532134 -7.29870837145
-3.43227394064 8.69471848829 -7.31201594828
-3.42206395568 8.71889993339 -7.32699613941
-3.41009306039 8.74081587737 -7.34324259332
-3.39688155134 8.76144373501 -7.36044421536
-3.38277588922 8.78135544336 -7.37837769788
-3.36793286729 8.80053165127 -7.39688504121
-3.3523452515 8.81833882749 -7.41584367823
-3.33590114304 8.83367042036 -7.43513704798
-3.31846246496 8.84521264092 -7.45463188944
-3.29994453759 8.85176523579 -7.47416572137
-3.28037937039 8.85253512504 -7.49354476541
-3.25994979089 8.84732891763 -7.51254982168
-3.23898870457 8.83659686274 -7.530945992
-3.21794589236 8.82131896532 -7.54849198875
-3.19733189534 8.8027641549 -7.56494596999
-3.17765309022 8.78218546771 -7.58006693182
-3.15935307092 8.76053017004 -7.59361296388
-3.14277284622 8.73823966284 -7.60533939594
-3.1281369372 8.71519094152 -7.61500047402
-3.11556565885 8.6907951779 -7.62235747271
-3.10510742661 8.66422877044 -7.62719424859
-3.09678041621 8.63473810952 -7.62933869298
-3.09061135977 8.60193993784 -7.62868609653
-3.08666093766 8.5660394815 -7.62521885146
-3.08502955311 8.52790849475 -7.61901675298
-3.08584302347 8.48900008075 -7.61025362181
-3.08922332787 8.45111798335 -7.59917882015
-3.09525353004 8.41609478526 -7.58608584484
-3.10394732173 8.38545686076 -7.57127366993
-3.11523200205 8.36015806322 -7.55500895816
-3.1289496076 8.3404478029 -7.53749794838
-3.14487548518 8.32590630797 -7.51887542643
-3.1627483592 8.31563852222 -7.49921487381
-3.18230235323 8.308578499 -7.47855931339
-3.20329052016 8.30382815765 -7.45696753086
-3.22549154676 8.30094491943 -7.43456636251
-3.24869595271 8.30010450374 -7.41159757572
-3.27267412656 8.30209530933 -7.38844812132
-3.29713435188 8.30814203497 -7.36565526798
-3.32168298946 8.31959844254 -7.34388283387
-3.3458000155 8.33758205411 -7.32387044688
-3.36884071277 8.36263897229 -7.30636327705

/group/LPA_005/6
6
posId 6-3.54440908274 8.61883655476 -7.42871419302
-3.53456156982 8.65568631128 -7.44482617703
-3.5216869123 8.68873696294 -7.46325391358
-3.50621616469 8.71701518301 -7.48340365402
-3.48872317398 8.73998405278 -7.50461725288
-3.46988885296 8.75750556023 -7.52620077753
-3.45042912336 8.76973984451 -7.54747783169
-3.43099983825 8.77701470681 -7.56786034287
-3.41210175229 8.7797016697 -7.5869204443
-3.39401203534 8.77812770759 -7.60444246267
-3.37676437961 8.77253751858 -7.62043591105
-3.3601882258 8.7631045217 -7.63509881599
-3.34400199737 8.74997469683 -7.64873363775
-3.32793983006 8.73331989063 -7.66163188848
-3.31188059849 8.71337801873 -7.67395420624
-3.29594538613 8.69046578465 -7.68563668276
-3.28053606141 8.66496192807 -7.69634999236
-3.26630188543 8.63727122411 -7.70552596676
-3.25403942762 8.60778729965 -7.71244957426
-3.24454859848 8.57687315315 -7.71639715673
-3.23847952409 8.54487175837 -7.71678892088
-3.23620794356 8.51214744979 -7.7133187354
-3.23776987699 8.47914585693 -7.70602885226
-3.24287125479 8.44645044828 -7.69531029101
-3.25096901516 8.41481085515 -7.68182799394
-3.26140199363 8.38512360368 -7.6663886998
-3.27353759566 8.35835860188 -7.64978383349
-3.28689699362 8.33544122626 -7.63264578291
-3.30122815973 8.31711523262 -7.61535215084
-3.31651050105 8.30382110528 -7.59799998737
-3.33289315652 8.29562449462 -7.58045401673
-3.35058614859 8.29221930573 -7.56245425926
-3.36973499304 8.29301196985 -7.54375407975
-3.39031219641 8.29727207593 -7.52425319099
-3.41205289439 8.30431568873 -7.50409293014
-3.43444879085 8.31367673593 -7.48369209997
-3.45679846616 8.32522223712 -7.46371756449
-3.47829763297 8.33917928607 -7.4450001604
-3.49814397114 8.35606278228 -7.42841896321
-3.51562995503 8.37651761283 -7.41478245208
-3.53020345327 8.40111088017 -7.40473267098
-3.54148748549 8.43012306212 -7.39868938458
-3.54926357516 8.46338811007 -7.39683857927
-3.55343358996 8.50022108105 -7.39915738793
-3.55397971458 8.53945091718 -7.40545918268

/group/LPA_005/9
9
posId 9-3.42324280726 8.55443092513 -7.87004032658
-3.43367757603 8.59683656794 -7.86523039874
-3.44634988266 8.63528301202 -7.85770337346
-3.46090202994 8.6678547755 -7.847564485
-3.47729065561 8.69342390029 -7.83471080435
-3.4957111659 8.71181632455 -7.81892721975
-3.51641536289 8.72375059678 -7.80005830478
-3.53948422404 8.73055769036 -7.77819612673
-3.56463423941 8.73375314557 -7.75381590179
-3.59112662235 8.73457670564 -7.72780603937
-3.61781677369 8.73362640111 -7.70137212234
-3.64333667513 8.73068942424 -7.67583526082
-3.66635968045 8.72481770772 -7.65238082162
-3.68586937775 8.71462744249 -7.63183206624
-3.70135091602 8.69873876493 -7.61451832634
-3.71284578277 8.67623283086 -7.60028003493
-3.72085260806 8.6469996809 -7.58861144063
-3.72610417843 8.61188245424 -7.57889905278
-3.72928947943 8.57258178642 -7.57068330531
-3.73080698404 8.53135125346 -7.56386243195
-3.73062593186 8.49057088707 -7.55877413698
-3.72829880813 8.45231516173 -7.55612749899
-3.72312103638 8.41802691216 -7.5568034322
-3.71438778688 8.38837228914 -7.56158279191
-3.7016672259 8.3632962836 -7.57088417595
-3.68500409357 8.34224098946 -7.58459142597
-3.66498893211 8.32444684005 -7.60202428681
-3.64266989478 8.30924220778 -7.62206274709
-3.61933283082 8.29624172011 -7.64338944416
-3.59621601672 8.28541167753 -7.6647793312
-3.57424580807 8.27700836346 -7.68535230465
-3.55387248379 8.27143579989 -7.70471665832
-3.53505396523 8.26909056443 -7.72296509131
-3.51738893155 8.27025670861 -7.74052991144
-3.5003546531 8.27508655386 -7.75794609854
-3.48357308035 8.28366383229 -7.77559714831
-3.46702118153 8.2961088876 -7.79352130786
-3.45112034391 8.31266501684 -7.81133459486
-3.43667864207 8.33370839004 -7.82828899061
-3.42470642076 8.3596507869 -7.84344167726
-3.41616511633 8.3907457575 -7.85587761556
-3.41172912813 8.42685041087 -7.86491352743
-3.41163475604 8.46722183907 -7.87022052172

/group/LPA_005/12
12
posId 12-3.66952600015 8.66562503449 -7.99480014121
-3.64612220179 8.6394942106 -8.01651862841
-3.62600683728 8.61026096151 -8.03481460529
-3.60977472842 8.57890994955 -8.04915363232
-3.59763447347 8.54610890795 -8.05936593923
-3.58945953288 8.5122141268 -8.06559619557
-3.58490608512 8.47739864998 -8.06819395593
-3.58356036472 8.44185742348 -8.06757915694
-3.58507253428 8.40601845664 -8.06412126292
-3.58924083252 8.37068536741 -8.0580638378
-3.59602645749 8.3370559061 -8.04951083797
-3.60550123608 8.30659779434 -8.03847157564
-3.61775015581 8.28080679579 -8.02494388083
-3.63276346184 8.26090948116 -8.00900455682
-3.65035472455 8.24759336998 -7.99087564632
-3.67013183896 8.24084364613 -7.97094417669
-3.69153042677 8.23993891362 -7.94972888903
-3.7138990354 8.24361573064 -7.92780497432
-3.73660903854 8.25036493256 -7.90571159237
-3.7591542695 8.25878535356 -7.88387268874
-3.78120855481 8.26790329082 -7.86255757777
-3.80262249947 8.27737408331 -7.8418951588
-3.82336008703 8.28751348194 -7.82193834369
-3.84339501913 8.29915241533 -7.80275863789
-3.86260025576 8.31335646484 -7.78454003953
-3.88066765824 8.33108748322 -7.76763999576
-3.89708671077 8.35289924396 -7.75259378658
-3.91119415201 8.3787478736 -7.74005505445
-3.92228495308 8.4079644446 -7.73068453326
-3.92975577614 8.43939112432 -7.7250156049
-3.93324069354 8.47163681788 -7.72333405316
-3.93269916039 8.50337616999 -7.72560741879
-3.92842828952 8.53360600806 -7.73148689823
-3.9209921738 8.56178824858 -7.7403850764
-3.91108452885 8.58784326436 -7.75161142631
-3.89936053492 8.61200233381 -7.76453055907
-3.88628368429 8.63456902231 -7.77870064571
-3.87203061602 8.65566528106 -7.79395364598
-3.85648187725 8.67504136764 -7.81039403963
-3.83930332162 8.69200873523 -7.82831463938
-3.82009785722 8.7055179334 -7.84805075922
-3.79858747954 8.71436038812 -7.86981120951
-3.77477654917 8.71743642597 -7.89353147011
-3.74905167659 8.71401274545 -7.91878898907
-3.72219018923 8.70389619661 -7.94480432196

/group/LPA_005/15
15
posId 15-3.87925599581 8.70317604285 -8.09958275277
-3.84958391586 8.69243078372 -8.13000946955
-3.82213595388 8.67615797337 -8.15869423825
-3.79855483658 8.6551194769 -8.18393834886
-3.77998282186 8.63025275542 -8.20452593332
-3.76690463451 8.60249738348 -8.2198949436
-3.75914630081 8.57265505715 -8.23015021978
-3.75601976765 8.54132230603 -8.23592537205
-3.75656549515 8.50891179348 -8.23813967969
-3.75982224667 8.47574997585 -8.2377214431
-3.76505094558 8.44221448239 -8.23537364328
-3.77185759399 8.40886130048 -8.23144086414
-3.7801928827 8.37649386074 -8.22590380357
-3.79024329977 8.34614303578 -8.21848928115
-3.8022592848 8.31895405476 -8.20885078048
-3.81638149951 8.29600548119 -8.19675664427
-3.83252254682 8.27810802219 -8.18222483461
-3.85034025703 8.26564013239 -8.16556348812
-3.86930695807 8.2584700778 -8.14730864779
-3.88884698048 8.25599204398 -8.12808442525
-3.90849203112 8.25727306217 -8.10843596322
-3.92799799059 8.26127667109 -8.08869423916
-3.9473790138 8.26710716186 -8.06892137054
-3.96684172969 8.27421139779 -8.04895889305
-3.98663550835 8.28248571098 -8.02856759545
-4.00686384136 8.29226048073 -8.00761643748
-4.0273176305 8.30416776026 -7.98625962618
-4.047388299 8.31892860408 -7.96504112938
-4.06609741968 8.33711783107 -7.94488521787
-4.08224588098 8.35896899545 -7.9269646918
-4.09464929747 8.38427004245 -7.9124756114
-4.10239829174 8.41237411117 -7.90237749485
-4.10507114364 8.4423176831 -7.89717176091
-4.10283604751 8.47300893167 -7.89678399872
-4.09640870752 8.50343094749 -7.90058885656
-4.08687055569 8.53280245917 -7.90757717476
-4.07539239058 8.56065303508 -7.91662446483
-4.06293634481 8.58679611915 -7.92678963411
-4.05001746052 8.61121381487 -7.93756193046
-4.03659192691 8.63389317139 -7.94898603097
-4.02210574296 8.65466741358 -7.96162714701
-4.00569420316 8.67311328531 -7.97638134321
-3.9864811238 8.68853832581 -7.99417900148
-3.96389869352 8.70006474693 -8.01565955388
-3.93794213234 8.70678771021 -8.04090472765

/group/LPA_005/18
18
posId 18-4.16126057526 8.61477492339 -8.09516045999
-4.1407508395 8.65118805211 -8.10656229138
-4.11930051987 8.68336440681 -8.11990230856
-4.09745191097 8.7091632855 -8.13516127434
-4.07549785845 8.72712745997 -8.15240097607
-4.05356417349 8.73681789346 -8.17160314893
-4.03173813966 8.73887558681 -8.19252855015
-4.01019175951 8.73477816509 -8.21465433775
-3.98925284809 8.72635901845 -8.2372195227
-3.96939836695 8.71523755373 -8.25936802693
-3.95117462883 8.70234232175 -8.28034125122
-3.9350771545 8.68768206777 -8.29965083299
-3.92143877016 8.6704409056 -8.31716565468
-3.91037216462 8.64936843174 -8.33307473914
-3.90179327493 8.62333855114 -8.3477304014
-3.89552154381 8.59189448282 -8.36141927547
-3.89142317 8.55560079835 -8.37413738783
-3.88954486534 8.51608544911 -8.38544882803
-3.89018541197 8.47575497409 -8.39448376645
-3.89387114798 8.43727119236 -8.40008789977
-3.90123333476 8.40295298162 -8.4010861324
-3.91281939767 8.37428777086 -8.39658486135
-3.92889449681 8.3516980518 -8.38622264569
-3.94929607008 8.33462268652 -8.37029346512
-3.9733893354 8.32187039359 -8.34970568858
-4.0001407922 8.31211792507 -8.32579057781
-4.0282896991 8.30438582013 -8.30002001754
-4.05656668575 8.29834198998 -8.2737192444
-4.08389442236 8.29434985812 -8.24785839021
-4.1095123917 8.29326891608 -8.22297782838
-4.13299385445 8.29609915707 -8.19925672225
-4.15415924454 8.3036082554 -8.17668734329
-4.17292427534 8.31607634647 -8.15528528131
-4.18914155431 8.33324110977 -8.13525803058
-4.20249473558 8.35444585062 -8.11707337892
-4.21248437223 8.3789152471 -8.10140722
-4.21851168204 8.40603599442 -8.08899410707
-4.22003182059 8.4355199132 -8.08043776001
-4.21672381686 8.46737481035 -8.07605128525
-4.20861830948 8.50168574231 -8.07578423608
-4.19613845692 8.53828759437 -8.07926091922

/group/LPA_005/21
21
posId 21-4.26373399721 8.57942310878 -8.24306361389
-4.24730674453 8.62674409036 -8.24281232437
-4.22733704265 8.66698622268 -8.24816502891
-4.20580383635 8.69647252072 -8.25848950562
-4.18400491062 8.71457474377 -8.27278739471
-4.16234240148 8.72344651776 -8.28998056246
-4.14053941631 8.72668226941 -8.30914916442
-4.1181568772 8.72754341211 -8.32963284599
-4.09514327193 8.72755573953 -8.35097988777
-4.07214733262 8.7260650084 -8.37280260718
-4.0504525357 8.72085896711 -8.3946344887
-4.0315848591 8.70946466554 -8.41586938065
-4.01680340856 8.69045118798 -8.43580758594
-4.00672942834 8.66413172664 -8.4537702076
-4.00128423275 8.63241090116 -8.46920671758
-3.99993944765 8.59796782717 -8.48173023778
-4.00212291665 8.56327130782 -8.49106336106
-4.00755334902 8.52994402067 -8.49693582945
-4.01632946579 8.49873821499 -8.49900978423
-4.02874259359 8.47001185245 -8.49689775597
-4.04493580502 8.44431377249 -8.49028733015
-4.06461421941 8.42265231311 -8.47912197787
-4.08697699747 8.40624539376 -8.46374596565
-4.11091217279 8.39589726284 -8.44492763747
-4.13534297469 8.39141341831 -8.42372965251
-4.15952373486 8.39148953622 -8.40127081737
-4.18310659075 8.39426576202 -8.37848273897
-4.2059270226 8.39835030393 -8.35597369315
-4.22761952385 8.40379949258 -8.33406434051
-4.24728514803 8.41248192003 -8.31297695186
-4.26342671925 8.42750790659 -8.2930822969
-4.27424210332 8.45186110822 -8.27507554018
-4.27818199133 8.48679981796 -8.25998213017

/group/LPA_005/24
24
posId 24-4.37765126966 8.63986237022 -8.33287161337
-4.35706920394 8.67903084445 -8.33866191706
-4.3336814149 8.71160272178 -8.34867041176
-4.30880358063 8.73652989937 -8.36210878542
-4.28337404356 8.75399641226 -8.37814720839
-4.25799002244 8.7647516781 -8.39607588872
-4.23306127947 8.7694483226 -8.41536805679
-4.2089875983 8.76831168842 -8.4356279513
-4.18627086753 8.76126430436 -8.45646225612
-4.16551629504 8.74837574893 -8.47734986206
-4.14733722881 8.73033348225 -8.49758542051
-4.13222508668 8.70861950419 -8.51633629477
-4.12045858686 8.68523512745 -8.53279678326
-4.11210086949 8.66206208091 -8.54637403925
-4.10708392917 8.6401581844 -8.5568204915
-4.1053327285 8.61935149016 -8.56424766767
-4.10686031831 8.59837890963 -8.56900760995
-4.11178065453 8.57556452139 -8.57148740435
-4.12022952933 8.54976668519 -8.57190257281
-4.13223370385 8.52117122397 -8.57017757519
-4.14759827054 8.49154941147 -8.56596496269
-4.16587633898 8.46382379285 -8.55879520548
-4.18644495279 8.44109424539 -8.54829361671
-4.20865573568 8.42553000196 -8.5343739045
-4.2319856677 8.41761115406 -8.51733122104
-4.2561053504 8.41606391372 -8.49780423532
-4.28081573185 8.41853503297 -8.47663378474
-4.30586606891 8.42272395118 -8.45468837232
-4.33072797913 8.42748322442 -8.43273513382
-4.35443306654 8.43340356105 -8.41140622254
-4.37556724559 8.44261885827 -8.39125951641
-4.39245685262 8.45790276633 -8.37288404556
-4.40350336462 8.48143286282 -8.35697785687
-4.40755856654 8.5137376353 -8.34433987073
-4.40420905601 8.55325624383 -8.3357607743

/group/LPA_005/27
27
posId 27-4.3978884738 8.45478120832 -8.51992462509
-4.36166817916 8.44165948863 -8.54657849803
-4.32872670512 8.4343697811 -8.57035419247
-4.3010042999 8.432854394 -8.58990012684
-4.2782498178 8.43716584906 -8.60538673534
-4.25876627562 8.44746024901 -8.61798555489
-4.24071479526 8.46386084792 -8.62897068092
-4.22329351308 8.4862543312 -8.63891443695
-4.20721517165 8.51410845851 -8.6473715324
-4.19430117811 8.54638801172 -8.65317147417
-4.18647848103 8.58160437395 -8.65511536542
-4.18476323941 8.61798264148 -8.65267016745
-4.18879171258 8.65369107961 -8.64627388885
-4.19713591062 8.68706497407 -8.6370923319
-4.20819893616 8.71677098444 -8.62637625946
-4.22116305609 8.7418876145 -8.61479007782
-4.23643543559 8.76190642158 -8.60209988827
-4.25531617657 8.77667517641 -8.58741141672
-4.27904888049 8.78630588457 -8.5698434391
-4.3077687362 8.79106393265 -8.54927478765
-4.33994218537 8.79124965071 -8.52674821844
-4.37264707241 8.78708666447 -8.5042856108
-4.4025982833 8.77864082564 -8.48417857233
-4.42741575912 8.76580034254 -8.46810335066
-4.44647965256 8.74834165167 -8.45651598103
-4.46090987426 8.72608214043 -8.44865129235
-4.47265211374 8.69908599842 -8.44314168373
-4.48312202477 8.66785823949 -8.43894618649
-4.49210794528 8.63345139167 -8.43610741088
-4.4975248031 8.59742948644 -8.4359273175
-4.49619486984 8.56168112009 -8.44043974751
-4.4853126862 8.52813009974 -8.45141458127
-4.46389502282 8.49843440624 -8.46937353631

/group/LPA_005/30
30
posId 30-4.49423771038 8.52236371301 -8.5892363389
-4.46569782741 8.48631398753 -8.6002723914
-4.43447561556 8.46438768989 -8.61514092788
-4.40316015255 8.45670203403 -8.63233746579
-4.37352062483 8.4593973527 -8.65020507325
-4.34644564846 8.46729589477 -8.66739447381
-4.32218198069 8.47694936895 -8.68321006836
-4.30071142856 8.48826168019 -8.69764722108
-4.28210206948 8.50381852122 -8.71107861822
-4.26672668664 8.52650669176 -8.72374574688
-4.25530973792 8.55703628911 -8.73533574597
-4.24881184463 8.59295049982 -8.74489130276
-4.2481864768 8.62967670745 -8.75112157995
-4.25406567339 8.66283758006 -8.75295601486
-4.26646214582 8.6902748012 -8.75004261123
-4.28460108982 8.71251595676 -8.74292141294
-4.3069846822 8.73151259593 -8.73278512449
-4.3317218883 8.74863650235 -8.7209652383
-4.35703821892 8.76336460043 -8.7084222174
-4.3817684277 8.7735334067 -8.69549625074
-4.40559953747 8.77690164161 -8.6820137066
-4.42891340039 8.77282304247 -8.66764677705
-4.45225628717 8.76275198591 -8.65230623559
-4.47565558477 8.74914232867 -8.63636766316
-4.49810744816 8.73347981401 -8.62065879606
-4.5175084779 8.71488754937 -8.60627712259
-4.53111246662 8.69045154992 -8.59437313675
-4.53635050555 8.65728647883 -8.58599759801
-4.53168050282 8.6151359802 -8.58201682138

/group/LPA_005/33
33
posId 33-4.55905510244 8.50677816216 -8.6974775665
-4.52875105234 8.4711149622 -8.70258414185
-4.49794635566 8.44631273576 -8.71167865538
-4.4684376216 8.43418769438 -8.72435672314
-4.44080666235 8.43287895535 -8.73965246511
-4.41477265219 8.43835960231 -8.75635302204
-4.38995972244 8.44688119065 -8.77339461877
-4.36660667837 8.45696375323 -8.79013665456
-4.34580317021 8.4698479427 -8.80638129542
-4.32913423941 8.48823717607 -8.82214715682
-4.31797304662 8.51414293649 -8.83733767374
-4.31286732432 8.54713821099 -8.85149521519
-4.31339875146 8.58404867631 -8.86377592077
-4.31859869671 8.62024395221 -8.87315305577
-4.3276577551 8.65174877821 -8.87873251365
-4.34047909472 8.67692902345 -8.88001235563
-4.35771127327 8.69678492905 -8.87696408626
-4.3802065009 8.71372879213 -8.86992458156
-4.4082020568 8.72962857588 -8.85939548249
-4.44070552366 8.74432443571 -8.84588769522
-4.47546609502 8.75552184723 -8.82990130323
-4.5095871073 8.76011808248 -8.81202881609
-4.54046769535 8.75613769868 -8.7930785337
-4.56656878226 8.744068255 -8.77409351733
-4.58759542653 8.72673560674 -8.75620518823
-4.60402068675 8.70773775799 -8.74037066249
-4.61625405997 8.68934565517 -8.7271308496
-4.62396110963 8.67114347577 -8.71653452315
-4.62595105493 8.65028940508 -8.70829126703
-4.62071660061 8.62334519924 -8.70208765595
-4.60732684427 8.58868795379 -8.69790076522

/group/LPA_005/36
36
posId 36-4.59883641788 8.4504440968 -8.81922854313
-4.56790078381 8.42785173029 -8.82869253873
-4.54122240748 8.41300330292 -8.8389736862
-4.51913623199 8.40651654368 -8.85014014832
-4.50002886241 8.40761779381 -8.86287053367
-4.48144989356 8.41454526326 -8.87792717214
-4.46156061148 8.42536329314 -8.8956014618
-4.44021303015 8.43879646206 -8.91540483844
-4.41914901422 8.45467180513 -8.93614358747
-4.40125683932 8.47374809961 -8.95631650077
-4.38929126417 8.49701898155 -8.97461521027
-4.38471529813 8.52484527879 -8.99026854803
-4.38723363094 8.55636314653 -9.00307043958
-4.39521179899 8.58947984325 -9.01310974843
-4.40671132293 8.62147517059 -9.02038293629
-4.42056096551 8.64992229324 -9.02452966511
-4.43688575461 8.67348116612 -9.02485711663
-4.45682144256 8.69218214562 -9.02065240696
-4.48158635683 8.7070729476 -9.01161505901
-4.51142842728 8.71941833864 -8.99816481058
-4.5450303436 8.72985857069 -8.98143739865
-4.57970808621 8.73794187448 -8.96294372539
-4.6123113415 8.74224764912 -8.94405001945
-4.64035702558 8.74101567086 -8.92554023805
-4.66280116755 8.73294841564 -8.90748904854
-4.68004794883 8.71778357837 -8.8895178617
-4.69320580594 8.69637249754 -8.87130671457
-4.7030104698 8.6702690435 -8.85309541124
-4.70902356807 8.64108807224 -8.83590295181
-4.70957830715 8.60999887767 -8.82133064211
-4.70254816922 8.57762422398 -8.81102403243
-4.68656624014 8.54437451637 -8.80604549044
-4.66205888692 8.51099229078 -8.80646175211

/group/LPA_005/39
39
posId 39-4.64779043099 8.38654668695 -8.94725291818
-4.60563135706 8.36710261614 -8.97105016018
-4.56843453494 8.35896622097 -8.99679296002
-4.54064359695 8.36326618746 -9.02148847707
-4.52303446944 8.37813060679 -9.04352524012
-4.51305243557 8.39937406438 -9.06276267718
-4.5067834266 8.42229099756 -9.07988372446
-4.50139218491 8.44365808587 -9.0954805923
-4.49664892119 8.46291079927 -9.1094416618
-4.49474524373 8.48189253996 -9.12096804226
-4.49861953714 8.50334404327 -9.12913030445
-4.50987212408 8.52897799167 -9.13353804105
-4.52755397896 8.55819152559 -9.13464002014
-4.54855309776 8.58809519123 -9.13342754662
-4.56932268519 8.61479693873 -9.13071523529
-4.58788157861 8.63519357336 -9.12646910103
-4.60485269255 8.64827198419 -9.11965315214
-4.62288470008 8.65523690179 -9.10876343901
-4.64477816553 8.65846641026 -9.09279092241
-4.67142674192 8.65995114435 -9.07206189187
-4.7008138128 8.66012657887 -9.04843331935
-4.72869296935 8.65773018368 -9.02466840919
-4.75058577107 8.65068753409 -9.00329037332
-4.76394140672 8.63743294299 -8.98553420336
-4.76919176315 8.61785165209 -8.97099089003
-4.76907607231 8.59330854541 -8.95816767157
-4.76663121472 8.56582024817 -8.94567452765
-4.76304673705 8.53696541681 -8.93338208904
-4.7566896605 8.50728149534 -8.92289132442
-4.7439398537 8.4765712865 -8.91702058016
-4.72142039438 8.44493893605 -8.91855047858

/group/LPA_005/42
42
posId 42-4.77427870842 8.37694289793 -9.05140095277
-4.75037027856 8.33610959004 -9.05540949175
-4.72852290561 8.31592039138 -9.06852604519
-4.70912352321 8.31349585301 -9.08873126571
-4.69110355897 8.31957404484 -9.11209865304
-4.67384016964 8.32664590735 -9.13517440723
-4.65783012649 8.33408407413 -9.15706049847
-4.64421319326 8.34646339722 -9.1790167939
-4.63425565809 8.36760423183 -9.20174611922
-4.62941833959 8.39631360847 -9.22296758507
-4.63144826351 8.42742018734 -9.23788613888
-4.64160823643 8.45625596035 -9.24252234312
-4.65920829162 8.48171103628 -9.23702969878
-4.68087078173 8.50509281471 -9.22588097657
-4.70183986801 8.52669504449 -9.21451987784
-4.71888877402 8.54423366944 -9.20526890802
-4.73256478264 8.5549022103 -9.19597093002
-4.74657877781 8.55848873563 -9.18238787151
-4.76437983981 8.55754958998 -9.16210067149
-4.78549940059 8.55378711589 -9.13656949593
-4.80473676773 8.5443057979 -9.10997139075
-4.81506942013 8.52238956288 -9.08639741246
-4.81212676403 8.48337093176 -9.0681245127

/group/LPA_005/45
45
posId 45-4.86837429839 8.3131678284 -9.18048727662
-4.83594480573 8.28222997213 -9.21328418608
-4.81375699362 8.27101355854 -9.24115496175
-4.80006264061 8.2760375103 -9.26487787529
-4.78869736291 8.28967014447 -9.28973147119
-4.77952323074 8.30791533861 -9.31374581734
-4.77838528757 8.33103941511 -9.32811129993
-4.7877141573 8.35863223947 -9.32888017788
-4.80179583899 8.38731206274 -9.32296077039
-4.813675179 8.41394279272 -9.3192970123
-4.82398450886 8.43858928079 -9.3169555295
-4.83915881288 8.46206490952 -9.30652148885
-4.86139079091 8.48152220403 -9.28308126281
-4.88433547767 8.491171169 -9.25319532785
-4.90056396922 8.48810810577 -9.22666028489
-4.91021552352 8.47536783806 -9.20491931444
-4.91847158266 8.45741319671 -9.18247011114
-4.92525118071 8.4338261639 -9.15920854858
-4.92203911457 8.40033507614 -9.14584881608

/group/LPA_005/48
48
posId 48-5.01923209246 8.2289314935 -9.24718892275
-4.98959981213 8.19585232228 -9.28203058102
-4.96658936391 8.18089036456 -9.3150010284
-4.95230057789 8.18417834065 -9.34241174673
-4.94313088069 8.19770535547 -9.36629862459
-4.93459546794 8.21184203182 -9.38938544178
-4.92603380417 8.22281668317 -9.41077547543
-4.92081425071 8.23457184333 -9.4266087711
-4.92231966178 8.25366508198 -9.43444156537
-4.93013204916 8.28227007456 -9.43622140763
-4.94037395635 8.31579908636 -9.43636444495
-4.9497275843 8.34695158134 -9.43678816351
-4.95882675765 8.37181693675 -9.43420045567
-4.97138666943 8.3920117652 -9.42283732858
-4.98987533859 8.41110479411 -9.40024558498
-5.0121709506 8.42933207975 -9.37035650163
-5.03273360849 8.44209622221 -9.34055905128
-5.04723192569 8.44366291258 -9.31545024881
-5.05596227373 8.43212043921 -9.29344488252
-5.06250814026 8.41052171372 -9.26980699929
-5.06889474286 8.38326573354 -9.24333453394
-5.07219181956 8.351841717 -9.22009814578
-5.06630300716 8.31474945603 -9.21019173733

/group/LPA_005/51
51
posId 51-5.19828961753 8.19884993051 -9.31101216233
-5.17722378787 8.16014830594 -9.32651273381
-5.1598998902 8.13684865204 -9.34413688067
-5.1479459098 8.12719020798 -9.35996915763
-5.1387512997 8.12547711419 -9.3754158212
-5.12808962172 8.12657621095 -9.39509177641
-5.11387321116 8.12901760818 -9.42188603671
-5.09804766788 8.13473025761 -9.4534259359
-5.08518163534 8.14624215021 -9.48299527254
-5.07901241898 8.16402595756 -9.504187582
-5.07981723642 8.18615088657 -9.51540335633
-5.08468363699 8.21014360238 -9.52043122427
-5.09027582914 8.23502223646 -9.52466911761
-5.09565266251 8.26150559522 -9.53020952275
-5.10278195713 8.29025870864 -9.53391721949
-5.11446126093 8.31995035066 -9.53003296642
-5.13157003658 8.34710338005 -9.51499694784
-5.15204402813 8.36803167478 -9.49038885827
-5.17234183937 8.38113423055 -9.46161985385
-5.18994797364 8.38735201953 -9.43372209164
-5.20460239372 8.38819996356 -9.40802654296
-5.21719765869 8.38308905287 -9.38260176376
-5.22749620601 8.36856312215 -9.35589552933
-5.23298761329 8.34064106133 -9.33011591368
-5.23024177461 8.29877261591 -9.31107619065

/group/LPA_005/54
54
posId 54-5.40504416026 8.29663222272 -9.42886070806
-5.39144659832 8.32431675498 -9.46643987653
-5.37222524717 8.33905279729 -9.50488769298
-5.34988683548 8.33864861092 -9.53902767709
-5.32722268331 8.32578429284 -9.56617531018
-5.30622816392 8.30607020119 -9.58663349434
-5.2875542692 8.28459369916 -9.6024598528
-5.2708059288 8.26330839182 -9.6154374042
-5.25543330119 8.240920137 -9.62563414098
-5.24157733375 8.21508989334 -9.63142638047
-5.23029714843 8.18515784095 -9.63078710582
-5.2230661454 8.15335314529 -9.62278913035
-5.22093856075 8.12370516361 -9.60823310556
-5.22399119043 8.09962991823 -9.58905527973
-5.23140606085 8.08210327715 -9.56710157299
-5.24207401337 8.06977913691 -9.54326962293
-5.25523329555 8.06084060183 -9.5176392007
-5.2706738123 8.05501918283 -9.49037220893
-5.28840364668 8.05412358771 -9.46254399278
-5.30809592033 8.06064058877 -9.43615326593
-5.32878627993 8.07553945974 -9.41326728887
-5.34906683407 8.09709065573 -9.39501289786
-5.36760888227 8.12174772285 -9.38130232032
-5.38357719198 8.14650860122 -9.37161565011
-5.39659023241 8.17093295121 -9.36627530825
-5.40626458062 8.19713822267 -9.36714492473
-5.4117532588 8.22757590383 -9.37700252491

/group/LPA_005/57
57
posId 57-5.55059195677 8.0953011166 -9.48460067205
-5.52606279524 8.0535322947 -9.48661988383
-5.4988001588 8.02276401321 -9.49875907626
-5.47208581023 8.00471980979 -9.51830537089
-5.44789781548 7.99700732971 -9.54145487292
-5.42653821692 7.99519951172 -9.56505947851
-5.40722557248 7.99576391072 -9.58779185871
-5.38920419831 7.99805076227 -9.61011686106
-5.37263760847 8.00421509891 -9.63320714249
-5.35874270518 8.01728812828 -9.6575686965
-5.34914490486 8.03875925567 -9.68225970395
-5.34494189983 8.06725925366 -9.705142947
-5.34612569854 8.09913411871 -9.72391814435
-5.35173588468 8.13042536013 -9.73719604147
-5.36060100426 8.15887461846 -9.74490647299
-5.37212328146 8.18462578513 -9.74783297015
-5.38654406475 8.20923732178 -9.7466809438
-5.40449963555 8.2337853086 -9.74139334224
-5.4261805647 8.2574389191 -9.73122423982
-5.45069556918 8.27752567666 -9.71551711896
-5.47611268489 8.29103578735 -9.69460799218
-5.50018972161 8.2964840998 -9.67015596209
-5.52132442477 8.29477098294 -9.64458648723
-5.53908393927 8.2883630649 -9.61996012474
-5.55393919498 8.2792987485 -9.59701964264
-5.56636454006 8.26740271987 -9.57510465226
-5.57591153105 8.25004729569 -9.55307387366
-5.58092146898 8.22381899061 -9.53069155794
-5.57915177761 8.18716192351 -9.50957254968

/group/LPA_005/60
60
posId 60-5.68632895531 8.00978648318 -9.62093410208
-5.65855666646 7.97002777798 -9.61852979499
-5.62729180904 7.94107833384 -9.62618886936
-5.59657142103 7.92488544287 -9.64174818829
-5.56894009146 7.91917569986 -9.66154890465
-5.54483979621 7.91941667448 -9.68224260184
-5.52323504393 7.92180065027 -9.70221498141
-5.50298875954 7.9254111636 -9.72183403277
-5.48407498177 7.93231606717 -9.74247772152
-5.46787860203 7.94568138828 -9.76504188369
-5.45646411246 7.9672395744 -9.78890330634
-5.45137033525 7.99578528245 -9.8119604535
-5.45276620767 8.02762266171 -9.83164608922
-5.45951620175 8.05857200092 -9.84618724698
-5.47006211657 8.08613850448 -9.85527587806
-5.48347100747 8.11040276411 -9.85975978034
-5.49990110573 8.13311080736 -9.86064895678
-5.52015757255 8.15568198489 -9.85818797116
-5.54465517486 8.17757299657 -9.85166717385
-5.57253113966 8.19615692484 -9.84009931739
-5.60156360924 8.20819962375 -9.82325707513
-5.62900407852 8.21188526374 -9.80229183099
-5.65279547351 8.20793796755 -9.77943119441
-5.67235771701 8.19899479421 -9.75689850512
-5.68838818456 8.18760347114 -9.73577002141
-5.70178079891 8.17421839553 -9.71558197585
-5.7123810497 8.15665373364 -9.6950328239
-5.71844845728 8.13153140386 -9.67339068467
-5.71727278317 8.0969222137 -9.65170000581

/group/LPA_005/63
63
posId 63-5.79397652185 7.92272088498 -9.77002122238
-5.81482587803 7.96401731731 -9.78385232973
-5.82546208452 8.00221646631 -9.80245112492
-5.82651177657 8.03319929266 -9.82262177779
-5.82049391916 8.0564360968 -9.84231679824
-5.81015598765 8.0742335243 -9.86124636268
-5.79695968205 8.08947027689 -9.88036902396
-5.78062292253 8.10332600822 -9.90066890886
-5.75992063436 8.11442623545 -9.92204214444
-5.73413832683 8.11984157956 -9.94299454563
-5.70418108824 8.117155634 -9.96129057399
-5.67260717304 8.10615558056 -9.97506987398
-5.64258786569 8.08901824188 -9.98367071345
-5.61650190799 8.06892230328 -9.98763829347
-5.59508960882 8.04809074407 -9.98797352378
-5.57768797639 8.02663508763 -9.98519651022
-5.56332715883 8.00299776935 -9.97890873355
-5.55189342103 7.97567131738 -9.96817084468
-5.54453961466 7.94497802105 -9.95242625747
-5.54306040021 7.91363403694 -9.93230054193
-5.54867702883 7.88564433365 -9.90967246699
-5.5610969588 7.86422663416 -9.88690636116
-5.57853623905 7.85016035901 -9.86572466516
-5.59873196589 7.84171380554 -9.84647936003
-5.6202737868 7.83626156923 -9.82834809405
-5.6433263623 7.83254932827 -9.81037523731
-5.66918811451 7.83207121455 -9.79269605118
-5.69890243245 7.83854640002 -9.7771161165
-5.73179906578 7.85569913486 -9.76659454037

/group/LPA_005/66
66
posId 66-5.87084988686 7.83570636874 -9.91772065185
-5.89650182267 7.87505167301 -9.93072744128
-5.91066949844 7.90984927297 -9.94695290915
-5.91246535651 7.93669439833 -9.96453306844
-5.90476694193 7.9565776916 -9.98255843645
-5.892088282 7.97322531569 -10.0011053154
-5.87775127169 7.98994133149 -10.0206187058
-5.8621687892 8.00704388968 -10.0410899035
-5.84326463605 8.02151675147 -10.061582605
-5.81862805034 8.02899227206 -10.0804108382
-5.78787742522 8.02664787601 -10.0958330301
-5.75361905839 8.01504278838 -10.106791524
-5.72036973099 7.9976905213 -10.1132139514
-5.69219502832 7.97871854509 -10.1157028618
-5.67067031863 7.96025698029 -10.1148590063
-5.65453231381 7.94135973717 -10.1107279483
-5.64122674895 7.91919497062 -10.1027659578
-5.62926090665 7.89167403877 -10.0903551736
-5.61971570905 7.8596830505 -10.0735096098
-5.61583822555 7.82732457651 -10.0532682722
-5.62094508132 7.79991529514 -10.0314717191
-5.63603975623 7.78102344483 -10.0100327965
-5.65878567509 7.77052803812 -9.99016289968
-5.68460518474 7.76505173941 -9.97206236494
-5.7092590188 7.76055827025 -9.9552880107
-5.73124175165 7.75544085799 -9.93956245057
-5.75239608294 7.75204124241 -9.92548468996
-5.7762801405 7.7555096899 -9.91464627805
-5.8052888262 7.77063096594 -9.90903060544

/group/LPA_005/69
69
posId 69-5.79379662264 7.68313225319 -10.0571944048
-5.75738632964 7.69483441628 -10.0829651381
-5.72911286424 7.71295497413 -10.1094499321
-5.71068224781 7.73382114713 -10.1332023748
-5.70111580444 7.75398756335 -10.1522209041
-5.69783403473 7.77176187787 -10.1665244957
-5.69837156539 7.78777748801 -10.1777441977
-5.70172236727 7.8042711017 -10.1879631371
-5.70859583499 7.82348706621 -10.1984508305
-5.72055878689 7.84614054056 -10.2089716138
-5.73870177633 7.87081248694 -10.217987922
-5.76269335663 7.89456554502 -10.2235531802
-5.79076016096 7.91433440422 -10.2243176192
-5.82049584481 7.92821748206 -10.2200676021
-5.84988511143 7.93593100092 -10.21156205
-5.87785755658 7.93827046345 -10.1998820983
-5.90407727115 7.93606427357 -10.18578175
-5.92823600014 7.9293862567 -10.1694610928
-5.94945525529 7.91755388082 -10.1508505048
-5.96628880138 7.89986176078 -10.1301350776
-5.97734365144 7.87648680661 -10.1081067068
-5.9820492379 7.84889725224 -10.086089926
-5.98095673519 7.81946179387 -10.0655189044
-5.97526270282 7.79052566874 -10.047502841
-5.96581788882 7.76359760996 -10.032716637
-5.95230815 7.73921087538 -10.0216924086
-5.933264031 7.71753578833 -10.0152538442
-5.90705366392 7.69926623282 -10.0146773506
-5.87334990598 7.68606951848 -10.021313883

/group/LPA_005/72
72
posId 72-5.82734880867 7.61391028677 -10.1420587328
-5.78799416399 7.61943432872 -10.1634118627
-5.75713836918 7.63114110345 -10.1857944502
-5.73611021802 7.64831345379 -10.2080796917
-5.72424805163 7.6696103253 -10.2295299497
-5.71976415909 7.69345891608 -10.2497204457
-5.72078583259 7.71845398126 -10.268391539
-5.72611019496 7.74355787327 -10.2852731883
-5.73544332964 7.76804951648 -10.2999418506
-5.7491755817 7.79133558875 -10.311773873
-5.76791794878 7.81280156968 -10.3200333554
-5.79203159588 7.83180985163 -10.3240754764
-5.8212804272 7.84780937871 -10.3235815554
-5.85463513175 7.86041826523 -10.3187075236
-5.89023035518 7.86935805576 -10.3100522876
-5.925511844 7.87424644737 -10.2984351651
-5.95762860297 7.8744001935 -10.2845744693
-5.98405549316 7.86884776992 -10.2688262208
-6.0032817113 7.85665044846 -10.2511300495
-6.01526636117 7.83743246372 -10.2312163765
-6.0213666175 7.81185255727 -10.2089983075
-6.02364200223 7.78172972408 -10.1849706038
-6.02375868762 7.74969593489 -10.1604209741
-6.02198642645 7.71850318564 -10.1373366883
-6.01682085106 7.69031013596 -10.1180233995
-6.00551177894 7.66629130022 -10.104576325
-5.98533895931 7.64673299821 -10.0983983802
-5.95507798485 7.63150901716 -10.0999259426
-5.91596433981 7.62062620779 -10.1086265277

/group/LPA_005/75
75
posId 75-6.00878289471 7.62345444444 -10.1724637813
-5.97886603458 7.59327263141 -10.1580378754
-5.9449295016 7.5730357425 -10.1537523975
-5.90946174309 7.56265680625 -10.1585663119
-5.87491733698 7.55981242943 -10.1695222514
-5.8432374228 7.56149345102 -10.1832705137
-5.8155120822 7.56565436186 -10.1976231661
-5.79196338696 7.5720892889 -10.2123163842
-5.77228683155 7.58212833166 -10.2286159226
-5.75620196795 7.59742023928 -10.2480531132
-5.74393525642 7.61856265646 -10.2710556652
-5.73637024958 7.64438575258 -10.2962713138
-5.7347589603 7.67227926474 -10.3209620223
-5.74011707051 7.69933119184 -10.3422211709
-5.75260346593 7.72358455675 -10.358298693
-5.77121202883 7.74467982563 -10.3692749685
-5.79395936541 7.76354379281 -10.3767195338
-5.81850722199 7.78136600448 -10.3825663701
-5.84293930916 7.79852107203 -10.3878825668
-5.86633314235 7.81410335257 -10.3922448805
-5.88886834637 7.82634218812 -10.3940559413
-5.91143887145 7.83360873577 -10.3915634336
-5.93496922771 7.8353517177 -10.3839328514
-5.95975699466 7.83233998657 -10.3717120061
-5.98512198337 7.82602418151 -10.3564164865
-6.00947183182 7.81739650693 -10.3395204657
-6.03069404088 7.80607934975 -10.3215182164
-6.04666066165 7.79028494004 -10.3016933917
-6.05563666874 7.76779487492 -10.2788055842
-6.05649196634 7.73749074691 -10.2523285808
-6.04874950354 7.70059005059 -10.223497967

/group/LPA_005/78
78
posId 78-6.018613816 7.59718924932 -10.2035608098
-5.98809463832 7.57110161922 -10.1832558125
-5.95552877756 7.55553124392 -10.1750773558
-5.92302034048 7.55021837105 -10.1781620477
-5.89171894479 7.55203597941 -10.1887558091
-5.86198592869 7.5568134633 -10.2021735156
-5.83387326938 7.56153997299 -10.2150902326
-5.80763073088 7.5657794879 -10.226957938
-5.78398139265 7.57158233467 -10.2398325717
-5.76405945826 7.58201439582 -10.2567738635
-5.74909336278 7.59917364522 -10.2797513775
-5.74003665035 7.62280833219 -10.3082264573
-5.73734176857 7.650268567 -10.3391611052
-5.74095742874 7.67774737358 -10.3683833402
-5.75048791008 7.70204988587 -10.3924888225
-5.76537101985 7.72187581199 -10.4102021552
-5.78495421206 7.73793799634 -10.4224863507
-5.80845069972 7.75195105939 -10.4314428134
-5.8348642772 7.76518034047 -10.4387364332
-5.86300720557 7.77745901421 -10.4445099182
-5.89167243862 7.78724592535 -10.4474000962
-5.91989911613 7.79262593159 -10.4455649661
-5.94717120376 7.79256311288 -10.4380071534
-5.97338716845 7.78756647322 -10.4253142277
-5.99855001398 7.77930864779 -10.4093245559
-6.02229597292 7.76941656741 -10.3919269624
-6.04350782064 7.75821043502 -10.3737803176
-6.06026089231 7.7442527051 -10.3538324296
-6.07020900178 7.72511234196 -10.3300544344
-6.07129834568 7.69901063154 -10.3010544594
-6.06251496707 7.66643240547 -10.2676440405

/group/LPA_005/81
81
posId 81-6.00896502778 7.58030716411 -10.2005499195
-6.04221410926 7.58939106813 -10.2336626662
-6.06345320285 7.602208542 -10.2715733486
-6.07167450364 7.61688604675 -10.3094601189
-6.06913741001 7.63160093594 -10.3437439954
-6.06006658854 7.64522613089 -10.3731822088
-6.0485638833 7.65758566585 -10.3987620927
-6.03677191689 7.66921924269 -10.4225083548
-6.02417751018 7.68080500634 -10.4458649969
-6.00834678932 7.69255913607 -10.468513193
-5.98665087137 7.7039325221 -10.4882388785
-5.95804856116 7.71376039547 -10.5019020324
-5.92398996186 7.72077806586 -10.5069789132
-5.88798592899 7.72422251172 -10.5028515264
-5.85409622171 7.7241961465 -10.4911578243
-5.82515250292 7.72159705391 -10.47501518
-5.80165890188 7.71765075269 -10.4575244313
-5.78194162834 7.71328993651 -10.4403393956
-5.76345026728 7.70870917656 -10.4230496283
-5.74450169456 7.70332903114 -10.4036931782
-5.72552552468 7.69618740356 -10.3801189898
-5.70913852898 7.68654973142 -10.3514702158
-5.69900092485 7.67441324045 -10.3189963896
-5.69805788408 7.66063582885 -10.2857578346
-5.70709990494 7.6466185087 -10.2553729309
-5.72440960417 7.63370746378 -10.230468383
-5.74668603519 7.62263244375 -10.2116547366
-5.7707545838 7.61328200432 -10.1975762399
-5.7951429872 7.60494001145 -10.1860167433
-5.82066189774 7.59686311689 -10.1754785618
-5.84964709329 7.58889377559 -10.1663869355
-5.88423188628 7.58177599812 -10.16125148
-5.92454984606 7.57698797261 -10.1636494993

/group/LPA_005/84
84
posId 84-5.8554678908 7.62852416725 -10.3878921239
-5.83149715212 7.66918202664 -10.369493045
-5.81652345987 7.70370350943 -10.3462543706
-5.81290161742 7.72787241874 -10.3202694871
-5.81923182019 7.74190933534 -10.2932364443
-5.83149941214 7.74933390888 -10.2663087486
-5.84564045016 7.75408823175 -10.2401658745
-5.85989641783 7.75783468579 -10.215157719
-5.87548409334 7.7591161237 -10.191437239
-5.89521273964 7.75476669064 -10.1691022178
-5.92100785155 7.74246792272 -10.1484109183
-5.95198796893 7.72264209581 -10.1300678109
-5.98435191904 7.69840339641 -10.1154460885
-6.01313716912 7.67366118238 -10.1065396937
-6.0346975984 7.65074528134 -10.1055119991
-6.04831178812 7.62923775697 -10.1139224917
-6.05594208165 7.60684361194 -10.1319470509
-6.06039974876 7.58170130921 -10.1580015442
-6.0632060678 7.55450392821 -10.1890397526
-6.06359158171 7.52888599844 -10.2214723622
-6.0592602239 7.5096900683 -10.2523165056
-6.04832256838 7.50018894749 -10.2800343014
-6.03100201379 7.50011284389 -10.3046567443
-6.00987966523 7.50586999171 -10.3271529537
-5.98845790086 7.51292993074 -10.3483960023
-5.96900190786 7.51888576111 -10.3682770221
-5.95115885314 7.52519467159 -10.3854197276
-5.93237551509 7.53638384051 -10.3976113437
-5.90994046146 7.55711594048 -10.4026886842

/group/LPA_005/87
87
posId 87-5.84986565285 7.61770986492 -10.3606547106
-5.83851384071 7.67346134294 -10.3547435105
-5.8382503764 7.72130449351 -10.3407982856
-5.84791163852 7.75461650239 -10.3218728566
-5.86403672692 7.77386937428 -10.3010669891
-5.88313326905 7.78389778733 -10.2802157975
-5.90324627155 7.7890329334 -10.2598645931
-5.92392229892 7.7900733771 -10.2402009602
-5.94505057826 7.78501958592 -10.2219217214
-5.96585453257 7.77213593497 -10.2062686806
-5.98491511261 7.75215550316 -10.1943527663
-6.00100106424 7.7276687534 -10.1865581492
-6.01371617995 7.70062763406 -10.1826767102
-6.02323074267 7.67072972442 -10.182638754
-6.02935545774 7.63654999351 -10.187044192
-6.0309693105 7.59852211604 -10.1968137733
-6.02657330748 7.5608396559 -10.212106769
-6.01567856713 7.53003292135 -10.2314437203
-5.99981545379 7.51091279581 -10.2519649738
-5.98207402154 7.50318123578 -10.2708663133
-5.96525935823 7.50185161921 -10.2870010691
-5.95001088318 7.5016054245 -10.3013483243
-5.9344688524 7.5017857829 -10.3158438497
-5.91596878909 7.50785645794 -10.3313611521
-5.89363299375 7.52775428504 -10.3463675262

/group/LPA_005/90
90
posId 90-5.90192181909 7.54074915736 -10.2326593808
-5.95338666874 7.55016627313 -10.2194779082
-5.99327987723 7.56376370566 -10.2142330956
-6.02027468717 7.57903415063 -10.2154766166
-6.03919480091 7.5958325646 -10.2211615003
-6.05611010877 7.61546848596 -10.229890118
-6.07342519551 7.63881676654 -10.2413899701
-6.08837143041 7.66494098553 -10.2560307811
-6.09560914191 7.69122658369 -10.2738871604
-6.09160230288 7.71481681208 -10.2941199126
-6.07729746132 7.73416495646 -10.3151285055
-6.05717130593 7.74949127748 -10.3352934416
-6.03563533791 7.76184706852 -10.3536775473
-6.01381747819 7.77160787314 -10.3701255027
-5.98933770064 7.77766521836 -10.3847154946
-5.95922312579 7.77801544591 -10.3970563494
-5.92353443346 7.77130601589 -10.4060557514
-5.8866385751 7.75809193305 -10.4104024896
-5.85489141057 7.74072776738 -10.4094095607
-5.83238598312 7.72186719478 -10.4035326591
-5.81811131269 7.70266730004 -10.3940904663
-5.80696861042 7.68211698389 -10.3823272312
-5.79419820775 7.65813737071 -10.3685081981
-5.78004290082 7.62977838498 -10.3517858912
-5.77102632745 7.59894320565 -10.3310496609
-5.77650942931 7.57030353449 -10.306238305
-5.80260332041 7.54929611062 -10.2791966428

/group/LPA_005/93
93
posId 93-5.83740100074 7.64976743379 -10.2492712857
-5.85650857897 7.63587208918 -10.203646939
-5.88512682297 7.62219168598 -10.1839582546
-5.92034884894 7.60919380144 -10.1859157848
-5.95690596125 7.59681196057 -10.1955105426
-5.98963557369 7.58560647812 -10.2032821037
-6.01585785774 7.57696774377 -10.2118200369
-6.03553899033 7.57221818573 -10.230058083
-6.04945248162 7.5716491792 -10.2619739398
-6.05745986946 7.57450160156 -10.3020331147
-6.05851392355 7.57980002423 -10.3408874946
-6.05186101772 7.58707660642 -10.3734068046
-6.0377318139 7.59630278585 -10.3999896683
-6.01681332894 7.60733050846 -10.4213937432
-5.98956515604 7.61961742316 -10.4351019179
-5.95669635876 7.63247341334 -10.4382309674
-5.92051626579 7.64528846581 -10.4325613154
-5.88543054049 7.65722726473 -10.4237300587
-5.85649302787 7.66670454273 -10.4139262734
-5.83707148423 7.67151393117 -10.3967642343
-5.82784621341 7.66993940983 -10.3622886614

/group/LPA_005/96
96
posId 96-5.9296863035 7.60972260653 -10.3859792889
-5.88778657193 7.63360473845 -10.3911241322
-5.86104111145 7.65064983247 -10.3788111929
-5.84631518189 7.66157917465 -10.358654343
-5.8326221383 7.67188829294 -10.3386434863
-5.81454639455 7.68472430783 -10.3189210354
-5.79770109303 7.69742783256 -10.2941202395
-5.79143565141 7.70487490382 -10.2613170022
-5.7984432162 7.70498851048 -10.2248750839
-5.81334175838 7.69993526609 -10.1932601816
-5.83071544983 7.69226574901 -10.1717831382
-5.85178518897 7.68140368402 -10.1592579346
-5.88120314012 7.66510259352 -10.1516037226
-5.91819001324 7.64396119329 -10.1475776305
-5.9536649527 7.62295093508 -10.1500658909
-5.97793602053 7.60737337342 -10.1621874502
-5.99031721604 7.59767326128 -10.1835610129
-5.9988152124 7.58951240792 -10.2112503845
-6.00928756985 7.57966672989 -10.2435434368
-6.01632617858 7.57123919968 -10.2809271599
-6.00715077765 7.57182828496 -10.3222515338

/group/LPA_005/99
99
posId 99-5.93139255565 7.59678267653 -10.3822914163
-5.8897825703 7.6219141339 -10.3968975214
-5.85487583422 7.64597136202 -10.3973918522
-5.83045237298 7.66559146578 -10.386716554
-5.81425998691 7.68120628374 -10.3693326479
-5.80130654323 7.69531247476 -10.3490421993
-5.78865346517 7.70948518547 -10.3276661455
-5.77785419553 7.72265714403 -10.3051692874
-5.77330947522 7.73196218309 -10.2808300384
-5.77824367816 7.73521012504 -10.2544761689
-5.79185321122 7.73273297106 -10.226996008
-5.80996584189 7.72700737537 -10.2000251972
-5.82843075007 7.72046950477 -10.175300796
-5.84616280456 7.71351225538 -10.1542414589
-5.86522586688 7.70443370685 -10.1379230652
-5.88805728053 7.69132666636 -10.1272101322
-5.91446242195 7.67416187098 -10.1227513739
-5.94112141745 7.65516613547 -10.1248357309
-5.96399471665 7.63716055676 -10.1333737553
-5.98132949156 7.62140385174 -10.1481898637
-5.99438552101 7.60698766634 -10.1694248731
-6.00507865911 7.59246580572 -10.1975490451
-6.01265410643 7.57833881713 -10.2326507517
-6.0126220815 7.56808691776 -10.2732678816
-5.99940824291 7.56653391277 -10.315596989

