/group/LPA_006/0
0
posId 0-3.25889499626 7.51954624951 -8.56477552985
-3.26547506057 7.57470552599 -8.56344165652
-3.2667096756 7.62824232051 -8.57060724181
-3.26394571077 7.67261848687 -8.58276611105
-3.25858917433 7.70500145418 -8.59712298736
-3.251472096 7.7275169076 -8.61267655803
-3.24265617341 7.74488964659 -8.63013682002
-3.23173865081 7.76097156435 -8.65082658498
-3.21843672384 7.77621678434 -8.67528824111
-3.20307625025 7.7875185864 -8.7024532119
-3.18668261463 7.79037382459 -8.72986440284
-3.17061955418 7.78195352124 -8.75479656974
-3.15599693402 7.76314921733 -8.77558023101
-3.14320814985 7.73832135902 -8.79231811911
-3.13188074237 7.71289339762 -8.80655315265
-3.12127716087 7.69025946592 -8.82007932499
-3.11091352295 7.66990966115 -8.83360368905
-3.10103244777 7.64796096425 -8.8460610577
-3.09264967013 7.61983719835 -8.85499764245
-3.08714363706 7.58352926962 -8.85780482881
-3.0856249265 7.54147587838 -8.85307763349
-3.08844957924 7.49988199473 -8.84129686206
-3.09515176302 7.46579216361 -8.82443713056
-3.1048189577 7.44357785435 -8.80474758175
-3.11666676472 7.43288409903 -8.78345536747
-3.13044932646 7.4292662777 -8.76020102092
-3.14643909861 7.42719289353 -8.73358729205
-3.16497090199 7.42369555723 -8.70255463894
-3.18581658175 7.4205315259 -8.66777947302
-3.20777671423 7.42354325413 -8.63223466612
-3.2287698866 7.43949342501 -8.60049946997

/group/LPA_006/3
3
posId 3-3.28508699384 7.51220982868 -8.57104900785
-3.29453316344 7.55181181125 -8.56403635588
-3.29832071963 7.58936830074 -8.56558158997
-3.29747466472 7.62171024697 -8.57342310444
-3.29355373729 7.64835137633 -8.58499252992
-3.2879632925 7.67121500391 -8.59844892294
-3.28142490064 7.69319274367 -8.6132297739
-3.27383774036 7.71627193814 -8.62989432836
-3.26456800253 7.74018475009 -8.6493933531
-3.25299156452 7.76226168948 -8.67217954654
-3.23899830289 7.77855505417 -8.69763399654
-3.22320029261 7.78565102544 -8.72410039883
-3.20674965002 7.78224481165 -8.74949037212
-3.19087786358 7.76968582875 -8.77212320551
-3.17640993777 7.75123717535 -8.79134710992
-3.1635118948 7.73045511241 -8.80761371993
-3.15179958953 7.70953754116 -8.82197367573
-3.14074164888 7.68848910173 -8.83527014692
-3.13013351771 7.6655105207 -8.84746571638
-3.12038474271 7.638374929 -8.85746365962
-3.11246455095 7.60604216434 -8.86351866711
-3.10753517899 7.56964911204 -8.86401707646
-3.10646919977 7.5323547692 -8.85821077797
-3.10950715525 7.49812974099 -8.84651657115
-3.11623327434 7.47013739044 -8.8302292749
-3.12587225852 7.44956393094 -8.81081617332
-3.13773314494 7.43550785224 -8.78919125926
-3.15154302377 7.42596734869 -8.76538475157
-3.16747045378 7.41937183134 -8.73881380409
-3.18580764131 7.41580567447 -8.70903222252
-3.20647301148 7.41722961497 -8.67656339882
-3.22860853272 7.42653791039 -8.64334905533
-3.25051598383 7.44591822651 -8.61252061189

/group/LPA_006/6
6
posId 6-3.33677435719 7.47294689393 -8.6034905762
-3.35518590784 7.51332769984 -8.58550442648
-3.3648004709 7.55468687052 -8.58100488831
-3.36595824124 7.59236514855 -8.58835498877
-3.3612113418 7.62422785913 -8.60319536615
-3.35390823999 7.65087355335 -8.62062685265
-3.3464997999 7.67440096224 -8.63746437868
-3.33946362303 7.69651635449 -8.65340037971
-3.33138491119 7.71710058364 -8.67053714039
-3.32008521862 7.7340426312 -8.69164643409
-3.30412189086 7.74437840986 -8.71818585175
-3.28380743789 7.74600509486 -8.74917713898
-3.26120630308 7.73892052102 -8.7815102026
-3.2391673794 7.72524401219 -8.81140541175
-3.21999275263 7.70801841826 -8.836129666
-3.20451815861 7.68952710868 -8.85497524902
-3.19210049125 7.6701478915 -8.86900202762
-3.18145108595 7.64843917268 -8.87980311279
-3.17175603468 7.62240903648 -8.8881236877
-3.16337902253 7.59120063255 -8.89320914262
-3.15772582442 7.55616673374 -8.89326853115
-3.15638266861 7.52066117013 -8.88672207209
-3.16009573176 7.4886377182 -8.87340011563
-3.16825837363 7.46286595603 -8.85488487718
-3.17925506462 7.44381860154 -8.83372384513
-3.19146863947 7.42990310146 -8.81196849964
-3.20432189599 7.41891910596 -8.78995717796
-3.2186674307 7.40988572373 -8.76616890842
-3.23620834767 7.40413580016 -8.73836008256
-3.25821750133 7.40497354382 -8.70541096232
-3.28427806449 7.41601436314 -8.66882200576

/group/LPA_006/9
9
posId 9-3.44327888476 7.66019609675 -8.6621816399
-3.42867627292 7.69039381348 -8.69156543051
-3.41080573121 7.71369523916 -8.72342626061
-3.39084013828 7.72815892261 -8.75554932609
-3.37001473037 7.73330033202 -8.7860703977
-3.34935416764 7.7300874902 -8.81385428691
-3.32949021762 7.72042458988 -8.83859352191
-3.31064527709 7.70635706595 -8.86059265211
-3.29278570114 7.68934555344 -8.88033695133
-3.27587392175 7.66991318949 -8.898035731
-3.26010382893 7.64779229798 -8.91333884918
-3.24601067316 7.62246587278 -8.92534632999
-3.23440246254 7.59382267804 -8.93290047195
-3.22613975292 7.56260223369 -8.93502583827
-3.22185894435 7.53041452885 -8.9313201961
-3.22175994404 7.49932587129 -8.92212565391
-3.22555078963 7.47120889926 -8.9084106002
-3.23257246929 7.44716476181 -8.89142256968
-3.24204815183 7.42728849262 -8.8722710188
-3.25334787643 7.41088380887 -8.8516234999
-3.26615586867 7.3970200105 -8.8296400195
-3.28047384335 7.38516268801 -8.80615777072
-3.29646803682 7.37557736727 -8.78102514891
-3.31423607233 7.36931566981 -8.75442199455
-3.33360144295 7.36779388545 -8.72701905645
-3.35402530256 7.37216842472 -8.6999132522
-3.37466751373 7.38280872179 -8.67438449677
-3.39455966323 7.3991199324 -8.65160173534
-3.41280468334 7.41979802277 -8.63242175188
-3.42871258453 7.4433894269 -8.61736830236
-3.4418204489 7.46887710626 -8.60678022018
-3.45180712671 7.49599750229 -8.60102525622
-3.45836784952 7.52511879525 -8.60063800489
-3.46113409796 7.5567222452 -8.60627571214
-3.45969953953 7.59072592968 -8.61847918133

/group/LPA_006/12
12
posId 12-3.40830376328 7.38219773718 -8.78322437472
-3.38078341129 7.38075343501 -8.81391687945
-3.35587642607 7.38311935278 -8.84290850864
-3.33523353438 7.39108933154 -8.86892239088
-3.31983327238 7.4061957253 -8.89135657747
-3.30979516375 7.42884004779 -8.91020837062
-3.30450656058 7.45791408742 -8.92580546417
-3.30301827568 7.49107686463 -8.93844936492
-3.30453312557 7.52552649102 -8.94811711711
-3.30876181651 7.5588732599 -8.95434672594
-3.3159803554 7.58969592066 -8.95635594801
-3.32676561852 7.61755184391 -8.9533451471
-3.3415417471 7.64250831001 -8.94485616969
-3.36016256531 7.66450799725 -8.93103563433
-3.38173806093 7.68294921485 -8.91269275375
-3.40479437489 7.69672012787 -8.89112943878
-3.42769537047 7.70465758346 -8.86781443971
-3.44912926068 7.70615372496 -8.84403263709
-3.46843646378 7.70154312285 -8.82064163316
-3.48563621378 7.6920198598 -8.7980142142
-3.50115680357 7.67909549956 -8.7761647713
-3.5154133958 7.66387321279 -8.75498761818
-3.52844023688 7.64653475829 -8.73450402718
-3.53974340816 7.62634430596 -8.71503026772
-3.54842155411 7.60220903886 -8.69722611305
-3.55346920923 7.57353716528 -8.68203481023
-3.55409845967 7.54095819537 -8.67055677077
-3.54992666419 7.50651587042 -8.66390070781
-3.54096847992 7.47319487069 -8.66303627384
-3.52748602201 7.44397447756 -8.6686510645
-3.50982674655 7.4208466486 -8.68100976786
-3.48837352176 7.40426524819 -8.69982871876
-3.46365006577 7.39328848027 -8.72420354444

/group/LPA_006/15
15
posId 15-3.6217085772 7.61046074346 -8.82313262919
-3.59958096932 7.64162758876 -8.85089376608
-3.57399908935 7.66534683379 -8.87926222934
-3.54773529488 7.67980457849 -8.90539265049
-3.52294196907 7.6845676505 -8.92737106283
-3.50051765309 7.68051467942 -8.94471908993
-3.48006838141 7.6693867504 -8.95828998294
-3.4604688696 7.65316105313 -8.96961421683
-3.44073234045 7.63349764265 -8.9800115604
-3.42075013767 7.6114464874 -8.98988977745
-3.40153724499 7.58746777601 -8.99854740286
-3.38487738803 7.56168112948 -9.00454313473
-3.37256813163 7.53418192463 -9.00641687054
-3.36566470985 7.50527298903 -9.00338618132
-3.36411094233 7.47553906841 -8.99567456931
-3.3669349121 7.44578870616 -8.98433179383
-3.37288803478 7.41694929606 -8.97067275336
-3.38117531934 7.38999777852 -8.95565161851
-3.39188153489 7.36595288226 -8.93950647973
-3.40586320323 7.34588673646 -8.92185232672
-3.42416141197 7.33088092473 -8.90215413006
-3.4472449054 7.32187863953 -8.8803090639
-3.47448331906 7.31945714233 -8.8570139763
-3.5041301796 7.32361938472 -8.83371640742
-3.53382868857 7.33373088945 -8.81217653406
-3.56138135746 7.34868183398 -8.79387871478
-3.58539063186 7.36724950867 -8.77961053902
-3.60545199842 7.38852372018 -8.76943161539
-3.62182388614 7.41219882287 -8.76303538059
-3.63478098193 7.43857027851 -8.76028372287
-3.64402915393 7.46819502232 -8.76158882905
-3.64852879183 7.50133160148 -8.76789008032
-3.64685380797 7.53739375827 -8.78019131594

/group/LPA_006/18
18
posId 18-3.61336244636 7.60933555332 -9.02381390431
-3.56853743941 7.6076369814 -9.05079582912
-3.52788562051 7.59833653691 -9.07322694687
-3.49656351445 7.58153937535 -9.08797963396
-3.47654321235 7.55756314715 -9.09393063475
-3.46650042079 7.52723379147 -9.09210727823
-3.46319278495 7.49219737841 -9.08492601998
-3.46345314753 7.45496214947 -9.07498382254
-3.46569205455 7.41851120795 -9.06403702115
-3.4702197491 7.38558807095 -9.05261658913
-3.47845702709 7.35798843169 -9.0403249346
-3.49171847529 7.33623426531 -9.02649480814
-3.51036443459 7.31981740812 -9.01077220815
-3.53372139506 7.30788381577 -8.99334486724
-3.56058454176 7.2999776484 -8.97483024187
-3.58975577376 7.29643282926 -8.9560491762
-3.62016124433 7.29821085018 -8.93791136618
-3.65052700215 7.30630922765 -8.92145841554
-3.6790194065 7.32110693153 -8.90791188721
-3.70334185705 7.34202761549 -8.89852563467
-3.72144137195 7.36768852239 -8.89419257266
-3.73245684569 7.39640300634 -8.89499647156
-3.73722887912 7.42670652575 -8.90003819017
-3.73785719322 7.45759619017 -8.90776942857
-3.73637693208 7.48838555859 -8.91676454248
-3.73326216542 7.51833226784 -8.92653840855
-3.72671241571 7.54632891432 -8.93790177957
-3.71332012148 7.57087954807 -8.95254669128
-3.68992564159 7.59037387518 -8.97198343643

/group/LPA_006/21
21
posId 21-3.78658155391 7.50318295534 -9.12739894076
-3.75888365144 7.53481772155 -9.14935690534
-3.72939670498 7.55896809582 -9.17041685209
-3.69994801044 7.57314256641 -9.18903182524
-3.67120549761 7.57687351917 -9.20474409218
-3.64300613009 7.57151641501 -9.21796716263
-3.61509092885 7.55939792006 -9.22940007867
-3.58782036384 7.54275402086 -9.23940075977
-3.56246952296 7.52295426993 -9.24764536588
-3.54093854214 7.50032390464 -9.25323420926
-3.52503349472 7.47455613689 -9.25516240016
-3.51570682291 7.44541902183 -9.2528829483
-3.51267129691 7.41334702 -9.24664942823
-3.5146049677 7.3796126865 -9.23745214834
-3.51985105227 7.34602909395 -9.22658529622
-3.52725224989 7.31439403526 -9.21508206222
-3.53668392066 7.28601226635 -9.20332385107
-3.54900546012 7.26156029378 -9.19103245684
-3.56545345319 7.24133752125 -9.17764370542
-3.58679410414 7.22570734248 -9.16285127182
-3.61268105978 7.21541076599 -9.14701371072
-3.64155936556 7.21150485786 -9.13118896315
-3.67117096481 7.21490289384 -9.11676217969
-3.69940085171 7.22574791737 -9.10485757232
-3.72502191965 7.24299003976 -9.09585198037
-3.74794702103 7.26447265894 -9.08926599582
-3.7688542995 7.28758528912 -9.08411566535
-3.78838328001 7.31023412911 -9.07956254071
-3.80633155595 7.33167847315 -9.07553080618
-3.82129255346 7.35279809072 -9.07295886903
-3.83095567789 7.37560035274 -9.07352493066
-3.83295244167 7.40213487923 -9.0789472843
-3.82584936825 7.43328207551 -9.09017834937

/group/LPA_006/24
24
posId 24-3.80899252461 7.3340103978 -9.32254682238
-3.8395725195 7.37670510887 -9.31765674258
-3.85408642166 7.41140934953 -9.31890898242
-3.85216503742 7.43330496851 -9.32529791185
-3.84047954441 7.44932004074 -9.33516634174
-3.8263489916 7.46893220326 -9.34716053011
-3.81163325813 7.49349035153 -9.36067430286
-3.79279040243 7.51510097181 -9.37554450235
-3.76645950334 7.52521001503 -9.39135304239
-3.73437082247 7.52264747294 -9.40693597226
-3.70264891386 7.51254382706 -9.42046755572
-3.67688501867 7.49861852398 -9.43004243325
-3.65856219151 7.47871405005 -9.43437723745
-3.64617492917 7.44882250378 -9.43324109746
-3.63881673377 7.4102416097 -9.42741325181
-3.63769306301 7.37074592492 -9.41820823791
-3.64424853825 7.33811927304 -9.4068220173
-3.65800016474 7.31388715326 -9.39387615911
-3.6772449126 7.29498817222 -9.37947382469
-3.70163225983 7.28135740138 -9.36377609517
-3.73262251116 7.27968874601 -9.3477013143

/group/LPA_006/27
27
posId 27-3.88494603604 7.2481582696 -9.50167097451
-3.83510137674 7.23567386602 -9.52631460422
-3.7920950992 7.23126914896 -9.54932267827
-3.76095936854 7.23529989436 -9.56795926397
-3.74152882875 7.24789831947 -9.58235371396
-3.72981618421 7.26852432425 -9.5946030958
-3.72126158533 7.29557261814 -9.60683485794
-3.71377458098 7.32642927295 -9.6195094991
-3.70874629425 7.35810316799 -9.6310237441
-3.70959349712 7.38816524043 -9.638787815
-3.71898766934 7.41547744893 -9.64098550187
-3.73669560543 7.44026688484 -9.63781036982
-3.75944689434 7.4634713716 -9.63136098235
-3.78282996811 7.48572444955 -9.62429503976
-3.80386377111 7.50657743878 -9.6181680871
-3.82249139703 7.52442039262 -9.6125708218
-3.84103351656 7.53714022463 -9.60561726886
-3.86205910621 7.54310656058 -9.59541396858
-3.88620330722 7.54188507236 -9.58148422652
-3.91146122173 7.53426251521 -9.56517261976
-3.93442370431 7.52160703086 -9.5487737949
-3.95253462819 7.50500055546 -9.53402362958
-3.96570105354 7.48470709129 -9.52104682809
-3.97600997345 7.46030786256 -9.50855346447
-3.98563139397 7.43139948085 -9.4952110889
-3.99432206935 7.39839670882 -9.48127036739
-3.99836034803 7.36293002597 -9.46927382585
-3.99191032601 7.32760072968 -9.46322059987
-3.97023814871 7.29526372824 -9.46655881745

/group/LPA_006/30
30
posId 30-3.97823651246 7.20563946912 -9.64639227757
-3.93577516146 7.19372088155 -9.67201513864
-3.89956816937 7.19041572965 -9.69629802063
-3.87202647921 7.19503435779 -9.71730107639
-3.85239538798 7.20638103916 -9.73513050098
-3.83800065263 7.22339420683 -9.75128967774
-3.82624146019 7.24541175137 -9.76737214773
-3.816195403 7.27194583387 -9.78385327291
-3.80900179291 7.30217989215 -9.79964220632
-3.8069390301 7.33458617853 -9.81259481378
-3.81186289187 7.36699060043 -9.82063467942
-3.82399366545 7.39712575184 -9.82280212914
-3.84176355764 7.42338785863 -9.8196301836
-3.86274961602 7.44535115414 -9.8126712235
-3.88504579916 7.46370125747 -9.80350868254
-3.90817563079 7.47957317318 -9.79288041691
-3.93295864478 7.49363284863 -9.78044661016
-3.96042067996 7.50541331429 -9.7653202797
-3.99046006026 7.51329775516 -9.74699903578
-4.02116208837 7.5151910698 -9.72608540407
-4.04927401147 7.50953468765 -9.70431309296
-4.07163468629 7.4961183454 -9.68382997346
-4.08673195753 7.47624597015 -9.66616201339
-4.09542275788 7.45216642008 -9.65150494338
-4.10030042407 7.42608549018 -9.63881839709
-4.10398339393 7.39930418574 -9.62672321278
-4.10726945453 7.3719508451 -9.6147040436
-4.1082457151 7.34343629107 -9.60389666045
-4.10295821871 7.31335466343 -9.59693691164
-4.08738532962 7.28230768248 -9.59686586073
-4.05970875711 7.25218203963 -9.60563155725

/group/LPA_006/33
33
posId 33-4.0166090189 7.12239255678 -9.80089151915
-3.98564513626 7.12572348061 -9.83016081101
-3.95993418267 7.13527323596 -9.8579776456
-3.94103240514 7.15105272922 -9.88296328705
-3.92910772536 7.17251118525 -9.90468314393
-3.92324719813 7.19846829734 -9.92333812934
-3.92211676724 7.22725663431 -9.93925150912
-3.92464628799 7.25704848902 -9.95242878496
-3.93043075205 7.28625269327 -9.96240626585
-3.93970188847 7.31382537474 -9.96843725352
-3.9529448446 7.33936717696 -9.96988337436
-3.97040011237 7.36296776454 -9.96657712707
-3.99172219899 7.38486693727 -9.95895002833
-4.01595695462 7.4050803753 -9.9478589768
-4.0418150552 7.42315064945 -9.93421403498
-4.0680617039 7.43812562823 -9.91862058263
-4.09379491972 7.44876518206 -9.90123880074
-4.11846725821 7.45388072504 -9.88194017824
-4.14166734733 7.45266413183 -9.8606721769
-4.16282479971 7.44488156791 -9.83782110451
-4.181050763 7.43087969858 -9.81435717105
-4.19524797714 7.41143832813 -9.79166027602
-4.20446156897 7.38756245266 -9.77110027006
-4.20828631749 7.36031284101 -9.75358693363
-4.20708802244 7.33073106627 -9.73933423338
-4.20187512047 7.29985073562 -9.72798034323
-4.19383676211 7.26873826216 -9.71901966853
-4.18375226619 7.23849899596 -9.71233134995
-4.17157148497 7.21021839765 -9.70852209344
-4.15640840949 7.18485997789 -9.70887900756
-4.13700115169 7.16317885663 -9.71491565664
-4.11246029278 7.14570817316 -9.72769931846
-4.08297037591 7.13283440136 -9.74726596191

/group/LPA_006/36
36
posId 36-4.26286942709 7.12839965517 -9.83732935322
-4.23771803808 7.08847762311 -9.83517543243
-4.20891410714 7.05724344885 -9.8431695841
-4.17970244333 7.03703442938 -9.85955817293
-4.15279933073 7.02742050341 -9.88114964461
-4.1295556729 7.02570479602 -9.904563598
-4.10975059459 7.02830250623 -9.92744548221
-4.09209421264 7.03235142548 -9.94909640196
-4.0751761275 7.03681872674 -9.97026640106
-4.0583876251 7.04263508596 -9.99227320313
-4.04237339098 7.05187088484 -10.0159281913
-4.02881515499 7.0664263995 -10.0408199814
-4.01968713146 7.0869132552 -10.0652963522
-4.01637948268 7.11226490818 -10.0871126318
-4.0191338556 7.14021303765 -10.1043744193
-4.02705592029 7.16831811284 -10.1162685261
-4.03866209738 7.19497723471 -10.1232109266
-4.05264364874 7.21987995207 -10.1263655141
-4.06843224284 7.24370608467 -10.1268260214
-4.08627403568 7.26727849328 -10.1249256089
-4.10679405358 7.29067252643 -10.1200557675
-4.13031035656 7.31279124945 -10.1110869845
-4.15628994673 7.33164366115 -10.0971467429
-4.18325653026 7.34516437216 -10.0783092959
-4.20920997664 7.35210739542 -10.0557962381
-4.23233462853 7.35250230287 -10.0315546707
-4.25161182629 7.34740438608 -10.0074271116
-4.2669998979 7.33807082873 -9.98436565401
-4.27907886715 7.32503353438 -9.96213922794
-4.2883530984 7.30762652957 -9.93973194542
-4.29460359662 7.28430416146 -9.91625986305
-4.29667266256 7.25366389854 -9.89193801488
-4.29284577433 7.21568459431 -9.86856960717

/group/LPA_006/39
39
posId 39-4.4389526409 7.09380454497 -9.98752548394
-4.44316368577 7.13279636505 -10.0157009331
-4.43965759393 7.16495399636 -10.047180536
-4.42933374807 7.18773461098 -10.0787403049
-4.41400671213 7.20094950028 -10.1080767406
-4.39587297825 7.2064827368 -10.1341974446
-4.37691421989 7.20726690727 -10.1572551204
-4.35843549429 7.20596729658 -10.1779743351
-4.3408771231 7.20393065678 -10.1969799917
-4.32393260711 7.20081626793 -10.2143444148
-4.30689552548 7.1950125746 -10.2295318522
-4.28908794594 7.18459673325 -10.2417082644
-4.27021462381 7.1683719133 -10.2502048622
-4.25053730227 7.14651307794 -10.2548612618
-4.23084461874 7.12055917522 -10.2560543875
-4.21226874757 7.0928048767 -10.2543979108
-4.19604042694 7.06541862914 -10.2502817858
-4.18326927534 7.03972045301 -10.2435177249
-4.17479788076 7.01594929538 -10.2333137402
-4.17113139958 6.99359291813 -10.2186377441
-4.17241461483 6.97207165698 -10.1988259415
-4.17842804337 6.95139821283 -10.1741483479
-4.18859799445 6.9324593452 -10.1460363915
-4.20204280371 6.91676746701 -10.1168171277
-4.21768682023 6.90580903605 -10.0890246514
-4.23445361516 6.90033297211 -10.0645669596
-4.25150662136 6.89996674477 -10.0441153634
-4.26846103565 6.90339435663 -10.0270055362
-4.28547229015 6.9090503383 -10.0117230247
-4.30313135462 6.91601228508 -9.9967856898
-4.32216317467 6.9246463944 -9.98164866557
-4.34300786319 6.93664546156 -9.96723129001
-4.3654287883 6.95436586126 -9.95581630373
-4.38830517849 6.97969976632 -9.95033600914
-4.40971641111 7.01295770386 -9.95332272888

/group/LPA_006/42
42
posId 42-4.5737322146 6.95812563931 -10.1465065005
-4.57860242352 7.00405193216 -10.1788880279
-4.57602781069 7.04012544306 -10.2125849628
-4.5677685872 7.06028735685 -10.2402234871
-4.55336639702 7.06461418813 -10.2624597606
-4.5319164033 7.05779870337 -10.2844131325
-4.50488818739 7.04513934098 -10.3086475496
-4.47671239708 7.0293084648 -10.3316931349
-4.45219301672 7.01011844827 -10.3471899845
-4.43318540495 6.98673948413 -10.3520441574
-4.4179016577 6.95990532163 -10.3491816322
-4.40365936117 6.93215057785 -10.3441994884
-4.39040900854 6.90627529016 -10.3395192102
-4.38149755007 6.88382288567 -10.3321194295
-4.38081458746 6.86497589518 -10.3171323717
-4.38909242076 6.84958804999 -10.2934894851
-4.40306062775 6.83797324495 -10.2656771655
-4.4183968925 6.83065038923 -10.2397124171
-4.43365015593 6.82769865298 -10.2175352116
-4.45126865104 6.82895903634 -10.1958510147
-4.47462065045 6.8352644487 -10.1710126905
-4.50378324075 6.84930786495 -10.1451881473
-4.53409951593 6.87452660567 -10.1272835837

/group/LPA_006/45
45
posId 45-4.74852760777 6.84947919317 -10.2703173449
-4.75305873341 6.89814286882 -10.2976088669
-4.75029464515 6.936885072 -10.3283729171
-4.74131351189 6.96028650907 -10.3573253911
-4.72713925728 6.96790287351 -10.3827061903
-4.70823633614 6.96312998582 -10.4062094673
-4.68506255355 6.95065544026 -10.4304338504
-4.65905077143 6.93417707963 -10.45590925
-4.63294314808 6.91545822039 -10.4799681861
-4.60995358155 6.89468413588 -10.4981807076
-4.59230160445 6.87137498161 -10.5070663413
-4.58029223896 6.84517659273 -10.5059470757
-4.57272845215 6.81635380576 -10.4967041815
-4.56834273667 6.78612842709 -10.4819819501
-4.56706460988 6.75685726641 -10.4635133346
-4.57006573538 6.73173618996 -10.4418508975
-4.57855956823 6.71376854698 -10.4173545371
-4.59240335848 6.70430805872 -10.3911646842
-4.60973672639 6.70212436554 -10.3650674535
-4.62801993097 6.70394957783 -10.340400745
-4.64563825106 6.7065848465 -10.3172383246
-4.66273436715 6.70940728628 -10.2949462417
-4.68055399467 6.71550662862 -10.2738984914
-4.69982121515 6.73033879057 -10.2568483932
-4.71946451618 6.75840060225 -10.2484314544

/group/LPA_006/48
48
posId 48-4.93205274955 6.86152656897 -10.400676078
-4.92300994265 6.89972017834 -10.4318540824
-4.91124961412 6.92757651048 -10.4624986633
-4.89628743376 6.94176407906 -10.491838764
-4.87822200279 6.94246563633 -10.5198064354
-4.85807562939 6.93287615581 -10.5462873873
-4.83752903139 6.9173646888 -10.5706926029
-4.81824774765 6.89934397834 -10.592022182
-4.80125654502 6.88000003333 -10.6092461032
-4.78676238298 6.85847090505 -10.6216563336
-4.77450514414 6.83319210782 -10.6289407865
-4.76435290673 6.80348361254 -10.63099267
-4.75670195096 6.7704132424 -10.6276902134
-4.75239384454 6.73651483022 -10.6188956262
-4.75221375543 6.70468535551 -10.6047222877
-4.75633999459 6.67704946644 -10.585861775
-4.76416024467 6.65449122138 -10.5636525593
-4.77461856594 6.63701788114 -10.5397140558
-4.78687765962 6.6245333128 -10.5152841135
-4.8008345715 6.61736416624 -10.4906685866
-4.81709283863 6.61614186165 -10.4652303924
-4.83634087773 6.62118706748 -10.4380614742
-4.85849306035 6.63196291325 -10.4090491745
-4.88214521899 6.64714263093 -10.3797402909
-4.90473985834 6.66537722487 -10.3534367028
-4.92341514353 6.68627188471 -10.3343392336
-4.93608849665 6.71081127687 -10.3260822641
-4.94217056081 6.74074351981 -10.3303613639
-4.94252079791 6.77710315907 -10.3463307549

/group/LPA_006/51
51
posId 51-5.0906469667 6.8018249766 -10.4955005126
-5.07726345551 6.83618710015 -10.5265216518
-5.06148861841 6.86409264331 -10.5590789012
-5.04564342407 6.88250029441 -10.5887206636
-5.03100181084 6.89032637857 -10.61318982
-5.01743619042 6.88860161223 -10.6330057567
-5.00384457507 6.87969115035 -10.6505750778
-4.9890991957 6.86603039822 -10.6683654354
-4.97295544866 6.84907833199 -10.6872080993
-4.95639975481 6.82902496773 -10.7056827066
-4.94126630321 6.80532175022 -10.7208613083
-4.92939261782 6.77762608265 -10.7298764607
-4.92183910755 6.74655135644 -10.7313313989
-4.91861857534 6.71379430654 -10.7257466036
-4.91903382333 6.68163354091 -10.7148934841
-4.92233779143 6.65217540349 -10.7005635079
-4.92825628283 6.62682854908 -10.6836163637
-4.93704735666 6.60627378955 -10.6638812099
-4.94910800658 6.59083005999 -10.6408635316
-4.96444387482 6.58085930347 -10.6146699863
-4.98238877936 6.57687297461 -10.5864633232
-5.00176066827 6.57927021735 -10.5581449854
-5.02131829 6.58794830422 -10.5315456498
-5.04016816197 6.60214759792 -10.5077649754
-5.0578159928 6.62073050043 -10.4871831375
-5.07382954732 6.64275693544 -10.4701499814
-5.08738797894 6.66795055301 -10.4578098508
-5.09711301012 6.69665716085 -10.452341795
-5.10141196182 6.72920306173 -10.4562405167

/group/LPA_006/54
54
posId 54-5.23919759606 6.74866214905 -10.5975387763
-5.23250133775 6.78056905129 -10.6171250183
-5.22038610051 6.80712320618 -10.6419236559
-5.20436736912 6.82684687697 -10.6694618725
-5.18680717759 6.83923726395 -10.6964999176
-5.16990418418 6.84473548202 -10.7203323653
-5.1546999961 6.84439686711 -10.739966346
-5.14072267282 6.83936009618 -10.7564034578
-5.12652238535 6.83032784777 -10.7717667475
-5.11080734633 6.81730048149 -10.7877343095
-5.09350718984 6.79971055422 -10.8042039077
-5.07612301158 6.77692117642 -10.8190083528
-5.0611537229 6.74886482685 -10.8288786338
-5.05094808446 6.71651241816 -10.8310951405
-5.04666922478 6.68192931395 -10.8248518211
-5.04796534171 6.64786814723 -10.8115449761
-5.05348405602 6.61707017151 -10.793866726
-5.06184520983 6.59158279854 -10.7743085034
-5.07242973808 6.57238261558 -10.7540077017
-5.08550373739 6.55943551314 -10.7326070341
-5.10165661242 6.55211593973 -10.7091274243
-5.12098101338 6.5497542348 -10.6832200048
-5.14256845626 6.55205400622 -10.6559637111
-5.16465439448 6.55921743091 -10.6297195992
-5.18529440574 6.57176950884 -10.6071925374
-5.20309962645 6.59019888866 -10.5903533444
-5.21754113582 6.61457965979 -10.5799143463
-5.22865438834 6.64430622694 -10.5756228323
-5.23640857916 6.67800397153 -10.5770497327

/group/LPA_006/57
57
posId 57-5.29539779925 6.57009136397 -10.7285608857
-5.25492722635 6.54623789079 -10.7594195167
-5.22127604203 6.53526208909 -10.7890241245
-5.19807107769 6.53476842742 -10.812590057
-5.18242902993 6.54141186801 -10.8315828206
-5.16962143327 6.55403439598 -10.8503334305
-5.15804296323 6.57394244323 -10.8710693156
-5.15006621712 6.60217981384 -10.8918234274
-5.14880410258 6.63661952954 -10.9084575229
-5.15472597138 6.67191123492 -10.9181073074
-5.16568389947 6.70255592079 -10.9205250627
-5.179910641 6.72633066443 -10.9165321212
-5.19827622516 6.74491856357 -10.9059863731
-5.22296460989 6.76124587125 -10.8879526252
-5.25377777477 6.7760902287 -10.8629802374
-5.28615616967 6.78705159847 -10.8346738507
-5.31354021646 6.79056034323 -10.8081672265
-5.33222041698 6.78470333923 -10.7864105605
-5.34392170002 6.7701203304 -10.7679207054
-5.35322342884 6.7484505341 -10.7487338211
-5.36194937222 6.7204120211 -10.727300335
-5.36593708772 6.68588095723 -10.7078317233
-5.35769436606 6.6460426772 -10.6985357181

/group/LPA_006/60
60
posId 60-5.39788624081 6.51821115346 -10.8393795813
-5.3546152579 6.49651510763 -10.8657012678
-5.32271299495 6.49012863383 -10.8896809055
-5.30347281934 6.4961644119 -10.9088488763
-5.29042958968 6.51077255845 -10.9268484154
-5.27858490354 6.5326463592 -10.947290936
-5.26960056221 6.56214235656 -10.9689386896
-5.26829638886 6.59758383107 -10.9869115489
-5.27606836298 6.63366825704 -10.9975034772
-5.28958585762 6.66437211087 -11.0006684273
-5.30576006104 6.6873285374 -10.9978959337
-5.32593047956 6.70471643152 -10.9890885573
-5.35334678034 6.71955208227 -10.9729296258
-5.38679879678 6.73146869377 -10.9502695004
-5.41871393036 6.73659341268 -10.9256784322
-5.44112881118 6.73141426767 -10.9042293929
-5.45320939779 6.71607622113 -10.8866977592
-5.4612496034 6.69348813945 -10.8691374405
-5.47025844513 6.66573865653 -10.8483001869
-5.4762802034 6.63251209975 -10.8273860073
-5.46864265782 6.59368075679 -10.8153728361

/group/LPA_006/63
63
posId 63-5.49986964528 6.4583170814 -10.9684587977
-5.45531278049 6.43694211465 -10.9931671184
-5.42201182139 6.43158456747 -11.0163679115
-5.4022459241 6.44017997054 -11.035389279
-5.38893587121 6.45652308599 -11.052904327
-5.37420445629 6.47447496526 -11.0722289217
-5.35743883668 6.49159352939 -11.0927451097
-5.34538738944 6.50943189573 -11.1099597087
-5.34490739295 6.53069090662 -11.1198076052
-5.35606499629 6.55601648633 -11.1225259751
-5.37247412694 6.58317714674 -11.1220271182
-5.38813661836 6.60888541144 -11.1214544055
-5.40344412741 6.63111036459 -11.1196013214
-5.42405170395 6.64961143912 -11.1120150602
-5.45382584106 6.66449140592 -11.0957702955
-5.48927589695 6.67459940333 -11.0730362095
-5.52142219566 6.67759094847 -11.0496677362
-5.54339494576 6.6715499298 -11.0300895036
-5.55602317476 6.65639072711 -11.0136262809
-5.56552345182 6.63357337345 -10.9961520412
-5.57542192354 6.60460549551 -10.9756293951
-5.58097227326 6.57024294742 -10.9560426035
-5.57222735521 6.53160050595 -10.9455324668

/group/LPA_006/66
66
posId 66-5.67263745858 6.46395840622 -11.1013783393
-5.6562413933 6.41768045962 -11.0950424058
-5.63057343562 6.38917869421 -11.1028017808
-5.59860586213 6.37763026176 -11.1220992785
-5.56573913534 6.37582925741 -11.1459913312
-5.53694891222 6.37713816322 -11.1680811876
-5.51411409682 6.38010409188 -11.1863771305
-5.49582793725 6.38757689475 -11.2030792022
-5.4797641023 6.40239593838 -11.2210719743
-5.46539977409 6.42428678703 -11.2406366299
-5.45472378958 6.4504924561 -11.2591745137
-5.45056725486 6.47850259614 -11.2735553416
-5.45438500243 6.50741380754 -11.2823260606
-5.46559592153 6.53657223545 -11.2856588848
-5.48281582673 6.56359978649 -11.2836339047
-5.50536686517 6.58476477799 -11.2752576716
-5.53329215807 6.59790962052 -11.2596299533
-5.56582975756 6.60479506014 -11.2380297308
-5.60006587824 6.60962786132 -11.2143316321
-5.6314318707 6.61425525444 -11.1927005743
-5.6558596796 6.61443283481 -11.1744760522
-5.67166177763 6.60146715944 -11.157424872
-5.67938450933 6.56893697489 -11.1385547492

/group/LPA_006/69
69
posId 69-5.74387597529 6.33465114993 -11.270682783
-5.78433067412 6.3661058261 -11.252841278
-5.80573683 6.40388839653 -11.2515616017
-5.80859997491 6.44208851834 -11.2641872604
-5.80261543661 6.47701659503 -11.2821076162
-5.79625534856 6.50726566959 -11.2984999193
-5.78931095536 6.53168563021 -11.3130748789
-5.77533837439 6.54815176656 -11.3297884372
-5.75024079782 6.55478512829 -11.3509517578
-5.71737076162 6.55205009304 -11.3742592126
-5.68441842456 6.54283533341 -11.3951260574
-5.65669716108 6.52989049807 -11.4106755543
-5.63455058518 6.51323764849 -11.4206615329
-5.61668545793 6.49053320628 -11.4251377657
-5.60404270887 6.46024302448 -11.4228145488
-5.59899517512 6.4243812078 -11.4127107091
-5.6014495187 6.38800291589 -11.3968470625
-5.60794261719 6.3561531174 -11.3797381839
-5.61610447152 6.33158287958 -11.3642028215
-5.62934679695 6.31535580787 -11.3481228258
-5.65493621616 6.30897088932 -11.326690866

/group/LPA_006/72
72
posId 72-5.84350324309 6.27458660488 -11.4374181415
-5.80194866152 6.25498002657 -11.4605409924
-5.76917884882 6.24738494877 -11.4818537857
-5.74699956544 6.25277046891 -11.5003975317
-5.73242164981 6.26995349153 -11.5179244663
-5.72137537508 6.29641685441 -11.5364655829
-5.71243573079 6.32908126458 -11.5558719939
-5.70771481675 6.36472204324 -11.573316676
-5.71056736605 6.40018912798 -11.5850809246
-5.72234845959 6.43273114127 -11.589083922
-5.74102996465 6.46045639125 -11.5860884423
-5.76267993578 6.48261327182 -11.5787142311
-5.7842983193 6.4993481739 -11.5692418209
-5.80546208159 6.51098676131 -11.5581121409
-5.8274764056 6.51734689473 -11.5442866882
-5.85104913517 6.51766808634 -11.5269433239
-5.87479246484 6.51128557286 -11.5068503887
-5.89597706247 6.49852643686 -11.4861584959
-5.91275826019 6.48102437443 -11.4668739351
-5.92560748274 6.46103785355 -11.449531081
-5.93632712859 6.44015703458 -11.4334164558
-5.94529294828 6.41836124507 -11.4182435129
-5.94943190338 6.39423936245 -11.4057374204
-5.94314450139 6.36637267183 -11.399492655
-5.92201145778 6.33500623956 -11.4028801106

/group/LPA_006/75
75
posId 75-5.94538542114 6.21820928214 -11.5721697121
-5.90390693879 6.19868832275 -11.5950856383
-5.87127478498 6.19327297285 -11.6172082982
-5.84916019818 6.20081179836 -11.6368163345
-5.83507253175 6.2181990473 -11.6544895433
-5.82571311046 6.2428175523 -11.6716119283
-5.81966335053 6.27301144587 -11.688560277
-5.81773237274 6.30683840643 -11.7039309319
-5.82156776311 6.34109705446 -11.7151760396
-5.8322766463 6.37206502188 -11.7199365432
-5.85005148113 6.39728576588 -11.717057235
-5.87434753448 6.41643885268 -11.7068126855
-5.90371665705 6.43024466835 -11.6905802641
-5.9353206557 6.43852087782 -11.6704029673
-5.96514335053 6.43957491671 -11.648580999
-5.98957809877 6.43182811399 -11.627155835
-6.00751027257 6.41614137649 -11.6073138102
-6.02091302195 6.3962743633 -11.5891305973
-6.03280972075 6.3765084984 -11.5721129681
-6.04380815478 6.35829249397 -11.5564039112
-6.05012651297 6.33904664405 -11.5437634101
-6.0452487854 6.31457193473 -11.537325105
-6.02443647067 6.28328447308 -11.5399730021

/group/LPA_006/78
78
posId 78-6.02570673289 6.17470019646 -11.6791899305
-5.98584966771 6.16043914905 -11.7030100189
-5.9588633145 6.16028061577 -11.7231990033
-5.94242253414 6.17124548855 -11.7402283779
-5.92971654995 6.18851259406 -11.7571490498
-5.91638750161 6.20909652906 -11.775955643
-5.90393144504 6.23299076472 -11.7955223813
-5.8973691958 6.26115314436 -11.8124900495
-5.90036191115 6.29267121281 -11.8237203193
-5.91266504317 6.32398468089 -11.8278744251
-5.93168109295 6.35080353803 -11.8250677785
-5.95549333611 6.37068328983 -11.8156938984
-5.98367329036 6.3837455359 -11.800126411
-6.01519574947 6.39109198899 -11.7796059441
-6.04642792504 6.39283429337 -11.756907116
-6.07230332262 6.38790490096 -11.7353765214
-6.09017329823 6.37574740452 -11.7167644002
-6.10233457118 6.35783999919 -11.6999788217
-6.11385795894 6.33709432579 -11.6824584547
-6.12690397636 6.31546926477 -11.6634191418
-6.13675159944 6.29226369456 -11.6461048363
-6.13395084888 6.26518829114 -11.6366300944
-6.11162164557 6.23363710063 -11.6399002134

/group/LPA_006/81
81
posId 81-6.0761899554 6.14342443334 -11.7478754838
-6.03538788174 6.12541941565 -11.7708066837
-6.00668307827 6.12414174705 -11.7918959541
-5.98929205552 6.13583270653 -11.810098195
-5.97726657693 6.15420724519 -11.8271633416
-5.96588767368 6.17562866845 -11.845067019
-5.95547907484 6.20040380336 -11.8636986537
-5.95002040978 6.22980703531 -11.8806119872
-5.95294540933 6.26254159077 -11.8926533628
-5.96455650298 6.2944046819 -11.897765554
-5.98300688601 6.32121316591 -11.8955205513
-6.00679366021 6.34158661375 -11.8864508384
-6.03543411322 6.35653774938 -11.8713611793
-6.06757968281 6.36647457362 -11.8514460543
-6.09921041691 6.36920209244 -11.8287814524
-6.12486087675 6.3615616325 -11.8061139356
-6.14151633425 6.34334591005 -11.7856265955
-6.15137023147 6.31927096858 -11.7677179875
-6.15997239094 6.29626989725 -11.7512206529
-6.17057707241 6.27799995637 -11.7352724066
-6.17965660177 6.26165285949 -11.7213111045
-6.17822701823 6.24051148003 -11.7131877691
-6.15865714394 6.21047908222 -11.7148738032

/group/LPA_006/84
84
posId 84-6.10214724737 6.12570485475 -11.7722484092
-6.05414965211 6.11085998763 -11.8046872862
-6.01875532244 6.1071545751 -11.830908182
-5.9985676807 6.11519370699 -11.8490880373
-5.98804916316 6.13385411594 -11.8631565738
-5.97987451861 6.1607913252 -11.87803946
-5.97152930019 6.19313407154 -11.8947711559
-5.96676802555 6.22797813099 -11.909523031
-5.97119832208 6.26257792347 -11.9170824009
-5.9863041794 6.2944283418 -11.9155049424
-6.00735654607 6.32147215778 -11.90779791
-6.02703143421 6.34244423313 -11.8992287869
-6.04143505654 6.35710481419 -11.8927354956
-6.05312225906 6.36608562547 -11.8865410371
-6.0683978879 6.37032930146 -11.8760643904
-6.0912834922 6.37043401053 -11.8583825671
-6.11950316154 6.36632656958 -11.8352340405
-6.14605938602 6.35746266216 -11.8118625063
-6.16499051547 6.34336419975 -11.7927308654
-6.17612039938 6.32407109501 -11.7779881467
-6.18441220454 6.3002011668 -11.7639887241
-6.19430511114 6.27267492692 -11.747588708
-6.20401161678 6.2424566689 -11.730478007
-6.20510407146 6.2106312347 -11.7195247598
-6.1883658768 6.17879957325 -11.7223717201

/group/LPA_006/87
87
posId 87-6.02813947578 6.15758980163 -11.812799491
-6.05617527544 6.13656942861 -11.7821362691
-6.08707986802 6.13076675567 -11.7562940237
-6.1163325959 6.13666196058 -11.7370511199
-6.14143932255 6.15009726384 -11.7243733861
-6.1624440593 6.16932924578 -11.7174289402
-6.18058624275 6.19425839819 -11.7152424114
-6.19636773398 6.22348261645 -11.7167948541
-6.20873431862 6.25299787978 -11.7210423815
-6.21593408667 6.27836508082 -11.7272651247
-6.21701509915 6.29818919787 -11.7355379649
-6.2124121838 6.31505152139 -11.7467175063
-6.20309984223 6.33247816781 -11.7616884488
-6.18929134011 6.35067723677 -11.7803861641
-6.17013695894 6.36532669202 -11.8014676405
-6.1448631632 6.37088536777 -11.8229740896
-6.11432875426 6.36540484591 -11.8433684731
-6.08152061388 6.35215042918 -11.8619063764
-6.05050775142 6.3363104419 -11.8779127805
-6.02480617735 6.31988869374 -11.889668301
-6.00655163421 6.29980543365 -11.8941595935
-5.99692797226 6.27128197146 -11.8883088996
-5.99696742737 6.23352190698 -11.8709769531

/group/LPA_006/90
90
posId 90-6.0146824111 6.16897495193 -11.792177698
-6.0427161299 6.14783171459 -11.7615897291
-6.07283536851 6.14146737494 -11.736114067
-6.10119218474 6.14635319942 -11.7170437438
-6.12583605805 6.15866339001 -11.70411383
-6.14677423849 6.17733168692 -11.6968371432
-6.16480859968 6.2028105125 -11.6948163979
-6.18015860799 6.23351460014 -11.6971706831
-6.19196098106 6.26439678985 -11.7022674328
-6.19888227211 6.28976330455 -11.7085347274
-6.20009869136 6.30775027381 -11.7157485967
-6.19568292214 6.32176316007 -11.7253931101
-6.18612942611 6.33695591957 -11.7394258323
-6.17162969416 6.3548109456 -11.7583728307
-6.15192402692 6.37102387869 -11.7804842377
-6.12694258177 6.37888765123 -11.8027821673
-6.09765319405 6.37505082898 -11.8230261987
-6.06634259507 6.36214513001 -11.84068949
-6.03611566916 6.34577092707 -11.8559725479
-6.01009819507 6.32883489851 -11.8678431731
-5.99096257449 6.30885917349 -11.8731765907
-5.98087971513 6.28101827216 -11.8681636621
-5.98144228921 6.24407808681 -11.8510517353

/group/LPA_006/93
93
posId 93-6.00760650746 6.17519679256 -11.7807325453
-6.03680501766 6.15145632017 -11.7484830248
-6.06546373683 6.14482835796 -11.7242449503
-6.0912184936 6.15211787047 -11.7083537268
-6.11511891784 6.16631195814 -11.6969107461
-6.13824496706 6.18333022922 -11.6872990425
-6.15901502341 6.20472764338 -11.6813851288
-6.17400079059 6.23395903378 -11.6832523357
-6.18096313605 6.27059598086 -11.6943735734
-6.18044713204 6.3087052997 -11.711705248
-6.17422438486 6.34077756303 -11.730591578
-6.16269190691 6.36274162386 -11.7489270656
-6.14450087419 6.37507706629 -11.7679270311
-6.11891143696 6.37986679662 -11.7890674349
-6.08803900631 6.37790608539 -11.8111304287
-6.05625880725 6.36896946862 -11.8307654084
-6.02742411873 6.35384331438 -11.8454595128
-6.00314911462 6.33456849196 -11.8549212145
-5.98406463223 6.3121277044 -11.8591189046
-5.97224225643 6.28484358137 -11.8557676366
-5.97136982177 6.25061009803 -11.8411911248

/group/LPA_006/96
96
posId 96-6.06309255938 6.1544724459 -11.7290923323
-6.02310057385 6.13651531569 -11.7512541034
-5.99485556619 6.13433128803 -11.7717516838
-5.97759885152 6.14503895167 -11.7898328499
-5.96557183417 6.16312454289 -11.8073373505
-5.95404844681 6.18471647548 -11.8260767015
-5.94318735699 6.20919199488 -11.845642669
-5.93699793149 6.23734973426 -11.8633511432
-5.93932018621 6.2685635654 -11.8759893749
-5.95093632314 6.2998601788 -11.881589503
-5.97001688547 6.32752882823 -11.8798318139
-5.99443926157 6.34925736009 -11.8712653045
-6.02295249864 6.36453668392 -11.8566074785
-6.05406702259 6.37323773049 -11.8369329191
-6.08455854994 6.37437756342 -11.814242915
-6.11013887176 6.36682871715 -11.791282116
-6.12833612649 6.35136079065 -11.7702877835
-6.1406678586 6.33153487471 -11.7517480479
-6.1512037459 6.31178918914 -11.7346126881
-6.16202171278 6.29395550782 -11.7181450178
-6.16959674213 6.27550273016 -11.7038607656
-6.16604972203 6.25169618376 -11.6955738104
-6.14504784253 6.22034189521 -11.6970933156

/group/LPA_006/99
99
posId 99-6.06597533031 6.15213432838 -11.7325376802
-6.02539415594 6.1339123325 -11.7548989868
-5.99667379116 6.13195289045 -11.7757199245
-5.97931484266 6.14305859431 -11.7939177066
-5.96750703281 6.1613583517 -11.8112040052
-5.95628267843 6.18297524911 -11.8295642164
-5.94560940587 6.20757913604 -11.8488720252
-5.93948378133 6.23614312783 -11.8665500296
-5.94183994652 6.26780153275 -11.8792281705
-5.95351122958 6.29911059332 -11.8847034529
-5.97262527119 6.3261620997 -11.882606558
-5.99701242419 6.34701416616 -11.8736910508
-6.02547327414 6.36182689413 -11.858936951
-6.05663872769 6.37081843756 -11.8394790902
-6.08732221304 6.37265770989 -11.8171189216
-6.11308505312 6.36544738984 -11.7943460114
-6.13120637369 6.34946904094 -11.7733462547
-6.14309487575 6.32855872185 -11.7548065945
-6.15301702895 6.30798418455 -11.7379070849
-6.16345686482 6.29023841662 -11.721908161
-6.17119153429 6.27270721077 -11.7080526528
-6.16827182438 6.24992202432 -11.6998533738
-6.14794578154 6.21896133803 -11.7010812003

