/group/LPA_003/0
0
posId 0-2.84552385893 9.11953534198 -6.66838417658
-2.82125388661 9.11019924571 -6.63413799667
-2.79725860487 9.10669009813 -6.60175543096
-2.77470012005 9.1086463827 -6.57266767608
-2.75421923615 9.11558274932 -6.54759013158
-2.73592270743 9.12700144004 -6.52653442409
-2.71951713541 9.14246505355 -6.50900282705
-2.70453832527 9.16161691943 -6.49429438889
-2.69059903281 9.1841526108 -6.48182258085
-2.67757691639 9.20976085719 -6.47134661042
-2.66568776746 9.23805992798 -6.46305107378
-2.65542868736 9.26855441383 -6.45746026475
-2.64741877503 9.30062814658 -6.45522736074
-2.64219728351 9.33357521799 -6.45687764474
-2.64005092138 9.36665748784 -6.46259679402
-2.64092968723 9.39916817089 -6.47213687536
-2.64447882251 9.43047988006 -6.48487065573
-2.65017393626 9.46006207381 -6.49997336132
-2.65751062007 9.48746474962 -6.51666720964
-2.6661807976 9.51227819074 -6.53444236174
-2.67617198001 9.5340880029 -6.55317552665
-2.68775129036 9.55244717008 -6.57310179515
-2.70133515721 9.56688137396 -6.59464507484
-2.71728508736 9.57693206071 -6.61816129349
-2.73569676244 9.58222761002 -6.64368009431
-2.75625472857 9.58256130995 -6.67073433287
-2.77820605739 9.57794984159 -6.69834061359
-2.80046923187 9.56864971972 -6.72514636873
-2.82185087719 9.55512086572 -6.74970477048
-2.84130686634 9.5379427664 -6.770795622
-2.8581676583 9.51770440277 -6.78769256158
-2.87225632322 9.49489917235 -6.80029078058
-2.88385942863 9.46985683633 -6.80905127503
-2.89355623593 9.44273535091 -6.81477467644
-2.90195643207 9.41357865702 -6.81827211449
-2.90942675576 9.38242693997 -6.82003504798
-2.91589261326 9.34944938618 -6.82000927186
-2.92077987166 9.3150611494 -6.81754873668
-2.92312052443 9.27998883114 -6.81157105483
-2.92179638773 9.24526178906 -6.80087494144
-2.91585256939 9.2121263898 -6.78452930467
-2.90479023329 9.18190123824 -6.7622199481
-2.88875307777 9.1558073961 -6.73445039372

/group/LPA_003/3
3
posId 3-2.83303888691 9.11652449935 -6.67265462517
-2.80986233984 9.10823938299 -6.63857337492
-2.78701125381 9.10605687027 -6.60668154086
-2.76552118927 9.10955653407 -6.57827596871
-2.74592246737 9.11809765861 -6.55389920756
-2.72825024275 9.13096685375 -6.5333954799
-2.71218938296 9.14750791332 -6.51614603854
-2.69730174557 9.16720328067 -6.50140344154
-2.68326137145 9.18969208129 -6.4886185305
-2.67002456772 9.21472851226 -6.47766127013
-2.6578857618 9.24210083083 -6.46887402338
-2.64740831004 9.27154058949 -6.46295093403
-2.63925973223 9.30265177091 -6.46069221857
-2.63401033751 9.33488068018 -6.46272001321
-2.63196380284 9.36753310414 -6.46925145126
-2.63307536899 9.39983013731 -6.48000268201
-2.63698259029 9.43098297261 -6.49425232134
-2.64313533406 9.46026311049 -6.51103940065
-2.65097858629 9.48704860203 -6.52942672328
-2.66012438817 9.51083721657 -6.5487398957
-2.67045343519 9.53122998347 -6.568701646
-2.68211100263 9.54789896429 -6.58941703826
-2.69539788605 9.56055781212 -6.61121582792
-2.71059302956 9.56895117581 -6.63440672853
-2.72776851419 9.57287035224 -6.65902872589
-2.74666152802 9.57219097971 -6.68468666197
-2.76665029822 9.56691826105 -6.71053122613
-2.78684726209 9.55722006394 -6.73539590469
-2.8062838457 9.54343038911 -6.75805081242
-2.82412981289 9.52601474344 -6.77749294078
-2.83987670142 9.50550208012 -6.79317771027
-2.85342417043 9.48240079102 -6.80511311459
-2.86503765091 9.45712424563 -6.8137804916
-2.87518643882 9.42995143175 -6.81990173089
-2.88431045356 9.401039714 -6.82412376598
-2.89258874347 9.37049173736 -6.82672093121
-2.89978519358 9.33846144115 -6.82741413529
-2.90522549828 9.30527030006 -6.82537257271
-2.90792050102 9.27149882081 -6.81940864356
-2.9068062945 9.23802233987 -6.80831672334
-2.90103480289 9.20597361999 -6.79126008905
-2.89023138819 9.17663405544 -6.76809231996
-2.87464386276 9.15127500568 -6.7395158522

/group/LPA_003/6
6
posId 6-2.80004116978 9.11123921154 -6.68666539127
-2.7790285531 9.10094014032 -6.65287025319
-2.75785869883 9.09817067982 -6.62129732452
-2.73735742009 9.10269389053 -6.59306598199
-2.71806524318 9.11348132652 -6.56862472234
-2.70022657502 9.12903253402 -6.54783942768
-2.68384706154 9.14780183522 -6.53021533778
-2.66879889478 9.16859924851 -6.51518007695
-2.6549430248 9.19084224922 -6.50234263891
-2.64223515972 9.21458372932 -6.491656062
-2.63078923394 9.24031347049 -6.48344478676
-2.62088533777 9.26860284724 -6.47830053669
-2.61292486807 9.29971236734 -6.47688963796
-2.60734934779 9.3332932507 -6.47973830008
-2.60454732581 9.36828393471 -6.48706405273
-2.60477425912 9.40303987006 -6.49870190135
-2.60810385945 9.43566015208 -6.51414011688
-2.61441860837 9.46441122365 -6.5326443602
-2.62343564653 9.48811622332 -6.55342187964
-2.63475554729 9.50638861119 -6.57576819458
-2.6479179078 9.51963730999 -6.59914931104
-2.66244968462 9.52884233218 -6.6231987448
-2.67789834232 9.53517197467 -6.64764098943
-2.69384947101 9.539562286 -6.6721802063
-2.70993458632 9.5423909315 -6.69640540617
-2.72583715647 9.54334721716 -6.71975688912
-2.74130284281 9.54153756369 -6.74157540125
-2.75615456983 9.53579100809 -6.76122337423
-2.77030675734 9.52506607706 -6.77823793616
-2.78376869603 9.50882867534 -6.79245876119
-2.79662685546 9.48728046921 -6.80407674931
-2.80900063762 9.4613654117 -6.81357204329
-2.82097463934 9.4325531488 -6.82154541132
-2.83252019962 9.40246937805 -6.8284843056
-2.84342646984 9.3724920464 -6.83453160286
-2.85326343352 9.34344298988 -6.83933168994
-2.86139465099 9.31547379076 -6.84201178848
-2.86704655317 9.28818205039 -6.84132018413
-2.86942649191 9.26091987853 -6.83589764073
-2.8678675143 9.23319391355 -6.824617316
-2.86196823342 9.20502559902 -6.80690464086
-2.8516944066 9.17715163269 -6.78294971342
-2.83741597152 9.15099408778 -6.75375123641

/group/LPA_003/9
9
posId 9-2.77870311022 9.13541667226 -6.75823267704
-2.76056081934 9.11528068658 -6.72194643992
-2.7418680311 9.09995648774 -6.68665163663
-2.72376827829 9.09082554136 -6.65467875759
-2.70680599396 9.08873302182 -6.62720967907
-2.6909215367 9.0937682705 -6.60418512957
-2.67564564466 9.1052442626 -6.58460241325
-2.66041450211 9.12188795205 -6.5670840857
-2.64488899005 9.14218545201 -6.55051295224
-2.62916539162 9.16477519126 -6.53451496536
-2.61380759847 9.18876572198 -6.51963247923
-2.59969692287 9.2138786458 -6.50714333213
-2.58776128311 9.24037362436 -6.49860623893
-2.5786875934 9.26878311277 -6.49530636201
-2.57272506475 9.29954598924 -6.49780476517
-2.56965189593 9.33266139951 -6.50575248738
-2.5689164951 9.36747650038 -6.51803061458
-2.56989915926 9.40267728418 -6.53315805187
-2.5721946237 9.43648543876 -6.54981160216
-2.57580661808 9.4669984158 -6.56726299468
-2.58117615447 9.49256620147 -6.58556873255
-2.5890250957 9.51209057031 -6.60543968312
-2.60006442897 9.52516237057 -6.62783551088
-2.61466830608 9.53200852328 -6.65343187645
-2.63263149014 9.5332832009 -6.68215860895
-2.65310273696 9.52978567378 -6.71298611966
-2.67472787219 9.52220484728 -6.74405171831
-2.69596394088 9.51097280055 -6.77309688457
-2.71546495984 9.49626429865 -6.79807341274
-2.73241201553 9.47812334362 -6.81771109789
-2.74667604801 9.45665168538 -6.83184634326
-2.75875605204 9.43217417907 -6.84138882958
-2.76951051566 9.40530858175 -6.84792631759
-2.77977024075 9.3769074909 -6.85309366786
-2.78996212452 9.34789236743 -6.85791744813
-2.7998715675 9.31904430943 -6.86236174786
-2.80862615031 9.29083653966 -6.86523788331
-2.81491002821 9.26338140388 -6.86452093534
-2.81734172192 9.23652386444 -6.8579796444
-2.81489350698 9.21005843003 -6.84391932101
-2.80721674929 9.1839971431 -6.82179662226

/group/LPA_003/12
12
posId 12-2.72436283396 9.10815561042 -6.77702231526
-2.70691406274 9.09554250306 -6.73973611323
-2.68850558443 9.08825948015 -6.70334894281
-2.67017940843 9.08616745429 -6.66965050638
-2.6526910116 9.08896453629 -6.63983992072
-2.6364154474 9.09627397687 -6.61440138212
-2.62135881465 9.10771156721 -6.59315761975
-2.6072673405 9.12292192737 -6.57548215147
-2.59379847451 9.14158406448 -6.56060705146
-2.58070143119 9.16339518966 -6.54793691722
-2.56795354449 9.18804566834 -6.53727971118
-2.5558137151 9.21519660875 -6.5289310779
-2.54478036886 9.24446631306 -6.52359275262
-2.53547056082 9.27542524944 -6.52215455227
-2.5284601952 9.30759424318 -6.52540861562
-2.52413578303 9.34043931904 -6.53378257433
-2.5226028281 9.37335957872 -6.54717027667
-2.52367685983 9.40567043367 -6.56490758919
-2.52695659217 9.43659088671 -6.58589660457
-2.53195315102 9.46524743413 -6.60883795378
-2.53823275648 9.49070632286 -6.63250099221
-2.54552764825 9.51203972302 -6.65595397442
-2.55378185933 9.52842120805 -6.67869242061
-2.56312054006 9.53923476719 -6.70063780671
-2.57375657474 9.54417315828 -6.7220192326
-2.58586807515 9.54329902401 -6.74318493184
-2.59948865688 9.53704751123 -6.7644079266
-2.6144467215 9.52616151885 -6.7857460643
-2.63037239509 9.51156723696 -6.80699344078
-2.64676730011 9.49421386888 -6.82772631044
-2.66311084557 9.47491262471 -6.84741374873
-2.67896440496 9.45421267063 -6.86554264548
-2.69403575648 9.43234443412 -6.88170483332
-2.70818021931 9.40924499928 -6.89561154938
-2.72133741513 9.38466021564 -6.90703068854
-2.73342603697 9.35829890582 -6.91567469997
-2.74423550167 9.33000137931 -6.92108993272
-2.75335713417 9.2998809251 -6.92260323141
-2.76018689609 9.26840400108 -6.91936606916
-2.76400963113 9.23639049559 -6.91050487793
-2.76414817253 9.20493540337 -6.89534853955
-2.76013793503 9.17527214488 -6.87367273636
-2.75187627008 9.14861063157 -6.8458869403

/group/LPA_003/15
15
posId 15-2.60331074807 9.10747989856 -6.66246959509
-2.58659433435 9.11650101551 -6.63159656224
-2.57135077003 9.12824767109 -6.60594123977
-2.55761843745 9.14293227162 -6.58573990301
-2.54518460399 9.16085023038 -6.57072779814
-2.53374767819 9.18221303308 -6.56038249686
-2.52307420144 9.20699503323 -6.55416525404
-2.51310495668 9.23484029859 -6.55169151303
-2.50398564246 9.26505505958 -6.5527939433
-2.49602440438 9.29668331305 -6.55748138432
-2.48960179601 9.32863746 -6.56583076446
-2.48507089969 9.35984096801 -6.57786560983
-2.48268310739 9.38934045557 -6.59347007451
-2.48256041126 9.41635940646 -6.61236526385
-2.48471426039 9.4402890884 -6.63414483719
-2.48909227616 9.46063552706 -6.65834155103
-2.4956244225 9.47695622996 -6.68448531449
-2.50424296021 9.48882166721 -6.71212035464
-2.51486420107 9.49582420263 -6.740770869
-2.52733902407 9.49763610142 -6.76987184416
-2.54139558956 9.49409645354 -6.79870299189
-2.55660482721 9.4852926196 -6.82636957886
-2.57239371669 9.4716006402 -6.85186070777
-2.5881145992 9.45366168752 -6.87418715679
-2.6031566482 9.43229373783 -6.89256726501
-2.61706644436 9.40836129579 -6.90660335724
-2.62963597016 9.38264254216 -6.91638369549
-2.64092242358 9.35573639147 -6.92246071973
-2.65118405213 9.32803999164 -6.92569201181
-2.66074369835 9.29980388142 -6.92697517043
-2.6698177795 9.27124520548 -6.92694680275
-2.67836382253 9.24267839887 -6.92573528325
-2.68599844946 9.21461513028 -6.92284878838
-2.69201924745 9.18779411381 -6.91724521129
-2.6955334536 9.16312410339 -6.90757865129
-2.69566326148 9.1415525604 -6.8925640179
-2.69177243795 9.12389833343 -6.87136361913
-2.68365013037 9.11070035009 -6.84388965576
-2.67159844156 9.10213092167 -6.81093798351
-2.65639750739 9.09800263012 -6.7741151313
-2.6391570787 9.09786821116 -6.73557823158

/group/LPA_003/18
18
posId 18-2.54896042028 9.16325426949 -6.68145042639
-2.56935685989 9.13747171741 -6.71864815536
-2.5851351914 9.12248655871 -6.75428635524
-2.59509339965 9.12078222281 -6.7875067184
-2.5996198 9.13146596031 -6.81846134589
-2.60019177403 9.15086619843 -6.84734837614
-2.5984615291 9.1744339287 -6.87377648396
-2.59543469153 9.19883877798 -6.89673043182
-2.59115422163 9.2230883196 -6.91499051899
-2.58498389751 9.24814183881 -6.92761098977
-2.57624264952 9.27541802473 -6.93412151911
-2.56477673019 9.30522426932 -6.93439812783
-2.5511524269 9.33608770766 -6.92842608653
-2.53642378074 9.36531257434 -6.91624121984
-2.52169151419 9.39027784993 -6.89814955884
-2.50775803571 9.40955534618 -6.87504180314
-2.49506236161 9.42313259151 -6.84846920981
-2.48385306094 9.43169554268 -6.82026900042
-2.47439392697 9.43558685701 -6.79185777724
-2.4670074104 9.43425299432 -6.76362167347
-2.46192553987 9.42660376855 -6.73488122348
-2.45910466315 9.41201553318 -6.70461754734
-2.4582203021 9.39120789727 -6.67266705241
-2.4589354611 9.36627604337 -6.64072476051
-2.46131008101 9.33974495374 -6.6124985647
-2.4660556417 9.31323165254 -6.59276785832
-2.47437191717 9.2866512198 -6.58570168227
-2.48733838825 9.25861277561 -6.59323228016
-2.50513327103 9.22788324277 -6.61429021159

/group/LPA_003/21
21
posId 21-2.52932000318 9.1697281235 -6.82711352455
-2.52050848143 9.19845690636 -6.86496719003
-2.50828632005 9.22951141659 -6.8856838063
-2.49481401483 9.25912643825 -6.89183406823
-2.48196239096 9.28578836311 -6.89195819678
-2.47052380402 9.30938522387 -6.89158580505
-2.46001562928 9.33025882837 -6.88833782698
-2.44940479763 9.348698584 -6.8755232281
-2.43830969967 9.36468333226 -6.85020746165
-2.42772357481 9.37756240922 -6.8174774031
-2.41960750703 9.38585039513 -6.78665116109
-2.41563515835 9.38762814323 -6.76332637982
-2.41612030059 9.38162344056 -6.74525431296
-2.42002317447 9.36822616272 -6.72605698815
-2.42600287179 9.34942238663 -6.70287085757
-2.43358154719 9.32742731132 -6.68012450384
-2.44341333109 9.30306642226 -6.6657009665
-2.45645080664 9.27545620437 -6.66354092555
-2.47273819043 9.2435976682 -6.67036443722
-2.4908142549 9.2087911742 -6.6799281235
-2.50812453131 9.17582225692 -6.69039883255
-2.52202041542 9.15162503207 -6.70700498312
-2.53059973823 9.14207124369 -6.73672520583

/group/LPA_003/24
24
posId 24-2.48328359901 9.15627829122 -6.73723028519
-2.46473324889 9.18386898741 -6.69905588923
-2.44476656731 9.21479212439 -6.6758648813
-2.42702724715 9.24339373296 -6.67173098153
-2.41219260277 9.26825271417 -6.68200788328
-2.39864835648 9.29135702492 -6.69734334366
-2.38499786353 9.31453892944 -6.71128584662
-2.37190403679 9.33678851314 -6.72485009979
-2.36162686432 9.35484521046 -6.74415869799
-2.35599635255 9.36602927941 -6.7735922681
-2.35503795209 9.37013990804 -6.81082395674
-2.35761830479 9.36848903936 -6.84806465559
-2.36326067683 9.3613472409 -6.87793112831
-2.37301603988 9.34685651884 -6.89828140799
-2.38827730845 9.32293624234 -6.91185212057
-2.40865349026 9.29043920829 -6.92179908134
-2.43115401648 9.25422444175 -6.92796918244
-2.45174049936 9.22066567083 -6.92741411106
-2.46793073302 9.19365665695 -6.91797320494
-2.47998799271 9.17283863555 -6.90066736671
-2.48952863623 9.15576967475 -6.87827015078
-2.49691189849 9.14194009184 -6.85188030793
-2.50003597123 9.1346537121 -6.81976731779

/group/LPA_003/27
27
posId 27-2.47710091083 9.10870264332 -6.7102263642
-2.49085011226 9.09317131427 -6.74780956356
-2.49868948618 9.08500493964 -6.78581041007
-2.50062613388 9.08405740357 -6.82092737818
-2.49727513253 9.089501607 -6.85166023246
-2.48960707587 9.10014351628 -6.87831412085
-2.47869372136 9.11470499048 -6.90219623472
-2.46552390316 9.13200524264 -6.9244756519
-2.45090888184 9.15104228003 -6.94531190166
-2.43545265266 9.17102238134 -6.9636760904
-2.41954968454 9.19138556123 -6.97789568206
-2.40339054769 9.21183636341 -6.98656328022
-2.3869861674 9.23234412036 -6.98926803582
-2.37023859087 9.25306046115 -6.98672769715
-2.35307407999 9.2741314306 -6.98024971216
-2.33561667244 9.29544454771 -6.97083768907
-2.31833917931 9.31641116018 -6.95847204438
-2.3021120783 9.33590160552 -6.94201258671
-2.28809636163 9.35240494814 -6.91983619995
-2.27748903729 9.36439012932 -6.89091267307
-2.27120225717 9.37074453849 -6.85575789773
-2.26960200994 9.37111135635 -6.8167336186
-2.27242265259 9.36597221924 -6.77747996136
-2.27890713021 9.35642280649 -6.74171109616
-2.28812601766 9.34372333677 -6.7119444115
-2.29934535658 9.32881160492 -6.68878777712
-2.31228408381 9.3119913458 -6.67114203507
-2.32714349782 9.29293788935 -6.65721800859
-2.34438766474 9.27102586134 -6.64585154782
-2.36436261082 9.24584161309 -6.6374408886
-2.38691453404 9.21766065748 -6.63401315045
-2.41117041109 9.18768457815 -6.63836199934
-2.43557730758 9.15793475817 -6.65266732958

/group/LPA_003/30
30
posId 30-2.4580718709 9.09372947104 -6.7669291184
-2.46399355841 9.09611056398 -6.81843203128
-2.4615197274 9.10521657026 -6.86390368295
-2.45137818127 9.11960713081 -6.89818083172
-2.43563962706 9.13733635198 -6.92084614982
-2.41686767194 9.15655997832 -6.93512887795
-2.39707702769 9.17604941391 -6.94503107445
-2.37706672424 9.19538214167 -6.95256930547
-2.35649395157 9.21472806058 -6.95680296196
-2.3346261527 9.23435028086 -6.95505917645
-2.31131144399 9.25408170329 -6.94531379952
-2.28758342098 9.27304738416 -6.92799751611
-2.26554151286 9.28977223236 -6.90598854496
-2.24758250917 9.30261528499 -6.88285833114
-2.23543601878 9.31031228882 -6.86065309871
-2.2295507378 9.31236882868 -6.83879984791
-2.22914440353 9.30913854686 -6.81492635663
-2.23282646897 9.30158526988 -6.78703875432
-2.23938413285 9.29087184471 -6.75553498479
-2.24827726426 9.27797211756 -6.7236161932
-2.25962098422 9.26345433823 -6.69574523237
-2.27377492414 9.24747956035 -6.67515901257
-2.29087821521 9.22996379789 -6.662139596
-2.31063756772 9.21081229029 -6.65428980739
-2.33243871961 9.19014809479 -6.64872135263
-2.35559320784 9.16849094861 -6.64472921413
-2.37944258194 9.14685979891 -6.64510009923
-2.40318326801 9.12676525611 -6.65500620658
-2.42553957413 9.11005065679 -6.67897917326

/group/LPA_003/33
33
posId 33-2.31339423533 9.21531857329 -6.9364143699
-2.27537800628 9.23041936059 -6.91297924267
-2.24453740314 9.23958402637 -6.88541139861
-2.22310239716 9.24207700496 -6.85550203005
-2.21089004014 9.23842044292 -6.82438463131
-2.20595755788 9.22999392058 -6.7925470409
-2.20588284236 9.21839067966 -6.76024610703
-2.20900304488 9.20485388097 -6.72807227919
-2.21501932292 9.1900369807 -6.69732405017
-2.22474485597 9.17413804473 -6.66994750668
-2.23923205585 9.15725683497 -6.64802712626
-2.25882234299 9.13972197525 -6.63306059455
-2.28266385741 9.12218189001 -6.62538246247
-2.30895036771 9.10541427632 -6.62404626969
-2.33571553953 9.0899896899 -6.62725618038
-2.3617019202 9.07602148543 -6.633166405
-2.38678458535 9.06319094082 -6.64067861629
-2.41168509297 9.05107572763 -6.6498613284
-2.4371206772 9.03962145471 -6.66179581653
-2.46287019477 9.02948752347 -6.67793053209
-2.48731321386 9.02203686948 -6.69926089193
-2.50776285792 9.01891241002 -6.72572665338
-2.52148624067 9.02136429309 -6.75609949606
-2.52691535853 9.02964387801 -6.78838280541
-2.52441042283 9.04277669689 -6.82049343293
-2.51613352773 9.05885984342 -6.85086925614
-2.50503303362 9.07577707354 -6.87870729805
-2.493404249 9.09201276848 -6.90374811735
-2.48173700582 9.10718325397 -6.9257693395
-2.4684502758 9.12202753833 -6.94410409176
-2.45069321326 9.13785292512 -6.95747989615
-2.42586668563 9.15569154785 -6.96429370445
-2.39315267581 9.17556382622 -6.96319691999

/group/LPA_003/36
36
posId 36-2.2862505153 9.0384260785 -6.66168721974
-2.24294711123 9.05789951001 -6.66703124236
-2.20766701524 9.07564491839 -6.67461496772
-2.18139009554 9.0919755231 -6.68561258692
-2.16337909381 9.10779737981 -6.70110207949
-2.15190868022 9.12398926746 -6.72147314972
-2.14521884179 9.14087105916 -6.74613280355
-2.14229657106 9.15797106863 -6.77361309597
-2.14318390428 9.1741682602 -6.80201540919
-2.14872463822 9.18812536816 -6.82959011795
-2.15990437779 9.19881085275 -6.85520488097
-2.17710689615 9.20587910791 -6.87851508677
-2.19963505972 9.20974859155 -6.89978708371
-2.22571925223 9.21135390923 -6.91947773566
-2.25301670303 9.21169041418 -6.93777620148
-2.27938704798 9.21135726538 -6.95432238381
-2.30360674413 9.21030053692 -6.96822936678
-2.32570982017 9.20786539294 -6.97839425186
-2.34680336581 9.20312715585 -6.9839471466
-2.36843318535 9.19534680013 -6.98462189851
-2.39176991865 9.18434167079 -6.980864642
-2.41696430843 9.17060121521 -6.973614089
-2.44294790631 9.15509335947 -6.96383951584
-2.46776300152 9.13884911337 -6.95204130302
-2.48927553199 9.12251827559 -6.93795044172
-2.5059565541 9.10611009051 -6.92059028745
-2.51738505626 9.08905779177 -6.89871384938
-2.52424347692 9.07060521615 -6.87146507197
-2.5277982219 9.05036657786 -6.8390032843
-2.5290870518 9.02882094608 -6.80282518359
-2.52817450557 9.00751195789 -6.76562458849
-2.52382352121 8.9888309369 -6.73070667308
-2.51376785038 8.97542618648 -6.70114999046
-2.495521386 8.96943602946 -6.67901423925
-2.46742981442 8.9718238687 -6.66488060589
-2.42955407243 8.98206515857 -6.65788749414
-2.38402453591 8.99830796992 -6.65623629551

/group/LPA_003/39
39
posId 39-2.2730266985 9.00265351031 -6.72922168869
-2.22882394825 9.01931816386 -6.74163697313
-2.19693499087 9.03686288122 -6.75795937496
-2.17820998606 9.05420186536 -6.77692938865
-2.17023942954 9.07080980943 -6.79731152956
-2.1695129446 9.08662136553 -6.81823943617
-2.17348092525 9.10178955814 -6.83935127129
-2.18143614575 9.11637602206 -6.86057225873
-2.19406728038 9.13009312822 -6.88167162974
-2.21236567927 9.14222306026 -6.90191202491
-2.2367526902 9.15177228318 -6.92006181233
-2.26683650304 9.15779974772 -6.93477886719
-2.30158049692 9.1597500804 -6.94509234274
-2.33940652918 9.15760369754 -6.95062581681
-2.3780334686 9.15175237524 -6.95139548835
-2.41434837508 9.14267394748 -6.94734770134
-2.44481358193 9.13061335225 -6.93802389034
-2.46656650573 9.11548947426 -6.92268045488
-2.47870375233 9.09712059466 -6.90087449445
-2.4828215668 9.07566699038 -6.8731741035
-2.48215324702 9.05204486985 -6.84151900236
-2.47953148707 9.0280606891 -6.80894738492
-2.47532123365 9.00615317757 -6.77879299161
-2.46671537113 8.98883000903 -6.75377741384
-2.44907841105 8.97803258799 -6.73546111775
-2.41875205124 8.97468088792 -6.72425911036
-2.37573208443 8.97854646845 -6.71986576818

/group/LPA_003/42
42
posId 42-2.48257955348 9.0141036292 -6.82382961842
-2.48066516251 9.05107447402 -6.86524416477
-2.47349283797 9.08357306311 -6.9019872735
-2.46171379798 9.10906590383 -6.93118888606
-2.44527450129 9.12721409944 -6.95247375386
-2.42398409021 9.13924810373 -6.96722806161
-2.39815054655 9.14686625967 -6.97732988042
-2.36886223855 9.15127225199 -6.98405664558
-2.33775466031 9.15279122345 -6.98767073476
-2.30644823029 9.1511172982 -6.98773060516
-2.27605357264 9.14588449483 -6.98375899834
-2.24708648603 9.13712227302 -6.97575702827
-2.21985334161 9.12530967157 -6.96424089884
-2.1950391558 9.11105814206 -6.94985138067
-2.17406698026 9.09472005103 -6.9328943549
-2.15891121588 9.0762657963 -6.91321505869
-2.15138051555 9.05557238241 -6.89056462489
-2.15223976473 9.03295503792 -6.86524801913
-2.16069421965 9.00956043458 -6.83859506334
-2.17460266083 8.98727677879 -6.81284686932
-2.19139311262 8.96809782269 -6.79038899454
-2.20924320215 8.9532405837 -6.77269317772
-2.22789850643 8.94253242902 -6.75958226948
-2.24865828773 8.93449938516 -6.74932975359
-2.27348677771 8.92722507035 -6.73967395539
-2.30367926254 8.91960101205 -6.72929686938
-2.33876490508 8.91231282707 -6.7189933529
-2.37621893811 8.90797797579 -6.71184273763
-2.41214159493 8.91025475476 -6.71217172402
-2.44256518927 8.92227400219 -6.72372202629
-2.46474248892 8.94511909456 -6.74787311184

/group/LPA_003/45
45
posId 45-2.47498843896 9.00568697831 -6.84134246187
-2.47860948672 9.04201169925 -6.87490986596
-2.47534355286 9.07388257607 -6.90644264885
-2.46489434136 9.09895706196 -6.93379635833
-2.44766512502 9.11660174866 -6.95623501074
-2.42489985147 9.12756026857 -6.97406793001
-2.39842431768 9.13319365828 -6.98800691641
-2.37008926215 9.13470940029 -6.99860887131
-2.34121524028 9.13273109202 -7.00604358524
-2.31236217337 9.12732566623 -7.01019420611
-2.28357139324 9.11834458515 -7.01090533794
-2.25495162005 9.10579588756 -7.00814955064
-2.22726453799 9.09000968892 -7.00199650043
-2.2021425994 9.0715413415 -6.99244997022
-2.18176422095 9.05094745696 -6.9793385961
-2.16811642173 9.02864745116 -6.96242163804
-2.16221992205 9.00500320286 -6.94171545638
-2.16373399731 8.98057159029 -6.91786264617
-2.17116788433 8.95633273732 -6.89228202098
-2.18260418681 8.93367882528 -6.8669242477
-2.19656496357 8.91408669566 -6.84367900527
-2.21257572778 8.89861160273 -6.82370868799
-2.23114787098 8.8874928967 -6.8070770007
-2.25321303348 8.88014664375 -6.79292460455
-2.27932958697 8.87562494527 -6.78016467305
-2.30908553921 8.87334802944 -6.76837585218
-2.34099322659 8.87372122144 -6.75842627901
-2.37289024885 8.87825849652 -6.75246222934
-2.40259159761 8.88906134935 -6.75319912152
-2.42843003719 8.90783550303 -6.76280665586
-2.44942694581 8.93489056915 -6.78189701452

/group/LPA_003/48
48
posId 48-2.44947170961 8.97914704847 -6.84981674808
-2.4488457864 9.02920835504 -6.89038972597
-2.44262788683 9.06884076379 -6.92616018485
-2.43159884502 9.09186766255 -6.95167342878
-2.4140338726 9.09945953961 -6.96896884
-2.3882026979 9.09737642548 -6.98377236562
-2.35526016329 9.09101106251 -6.99967507217
-2.31984877288 9.08210351448 -7.01511234157
-2.28772710114 9.06919283307 -7.02523893816
-2.26234314716 9.05065160184 -7.02654972949
-2.24322241528 9.0272468916 -7.01996291805
-2.22750556855 9.00203467295 -7.00975458795
-2.21327508602 8.97804070559 -6.999575886
-2.20178786276 8.9561638898 -6.98934652013
-2.19670072645 8.93533915185 -6.97587944143
-2.20099898779 8.91470378822 -6.95657829709
-2.21434017683 8.89551499131 -6.93267040147
-2.23316587618 8.88075374784 -6.90881754051
-2.2535183269 8.8725854381 -6.88928168444
-2.27411711152 8.87007335582 -6.87412778904
-2.29697810694 8.86962261691 -6.85918525837
-2.32495059871 8.8683126015 -6.84029303694
-2.35821964576 8.86750330874 -6.81842448103
-2.3927683506 8.8733809863 -6.80110599064
-2.42218863378 8.89329354326 -6.79832129247

/group/LPA_003/51
51
posId 51-2.43916777069 8.93728954939 -6.84978718585
-2.45888926323 8.97583515951 -6.85167555294
-2.47009839035 9.00932039589 -6.85986562872
-2.47185218193 9.03548956162 -6.87401344386
-2.46579192884 9.05551681461 -6.89302594633
-2.45490749848 9.07232603281 -6.91539451617
-2.44180050832 9.08807603238 -6.93956952912
-2.42753033385 9.10245511596 -6.96418797732
-2.41166877252 9.11282519748 -6.98810162338
-2.39336142472 9.11600317482 -7.01029845483
-2.37255268919 9.11040158657 -7.02986408694
-2.35049050887 9.09706691743 -7.04606192448
-2.32918817063 9.07895073551 -7.05848021671
-2.31028127423 9.05897187935 -7.06710471782
-2.29414999007 9.03824708243 -7.07220155031
-2.27998410266 9.01573378435 -7.07402570772
-2.2667870231 8.98954011348 -7.07251616479
-2.2546191141 8.95898884691 -7.0671898644
-2.24515983375 8.92597260633 -7.05735321502
-2.24109221333 8.89458912022 -7.04255848363
-2.24461092249 8.86920463659 -7.02306300758
-2.25599067079 8.85218340428 -7.00001641123
-2.27318227003 8.84279914548 -6.97523810304
-2.29278174761 8.83810273006 -6.95067907358
-2.31183321099 8.83523264982 -6.9278487161
-2.32935640976 8.83367029839 -6.90751213109
-2.34662141896 8.83592426104 -6.8898070528
-2.3659611143 8.84611164836 -6.87468484516
-2.38883558323 8.86726391328 -6.86239456169

/group/LPA_003/54
54
posId 54-2.43700096308 8.92410089072 -6.88827222841
-2.41773348546 8.88124701376 -6.89971549104
-2.39850881207 8.85578181599 -6.91912605144
-2.38024881682 8.84481616289 -6.94367343783
-2.36249520021 8.84087142457 -6.97064447427
-2.34580396431 8.84086950527 -6.99771475455
-2.33246652853 8.84883901131 -7.02302981948
-2.32468697443 8.87001721687 -7.04543548503
-2.32244648452 8.90344188426 -7.06451754264
-2.32371851773 8.9413172183 -7.07995972686
-2.32694005993 8.97548143594 -7.09052483478
-2.33292963157 9.00352090696 -7.09376979058
-2.34397739645 9.02813420041 -7.08722745333
-2.36103597281 9.05145792279 -7.07034029079
-2.38210975949 9.07149277448 -7.0454208881
-2.40356569501 9.08442738293 -7.01660008705
-2.42277676883 9.08906618548 -6.98758601461
-2.4391054844 9.0871396822 -6.9602124178
-2.45233241667 9.07891939437 -6.93496066955
-2.46073088541 9.06019314031 -6.91268444522
-2.46142466224 9.02578167774 -6.89565489108

/group/LPA_003/57
57
posId 57-2.44854254476 8.87218438027 -6.91359245972
-2.47224471668 8.90907108537 -6.88166217381
-2.48491533155 8.94836947628 -6.87314156187
-2.48672280303 8.98645626352 -6.88610737023
-2.48318679872 9.02054373551 -6.90815622946
-2.47860515631 9.04706106694 -6.92901903837
-2.47237459749 9.06319307579 -6.94868928919
-2.46165836104 9.06954009 -6.9731781112
-2.44642443768 9.06974602623 -7.00414132481
-2.43054672295 9.06650583489 -7.03490466147
-2.41782080726 9.05828576226 -7.05710627631
-2.40799960153 9.04103285416 -7.06947738635
-2.39783547229 9.01359879341 -7.07809833471
-2.38590373175 8.98087403481 -7.08799160923
-2.37525221224 8.95058798171 -7.0963551178
-2.37045086566 8.9266724305 -7.09564396582
-2.37244792324 8.90628373623 -7.08269490559
-2.37754489695 8.88402436101 -7.06264676071
-2.38208362901 8.85921758364 -7.04261774994
-2.38748460268 8.83866748994 -7.02269979388
-2.399374706 8.83197119319 -6.99567949711

/group/LPA_003/60
60
posId 60-2.47432109494 8.89981365785 -6.95149138844
-2.44715874178 8.86322653959 -6.98815861064
-2.42606026323 8.84237688635 -7.02121124873
-2.41252648207 8.83671640354 -7.0470713693
-2.4040684605 8.84598185145 -7.07096447426
-2.3992038642 8.87060750686 -7.09635964509
-2.39870550011 8.9062626447 -7.11896972125
-2.40298258846 8.94284837367 -7.13181074866
-2.41062086453 8.97219431213 -7.13300824551
-2.42032685339 8.99512918421 -7.1258609267
-2.43273666074 9.01771450404 -7.11265317993
-2.44863432266 9.04075069671 -7.09217222425
-2.46593531777 9.05659438288 -7.06431183858
-2.48044278256 9.05821119731 -7.03390334057
-2.49030570394 9.04869518421 -7.0068196153
-2.49816396101 9.0379974961 -6.98335909573
-2.50711636087 9.03020198517 -6.95928415866
-2.51492985667 9.01761176151 -6.93477758245
-2.51425397059 8.98973697017 -6.91940634024

/group/LPA_003/63
63
posId 63-2.53236825946 8.93671304452 -6.94916529982
-2.53690298587 8.98530926049 -6.98706249176
-2.53334845808 9.0167700304 -7.0242035348
-2.52494610016 9.02904258407 -7.05231937086
-2.51289572182 9.02919973963 -7.07587711769
-2.49641199268 9.02250366323 -7.10145963333
-2.47595052599 9.00810310852 -7.12736380604
-2.45500132948 8.9848650148 -7.14572165387
-2.4379038173 8.95679886048 -7.15195776045
-2.42643899484 8.92959155669 -7.14807834162
-2.41941375679 8.90381580289 -7.13695130737
-2.41536927443 8.87568983271 -7.11777566511
-2.41464496645 8.84516051297 -7.08984106062
-2.41843679783 8.81968862943 -7.05799495249
-2.42684205494 8.80734743483 -7.02980751474
-2.43894861314 8.80800970142 -7.00692818445
-2.45452717675 8.81502431533 -6.98341001022
-2.47414917057 8.82580336308 -6.95565582961
-2.49678514599 8.84686009628 -6.93192508585

/group/LPA_003/66
66
posId 66-2.60440006884 8.90666840673 -6.90679893521
-2.57830887473 8.87013826194 -6.89235317635
-2.54936137905 8.84014649489 -6.89126067204
-2.52091978938 8.81842188721 -6.90116136713
-2.49496516471 8.80387498308 -6.91767692022
-2.47172396625 8.79391418602 -6.93681028532
-2.4503708449 8.78639875612 -6.95670821724
-2.43028513947 8.78103242218 -6.97783878081
-2.41200218663 8.77939899761 -7.00168080829
-2.3972315893 8.7837208358 -7.02893813013
-2.38795387857 8.79521411797 -7.05850092408
-2.38522782783 8.81312154365 -7.08778110652
-2.38853187234 8.83501160908 -7.11407871616
-2.3961007452 8.85808577685 -7.13595293817
-2.40604668639 8.88059291235 -7.15362268319
-2.41752244227 8.90242580327 -7.16814814944
-2.43114618434 8.92456154942 -7.18002976781
-2.44839238123 8.94779630487 -7.18828642822
-2.47033696695 8.97168171704 -7.19074336544
-2.49657566036 8.99439624 -7.18539731194
-2.52502475149 9.01361145848 -7.1719293442
-2.55273595942 9.0277110237 -7.15226667079
-2.57719369593 9.03647399046 -7.12969515127
-2.59725392303 9.04071753372 -7.10700971535
-2.61313368521 9.04114586853 -7.08489792094
-2.62550301848 9.03725365654 -7.06168494773
-2.63433843468 9.02715649417 -7.03473364727
-2.63836365788 9.00862680753 -7.00271283749
-2.6355145147 8.98078171657 -6.96732439161

/group/LPA_003/69
69
posId 69-2.63432999397 8.89901067945 -6.99648499773
-2.6437694738 8.9282275156 -7.04040653287
-2.6444544738 8.95268356243 -7.0836184701
-2.63719998865 8.96995369274 -7.12104697281
-2.62318150368 8.97933502855 -7.15038231147
-2.60316270096 8.98134617742 -7.17187150956
-2.57746518041 8.97702122322 -7.18708026442
-2.54668937268 8.96752601732 -7.19756127914
-2.51255966534 8.95417954189 -7.20413748619
-2.47811038209 8.93853940129 -7.2068890849
-2.44689123731 8.92216863602 -7.20544555216
-2.42161644608 8.90606316012 -7.19916656162
-2.40314902414 8.89015688424 -7.18716264365
-2.39053459456 8.87342773519 -7.16845496302
-2.38208704366 8.85475582826 -7.14254316434
-2.37679350556 8.83408719467 -7.11023545955
-2.37508571678 8.81310412685 -7.07416070234
-2.37848252246 8.79482107417 -7.03836364923
-2.38841128271 8.78221937988 -7.0069114675
-2.40507999872 8.77673210823 -6.98218629822
-2.42719340216 8.77757415258 -6.96393849903
-2.45265772992 8.78240759236 -6.94984926383
-2.4796904334 8.7889545228 -6.93742928448
-2.50748169551 8.79651885695 -6.92615472213
-2.53593176859 8.80641425508 -6.91846870328
-2.56471367088 8.8210051726 -6.91890034029
-2.59243142338 8.84197151603 -6.9317071407

/group/LPA_003/72
72
posId 72-2.60872764962 8.82069765367 -6.99334439285
-2.63800425859 8.84278539518 -7.02086631917
-2.64848347555 8.85918123579 -7.04739501082
-2.64292591015 8.86909194081 -7.06987598731
-2.62967655638 8.8761864777 -7.09099371872
-2.61597970843 8.88458151366 -7.11490871874
-2.60275439841 8.89467298543 -7.14190066502
-2.58514835952 8.90268443009 -7.1671808856
-2.55806374485 8.90420518943 -7.18484798385
-2.52158266329 8.89820347655 -7.19283059185
-2.48165751313 8.88768850955 -7.19381392439
-2.44594662335 8.87658530818 -7.1913576145
-2.4189071316 8.86607774561 -7.18537154975
-2.40036672471 8.85404861071 -7.17179002553
-2.38806913306 8.83802865209 -7.14698527215
-2.38100977389 8.81854609599 -7.11253942641
-2.38025181546 8.79945924711 -7.07545559879
-2.38706288416 8.78499156209 -7.0433433975
-2.40110019202 8.7765385568 -7.01912999418
-2.42097096418 8.77247516601 -7.00037794893
-2.44640754149 8.7710273765 -6.98374741976
-2.47903820022 8.77304313182 -6.97002161094
-2.51996972724 8.78154375036 -6.96453579717

/group/LPA_003/75
75
posId 75-2.66249342724 8.79593284366 -7.04899516139
-2.67272730418 8.82027811489 -7.09424278531
-2.67006141584 8.84171429258 -7.13778837672
-2.65635331623 8.85647887874 -7.1715478804
-2.63414097069 8.86331752403 -7.19221747067
-2.60508486651 8.86375012842 -7.20229788514
-2.57011584567 8.86071340863 -7.20734358456
-2.53085202184 8.85656327357 -7.21153403795
-2.49067643281 8.85180780737 -7.21480797995
-2.45419989107 8.84531809416 -7.21345378564
-2.42534138719 8.83565006778 -7.20335156242
-2.40557677507 8.82237743549 -7.18318390961
-2.39384616878 8.80650003728 -7.15527872996
-2.38820734949 8.7898277697 -7.12385745733
-2.38780868666 8.77401486688 -7.0924854408
-2.39347717348 8.76002940885 -7.06282866493
-2.40644600263 8.74829941647 -7.0353484681
-2.42642177753 8.73913988717 -7.01076539574
-2.45083548472 8.73291281372 -6.99061559517
-2.47613026494 8.72978709459 -6.97636399541
-2.5001333651 8.72948858893 -6.96815387555
-2.52349923841 8.73151140862 -6.96476989238
-2.54885401645 8.73578508957 -6.965238487
-2.57813210841 8.74320441163 -6.97072828162
-2.61013101596 8.75533537992 -6.98474019814

/group/LPA_003/78
78
posId 78-2.59589449618 8.70420401753 -7.01095229914
-2.53508045969 8.69577255234 -7.00606141494
-2.48670067344 8.69393536643 -7.01145269439
-2.45777308587 8.6976687462 -7.02388512634
-2.44173056755 8.7054478173 -7.0416596332
-2.42759415299 8.71584112109 -7.06406611228
-2.4113686674 8.72771410296 -7.08967662609
-2.39896147402 8.74020855417 -7.11576972712
-2.39883722601 8.75274840226 -7.13969162213
-2.41270306979 8.76509279637 -7.16066949552
-2.43385052998 8.7772479599 -7.17994829162
-2.4544238264 8.78913822866 -7.19882777518
-2.47358869066 8.80023750803 -7.21645863605
-2.49780742763 8.80951703987 -7.2296923816
-2.53281895766 8.81584215718 -7.23531163812
-2.57574234189 8.81852351757 -7.23253216787
-2.61581713697 8.81752961882 -7.22327180722
-2.64345047274 8.81314680439 -7.20983954702
-2.65846603872 8.80540964147 -7.19233367474
-2.66885807902 8.79390570162 -7.16849874365
-2.68083430565 8.7782726843 -7.13650322543
-2.69006684017 8.75906973419 -7.09820827181
-2.6834975558 8.73829082029 -7.05981429821

/group/LPA_003/81
81
posId 81-2.67661018079 8.67480094536 -7.0629075475
-2.69945351398 8.69434457055 -7.0937638795
-2.70835925766 8.71161837741 -7.12241030985
-2.70522469494 8.72569754887 -7.14702412342
-2.69484512877 8.73765298502 -7.16886470484
-2.68129190592 8.74916908797 -7.19033549575
-2.66531394827 8.76087858987 -7.21243434188
-2.64458107848 8.77161101701 -7.23343037264
-2.61643089701 8.77904834282 -7.24965806452
-2.58093078898 8.78124842823 -7.25776652284
-2.54189143664 8.77789489569 -7.25674730303
-2.50506668421 8.77038688423 -7.24830804108
-2.47491632806 8.76077641314 -7.23543760879
-2.4523720399 8.75040973433 -7.22033967041
-2.43524394212 8.73930031817 -7.20330400743
-2.42086815794 8.72664897652 -7.18327940805
-2.40888677623 8.71202018423 -7.15955984537
-2.40197422967 8.69618593898 -7.13314844745
-2.40393208114 8.68093746429 -7.10666535414
-2.41663314506 8.66800706895 -7.08286411192
-2.43822262349 8.65797488445 -7.06296901194
-2.46405365516 8.65007780183 -7.04623234951
-2.48973924908 8.64314265228 -7.0311690132
-2.51403446577 8.63696030491 -7.01757061943
-2.53931043709 8.63300693124 -7.00768920134
-2.56914623783 8.63384512437 -7.00549961883
-2.60474245654 8.64150838856 -7.01435565477

/group/LPA_003/84
84
posId 84-2.6711087191 8.60444124429 -7.05517910215
-2.70465600027 8.62644597367 -7.08312960044
-2.72416884282 8.65166065704 -7.11739199959
-2.72923325423 8.67590548739 -7.15195366893
-2.72329120481 8.6961635594 -7.18203318009
-2.71120022537 8.71168719929 -7.20597279981
-2.69645364491 8.72378407551 -7.22525648085
-2.67975813262 8.73448696533 -7.24274870489
-2.65968810515 8.74497679816 -7.26033034161
-2.63474874053 8.75473380499 -7.27742410258
-2.60529933842 8.7618848101 -7.29127111322
-2.57397780404 8.76443649792 -7.29866926814
-2.54436557308 8.76154079266 -7.29796588437
-2.51887803964 8.75396976785 -7.28999545925
-2.4974101983 8.74354121888 -7.27740653424
-2.47774552222 8.73194325512 -7.26290886169
-2.45750800499 8.71978498999 -7.24766627485
-2.43634294474 8.7065090616 -7.2309123693
-2.41680466348 8.69118506733 -7.21099633071
-2.40326559126 8.67358884456 -7.18707688494
-2.39949050536 8.65478056345 -7.16024701938
-2.40644874408 8.63675322127 -7.13328251726
-2.4218273145 8.62138381299 -7.10917843903
-2.44160834692 8.6094255726 -7.08950145338
-2.46270013285 8.60027642442 -7.07374343549
-2.48487496965 8.5927360528 -7.06019058403
-2.51067508182 8.58626836668 -7.04776533875
-2.54325647237 8.58189183543 -7.0375720831
-2.58350687071 8.58201043173 -7.03299222639

/group/LPA_003/87
87
posId 87-2.73091896288 8.61543582062 -7.14171849581
-2.72891206341 8.65192596024 -7.18663922418
-2.71998387301 8.68364261439 -7.22659583315
-2.70715971071 8.70672620895 -7.25647983454
-2.69141575154 8.72111666847 -7.27609373565
-2.67182693326 8.7296086829 -7.2889758535
-2.64699187871 8.73554275882 -7.29939309761
-2.6167004626 8.74062921577 -7.30946567303
-2.58272450022 8.74418595052 -7.31813365932
-2.54825193271 8.74407315035 -7.32237299827
-2.51640527074 8.73850588014 -7.31960232945
-2.48887203241 8.72743387395 -7.30954583939
-2.46555244784 8.7125837286 -7.29432964419
-2.44540271749 8.6962457952 -7.27688980067
-2.42782691044 8.67976470332 -7.25894788032
-2.41360938561 8.66286358019 -7.24006537616
-2.40472187125 8.64429802495 -7.21846869986
-2.40314307929 8.62335238256 -7.19303058953
-2.40953698068 8.60105242656 -7.16492233428
-2.42275551822 8.58013154935 -7.13763553613
-2.44056991548 8.56365455277 -7.11520469241
-2.46116705961 8.55318319911 -7.09977171749
-2.48436793216 8.54777419334 -7.0902046999
-2.51164662283 8.54462038174 -7.08288034937
-2.54479826113 8.54106524573 -7.07431899476
-2.58402776951 8.53674745977 -7.06405233264
-2.62669333208 8.53443215932 -7.05580050144
-2.66761044259 8.53883384173 -7.05599264018
-2.70088770555 8.55398521343 -7.07031310179

/group/LPA_003/90
90
posId 90-2.73231439923 8.66766752901 -7.25169724927
-2.70800534741 8.69117978554 -7.27989065729
-2.67895839409 8.70993551748 -7.30366872811
-2.64710423562 8.72252261216 -7.32127540446
-2.61445453741 8.72856252883 -7.33204061197
-2.582631088 8.72867416646 -7.33640473413
-2.55255474339 8.72407032476 -7.33553189159
-2.52444744823 8.71598561639 -7.33070259576
-2.49815249884 8.70520971931 -7.32277572767
-2.47361942478 8.691938394 -7.31196575393
-2.45131214162 8.67598876201 -7.29801671892
-2.43232992945 8.65723998011 -7.28065373057
-2.41816820497 8.6360499225 -7.2600570429
-2.41022315894 8.61341793253 -7.23710084942
-2.40927290026 8.59080110496 -7.21322755124
-2.41518286519 8.56967449249 -7.19002036793
-2.4269765172 8.55105914754 -7.1686930821
-2.44323646712 8.53525774225 -7.14975597526
-2.4626433397 8.52192906454 -7.13302298837
-2.48439774966 8.51045779436 -7.11794781659
-2.50833379427 8.5004261581 -7.10410926881
-2.53468694702 8.4919466286 -7.09159528152
-2.56364664851 8.48569272288 -7.08109529031
-2.59492120122 8.48262535947 -7.07366789977
-2.62752425194 8.48356974026 -7.07032037338
-2.65987230442 8.48886951607 -7.07162863843
-2.69012627933 8.4982944984 -7.07759378487
-2.7165981439 8.51123404925 -7.08779303324
-2.73803092054 8.52704893117 -7.10171574725
-2.75364793924 8.54536622725 -7.11906982007
-2.76300320002 8.56613330287 -7.13985890011
-2.76577332436 8.58938202003 -7.16415994087
-2.76165395569 8.61482170016 -7.19170509093

/group/LPA_003/93
93
posId 93-2.74725790576 8.60935940351 -7.22590929158
-2.73662832438 8.63758117501 -7.25385762231
-2.72064361558 8.66314195674 -7.28004974964
-2.69987350403 8.68426600744 -7.30274083939
-2.67525077377 8.69988560828 -7.3208001497
-2.64798355552 8.70970830326 -7.3337862459
-2.61932721283 8.71403235262 -7.34180539276
-2.5903317615 8.71343704165 -7.34525591484
-2.56170198369 8.70850934137 -7.34459108148
-2.53385016396 8.69972008171 -7.34019563677
-2.50711578632 8.68746371628 -7.33239273172
-2.48203010218 8.67218255276 -7.32152390087
-2.4594702412 8.65445889378 -7.30801420388
-2.44059860331 8.63499371386 -7.29236059944
-2.42659457689 8.61447410614 -7.27504467339
-2.41829966445 8.59341291522 -7.25643124345
-2.41595273514 8.57207383076 -7.23673468497
-2.41915704784 8.55055418723 -7.21610117599
-2.42710932976 8.52900683628 -7.19478519184
-2.43898847051 8.5078923857 -7.1733324215
-2.45431512735 8.48811658118 -7.15265894291
-2.47309961757 8.47095016772 -7.13395558589
-2.49569372288 8.45773320662 -7.1184310025
-2.52240545802 8.44948035092 -7.10699458709
-2.55305389133 8.4465671872 -7.10002374438
-2.58667509777 8.44865315551 -7.09733222673
-2.62152315999 8.45489081031 -7.09836633151
-2.65537483957 8.46433383874 -7.1025455923
-2.6860094956 8.47635530202 -7.1095888312
-2.71166322096 8.49087513477 -7.11966481519
-2.73128091294 8.50828127704 -7.13328340688
-2.7444959499 8.52907262839 -7.15096338191
-2.75139845291 8.55338532834 -7.1728200104

/group/LPA_003/96
96
posId 96-2.73098277987 8.55637747149 -7.20649882518
-2.73517715773 8.59535403105 -7.23872797668
-2.73022709292 8.62963403981 -7.26830084681
-2.71671052751 8.65589816623 -7.29233988539
-2.69602740303 8.67366692799 -7.31024241516
-2.67023728979 8.6847944845 -7.32327738358
-2.64175188782 8.69193119543 -7.33333425385
-2.61288284961 8.69685307343 -7.34158035051
-2.58534381191 8.69956762767 -7.34777856485
-2.55989131605 8.69861084546 -7.35058847415
-2.53629169941 8.69224790056 -7.34858224859
-2.5136908901 8.6797894156 -7.34130063968
-2.49128002341 8.66221649699 -7.32968481257
-2.4689842356 8.6417641004 -7.31562762044
-2.44785160898 8.62075882489 -7.3009395746
-2.42992825272 8.60045423308 -7.28638572856
-2.41763442589 8.58059120848 -7.27140404872
-2.41289694778 8.55995036496 -7.25469388488
-2.41642220324 8.53754274135 -7.23532201474
-2.42744073926 8.51368326292 -7.2136629653
-2.44403954405 8.4902548398 -7.191574227
-2.46392585344 8.46996435826 -7.17166116654
-2.48527099586 8.45501867798 -7.15604211476
-2.50725878382 8.44602757438 -7.14534655227
-2.53011656118 8.44183352731 -7.13856735176
-2.55465546055 8.44042637533 -7.133896384
-2.58156400348 8.44043858511 -7.1300841412
-2.61078408261 8.44232943262 -7.12752566747
-2.64122346621 8.44849615213 -7.12839500604
-2.67087975461 8.46213969193 -7.13567236102
-2.69726852386 8.48543228675 -7.15154005673

/group/LPA_003/99
99
posId 99-2.71858483173 8.62072476984 -7.2696366172
-2.69912714427 8.65501351421 -7.29809847423
-2.66969886563 8.67752696854 -7.31921403885
-2.63236287542 8.68641292675 -7.33129833875
-2.5919459055 8.68422946443 -7.33555935887
-2.55384001947 8.67584747806 -7.33485109428
-2.52137158457 8.66538528242 -7.33176629277
-2.4946182854 8.65416167688 -7.32727920338
-2.47148969483 8.64083059941 -7.32068866019
-2.45021297738 8.62330514093 -7.31069353691
-2.43133933338 8.60091287695 -7.29671094718
-2.41777702406 8.57524148119 -7.27950338008
-2.4128644956 8.54923842699 -7.26078681993
-2.41798240479 8.52544457889 -7.24225882608
-2.43154514466 8.50478806584 -7.22484419614
-2.45015412702 8.48678885523 -7.20867970153
-2.471038397 8.47083790072 -7.1937141894
-2.49390900962 8.45737274441 -7.1803167752
-2.52077424424 8.44792470254 -7.16933904761
-2.55379490216 8.44400994084 -7.16159903524
-2.59275310835 8.44585503275 -7.15729782883
-2.63403730069 8.45214554288 -7.15597967896
-2.67195475223 8.46117241979 -7.15719736186
-2.70148108174 8.47254939317 -7.1613947603
-2.72051284092 8.48805179 -7.17020530761
-2.73008041772 8.51063898475 -7.18569039637
-2.73250534922 8.54205766806 -7.20881689762

