/group/RPA_013/0
0
posId 01.52990359324 7.09444044773 -10.0978287132
1.53921818044 7.12877399167 -10.073525668
1.55054283833 7.16200398305 -10.0532964852
1.56334217841 7.19297969767 -10.0376374784
1.57759070893 7.22140119605 -10.0268406326
1.59357241879 7.24747544711 -10.0210842854
1.6115639482 7.27147560047 -10.0204638522
1.63154088056 7.29339441258 -10.0249524502
1.6530301313 7.31282121622 -10.0343251179
1.67516463668 7.32906217674 -10.0481051481
1.69690858937 7.34141500232 -10.0655845056
1.71734967374 7.3494481143 -10.0859348863
1.73592901956 7.35314453398 -10.1083780676
1.75250989537 7.35284444338 -10.1323467236
1.76725859694 7.34902190487 -10.1575590167
1.78039390989 7.3420134461 -10.1839584992
1.79191917531 7.33184142297 -10.2115254628
1.80145872576 7.31823159418 -10.2400244991
1.80827521602 7.30083167956 -10.2687899636
1.81146584771 7.27953794159 -10.2966482492
1.81025764075 7.25477618082 -10.3220311771
1.80427838648 7.2275916439 -10.3432638891
1.79368963107 7.19947882672 -10.3589407556
1.77912700244 7.17199594793 -10.368262314
1.76147617939 7.14631099712 -10.3712127768
1.74158405243 7.12287072365 -10.3685105617
1.72003314384 7.10134781223 -10.3613444954
1.69708023253 7.08091567153 -10.3509855106
1.67278825595 7.06076593692 -10.3384082187
1.64729421839 7.04067599645 -10.3240516362
1.62109199317 7.02139872784 -10.3077957627
1.59519555694 7.00470188064 -10.2891512023
1.57109233429 6.99301131457 -10.2675831748
1.55048071743 6.98876216098 -10.2428475375
1.53487593105 6.99367608995 -10.2152199892
1.52522672873 7.00821580329 -10.1855467163
1.52168712078 7.03140605802 -10.1551148511

/group/RPA_013/3
3
posId 31.52576971058 7.09853369466 -10.1010110223
1.53511002801 7.1331257769 -10.0767447066
1.54636042619 7.16635307375 -10.056676879
1.55907219149 7.19719007078 -10.0412825508
1.57327632057 7.22546395408 -10.0307934134
1.58926046266 7.25145716316 -10.0253120147
1.60725682346 7.27544361796 -10.0248712878
1.62717697956 7.29735685152 -10.0294176125
1.64850244509 7.31670968947 -10.0387423502
1.67036894675 7.33276343244 -10.0524180582
1.6917984434 7.34483390602 -10.0697962785
1.71197149199 7.35256926106 -10.0900933828
1.73041894697 7.35606004404 -10.1125437589
1.74705083732 7.35573097197 -10.1365583715
1.76201389399 7.35207363748 -10.1618122748
1.77544534689 7.34535917472 -10.1882063312
1.78723635517 7.33548297276 -10.2156992866
1.79691424914 7.32203339812 -10.2440656672
1.80370076531 7.30456997412 -10.27267663
1.80672638867 7.28299186692 -10.3004048296
1.80531229863 7.25782340259 -10.325715512
1.79920111625 7.23026686234 -10.3469374199
1.78863901654 7.20196718977 -10.3626350156
1.7742758281 7.17455979343 -10.3719572739
1.75692895666 7.14917673996 -10.3748379456
1.73731697765 7.12612112097 -10.3719701134
1.71588310392 7.10486517157 -10.364557133
1.69279038407 7.08440304489 -10.3539228427
1.66809501586 7.06384301944 -10.3411152037
1.64202343805 7.04301640414 -10.3266394308
1.6152276559 7.02285776501 -10.3104084076
1.58889444004 7.00538611954 -10.2919184273
1.56463870514 6.99326265614 -10.270577659
1.54419801111 6.98906116098 -10.2460636049
1.52902834086 6.99449952063 -10.2185823869
1.51994645952 7.00989980653 -10.1889461499
1.51695184903 7.03406259765 -10.1584562112

/group/RPA_013/6
6
posId 61.5132419477 7.10883314217 -10.1091417584
1.52301398731 7.14382825319 -10.0854049191
1.5345669977 7.17726185222 -10.0658715766
1.5475155288 7.20823671176 -10.0509589737
1.56188069605 7.23653554814 -10.0409304928
1.57785868355 7.2622559576 -10.0359595272
1.59555419126 7.28546830574 -10.0361189748
1.61479387801 7.30603421566 -10.041311652
1.63509033418 7.32362906666 -10.0511950252
1.65575612264 7.33790949084 -10.0651630065
1.67610121996 7.34870237445 -10.0824229308
1.6956139237 7.35609234166 -10.102158146
1.71403813691 7.36034674877 -10.1237182058
1.73131178681 7.36170936687 -10.1467531826
1.74739803146 7.36017120147 -10.1712204874
1.76209267979 7.35535128191 -10.1972398086
1.77490468796 7.34657804295 -10.2248361915
1.78507554454 7.33317027652 -10.2536656972
1.79174138764 7.31481643519 -10.2828378324
1.79417620638 7.29188906246 -10.3109226749
1.79201476966 7.26553902399 -10.3361658141
1.78535838341 7.23749390202 -10.3568549351
1.77471446839 7.20960631291 -10.3717193796
1.76079241942 7.1833107499 -10.3802241478
1.74424254963 7.15920233549 -10.3826522078
1.72545367777 7.1369201833 -10.3799427248
1.70450421347 7.1154092427 -10.3733403793
1.68129847289 7.09348790772 -10.3639789007
1.65583986294 7.07052213564 -10.3525442928
1.62852898771 7.04695227522 -10.339131644
1.60035518878 7.02446084445 -10.323336537
1.57288440626 7.0056947069 -10.3045363065
1.54802224282 6.99361674007 -10.2822505205
1.52761895679 6.99069840416 -10.2564481978
1.51304757171 6.99822332699 -10.2276976297
1.50490108792 7.01593109908 -10.197119623
1.50291341871 7.04210672914 -10.1661792604

/group/RPA_013/9
9
posId 91.49399554432 7.11989560576 -10.1247338936
1.50393773978 7.15563825879 -10.1008900267
1.51669152559 7.1904316296 -10.0820255257
1.53162113527 7.22239281871 -10.0692381805
1.54855599751 7.25073987208 -10.063115957
1.56767385726 7.27570826705 -10.0636603783
1.58919423764 7.29809690977 -10.0703346784
1.61302371572 7.31863929138 -10.082229227
1.63851458964 7.33746098372 -10.0982956495
1.6644494088 7.35384389226 -10.1175748964
1.68926688167 7.36638818124 -10.1393448007
1.7114413797 7.37349840167 -10.1631409709
1.72986261692 7.37398878311 -10.1886515994
1.74406191475 7.36755735092 -10.2155345515
1.75419663618 7.35493672388 -10.2432354997
1.76080695122 7.33766536713 -10.2708867251
1.76445523873 7.31757916212 -10.2973365826
1.76540707181 7.29623440107 -10.3213104287
1.76349305852 7.27449446755 -10.3416535768
1.75821114765 7.25243669216 -10.3575746104
1.74902334922 7.22959707831 -10.3688052217
1.73571440811 7.20542860725 -10.3756211668
1.71865008304 7.17976379289 -10.3787168505
1.69881271062 7.15307903983 -10.3789753193
1.67758533603 7.12645238141 -10.3772080272
1.6563635447 7.10124524385 -10.3739437069
1.6361504468 7.07866191368 -10.369323089
1.61730215363 7.05939366069 -10.3631165281
1.59953254722 7.04351476099 -10.3548409748
1.58218082632 7.03068225761 -10.343926259
1.56463675085 7.02055062691 -10.3298763783
1.54675196988 7.0132085376 -10.3123876996
1.52906933132 7.00942436796 -10.2914127021
1.51277461576 7.01056129649 -10.2671817918
1.49938697947 7.0181619503 -10.2402062142
1.49030944603 7.0333483985 -10.2112789692
1.48641581378 7.05627314326 -10.181473119

/group/RPA_013/12
12
posId 121.47653984229 7.14171379845 -10.1435404931
1.48498286259 7.17599041208 -10.1197067406
1.49542491988 7.20892288716 -10.1000844667
1.50807014269 7.23894242369 -10.0865950114
1.52361258673 7.26583952277 -10.0804326663
1.54272149137 7.29041453447 -10.0817048286
1.56550018769 7.31370280957 -10.0894782514
1.59116629554 7.33613145531 -10.102207742
1.61810237972 7.3569975864 -10.1183509247
1.64426126228 7.37451389996 -10.1368907532
1.66775352005 7.3864106875 -10.1575345704
1.68736683747 7.39083028857 -10.1805126895
1.70280184348 7.38711550141 -10.2060887357
1.71453914441 7.37613861092 -10.2340298949
1.72341677499 7.36002157247 -10.2633041781
1.73012093724 7.34136748548 -10.2921648497
1.73482061772 7.32233658444 -10.3185991626
1.73709867655 7.30396125689 -10.3409450192
1.73618750383 7.28597901593 -10.3583963731
1.73137547508 7.26722575374 -10.37116516
1.72237747634 7.24638399172 -10.3802228888
1.70949109074 7.222734969 -10.3867368085
1.69347340947 7.19658270898 -10.3914549032
1.67521534828 7.16918830875 -10.3943163369
1.6553913688 7.14228953586 -10.39445931
1.63427351124 7.11747113855 -10.3906155041
1.6118143312 7.09570633125 -10.3817043664
1.58796472252 7.07728699442 -10.3673527768
1.56306747423 7.06215247586 -10.3481059826
1.53811782348 7.05041757859 -10.3252439894
1.51473466828 7.04279259459 -10.3003035146
1.49481812551 7.04063588522 -10.2745416363
1.48001953224 7.04556088682 -10.2485998531
1.47124725889 7.05874748327 -10.2225264783
1.46842780617 7.08027127626 -10.1961393929

/group/RPA_013/15
15
posId 151.45802710272 7.12691862408 -10.2045219289
1.46023238221 7.16741121934 -10.1664299021
1.46642403461 7.20571210284 -10.1361359259
1.47529925867 7.23833872125 -10.1153608896
1.48638427542 7.26496454929 -10.1037748725
1.50008405763 7.28762014025 -10.0998789982
1.51720471431 7.30897988013 -10.1020801799
1.53821470858 7.33068089596 -10.1093682843
1.56264771044 7.35248345951 -10.1213355417
1.58896764453 7.37254017375 -10.1377142898
1.61496383133 7.38842482165 -10.1578828999
1.63846283725 7.39822726188 -10.1807470319
1.65798801229 7.40111275481 -10.2050923729
1.67304775339 7.39717203677 -10.2301398253
1.68395215471 7.38686154041 -10.2558585296
1.6913151524 7.37055432357 -10.2827269107
1.69554991859 7.34856883815 -10.3109984226
1.69663128579 7.3216356504 -10.339895059
1.69421250043 7.29138456067 -10.3672751676
1.68796372351 7.26034998206 -10.3901009128
1.67787936066 7.23127619687 -10.4055740765
1.66434789492 7.2059899561 -10.4123799715
1.64795467117 7.18448523954 -10.4113425257
1.62917873662 7.16486962365 -10.4050552602
1.60822582655 7.14440522275 -10.3965895132
1.58515640759 7.12125108577 -10.3879016542
1.56026921922 7.09603711104 -10.3787685788
1.53451060469 7.07237111324 -10.3668440106
1.50962169831 7.05585856363 -10.3488608761
1.48785647893 7.05196794671 -10.3224079041
1.47134277922 7.0637029528 -10.287403797

/group/RPA_013/18
18
posId 181.43855170715 7.15565143286 -10.219582888
1.43677969605 7.1897523965 -10.1836710906
1.44038490533 7.22376563955 -10.1552876687
1.44855714622 7.25531039378 -10.1356472533
1.46036570852 7.2835359661 -10.1242963861
1.47519188806 7.30879812413 -10.120029681
1.49287551355 7.33195428076 -10.1217841757
1.51348358795 7.35364437825 -10.1290247053
1.53683851477 7.37385237485 -10.1415212084
1.56209717186 7.39184949806 -10.1588218261
1.58765717255 7.40642605474 -10.1798957153
1.61148749964 7.41622516101 -10.2032632105
1.63173819158 7.42002626395 -10.2275614697
1.64731747438 7.41693494679 -10.2521570163
1.65813210169 7.40652661999 -10.277337393
1.66486603252 7.38899904046 -10.303855193
1.66842344314 7.36531437712 -10.3320177725
1.66934259163 7.33722279117 -10.360852877
1.66749556885 7.30704067664 -10.3879106701
1.66222228401 7.27714902474 -10.4099413715
1.65280175117 7.24934427626 -10.4241844699
1.63898002795 7.22431652355 -10.4296113917
1.6212547596 7.20154492333 -10.4274219416
1.60076789454 7.17974751051 -10.4204544669
1.57888893258 7.1577592471 -10.411747529
1.55674538431 7.13547000848 -10.4029697038
1.53497499601 7.11437066779 -10.3935408414
1.51382923908 7.09739462121 -10.3809307933
1.4935390173 7.08805246333 -10.3620146073
1.47469303196 7.08919211287 -10.3348127446
1.45837224863 7.10190753876 -10.2997479253

/group/RPA_013/21
21
posId 211.41417361831 7.17351711467 -10.2332626294
1.41178951186 7.20836210373 -10.1977351653
1.41520552272 7.24340339483 -10.1699437153
1.42362790675 7.2760218442 -10.1512305378
1.43594896105 7.30504142591 -10.141172708
1.45127021294 7.33057040471 -10.1384434343
1.46918556186 7.35342494349 -10.1417324254
1.48966348082 7.37443179434 -10.1502309187
1.5126105288 7.39389292083 -10.1635316824
1.53739444049 7.41136597841 -10.1811812943
1.56263742245 7.42575531405 -10.202313685
1.58643799447 7.43560081515 -10.2256854492
1.60693021445 7.43943211475 -10.2501111925
1.6228876792 7.43610080247 -10.2749803736
1.634044674 7.42505759487 -10.3004389992
1.64096040011 7.40655844879 -10.3270133798
1.64450691898 7.38175835604 -10.3548242441
1.64527086575 7.35262158107 -10.3828531455
1.64320266054 7.32159261847 -10.4087683488
1.63770038504 7.29105540553 -10.4295402011
1.62806420628 7.26272980738 -10.4426204376
1.61404678136 7.23724346994 -10.4470900911
1.59617631973 7.21410320024 -10.4441270157
1.57566798598 7.19215011202 -10.436463393
1.5539828273 7.17036560916 -10.4270371281
1.53229806544 7.14870418585 -10.4174974105
1.51119907161 7.12856967411 -10.4073431319
1.49076597014 7.11267247168 -10.394173343
1.47098906044 7.10426495077 -10.3749625051
1.45224877858 7.10603377335 -10.3477416127
1.43555510271 7.11909555946 -10.3128552059

/group/RPA_013/24
24
posId 241.39421007917 7.18922464351 -10.2451222795
1.39182238378 7.22590100163 -10.2110228926
1.39478585991 7.26264250131 -10.1841077316
1.40263049737 7.29648352959 -10.1662370294
1.41455646498 7.32603368499 -10.1574990324
1.42977331897 7.35143598574 -10.1567040561
1.44774907682 7.37378262689 -10.1622131701
1.46821470385 7.39428245957 -10.1726449735
1.49091427797 7.4135311588 -10.1871518948
1.51525027576 7.43114041242 -10.2052524354
1.54005176057 7.44580134108 -10.2264641968
1.56363985632 7.4556837995 -10.2500563735
1.58420472873 7.45897959128 -10.2751025268
1.60032975981 7.4544023341 -10.3007689657
1.61140367844 7.44152576555 -10.3265875352
1.61770701474 7.42091980514 -10.3524580531
1.62012365529 7.39408977814 -10.3783092549
1.6196223936 7.36323631232 -10.4035995246
1.61677067195 7.33085941613 -10.4269923196
1.61151934753 7.29926013281 -10.4464844452
1.60334793037 7.27005001486 -10.4600153914
1.59166853465 7.24382977997 -10.4662842627
1.57625921646 7.22019433168 -10.4653317706
1.55750043268 7.19813112648 -10.4585248219
1.53631376673 7.17672006225 -10.447884553
1.51387314883 7.15588314808 -10.4350646969
1.49127634167 7.13685806988 -10.4205085839
1.46936443978 7.1221392767 -10.403254547
1.44876657936 7.11483368945 -10.3815386842
1.43009766721 7.11763364901 -10.3539267829
1.4141408768 7.13179857076 -10.3204183091

/group/RPA_013/27
27
posId 271.37663909442 7.20458711523 -10.2526175441
1.37403294931 7.24296165781 -10.2210895466
1.37655588379 7.28114990968 -10.1966443497
1.3840161477 7.31621465127 -10.1811652509
1.39575895004 7.34671963015 -10.1748132892
1.41091519635 7.37268883696 -10.1763938497
1.42870553366 7.395078765 -10.184153507
1.44861005305 7.41502549666 -10.1965592009
1.47029188678 7.43317144483 -10.2126859673
1.49331695388 7.44929450551 -10.2321079299
1.51684987986 7.46231283224 -10.2544829674
1.53954122269 7.47059732705 -10.2791719763
1.55972565339 7.47244522871 -10.3051617573
1.57587415797 7.46656215902 -10.33132578
1.58708588453 7.45243941125 -10.356815075
1.59336050183 7.43055966498 -10.3812770286
1.59549169418 7.40239560635 -10.4047121387
1.59461647352 7.37018745655 -10.4270259133
1.59163788337 7.33651858056 -10.4475566121
1.58680880284 7.30376642418 -10.4649121442
1.5796818608 7.27357514001 -10.4772870055
1.56943947371 7.24653663759 -10.4831419924
1.55542296959 7.22223579711 -10.4818878653
1.53758596599 7.19969919501 -10.4741720166
1.51665215838 7.1781187324 -10.4615642193
1.49392570269 7.15757572964 -10.4457715051
1.47088644694 7.13944634636 -10.4277941455
1.44880043583 7.12626605282 -10.4074969971
1.42853925379 7.1210429215 -10.383865843
1.41065964435 7.12624883611 -10.3558512475
1.39563607003 7.142874177 -10.3233732426

/group/RPA_013/30
30
posId 301.42763066608 7.40216741844 -10.2408438965
1.46425028574 7.42952481658 -10.2746435107
1.49848830647 7.45115885628 -10.3086123341
1.5263154312 7.46386925311 -10.3391454746
1.54611946187 7.46499796135 -10.3656273994
1.5584381362 7.45370386441 -10.3893004333
1.56488334229 7.43158887525 -10.4114136106
1.56702538315 7.40225291452 -10.4319596633
1.56584423861 7.36995099622 -10.4497285402
1.56184629636 7.33804077772 -10.4633993255
1.55546867507 7.30802644849 -10.4726686219
1.54727090537 7.27965130775 -10.4784578549
1.53769570509 7.25188418376 -10.4819931158
1.52662466045 7.22415450848 -10.4834544851
1.51320759735 7.19710727865 -10.4812888782
1.4962980228 7.17250208425 -10.4728678191
1.47537040835 7.15242855193 -10.4562163289
1.45135764857 7.1384031823 -10.4317035319
1.42676874487 7.13091619011 -10.40247605
1.40483290131 7.12963936237 -10.3731594455
1.38804653782 7.13404617714 -10.3474933659
1.37696054581 7.14394414757 -10.3263488454
1.3700020602 7.15953151657 -10.3074498516
1.36455633768 7.18096792122 -10.287114684
1.35876557826 7.20781528637 -10.2630584876
1.35301080594 7.23880035198 -10.2365680559
1.35015735635 7.27210864563 -10.2126620421
1.35432374043 7.30601569127 -10.1980236958
1.3687834311 7.33938747558 -10.1978229586

/group/RPA_013/33
33
posId 331.35598695122 7.34611677637 -10.2288508983
1.37813223879 7.38919104088 -10.2397103561
1.40425749082 7.42212789166 -10.260899035
1.43040343989 7.44220354989 -10.2881431737
1.45371745289 7.45074261038 -10.3168233084
1.47335456939 7.45164537391 -10.3439273949
1.4901422569 7.44872474263 -10.3688287336
1.50532896891 7.44350193597 -10.3925645862
1.51928752946 7.43474928125 -10.4162328316
1.53101689831 7.41991532121 -10.4396257741
1.5387156595 7.39737669843 -10.4609788744
1.54097584534 7.36799451534 -10.4779149665
1.53774696701 7.33498591545 -10.4888557993
1.53040257388 7.30227446122 -10.4938883121
1.52087018596 7.27248113183 -10.4944863538
1.51042978512 7.24590872501 -10.4923023055
1.499010996 7.22115292901 -10.4878955425
1.48547550728 7.19684798917 -10.4803103523
1.46869437706 7.17329044068 -10.4678252469
1.44867984967 7.15279318125 -10.4493736217
1.42698351316 7.13852051351 -10.4256477598
1.40606422953 7.13262305832 -10.3990867381
1.388032266 7.13499439012 -10.3726985751
1.37361530126 7.14355636284 -10.3484770927
1.36206368362 7.15591946453 -10.3264911051
1.35209060457 7.17127672034 -10.305314907
1.3432355164 7.1911585214 -10.283585803
1.33671988295 7.21838668522 -10.2616937918
1.33515786142 7.25477071171 -10.2424554827

/group/RPA_013/36
36
posId 361.33240798074 7.33073828269 -10.2541588986
1.34716766553 7.37708000233 -10.2592507659
1.36617409786 7.41485896342 -10.2734500577
1.38660609596 7.43929741431 -10.2943594794
1.40682172194 7.45137967282 -10.3192697327
1.42661759049 7.45599932175 -10.346179805
1.44612506698 7.45740041101 -10.3737977032
1.46448928228 7.45553984372 -10.40090675
1.47965024528 7.4462695374 -10.4259866268
1.48951336262 7.42513736011 -10.4475732789
1.49348281817 7.39168368691 -10.4649686575
1.49292000521 7.35076377429 -10.4784397027
1.48997932424 7.30989821133 -10.488465681
1.48571256109 7.27485274893 -10.4945496587
1.47905859573 7.24693269929 -10.4947071617
1.46767478993 7.22387229456 -10.486353656
1.45003980019 7.20317003568 -10.4681702267
1.42715191631 7.18486084294 -10.4415830495
1.40241969887 7.17151547443 -10.4106060203
1.37979150378 7.16587343426 -10.3799718911
1.36159441646 7.16857469213 -10.3528102272
1.34776166559 7.17816445902 -10.3295325762
1.3369534913 7.19324958221 -10.3086948167
1.32851451485 7.21452742012 -10.2891092672
1.32356983941 7.24440036108 -10.2715585203

/group/RPA_013/39
39
posId 391.32523886099 7.32244375672 -10.3020246514
1.33765403474 7.37587173051 -10.3070373868
1.35301006327 7.41735530325 -10.3194071408
1.3686378375 7.44096955843 -10.3366614525
1.38348232574 7.44958161468 -10.3565166035
1.39820823215 7.45124407385 -10.3779388212
1.41391176754 7.45185773435 -10.4010739391
1.43046287376 7.45042216352 -10.4259799794
1.4458639116 7.44083827317 -10.4512239818
1.45718859016 7.41830377945 -10.4736705222
1.46234975324 7.38435416192 -10.4898391664
1.46128006524 7.34616461593 -10.4978305449
1.45565248281 7.31117323872 -10.4982602823
1.4474960195 7.2821807479 -10.4934350855
1.43788551864 7.25712549136 -10.485466047
1.42664953919 7.2330068784 -10.4748514474
1.41308311824 7.20971491589 -10.4605733821
1.39689691851 7.19027600743 -10.4414437424
1.37868705422 7.17807609306 -10.4174974126
1.35983836904 7.17459814952 -10.3904162515
1.34224631265 7.18011230079 -10.3629435468
1.32812321699 7.19598776082 -10.3380168896
1.31972285513 7.22509531602 -10.3182587419

/group/RPA_013/42
42
posId 421.2947992769 7.33603534092 -10.3176392234
1.30986431181 7.38923367053 -10.3309651156
1.32915302303 7.42003584705 -10.3547273809
1.34944177328 7.42892569535 -10.3839434069
1.36992618566 7.42783701531 -10.4152485232
1.39019988263 7.42577507154 -10.4464084049
1.40811478498 7.42073328603 -10.4745211112
1.42034600505 7.40534642675 -10.4958597902
1.42504388569 7.37794173913 -10.5079157661
1.42339315093 7.34558496236 -10.5112194136
1.41819967743 7.3163508532 -10.5085819481
1.41114543156 7.29107955458 -10.502406894
1.40185677298 7.26486518109 -10.4930078014
1.38965202914 7.23603432799 -10.4796499254
1.37555247507 7.21090031234 -10.4627505311
1.36184818072 7.19776404768 -10.4442968665
1.34961309776 7.19724024346 -10.4258095496
1.33733550139 7.20131939883 -10.4064310705
1.32281003268 7.20356498489 -10.3839680264
1.30661468604 7.20893821069 -10.358407284
1.29329382484 7.23074126634 -10.3342615532

/group/RPA_013/45
45
posId 451.26977352158 7.33732455524 -10.3518746729
1.28091495615 7.39266574901 -10.3614179555
1.2954927693 7.42149959579 -10.3798537729
1.31472411189 7.42677530197 -10.4086474307
1.33797321864 7.42936529936 -10.4439737143
1.3590636522 7.43291137947 -10.4758566063
1.37100797086 7.41916680524 -10.4960636985
1.37329110166 7.3795430987 -10.5049770257
1.37123638728 7.33190520172 -10.5083272645
1.36837128897 7.29713534338 -10.5086770713
1.36266283701 7.2740438424 -10.5030689101
1.35099249024 7.25051063506 -10.4883714675
1.33412039805 7.22831244328 -10.4655087679
1.31530367471 7.21987736841 -10.4377827361
1.29660083223 7.22590762442 -10.4082566568
1.27944700222 7.23534557002 -10.380642591
1.2672985054 7.24856466126 -10.3601938906

/group/RPA_013/48
48
posId 481.23851655863 7.3459272417 -10.3805803523
1.24553438424 7.39235487708 -10.3861015474
1.25976549961 7.42183448444 -10.4046142914
1.28035067842 7.43068932674 -10.4352154567
1.30319022987 7.43187084295 -10.4701457576
1.32247432254 7.43136361278 -10.499808673
1.33396964432 7.41756082805 -10.5190182779
1.33749625998 7.38124284197 -10.5285414334
1.33614153523 7.33438266386 -10.5317633412
1.33267467753 7.29732538372 -10.530633546
1.32674012027 7.27405203997 -10.5241557598
1.31585631252 7.25339249802 -10.5097840097
1.29908186245 7.23190951824 -10.4864619287
1.27919113192 7.22092096702 -10.4571683077
1.26100751802 7.22839457607 -10.4284067104
1.24792826291 7.24756895415 -10.406157665
1.24036955799 7.2705396836 -10.3919544207

/group/RPA_013/51
51
posId 511.20028760074 7.35078067067 -10.4012919324
1.20727444552 7.39975811342 -10.4067724321
1.22259962116 7.42819444161 -10.4271075027
1.24406426809 7.43470407595 -10.4590958705
1.26741673992 7.43546314683 -10.4945631349
1.28734610325 7.43568933601 -10.5248758258
1.2993640711 7.42115936588 -10.5446988702
1.30262171512 7.38299756078 -10.5536741946
1.300479097 7.33568391714 -10.5553924667
1.29669795885 7.29963745476 -10.5534307095
1.29105194959 7.27640527491 -10.5472815385
1.28015048899 7.25457505284 -10.5329849579
1.2628212731 7.23370297339 -10.5088031968
1.24298074672 7.2262029062 -10.4793913103
1.22615343206 7.23634493115 -10.452709305
1.21442120373 7.25383089821 -10.4330100945
1.20631077875 7.27298843671 -10.4186480636

/group/RPA_013/54
54
posId 541.16373830002 7.35080711188 -10.4247202235
1.17116669146 7.40020057771 -10.4303119836
1.18678946202 7.43165789121 -10.4501568971
1.20902227123 7.44075572283 -10.4823801093
1.23206130501 7.43801191931 -10.5171305742
1.25125140438 7.43405675159 -10.5462619752
1.26639700045 7.42747019102 -10.5696404521
1.27878781107 7.40998116299 -10.5901175042
1.2867419144 7.38046952866 -10.6053036439
1.28655299057 7.34838783077 -10.6086025759
1.27781969431 7.32264740624 -10.5984194746
1.26538465225 7.30186682836 -10.5821484501
1.25431855866 7.27918241563 -10.5681365827
1.24409403727 7.25422340722 -10.5556368154
1.22983493067 7.23534050598 -10.5364269067
1.2094481719 7.2295243366 -10.5065972626
1.18758165343 7.23490206722 -10.4733057159
1.17137660784 7.24650447542 -10.44778339
1.16360064408 7.26625704824 -10.4339530096

/group/RPA_013/57
57
posId 571.12554780989 7.35621391793 -10.4424711326
1.13614083428 7.40735164224 -10.4510129707
1.15391449166 7.43476049712 -10.4731397995
1.175703728 7.44050368286 -10.5039844273
1.19789000559 7.43961997051 -10.5362896813
1.21839944442 7.44009971898 -10.5659802149
1.23604449148 7.4353217745 -10.5922169985
1.24881290959 7.41628784486 -10.61328189
1.25437865101 7.38527712039 -10.6254960745
1.25268210516 7.35299198644 -10.6273444346
1.2467822274 7.32521677477 -10.6224926884
1.23989066686 7.29854356909 -10.6160551299
1.23171506959 7.27013514088 -10.6079863541
1.21883308332 7.24585088672 -10.5925391422
1.19913470984 7.23402479192 -10.5655398784
1.17522709451 7.23404862342 -10.5308521346
1.152838938 7.23762251233 -10.4978948946
1.13631500689 7.24257442766 -10.4732613746
1.12649455369 7.25954482372 -10.4567487721

/group/RPA_013/60
60
posId 601.08847747636 7.35349565482 -10.4588197945
1.10250869375 7.40304848996 -10.4695526037
1.12218175025 7.44002762757 -10.4902880071
1.14015910116 7.45956589336 -10.5117304002
1.15296330681 7.46576947227 -10.5283521647
1.16349033593 7.46660775406 -10.5427636392
1.17712934727 7.46668286034 -10.5616123251
1.19545093296 7.46411505851 -10.5873991853
1.21405463657 7.45347932872 -10.6149880289
1.22663740976 7.43124170441 -10.6362805872
1.23068453355 7.39874761152 -10.6475637339
1.22875008851 7.3610918448 -10.6514780343
1.22446786461 7.32407223818 -10.6520341918
1.21819991064 7.29207232467 -10.6489658064
1.20716633211 7.2675235036 -10.6380029938
1.18944559265 7.25090554119 -10.6164044434
1.16691011746 7.24089889562 -10.5869905034
1.14384255043 7.23559496032 -10.5560177737
1.1233263742 7.2350096271 -10.5277477209
1.1059792619 7.24285858027 -10.5023843252
1.0923229831 7.26483261571 -10.4796533076

/group/RPA_013/63
63
posId 631.06349895654 7.34876555432 -10.4879271448
1.0767583261 7.39689866437 -10.4936900623
1.09500294555 7.43513948588 -10.5081406421
1.11373533326 7.45803652346 -10.5267905223
1.1306712648 7.46948812127 -10.5458068169
1.14642224668 7.47724561466 -10.5641665845
1.16265770207 7.48433269737 -10.5833028493
1.17958188379 7.48567405898 -10.6046595703
1.19503953513 7.47312169717 -10.6273755314
1.20591935768 7.44390239552 -10.648113217
1.21039062354 7.40426456369 -10.6630728697
1.20889938813 7.36487947793 -10.6703394247
1.20322120919 7.33256363468 -10.6705981555
1.19475334436 7.30625423759 -10.6658856791
1.18377044973 7.28071662821 -10.6577732216
1.17015225825 7.25378122677 -10.6466122626
1.15449040866 7.22967314263 -10.6321759582
1.13818173966 7.21529097263 -10.6146455534
1.12237823528 7.21360335951 -10.5948043843
1.10708214273 7.22119745296 -10.5734504497
1.09166273908 7.23256837047 -10.5510587114
1.07654909891 7.24658863576 -10.5284412218
1.06438415722 7.26812378589 -10.5078483513

/group/RPA_013/66
66
posId 661.04171553715 7.35529605083 -10.5151189027
1.05218507573 7.39939635518 -10.5141095578
1.0681310641 7.43629008324 -10.5215076407
1.08669439061 7.46118506219 -10.5354486702
1.10538108802 7.47569092015 -10.5525974662
1.12360058835 7.48464024886 -10.57085045
1.14207574305 7.49027326568 -10.5903754094
1.16064081607 7.48952873284 -10.6118857815
1.17697243845 7.47709369426 -10.6342851869
1.1879010295 7.45103511002 -10.6545092404
1.19200762107 7.41539474759 -10.6697377518
1.19060173454 7.37748896303 -10.6793131182
1.18586970478 7.34300307262 -10.6840646672
1.17816849098 7.31363895164 -10.6838994658
1.16551119221 7.28875586991 -10.6767280218
1.14596383529 7.26826308827 -10.6603592147
1.12049763832 7.25353620367 -10.6355008494
1.09333257164 7.24622536866 -10.6065054017
1.069481052 7.24732535069 -10.5788275664
1.05203733068 7.2578207516 -10.5557252656
1.04168237615 7.27935723296 -10.5374937348

/group/RPA_013/69
69
posId 691.00795523724 7.30089788392 -10.5498364424
1.02511178157 7.2624168664 -10.5805634326
1.04853858274 7.24317923634 -10.6107918106
1.07520922506 7.24392291878 -10.6372317743
1.10230069329 7.25875401379 -10.6591324343
1.12753912051 7.27982564301 -10.6769803972
1.14932072705 7.30204279114 -10.6909641228
1.16677256735 7.32454085814 -10.7005140975
1.17973914744 7.34862917006 -10.7050135904
1.18855774613 7.37470900591 -10.7046589719
1.19359898919 7.4010664174 -10.7004248365
1.1948118243 7.42530630401 -10.6931034624
1.19164193636 7.44661039178 -10.6824280263
1.18349051011 7.46631297692 -10.6673291648
1.17044874025 7.48603721991 -10.6473266132
1.15373635257 7.50512910527 -10.6238718235
1.13539763512 7.51999942982 -10.6002753464
1.11733783863 7.52635014284 -10.57995814
1.10033159986 7.52254482993 -10.5642719805
1.08375321015 7.51107678753 -10.5517124588
1.06632343741 7.49651699721 -10.5393892602
1.04744542078 7.48139242088 -10.5258150027
1.02824727477 7.46350406713 -10.5128934545
1.01160978802 7.43732505238 -10.5054549635
1.0011219241 7.39885934089 -10.5084998214

/group/RPA_013/72
72
posId 720.987480452241 7.28092966431 -10.5911502032
0.964350816042 7.30988976147 -10.5596594995
0.952029275621 7.33604387138 -10.5386326326
0.952516895157 7.35892534652 -10.5299859762
0.962426803801 7.38176276932 -10.5295094498
0.976065176345 7.40764203243 -10.531053424
0.989989249969 7.43618208101 -10.5317900581
1.00523973874 7.46342034635 -10.5341903112
1.02547495615 7.484731222 -10.5432528102
1.05273332127 7.49802149915 -10.5615709024
1.08453297275 7.50437481069 -10.5865676738
1.11481464335 7.50574129085 -10.6122274279
1.13791497823 7.50199515487 -10.6336997778
1.15218776851 7.49027727081 -10.6506934893
1.16025907624 7.46746633808 -10.6667178316
1.16584747888 7.4337160212 -10.684929416
1.17002702033 7.39385461055 -10.704343976
1.17021128788 7.35514318908 -10.7198458374
1.16267734034 7.32300915217 -10.7260626822
1.14630216482 7.29820729647 -10.7217236722
1.12411238552 7.27776373619 -10.7106262398
1.10118978819 7.25889888661 -10.6982690464
1.08072955036 7.242580907 -10.6870330227
1.06175236234 7.23362681479 -10.6741616981
1.04059910374 7.23716284959 -10.6544573322

/group/RPA_013/75
75
posId 750.96032491265 7.28601756632 -10.6184680566
0.936320646627 7.3157324566 -10.5877407077
0.923102845523 7.34557379403 -10.5650946485
0.923302947278 7.37285915114 -10.5536540387
0.934445581594 7.39780989341 -10.5514579453
0.950909541355 7.42211821864 -10.5535480399
0.96815554154 7.44669611971 -10.5561134161
0.985769376809 7.4704396397 -10.5593106753
1.00682462156 7.49082066506 -10.566531874
1.03414922995 7.50552135713 -10.5808944951
1.06668908754 7.51354578109 -10.6020266385
1.09908489654 7.51490265979 -10.6258826877
1.12487729457 7.50939056799 -10.6476766485
1.14071559578 7.49589942264 -10.6653530703
1.14813182655 7.4731593113 -10.6806068786
1.15151443786 7.44145286474 -10.6966277156
1.15408662312 7.40375407769 -10.714583041
1.15527144611 7.36506619371 -10.7319122303
1.15151827173 7.33020522718 -10.7438914745
1.13965981714 7.30165640721 -10.747076262
1.11977645874 7.27918529232 -10.7416268083
1.09513218552 7.26149464511 -10.7305558703
1.0694304494 7.24851913852 -10.7166842944
1.04402233519 7.24238599592 -10.7001273514
1.01768392886 7.24615436768 -10.6786623757

/group/RPA_013/78
78
posId 780.9306155075 7.28950017906 -10.6472419217
0.909905757303 7.32377764327 -10.6182563366
0.900286842185 7.3581146361 -10.5967076954
0.901727158525 7.38852321809 -10.5843256794
0.911005627788 7.41503987642 -10.5789267879
0.924189071859 7.43983885063 -10.5769097418
0.939506697451 7.46419811999 -10.5765218546
0.958284068884 7.48693129263 -10.5791760036
0.983121070317 7.50534562681 -10.5878039412
1.01476140173 7.51747134808 -10.6037709576
1.05022294283 7.5232915429 -10.6250777946
1.08378074319 7.52382195439 -10.6474261304
1.1101051633 7.51905487472 -10.6672330069
1.12713940423 7.50697426509 -10.6839995568
1.13655439477 7.4849404734 -10.7000091244
1.14159857028 7.45251229962 -10.717641312
1.14420098767 7.41323768302 -10.7366364318
1.14362271367 7.37356691752 -10.7536651811
1.13750751145 7.3394041526 -10.7645497561
1.12415963661 7.31291529066 -10.7671981192
1.10399982463 7.29218519423 -10.7627342468
1.07908887724 7.27407095879 -10.753924789
1.05143781856 7.25795430102 -10.7423944382
1.02188136633 7.24728091461 -10.7271920118
0.990652477133 7.24752297586 -10.7060716501

/group/RPA_013/81
81
posId 810.909058228693 7.30074422104 -10.6816030546
0.888191190105 7.33426234659 -10.6538323589
0.878934567358 7.37032234482 -10.6321246034
0.880629111052 7.40361043605 -10.6184258152
0.889920350556 7.43163538325 -10.6117626506
0.903300351631 7.45508299015 -10.6096591783
0.919385950181 7.47626633574 -10.6102341592
0.939323117865 7.49680961482 -10.6134775846
0.965101130698 7.51613430608 -10.6208775114
0.997094441415 7.53166739567 -10.6338057531
1.03269865946 7.54045878049 -10.651956708
1.06709941704 7.54096717395 -10.6730322048
1.09563727379 7.53378179538 -10.6938860977
1.11607946054 7.52092020108 -10.7122420065
1.1292198935 7.50439057424 -10.7277018087
1.13749196433 7.48515354858 -10.7413466438
1.14273033256 7.46317982221 -10.7543255038
1.14477452423 7.43837246294 -10.7665819692
1.1418784995 7.41145541033 -10.7767141669
1.13246228863 7.38403496535 -10.7830321298
1.1167189617 7.35780433809 -10.7849052417
1.09675096157 7.3336420237 -10.7832461115
1.07511537649 7.31149814573 -10.7796601698
1.052962698 7.2913236516 -10.7748815264
1.02933267084 7.27436717853 -10.7677623977
1.00230801934 7.26369962444 -10.7557550802
0.971266002344 7.26325545323 -10.7367308416

/group/RPA_013/84
84
posId 840.89151653974 7.30934560402 -10.7224712304
0.919554923215 7.28561596232 -10.7494835274
0.950523345987 7.27479716042 -10.77247765
0.981280892465 7.27689776399 -10.789605384
1.00980867415 7.28888946499 -10.8010272536
1.03541108534 7.30646835595 -10.8082478335
1.05833348809 7.32617309796 -10.8129497385
1.07906283331 7.34666527053 -10.8160138315
1.09768756429 7.36855459906 -10.8172210307
1.11360457731 7.39306763896 -10.8156719892
1.12564681079 7.42052928167 -10.8105369742
1.13249550654 7.44964574226 -10.8016166608
1.13314315077 7.47797090977 -10.7894066911
1.12721214762 7.5031314524 -10.774740258
1.11505344845 7.52391647566 -10.7583616784
1.09765905822 7.54049663225 -10.7407776235
1.07646372882 7.55368769479 -10.7224680042
1.05308952582 7.5638520422 -10.7042242551
1.02905521207 7.5702698203 -10.6872581919
1.00548058957 7.57145311093 -10.6728887504
0.98286638779 7.56617943742 -10.6619533485
0.96107248799 7.55447869033 -10.6543564197
0.939587548231 7.53780885774 -10.6491496314
0.91806033369 7.51821517855 -10.6452176418
0.896898550052 7.49700814354 -10.6422173624
0.877636446997 7.47390177941 -10.641176847
0.862816194207 7.44731990304 -10.6442895066
0.855329924743 7.41582685006 -10.6538917979
0.857440178737 7.37985227641 -10.6711213507

/group/RPA_013/87
87
posId 870.882416945872 7.31315544331 -10.7701272994
0.853449029062 7.33882431014 -10.7422798663
0.836009732259 7.37056390015 -10.7182607655
0.830232874054 7.40361353799 -10.7002663436
0.83375418398 7.4345054544 -10.68850158
0.843379572583 7.46214141643 -10.6816458101
0.856698742581 7.48743357341 -10.6779270101
0.87277484784 7.51184183198 -10.6761640633
0.891724452709 7.53579481574 -10.6762320982
0.913716834046 7.55799369973 -10.6788055594
0.938207245741 7.57597930716 -10.6846711591
0.963926392975 7.58750968723 -10.6941083056
0.98952393367 7.59179264164 -10.7067047285
1.01426541152 7.58976077584 -10.7216288627
1.03816028288 7.58325025119 -10.7380681949
1.06135777105 7.5736867899 -10.7554722267
1.08324696001 7.56119704894 -10.7734383829
1.10199320442 7.54474891711 -10.791386839
1.11499867313 7.52320441421 -10.8083524883
1.12013522529 7.49653769096 -10.823140991
1.11699861954 7.46635791513 -10.8348065319
1.10730760385 7.43535852549 -10.8431232694
1.09404900589 7.40606152521 -10.8486602464
1.07977162529 7.37972605493 -10.8523008195
1.06503991016 7.35619524241 -10.8544346927
1.0480536917 7.33481670605 -10.8543324357
1.02578511802 7.31581443277 -10.8501786286
0.996063122412 7.30112876188 -10.8398788201
0.959420809792 7.29403797927 -10.8222748506

/group/RPA_013/90
90
posId 900.847629267223 7.3492756345 -10.7852253777
0.827461410714 7.3841248622 -10.7585422542
0.817818908389 7.42010994355 -10.7371650708
0.817986167508 7.45242072102 -10.7228443428
0.825560085009 7.47949402545 -10.7149502525
0.83788695927 7.50288147225 -10.7113251552
0.853315786067 7.52539024553 -10.7098050648
0.871585024378 7.54874227394 -10.7094774325
0.893238077255 7.57220528805 -10.710969001
0.91856466566 7.59294353929 -10.7157047307
0.946811825041 7.60770280817 -10.7247204302
0.976163450735 7.61462754403 -10.7378408758
1.00443797216 7.61401951799 -10.7537266837
1.02997667243 7.60763984194 -10.7706762374
1.05210335903 7.5971694986 -10.7875662621
1.07087329656 7.58298890971 -10.8042575803
1.08634834915 7.5641594619 -10.8212030503
1.09797138046 7.5396000511 -10.8385772497
1.10453368101 7.5095757492 -10.8555944272
1.10479217078 7.47636607941 -10.8705512499
1.09830576587 7.44353769672 -10.8816131266
1.08586894954 7.41423377711 -10.8878167113
1.06917162954 7.38962862439 -10.8895714241
1.0498491262 7.36865678355 -10.8882556445
1.02854247185 7.34930617204 -10.8851209259
1.0046439 7.33069426176 -10.8802253053
0.976993067763 7.31454489234 -10.8721590189
0.945166099036 7.30498037213 -10.8588491144
0.910567289566 7.30658239935 -10.8390273224

/group/RPA_013/93
93
posId 930.834079463007 7.3635132352 -10.8144275089
0.813852292499 7.39899684214 -10.7876260748
0.804087606548 7.4348155846 -10.7663419444
0.804393406638 7.46592954742 -10.7526134054
0.81237825748 7.49118924099 -10.7456584601
0.825130831613 7.51295162197 -10.7428476835
0.840687247165 7.53473282586 -10.7415471903
0.858646891047 7.55845491181 -10.7406816802
0.879678532258 7.58299421347 -10.7411151707
0.904364171207 7.6048144382 -10.7447420582
0.932205393606 7.62010027777 -10.752996133
0.961441004318 7.6268933732 -10.7657979713
0.989737740092 7.62584356131 -10.7815935813
1.01522376805 7.61920594387 -10.7983620597
1.03713210024 7.6089256356 -10.8148193652
1.05562974394 7.59523650021 -10.830951523
1.0710019424 7.5767793582 -10.8475199857
1.08282341812 7.55212950795 -10.8649306148
1.08975915428 7.5215940853 -10.8823231501
1.09018798066 7.48791487167 -10.8975951286
1.08324356044 7.45525707345 -10.9084172981
1.06953737346 7.42707624684 -10.9135777595
1.0510070998 7.4042993061 -10.9137121287
1.02991589241 7.38513053212 -10.9108481248
1.00762669721 7.36674698788 -10.9069845855
0.983979369486 7.34785812606 -10.9026110729
0.957748502257 7.33043818843 -10.8961822377
0.927965606498 7.31937396289 -10.88499127
0.895297608467 7.32006251249 -10.8669893086

/group/RPA_013/96
96
posId 960.825198837721 7.41877427262 -10.8162399006
0.820683678884 7.467652294 -10.7919861673
0.824903927748 7.51079256496 -10.7749571558
0.836682392284 7.54415831642 -10.7663289691
0.854148187661 7.56897086276 -10.7645576461
0.875260000745 7.58897502121 -10.7668804815
0.898307982441 7.60674817542 -10.7712333642
0.922236007092 7.62171690567 -10.7773091241
0.946658098212 7.63102874157 -10.7861766858
0.971542830954 7.63221150182 -10.7989241673
0.996690167332 7.62531534731 -10.8154224295
1.02125486292 7.61284096812 -10.8341029071
1.04358969829 7.59764755346 -10.8528089556
1.06154757656 7.58068300463 -10.8699714496
1.07314363611 7.56049377058 -10.8851810891
1.07726493049 7.53498488782 -10.8987804081
1.07405878915 7.50400921651 -10.9109137679
1.06478181829 7.4705917845 -10.9208996073
1.05117575692 7.43959687175 -10.9274931745
1.03469395562 7.41468239551 -10.9298350168
1.01598302547 7.39587230296 -10.9282594008
0.994881263084 7.3797982093 -10.9241854775
0.970913631802 7.36273128111 -10.9190263276
0.944004731172 7.34434711982 -10.9128867069
0.915035781063 7.32940011993 -10.9041118845
0.885975249046 7.32579125434 -10.8902208908
0.859537315207 7.34002505869 -10.8697547006

/group/RPA_013/99
99
posId 990.822984321318 7.42817495714 -10.8275502453
0.815338460058 7.47346767423 -10.80327294
0.818221901473 7.51441767703 -10.7864720978
0.830852564622 7.54759461217 -10.7782710162
0.850289258526 7.57342359748 -10.7769337038
0.872748643568 7.59414983933 -10.7794674509
0.89532049254 7.61127432317 -10.7836713204
0.917071962193 7.62430098961 -10.7892769052
0.938893555367 7.63144999938 -10.7975483348
0.962230625004 7.63145099758 -10.8098134745
0.987539700075 7.6248018359 -10.8260895868
1.01344755729 7.61345802598 -10.8447802562
1.03709586188 7.59928311295 -10.863549652
1.05537913545 7.58263071653 -10.8806074161
1.06625608005 7.56232014072 -10.8954087832
1.06936313514 7.53710614206 -10.9083196508
1.06569830775 7.50746622843 -10.9196509731
1.05675804461 7.47617629224 -10.9289476424
1.04377319842 7.44704104679 -10.9351547829
1.02746833508 7.42262505354 -10.9375061242
1.00829335896 7.40273565675 -10.9363243009
0.986741296064 7.38498178535 -10.9329379302
0.963414008103 7.36721896047 -10.9286225347
0.938841585931 7.35019342071 -10.92332294
0.913371780015 7.33836487456 -10.9152271564
0.88743023906 7.33804112141 -10.9017375122
0.86210106316 7.3538244426 -10.8813652605

