/group/RPA_017/0
0
posId 01.67170557864 6.63914702002 -11.9963063727
1.67566993495 6.68118784532 -12.0055712796
1.68113109185 6.72347123771 -12.0115481792
1.6879734637 6.76362554003 -12.0134694398
1.69616288743 6.79973592477 -12.0105811758
1.70571949795 6.83063280016 -12.0023299548
1.71666668526 6.85598218895 -11.9885177521
1.72897011025 6.87616269129 -11.9693867878
1.74248429874 6.89197559646 -11.9456147438
1.75692299103 6.90428151191 -11.9182242229
1.77186342471 6.91367453881 -11.8884315808
1.78678567467 6.92028868506 -11.8574736932
1.80113859988 6.92378657179 -11.8264535483
1.81441656914 6.92352193749 -11.7962368577
1.82622806523 6.91881344445 -11.7674154029
1.83633936959 6.90923457877 -11.7403338614
1.84468318725 6.8948227756 -11.7151610468
1.85133136752 6.87614011771 -11.691978105
1.85644016687 6.8541681053 -11.6708569198
1.86018320474 6.83007364896 -11.6519105092
1.8626896123 6.80492497387 -11.6353099035
1.86400240778 6.77945136342 -11.6212742012
1.86406579023 6.75392504261 -11.6100480941
1.86274183855 6.72820243123 -11.6018819197
1.85984947423 6.70190907946 -11.5970236219
1.85521361739 6.67470517253 -11.5957225825
1.84871141582 6.64654201914 -11.5982361738
1.8403051866 6.61782301913 -11.6048249634
1.83005705432 6.58941420371 -11.6157241049
1.81812626768 6.56249922739 -11.6310864649
1.80475484747 6.53832537956 -11.6509048894
1.79024917772 6.51792380254 -11.674932468
1.77496403103 6.50189649561 -11.7026262758
1.75929204572 6.49034147929 -11.7331387393
1.74365737019 6.48294226674 -11.7653708885
1.72850882893 6.47919301579 -11.7980856021
1.71430692455 6.47868419134 -11.8300610961
1.70150077571 6.48135062853 -11.8602509051
1.69049513836 6.48759254153 -11.8879111833
1.68161251962 6.49821821598 -11.9126617139
1.67505922681 6.51421327866 -11.9344627045
1.67090540032 6.53639802753 -11.953511281
1.66908687919 6.56507334648 -11.97008353

/group/RPA_017/3
3
posId 31.68981983765 6.60196707953 -11.9657640131
1.69026675299 6.64610160935 -11.9843081515
1.69278911272 6.6884338242 -11.9974259728
1.69714631384 6.72704379012 -12.0048039722
1.70316475526 6.7612548968 -12.0065297154
1.71075021523 6.79136841691 -12.0029467109
1.71986251256 6.81815700795 -11.9944866625
1.73046309483 6.84232844251 -11.9815489136
1.74245487842 6.86415433672 -11.9644702245
1.75563567406 6.88337173461 -11.943585061
1.76968132377 6.89934604822 -11.919335343
1.78416423336 6.91138045479 -11.8923661028
1.79860106914 6.91900921005 -11.8635489855
1.81251415357 6.92213641079 -11.8339067718
1.82548760356 6.92096407245 -11.8044563426
1.83720240878 6.91575719724 -11.7760264363
1.84744294831 6.9065739082 -11.7491236313
1.85607763287 6.89311100937 -11.7239071361
1.86302468095 6.87476909211 -11.700293936
1.86821764771 6.85094479524 -11.6781650649
1.87158329844 6.82145082917 -11.6576009159
1.87303800146 6.78689234489 -11.6390559251
1.87250083836 6.74882389434 -11.6233988295
1.86991533994 6.70958092467 -11.6117895888
1.86526952356 6.67179995377 -11.6054222558
1.85860632567 6.63776721118 -11.6052133199
1.85002222817 6.608816991 -11.6115383872
1.83965817121 6.58500343234 -11.6241071254
1.82769083305 6.56518700755 -11.6420210027
1.81433216714 6.54753602696 -11.6639963637
1.79984066587 6.53029368765 -11.6886789259
1.78454098834 6.51255762482 -11.7149451587
1.76884232755 6.49480138417 -11.742092208
1.75324312989 6.47894509786 -11.7698586642
1.73831216988 6.46793070685 -11.7982786937
1.72464314936 6.46492418989 -11.8274300674
1.71278955959 6.4723947188 -11.8571717132
1.70319497809 6.49136346283 -11.8869665612
1.69613789512 6.52105799999 -11.9158515721

/group/RPA_017/6
6
posId 61.76205429068 6.55900386767 -11.8646315232
1.74832573449 6.58014784574 -11.9042149632
1.7378541115 6.60794145004 -11.9396937595
1.73190782927 6.63989904364 -11.9671696128
1.7309164735 6.67355128085 -11.9845847799
1.73439898877 6.70703388013 -11.9921458154
1.74120563967 6.73930957142 -11.9918953561
1.74996128172 6.76998539016 -11.9866606014
1.75952332931 6.79887871714 -11.9788558259
1.76927597815 6.82559157425 -11.9696464838
1.77916529472 6.84932653551 -11.9587891094
1.7894974657 6.86903659481 -11.9451401337
1.80062090841 6.88381796212 -11.9275285914
1.81264944373 6.89332110055 -11.9055473529
1.82534599395 6.89793833125 -11.8798923015
1.83819678126 6.89863545594 -11.8521238832
1.8506102892 6.89647723704 -11.8240172764
1.86211961793 6.89206234929 -11.7968641251
1.8724763664 6.88514891988 -11.7710976901
1.88159117967 6.87468031546 -11.746434463
1.88936473869 6.85924141056 -11.7224502695
1.89551714694 6.83777040088 -11.6992756703
1.89952986765 6.81021765289 -11.6780213934
1.90075825989 6.77784758411 -11.6606691848
1.89868160214 6.74302551458 -11.6494288209
1.89317705907 6.7085559931 -11.6458395567
1.88467636694 6.67684118765 -11.65004635
1.87410648213 6.64921443286 -11.6606275826
1.86261147093 6.62573307327 -11.6751089791
1.85115881113 6.60551573023 -11.6909768252
1.84019831764 6.58747009752 -11.7067531382
1.82953242625 6.57108528818 -11.7226381826
1.81847258454 6.55693483656 -11.7403966136
1.8062329072 6.54666502561 -11.7624918872
1.79240372894 6.54247015363 -11.7908135817

/group/RPA_017/9
9
posId 91.80082216218 6.59090057481 -11.9108610923
1.79097501765 6.61562223654 -11.9433592924
1.7855811217 6.64180022738 -11.9670465939
1.78429147092 6.66770186961 -11.9818595965
1.78614405649 6.69330756016 -11.9898390763
1.79015519236 6.71966222271 -11.9935678551
1.7958502731 6.74768559197 -11.9944856619
1.80343914783 6.77714573987 -11.9920373055
1.8135440563 6.80637307146 -11.9841191854
1.82664262071 6.83284134403 -11.968536836
1.84254956549 6.85423675011 -11.9446072867
1.86023729792 6.86937005351 -11.9139662507
1.87810206805 6.87840847387 -11.880108987
1.89453106967 6.88233152293 -11.8469284162
1.9084604602 6.88198770797 -11.817086672
1.91962763613 6.87736372627 -11.7911371299
1.9284019545 6.86753657386 -11.7678628076
1.935319041 6.85135007286 -11.7455838158
1.94060484145 6.82840131917 -11.7236310234
1.94396576657 6.79971659755 -11.7031080698
1.94475106648 6.76766824658 -11.6865066435
1.94236704491 6.73513502031 -11.6764327469
1.93667520435 6.70437058318 -11.6742312516
1.92812425162 6.67623893689 -11.679348476
1.91753584059 6.65027838713 -11.6898185337
1.90568174609 6.62557499763 -11.7035711698
1.892923174 6.60194111956 -11.7197492984
1.87914935659 6.58069200531 -11.7392015921
1.86407075975 6.56452054891 -11.763799353
1.84770023194 6.55647601977 -11.7949355467
1.83072732404 6.55857013743 -11.8320778911

/group/RPA_017/12
12
posId 121.85472907964 6.58577643824 -11.9339007597
1.84458838755 6.61152567881 -11.9672195892
1.83863955704 6.63688397018 -11.9917036895
1.8366631453 6.66031292168 -12.0070647452
1.83790091023 6.68270599621 -12.0152970896
1.84156157282 6.70629149045 -12.0191061126
1.84727214227 6.73286629423 -12.0201266291
1.85521743146 6.76237514875 -12.0179508161
1.86589077152 6.79261690627 -12.0105009283
1.87960396187 6.82019009057 -11.9954955321
1.89604466935 6.84207888981 -11.9721263262
1.91414417654 6.8569384505 -11.9419499852
1.93234242963 6.86535403418 -11.9084662737
1.94911232685 6.86898259204 -11.8756231575
1.9634604017 6.86915545082 -11.8461110543
1.97513862928 6.86582976056 -11.8204209196
1.98446986971 6.85754579004 -11.7971837311
1.99190886497 6.84242108402 -11.7745548362
1.9976046556 6.81956973026 -11.7518001205
2.00121729311 6.79006305316 -11.730136781
2.00208275379 6.75681245228 -11.7123367326
1.99961092773 6.72340034523 -11.7013426209
1.9936662294 6.69252622356 -11.6987343029
1.98469740425 6.66498528605 -11.7039691656
1.97354011049 6.63979949906 -11.7148524588
1.96101741816 6.61544285879 -11.728951472
1.94758800462 6.59144111876 -11.7450916877
1.93326423076 6.56937540074 -11.7640091443
1.91785816395 6.55263709918 -11.787724923
1.90141062902 6.54499407556 -11.8179695763
1.88453842899 6.54872653783 -11.8545690864

/group/RPA_017/15
15
posId 151.90785466054 6.58762448127 -11.9755104483
1.92038709804 6.56425469411 -11.9390270403
1.93413042277 6.54610573166 -11.9027730606
1.94779521858 6.53683029516 -11.8711288001
1.96099520682 6.53832557699 -11.8458095713
1.97412279535 6.5496416341 -11.8255634879
1.98773898987 6.56751660054 -11.8076450689
2.00188953123 6.58826080668 -11.7901117143
2.01579680292 6.60982469746 -11.7734703078
2.02812057881 6.63273294303 -11.7606311775
2.03760185993 6.65926637993 -11.7552258464
2.04365418591 6.69138640585 -11.7593972166
2.04651018052 6.72870990247 -11.7724935275
2.04683652119 6.76783056895 -11.7914880889
2.04509270713 6.80344858671 -11.8128128156
2.04108527185 6.83064715574 -11.8343815051
2.03404081944 6.84695731862 -11.85648216
2.02317286153 6.85301755689 -11.8809886151
2.0083804906 6.85153954188 -11.9094614561
1.99061656528 6.84534194284 -11.9414338028
1.97166828441 6.83573638643 -11.9740344042
1.95347028032 6.82222840802 -12.0031941481
1.93737150985 6.80357282914 -12.0256237588
1.92380351909 6.7793250261 -12.0402477292
1.91253146018 6.75074959826 -12.0481647273
1.90328606598 6.72045211184 -12.0512145817
1.89632756448 6.69102472217 -12.0501846398
1.89254443216 6.66370132246 -12.0439395974
1.89300638568 6.63801801975 -12.0301338916

/group/RPA_017/18
18
posId 181.9606675841 6.56106296602 -12.0039072168
1.97565623454 6.54255623789 -11.9662637637
1.99485401883 6.53736818731 -11.9278473016
2.015697029 6.54541213748 -11.893375917
2.0356182148 6.56274928703 -11.8655350871
2.05303707407 6.58422599191 -11.8445343365
2.06766902798 6.60654548006 -11.829157867
2.08003217727 6.62964162602 -11.8184080126
2.09057394558 6.65552085701 -11.812515174
2.09905984721 6.68560268095 -11.8126662133
2.10462042322 6.7186395833 -11.8198165038
2.10634208339 6.75077871981 -11.8336247431
2.10389929298 6.77766461859 -11.852390995
2.09773877289 6.79694299412 -11.8740393862
2.08870958685 6.80926353682 -11.8973360856
2.07747680381 6.81706683118 -11.9223368363
2.06421547035 6.82215207976 -11.9496684801
2.04883898313 6.82394621942 -11.9791886826
2.03156933858 6.81983124139 -12.0090995712
2.01336247845 6.80727567669 -12.0362853368
1.99579745918 6.78610003935 -12.0577169823
1.98045606682 6.75907871783 -12.0719235547
1.96823645955 6.73035168738 -12.079426973
1.95912883029 6.70282366524 -12.0817825632
1.95265105431 6.67655625303 -12.0799187511
1.94863604265 6.64945325868 -12.0730367495
1.94776416628 6.61980638454 -12.0589683843

/group/RPA_017/21
21
posId 212.01481429204 6.52422095169 -12.0126751647
1.99858613337 6.54729451057 -12.0533090191
1.98917646356 6.57321700968 -12.0839633402
1.98767545855 6.5997738815 -12.1015326362
1.99290499557 6.62685379511 -12.1079566143
2.00230219698 6.65527867083 -12.1080566435
2.01340801058 6.68506703698 -12.1060232884
2.025020388 6.71454905197 -12.102955597
2.0373652875 6.7410012645 -12.0969293705
2.05133031688 6.76222486722 -12.0851923707
2.06740061946 6.7777317166 -12.0666438708
2.08503857925 6.78852101851 -12.0427627978
2.10283601292 6.79557773508 -12.0164998812
2.11918434627 6.79830135746 -11.9902499153
2.13289227375 6.79422145254 -11.9646409563
2.14333375579 6.78042276205 -11.9390886313
2.15016292875 6.75577453131 -11.9135414303
2.15299773581 6.72235077143 -11.8898216453
2.15145607685 6.68491215566 -11.8712709354
2.14555723569 6.64867825739 -11.8608081619
2.13610243954 6.61686318134 -11.8588888962
2.12457664646 6.58965071626 -11.8630928234
2.11246223124 6.56527520741 -11.8699016199
2.10036766289 6.54237432188 -11.8775105709
2.08763435043 6.5218802377 -11.887566342
2.07284293099 6.50707080296 -11.9043352819
2.05502463133 6.50174711785 -11.9316136882

/group/RPA_017/24
24
posId 242.05896330367 6.50551577102 -12.0363209595
2.04152114492 6.5299684554 -12.0778289851
2.03085575971 6.55739723188 -12.1106378876
2.02850458984 6.58459470042 -12.1304626232
2.03342813586 6.61110562218 -12.1386383185
2.04281530881 6.63829786283 -12.1403227959
2.05388758355 6.66720038909 -12.1404218003
2.06546951966 6.69684971492 -12.1401779208
2.07828264712 6.72439079711 -12.1367765694
2.09384206126 6.74675484575 -12.1260497513
2.11281824559 6.76249989903 -12.1061030233
2.13406396552 6.77230289505 -12.0791120127
2.15497340602 6.77769765737 -12.050016171
2.17285224379 6.77909176747 -12.0232212024
2.18626836422 6.77473405475 -11.9998973435
2.1954307976 6.76162150176 -11.9779337841
2.20141884947 6.73782862096 -11.9545165369
2.20494895441 6.70456399418 -11.9292581487
2.20566918068 6.66633586826 -11.9053863617
2.2025014123 6.62893135203 -11.8880123247
2.19469441117 6.59652100902 -11.8807797177
2.1826828001 6.56989033737 -11.8834846394
2.16801075697 6.54703132844 -11.8925456905
2.15234462815 6.52563960376 -11.9040162645
2.13636253945 6.50568585994 -11.9168311301
2.11946077945 6.49017807461 -11.9337138804
2.10061340202 6.48354656614 -11.9588872961

/group/RPA_017/27
27
posId 272.09780379674 6.48984978536 -12.0619301397
2.07931581897 6.51218306613 -12.1017300774
2.06865874768 6.53816047571 -12.1326940631
2.06767594318 6.56533331431 -12.1507179388
2.07493418708 6.5926545396 -12.157186179
2.08669933444 6.62005669946 -12.1573346865
2.09930912852 6.64756158207 -12.1563524019
2.11131498228 6.67465737969 -12.1559731846
2.123932507 6.70031796948 -12.1538509166
2.13955397497 6.72344244733 -12.1459308101
2.15945271463 6.74316133843 -12.1298810782
2.18235179383 6.75864884525 -12.1070007714
2.20485779991 6.76861687365 -12.0812969949
2.22338742795 6.77107501786 -12.0566152668
2.23615607619 6.76384272093 -12.0341427194
2.24381721094 6.74572471955 -12.0122241275
2.24839049526 6.71764230787 -11.988569255
2.25138729721 6.68286208558 -11.9630419759
2.25258319656 6.64596520298 -11.9387639829
2.25031850648 6.61104280202 -11.9205853487
2.2429945461 6.58018766527 -11.9120465544
2.23051850057 6.55322752639 -11.9131733087
2.21453053778 6.52885607368 -11.9208479698
2.19724539033 6.50639152152 -11.931523234
2.17986900166 6.48697361677 -11.944192571
2.16191997965 6.47339591525 -11.9612464852
2.14209193239 6.46869536419 -11.9863903953

/group/RPA_017/30
30
posId 302.1282083297 6.46863865819 -12.0906109688
2.11260489142 6.4927745152 -12.1258584845
2.10465348377 6.52151173353 -12.1539223973
2.10426089114 6.5511771617 -12.172667285
2.10995683284 6.57934033141 -12.182523095
2.11971355908 6.60549049035 -12.1858289158
2.13187437109 6.63063376458 -12.1853705922
2.14570843058 6.65606647806 -12.1829009776
2.16134588947 6.68205927234 -12.1784161156
2.17920931443 6.70722308454 -12.1705094818
2.19932726282 6.72890349538 -12.1575124085
2.22094142414 6.74433155309 -12.1387153277
2.24260332355 6.75182899642 -12.1149819353
2.26264932527 6.75137890132 -12.0884784244
2.27973767559 6.7443000187 -12.0617707135
2.29314332082 6.73231827216 -12.0368681032
2.3027033151 6.71665936352 -12.0147370513
2.30854015679 6.697700417 -11.995449055
2.31080375852 6.67530137992 -11.978721907
2.30960192602 6.64948309135 -11.9644273684
2.30510386699 6.62093001597 -11.9527647045
2.2976486802 6.59097979025 -11.9441123209
2.28768857803 6.56116862975 -11.9388226717
2.27554789053 6.53273305088 -11.9372313404
2.26116904779 6.50648693143 -11.9399138259
2.24409425736 6.4831867446 -11.9479339743
2.22381791484 6.46408869 -11.9627252984
2.20039662406 6.45119142188 -11.9854420382
2.17498284186 6.44681791048 -12.0160040027

/group/RPA_017/33
33
posId 332.1615670764 6.45449002143 -12.1171661081
2.14531799799 6.47936281988 -12.152176179
2.13701834206 6.50809788577 -12.1796971437
2.13662770505 6.53706931269 -12.1975987433
2.14262544903 6.56428754519 -12.2065615342
2.15287335768 6.58977911648 -12.2092405021
2.16559417504 6.61482153516 -12.208597294
2.17995764246 6.6405434117 -12.2063352254
2.19602570641 6.66674865675 -12.2022599392
2.21418830071 6.6916421062 -12.1948108038
2.2344895874 6.71255214961 -12.182326971
2.25625215795 6.72714030911 -12.1642384711
2.27817333195 6.73433582298 -12.1415092901
2.29876018705 6.73447314742 -12.1161831211
2.31678734906 6.72866010377 -12.0904384398
2.33150562215 6.71789159196 -12.0657981169
2.34254527001 6.70253465934 -12.0429391812
2.34968026138 6.68249432296 -12.0220834956
2.35269222721 6.65786245833 -12.0035558171
2.35145412978 6.62951105332 -11.9880372331
2.34614290156 6.59914871031 -11.9763366903
2.33735328601 6.56876719057 -11.9689177174
2.32593392398 6.53986991547 -11.9656368562
2.31257699261 6.51306185188 -11.9660035517
2.29741612896 6.48834594939 -11.9698546394
2.27995298227 6.46596535495 -11.9779513901
2.25946864047 6.44720043069 -11.9919509357
2.23576802563 6.43448558586 -12.0135577674
2.20984870913 6.43061151768 -12.0432186061

/group/RPA_017/36
36
posId 362.19350857542 6.43923341729 -12.1448685157
2.17627896471 6.4661714563 -12.1808365067
2.16702277965 6.49653741005 -12.2092426525
2.16558999916 6.52633972279 -12.2279849859
2.1701948954 6.55385252563 -12.2382094896
2.1786237418 6.57972441035 -12.2429301693
2.18947653503 6.60566613214 -12.2447963947
2.20269391343 6.63263238545 -12.2444246387
2.21910142531 6.6596764982 -12.2402881318
2.2393371462 6.68416267506 -12.230118656
2.26290586957 6.7031110772 -12.2128045985
2.28798827035 6.71472944696 -12.1894941194
2.31211536426 6.71911523562 -12.1631910531
2.33324665731 6.71771787981 -12.1371602221
2.3505411064 6.71200829374 -12.1132464927
2.36433900533 6.70232987072 -12.0912397733
2.37541596768 6.68775258367 -12.069682432
2.38405726926 6.66703301064 -12.0475232358
2.38960543057 6.63999511581 -12.0254466606
2.3907910009 6.6083319393 -12.0059360632
2.38660396406 6.57520791736 -11.9920058937
2.37708015748 6.54386353234 -11.9854652378
2.36342760139 6.51613079121 -11.9859185927
2.34737144151 6.49187079315 -11.9912266324
2.33014719384 6.46975525943 -11.9991549753
2.31184256278 6.44891149944 -12.0091001688
2.2915838237 6.43033504094 -12.0226744288
2.26850679096 6.41706935938 -12.0426489465
2.24290876509 6.41291818259 -12.0708424866

/group/RPA_017/39
39
posId 392.22418799725 6.42158839737 -12.1746675992
2.20696192836 6.4513322365 -12.2107819234
2.1970321797 6.4846810175 -12.2401040472
2.19466918333 6.51694047335 -12.2598482604
2.19873028899 6.54597138799 -12.2702517888
2.20743603744 6.57237858331 -12.2737500432
2.21932023552 6.59808420903 -12.273096989
2.23379616424 6.62431774282 -12.2696362601
2.25104143704 6.65034068213 -12.2627688452
2.27133894258 6.67365522792 -12.2508470466
2.29434306917 6.69142741765 -12.2327947869
2.31876262129 6.70207067836 -12.2093161553
2.3426609669 6.70589423795 -12.1828784886
2.3641674467 6.70442280087 -12.1565085563
2.38213810305 6.69894196327 -12.1322426881
2.39635864233 6.68936430645 -12.11029006
2.40720060842 6.67427629942 -12.0894665434
2.41500386104 6.65218110864 -12.0685819989
2.41962271808 6.62308148303 -12.0478112646
2.42043610071 6.58925690775 -12.0290899774
2.41678523566 6.55459599212 -12.0152432049
2.40850090368 6.52282124068 -12.0084261516
2.39612384188 6.49573215045 -12.0089397009
2.38064636514 6.47264682509 -12.0152448707
2.36295479142 6.45147671743 -12.0251905443
2.34338506916 6.43079535687 -12.0376281685
2.32174975373 6.41156538978 -12.0532861002
2.29787903725 6.3973437964 -12.0742333671
2.27234890072 6.39271778929 -12.1021920657

/group/RPA_017/42
42
posId 422.26861362291 6.39181186448 -12.1841117466
2.24715004195 6.41310554389 -12.2201970709
2.23293794931 6.44207738992 -12.2510967794
2.22658815094 6.47418572187 -12.2739299776
2.22721075407 6.50580121715 -12.2880672454
2.23295698839 6.53543468852 -12.2950512897
2.24193406722 6.56350456239 -12.2973768641
2.25302936568 6.59098767913 -12.2968547376
2.26622063007 6.61798044576 -12.2935573381
2.28222955154 6.64315983323 -12.2859853711
2.30173812225 6.66443414632 -12.2723256387
2.32462144294 6.68021216464 -12.2519801828
2.34962389527 6.69029285147 -12.2263784916
2.3746406544 6.69567459191 -12.1985459109
2.39742550766 6.69738950044 -12.1716953054
2.41632858979 6.69521714415 -12.147725601
2.43068966996 6.68728928466 -12.1265581825
2.44074055166 6.6710302708 -12.1066983581
2.44715116109 6.64495315035 -12.0866324515
2.45051802832 6.61017563951 -12.0661628574
2.45106036267 6.5705985575 -12.046861029
2.4486088233 6.53148728458 -12.0314128798
2.44278294929 6.49721473905 -12.0223401911
2.43318049476 6.46949842382 -12.0209403079
2.41947523183 6.44720230395 -12.0270740875
2.40145988797 6.4278212782 -12.0398130645
2.37915352862 6.40971883902 -12.0583631894
2.35304286277 6.39371474881 -12.0825198117
2.32437648274 6.38302534547 -12.1122823836

/group/RPA_017/45
45
posId 452.29971993343 6.3806818141 -12.2160859748
2.27842735678 6.39952982522 -12.2506610576
2.2648428882 6.42607041225 -12.2790833642
2.2589846983 6.45863989303 -12.3006010794
2.25915665948 6.49466123651 -12.3161804003
2.26302054203 6.53102842415 -12.3273490862
2.26893096167 6.56486469345 -12.334879226
2.27679797123 6.59434029474 -12.3380798055
2.28799115314 6.61911874641 -12.3351108633
2.30432858424 6.64013555494 -12.3241358573
2.32670868172 6.65874841868 -12.3046397951
2.35415162199 6.67565389511 -12.2781388557
2.38379967137 6.69013505267 -12.2478501498
2.41190271791 6.70007370366 -12.2174792224
2.43527916984 6.70278092048 -12.189778862
2.45249151707 6.69626653805 -12.165652965
2.46414516514 6.68031717316 -12.1442598603
2.47220564141 6.65682595989 -12.1240006209
2.47875411287 6.62918457206 -12.103790382
2.48487139482 6.60101806513 -12.083882768
2.49021624965 6.57486816419 -12.0658137564
2.493433716 6.55144229915 -12.0515678653
2.49305384393 6.52974524335 -12.042525261
2.48829678573 6.50796487489 -12.0388551948
2.47931741787 6.48463113905 -12.0397218051
2.46681393625 6.45948433545 -12.0441484506
2.45134150263 6.43369731015 -12.0519632735
2.43285613057 6.40945949308 -12.0641804795
2.41085392438 6.38923910511 -12.082504825
2.38506767985 6.37513232874 -12.1081854748
2.35628901361 6.36856086078 -12.1408674712

/group/RPA_017/48
48
posId 482.33255045186 6.36641512517 -12.2412883399
2.31283006707 6.38682428248 -12.2747730486
2.29940897037 6.41626972493 -12.3042375778
2.29207523508 6.45103347733 -12.3283520367
2.29004432727 6.48709938595 -12.3463765167
2.2924549837 6.52157461171 -12.358149397
2.29866710987 6.55333756773 -12.3639919023
2.30827210139 6.58266079036 -12.3645333126
2.32090636422 6.61015582294 -12.3604919615
2.3360589557 6.6357507871 -12.3524776338
2.35303295609 6.65833529854 -12.3408876109
2.37108864944 6.67625222945 -12.3259381919
2.38965584464 6.68826678637 -12.3078143714
2.40844557284 6.69433754646 -12.2868606882
2.42735504777 6.69563800687 -12.2637096375
2.44620291039 6.69375519401 -12.2392697012
2.46446072576 6.68953139463 -12.2145649206
2.4811739672 6.6822820224 -12.1904983066
2.49516561438 6.6699428243 -12.1676597389
2.50544262739 6.65016636551 -12.1462868879
2.51158426553 6.62181078261 -12.1264172452
2.51387325158 6.58598847136 -12.1081737229
2.51305825475 6.54604455294 -12.0920532168
2.50984432089 6.5064131078 -12.0790746574
2.5043792507 6.47092826356 -12.0706981862
2.49603526129 6.44148489112 -12.0685241373
2.48364867178 6.41776080729 -12.0738732935
2.46614270094 6.39812549004 -12.0873959928
2.44324666233 6.38119900403 -12.108839414
2.41595583294 6.36716395264 -12.1370340211
2.3864912673 6.35807778265 -12.1700779778

/group/RPA_017/51
51
posId 512.36418423511 6.354043743 -12.265429245
2.34391531737 6.37419387381 -12.300079378
2.3304895964 6.40366682896 -12.3301912274
2.32378032798 6.43846340509 -12.354149773
2.32266558021 6.47434832546 -12.3714971679
2.32568390337 6.50844177404 -12.382807965
2.33166804726 6.53989406721 -12.389185072
2.34007923967 6.56936443448 -12.3916044192
2.35094243199 6.59772691201 -12.3904224591
2.36449169178 6.62485223083 -12.3852849726
2.38076296035 6.64922130217 -12.3754718698
2.39935898129 6.66858155541 -12.3604867143
2.4194802939 6.68119718968 -12.3405725627
2.44015267311 6.68686924366 -12.3168764844
2.46048195783 6.68703852633 -12.2911721183
2.47978269227 6.68385201562 -12.2652820004
2.49753554546 6.67872879754 -12.2404948025
2.51325298366 6.67130565757 -12.2172674892
2.52639085501 6.65945771654 -12.1953466001
2.53639944872 6.64047293752 -12.1742250115
2.5428933216 6.61276871682 -12.1536887885
2.54581387617 6.57718399817 -12.13418475
2.54543776584 6.53708126029 -12.1168550954
2.54217026806 6.49714621714 -12.1032664648
2.53620843331 6.46150866222 -12.0950027087
2.52727313088 6.43220086405 -12.0933201693
2.51461244281 6.40878841133 -12.0989794631
2.49735366982 6.3893502465 -12.1122342621
2.47508760602 6.37222335412 -12.1328650598
2.44841387126 6.35749805872 -12.1601515856
2.4191538221 6.34739758802 -12.1927713481

/group/RPA_017/54
54
posId 542.3957348176 6.34208831403 -12.2863650328
2.3754440359 6.36097100143 -12.3214434417
2.36203708929 6.3893839849 -12.3523324574
2.35533817078 6.42345143855 -12.3773814208
2.35420448608 6.45894141226 -12.3960036325
2.35719251438 6.49285385755 -12.4085929578
2.36317773948 6.52416411542 -12.416091266
2.3716611669 6.55340932904 -12.4193964265
2.38268077215 6.58148016654 -12.4188908627
2.39645070858 6.60841342826 -12.4143185894
2.4129671638 6.63292737118 -12.4050642735
2.4317952056 6.65294758612 -12.3906802095
2.45211527117 6.66674351692 -12.3713768199
2.47294978119 6.67391562189 -12.3482105976
2.49340274515 6.67556930826 -12.3228619365
2.51277130027 6.6735241112 -12.2971098701
2.53049900857 6.66902295646 -12.2722672212
2.54605742022 6.66174916096 -12.24885637
2.55888710739 6.64981158962 -12.2266774592
2.56847446765 6.63079743019 -12.2052196163
2.57452536281 6.60334480056 -12.1841999087
2.5771017605 6.56834066121 -12.1639682921
2.57658310693 6.52902006837 -12.1456050213
2.57341345258 6.48984578575 -12.1307018162
2.56774304156 6.45474086061 -12.1209648671
2.55917630665 6.42562884394 -12.1178306652
2.54682285655 6.40207897771 -12.1222291296
2.52970655171 6.38223849318 -12.1345117281
2.50738916512 6.36450847955 -12.1544650507
2.48051939765 6.34899793169 -12.1813124822
2.45101411647 6.33791509149 -12.2136718524

/group/RPA_017/57
57
posId 572.42696627593 6.32812706648 -12.3031156624
2.40659582801 6.34560944768 -12.3389016615
2.39305988573 6.37327177697 -12.371503486
2.38608001422 6.4068154203 -12.3989153376
2.3845900975 6.44158769998 -12.4199488241
2.3874397636 6.47435673046 -12.434305018
2.39387581446 6.5041369032 -12.4424097607
2.40360347654 6.53173349298 -12.4450845709
2.41649580579 6.55840785892 -12.4431860994
2.43221590923 6.58452794986 -12.4373495245
2.45003373121 6.60900635698 -12.4279149791
2.4689600096 6.62979800576 -12.4150290831
2.48809343462 6.64506291961 -12.3988382193
2.50692870371 6.65420006878 -12.3796611703
2.52539611345 6.65806178879 -12.3580561428
2.5435817759 6.65819371728 -12.3347623442
2.56129731908 6.65558023475 -12.3105630591
2.57778702727 6.64971697204 -12.286151968
2.59179698351 6.63866350468 -12.2620732802
2.60201549858 6.62014288119 -12.2387604001
2.60765433876 6.5930986923 -12.2166452569
2.60882503722 6.55879393455 -12.196278988
2.60645415169 6.52074942311 -12.1784069592
2.60173553093 6.4834650907 -12.1639694567
2.59539483339 6.45057641759 -12.1540330245
2.58717872839 6.4234538841 -12.1496767037
2.57588943205 6.40103610577 -12.1518559096
2.56000433789 6.3810074082 -12.1612537579
2.53860046743 6.36166964721 -12.1781224578
2.51212157509 6.34345154937 -12.2021275697
2.48258646041 6.32918467734 -12.2322320859

/group/RPA_017/60
60
posId 602.4578575682 6.31564711717 -12.3176659628
2.43697529092 6.33189363116 -12.3549939858
2.42299108206 6.35709810028 -12.3892057468
2.41571741351 6.38736480279 -12.4180366904
2.41410860751 6.4190640565 -12.4404979104
2.41706220347 6.44999061476 -12.4565898532
2.42393482538 6.47955507322 -12.4667614701
2.43453048969 6.50806176464 -12.4714607725
2.44867395495 6.53564471375 -12.4709995238
2.46573970928 6.56157837195 -12.465716108
2.48451482855 6.5843832127 -12.4562199677
2.50353434375 6.60260457082 -12.443460943
2.52169638525 6.61569615545 -12.4285058425
2.53875291935 6.62436417664 -12.4121281783
2.55531858322 6.63007090559 -12.3944774601
2.57232423644 6.6339466924 -12.3750826812
2.59019401777 6.63577513187 -12.3532587324
2.6082275127 6.63373125559 -12.3287332029
2.6245880784 6.62514039171 -12.3021495432
2.63696765565 6.60791920439 -12.2751383378
2.6436033027 6.58191985147 -12.2498735593
2.64409331811 6.54939609696 -12.2283219683
2.63954318907 6.51426777619 -12.2115821315
2.63192912919 6.48052739077 -12.1996786514
2.62300374888 6.45062916137 -12.1919344298
2.61333702492 6.42473484143 -12.1877199009
2.60202907635 6.4012306963 -12.1871552618
2.5872742546 6.3782280671 -12.1913496732
2.56749387715 6.35520968696 -12.2020023163
2.54244348366 6.33389688604 -12.2205350799
2.51371179938 6.31783971855 -12.247186696

/group/RPA_017/63
63
posId 632.48661424428 6.30450384073 -12.3351773459
2.46373267204 6.31829163337 -12.3743709284
2.44984938777 6.34062926374 -12.4084934587
2.44471619581 6.36811005723 -12.4353377539
2.44607740524 6.39720274132 -12.4551476311
2.4512759801 6.42553509801 -12.4695332877
2.45876994394 6.45242090138 -12.4799402581
2.46869173599 6.47840799921 -12.4866062755
2.48223130518 6.50420448797 -12.4885479657
2.50036268319 6.5296778305 -12.4844332572
2.52279514635 6.55352057089 -12.4736626817
2.54780687082 6.57371974835 -12.4569275698
2.57298989119 6.58845939152 -12.4359343125
2.59633425608 6.59684976961 -12.4125706718
2.61690205142 6.59904710733 -12.3881404964
2.63468485697 6.59576782983 -12.3631847502
2.64984328825 6.58760598646 -12.3379396689
2.66196548959 6.5746625159 -12.3130017331
2.66994813182 6.55673688353 -12.2896202776
2.6726261262 6.53390712011 -12.2693290719
2.66969558474 6.50703510245 -12.253151061
2.6622065762 6.47778361156 -12.2409867357
2.65215482977 6.44808607837 -12.2317388961
2.64132180286 6.41942009832 -12.2242443879
2.63008289945 6.39240858094 -12.2184887007
2.61702032037 6.36707307581 -12.2162839472
2.59972678157 6.34361363661 -12.220827913
2.5764347985 6.32319026898 -12.2352183979
2.54753444107 6.30811422106 -12.260672017

/group/RPA_017/66
66
posId 662.50415705965 6.30062623139 -12.3739320274
2.48576627272 6.32220968365 -12.4137763768
2.47443008683 6.34926408849 -12.4495534143
2.47085339978 6.37761576136 -12.4770061146
2.47441446889 6.40453915389 -12.494662908
2.48363508486 6.42955566219 -12.5039207855
2.49691485476 6.4538640555 -12.5076927958
2.51314173904 6.47883856655 -12.5084446178
2.53188083485 6.50457770311 -12.5067824823
2.55309449909 6.52940254474 -12.5013823277
2.57660959076 6.55055960927 -12.4902073599
2.60167072539 6.56560836044 -12.4721801036
2.62684013236 6.57356781755 -12.4482388388
2.65028559815 6.57510776577 -12.4211454072
2.67027769848 6.5717363526 -12.394221254
2.68562471875 6.5646026067 -12.3698446889
2.69584800016 6.55375760786 -12.3486361618
2.70107540114 6.53836490681 -12.3297587366
2.70178480677 6.51767318491 -12.3120216793
2.6985700729 6.49203030598 -12.2949906848
2.69202220419 6.46319258082 -12.2793838354
2.68269594673 6.43368138598 -12.2665871584
2.67106618037 6.40561728778 -12.2577562924
2.65741857602 6.37984961206 -12.2532386489
2.64172802346 6.3560205527 -12.2527727103
2.62366119419 6.3335655201 -12.256300965
2.60281405264 6.31298111703 -12.2647170657
2.57915631265 6.29644954327 -12.2798377621
2.55348663683 6.28727818325 -12.3033953296

/group/RPA_017/69
69
posId 692.53263080723 6.28809515011 -12.3937524601
2.51147639108 6.30712329842 -12.4338937361
2.4982277353 6.33097914888 -12.4693823999
2.49401022585 6.35665954606 -12.4963572474
2.49800326223 6.38220699743 -12.5140387798
2.50816379466 6.40712806833 -12.5242830791
2.52236052573 6.43192413922 -12.5299072022
2.5392728236 6.45708620618 -12.5328130103
2.55860127082 6.48220845348 -12.5329834341
2.5805775332 6.50576312889 -12.528835218
2.60517070956 6.52563633177 -12.518570528
2.63152110141 6.54004272131 -12.5016027954
2.65793156735 6.54822408526 -12.479171917
2.68236511279 6.55051611428 -12.4538459106
2.70309164838 6.54780507716 -12.4283269766
2.71908509818 6.54079359699 -12.4043711531
2.72999549089 6.52959152487 -12.3824648733
2.73583368421 6.51389161828 -12.3623296754
2.73668416362 6.49356629312 -12.3437605252
2.732686314 6.46922569554 -12.3271305014
2.72426471533 6.442311136 -12.3132143518
2.71234634422 6.4146351005 -12.3025469691
2.69826787449 6.3876832826 -12.2949219986
2.68329104759 6.36218069851 -12.2895574761
2.66796535356 6.33825517618 -12.2859499639
2.65177177603 6.31611352948 -12.2848589099
2.63338704767 6.29676102837 -12.2886349059
2.61155321605 6.28221347146 -12.3004314807
2.58613508033 6.27494670723 -12.3225458886

/group/RPA_017/72
72
posId 722.55430149519 6.26578957343 -12.4133339991
2.53292766795 6.28644998981 -12.4531445393
2.51973318017 6.31171427052 -12.4888896976
2.51578550663 6.33802583772 -12.5163270869
2.52014718292 6.36326433264 -12.5345006719
2.53067042223 6.38720441227 -12.5453561178
2.54522841022 6.41083317892 -12.551900619
2.56264512189 6.43503399806 -12.5560983745
2.58282245757 6.45949637626 -12.5577702277
2.60609298207 6.48251265796 -12.555059133
2.63230440977 6.50172038918 -12.5460080699
2.66026964024 6.51524522687 -12.5301301777
2.6879309491 6.52248148491 -12.5089415214
2.71309497765 6.5240392354 -12.4851791915
2.73422830857 6.52097348493 -12.4613178689
2.75079756737 6.51388979063 -12.4384313488
2.762980128 6.50257332868 -12.4161505356
2.77101539674 6.48639160186 -12.3936714223
2.77470404659 6.46515717729 -12.3710259061
2.77343329713 6.43979940714 -12.3496562435
2.76670584399 6.41231877315 -12.3318455885
2.75476261782 6.38500148882 -12.3193942863
2.73879269993 6.35940872802 -12.3125076144
2.72049610613 6.33584846012 -12.3097612548
2.70122846859 6.3137401267 -12.3092818304
2.68129230507 6.29267891083 -12.3104055269
2.65990357938 6.27349863639 -12.3146604932
2.63595469578 6.25857176612 -12.3252720209
2.60916894906 6.25103476272 -12.345316984

/group/RPA_017/75
75
posId 752.57006945255 6.24110405597 -12.4360702614
2.54964850557 6.26458185222 -12.4747083187
2.53834257446 6.29243540229 -12.5094017122
2.53598173003 6.32027404394 -12.5363655348
2.5409071642 6.34563231104 -12.5548230791
2.55110408417 6.36856002767 -12.5665569615
2.56522260061 6.39071619085 -12.5742171262
2.58292373527 6.41363002877 -12.5794652865
2.60444750997 6.43725802558 -12.5820554292
2.62978655663 6.45970658058 -12.5802983403
2.65805625629 6.47819853999 -12.5724703885
2.68746823495 6.49056566142 -12.5581727733
2.715882844 6.49626108623 -12.5387615321
2.7415356729 6.49627084083 -12.5166415918
2.76345222754 6.4920789932 -12.4939824376
2.78132081033 6.48447549626 -12.4717602869
2.79499391471 6.473066428 -12.449749656
2.80404794772 6.45682039411 -12.4273924128
2.80776907622 6.43523500748 -12.404854477
2.80559669381 6.40925533606 -12.3834656733
2.79768731172 6.38123730443 -12.3652005365
2.78512967538 6.35391695944 -12.3515698059
2.76955497844 6.32906353525 -12.3427505888
2.75231163204 6.30676026289 -12.337654244
2.73372256423 6.28587049163 -12.3349844258
2.71296193006 6.26544877427 -12.3346069523
2.68873691391 6.24617710666 -12.338247707
2.66044776523 6.23081375193 -12.3488938546
2.62915422396 6.22322601787 -12.3690941102

/group/RPA_017/78
78
posId 782.58755239724 6.22125494841 -12.4612646238
2.5666418865 6.24655465322 -12.4984370894
2.55521748916 6.27493426202 -12.5315270207
2.55294897095 6.30239120424 -12.5572565152
2.55808987654 6.32710632363 -12.5752778575
2.5686119491 6.34960312473 -12.5875017406
2.58320813325 6.37156643884 -12.5963425079
2.60160946838 6.39415218772 -12.6030074525
2.62411546842 6.41686554374 -12.6068478474
2.65072605155 6.43764628857 -12.6060549289
2.68047985747 6.45398788617 -12.599115801
2.71142659494 6.46426948086 -12.5860026811
2.74122375985 6.46840853034 -12.5683189885
2.76794577538 6.4674642824 -12.5483723258
2.79058559152 6.46256373173 -12.5278726374
2.80897013988 6.45397314097 -12.5071775134
2.82322325141 6.4410004672 -12.4855907645
2.8332066288 6.42279536578 -12.4624647503
2.83835260008 6.39945088834 -12.4382872954
2.83799312479 6.372570075 -12.4149437642
2.83191138811 6.34481653783 -12.3949278593
2.82066554788 6.31868347498 -12.3800292281
2.80538884085 6.29529820269 -12.3704268797
2.7871544882 6.27411540074 -12.3648742252
2.7663404934 6.25379139297 -12.3619211155
2.74248712877 6.23373100058 -12.3613738993
2.71484744659 6.21529212359 -12.3649591662
2.68336667354 6.20177809013 -12.3756163455
2.64949555754 6.19707931922 -12.3957232284

/group/RPA_017/81
81
posId 812.60311647048 6.19757999937 -12.4852862547
2.58135430168 6.22441224341 -12.5204005399
2.56946973195 6.2544480922 -12.552599519
2.56711907124 6.28342038028 -12.5784664496
2.57249388605 6.30916236504 -12.5971972824
2.58349533477 6.33193631441 -12.6102098008
2.59876446034 6.35337371267 -12.6196594299
2.61800120745 6.37479045539 -12.6268311441
2.6414778891 6.39595966835 -12.6313777314
2.66915354205 6.41505337747 -12.6317749807
2.7000103607 6.42967000257 -12.6265695956
2.73204222792 6.43817670917 -12.6155221537
2.76287271106 6.44045367018 -12.5998851082
2.79057223377 6.43759695512 -12.581685699
2.81414490625 6.43087745794 -12.5625672321
2.83341383018 6.42075490706 -12.5430196923
2.84845898896 6.40667395543 -12.522527359
2.85905815993 6.38778648819 -12.5004988292
2.86454938148 6.36406298527 -12.4772862433
2.86420424422 6.33695426444 -12.4545328409
2.85781158109 6.30905986931 -12.4345596814
2.84599971959 6.28295564148 -12.4191894823
2.82999994278 6.25995277469 -12.4088308053
2.81096019301 6.23966628307 -12.4025037199
2.78927492715 6.22076550431 -12.3988569684
2.76444596339 6.20248195344 -12.3975237807
2.73567384212 6.18589078399 -12.3998698407
2.70289178745 6.17405156551 -12.4085233997
2.66761477202 6.17077677407 -12.4258489622

/group/RPA_017/84
84
posId 842.61864724918 6.16946499661 -12.5080187351
2.65092681193 6.15034082766 -12.4773217281
2.68587664105 6.14232143461 -12.4545120911
2.72000492767 6.1452921325 -12.4411159811
2.75166996434 6.15659736448 -12.4357127625
2.78078494324 6.17239050887 -12.4351813471
2.80771214863 6.18945422217 -12.4367094172
2.83222295706 6.20653548447 -12.4393732651
2.8532431087 6.22451794657 -12.444397647
2.86946655881 6.24540834992 -12.4540379013
2.88026685562 6.27075930308 -12.4698607614
2.88612223214 6.30041696199 -12.4915178605
2.88814405927 6.33223568474 -12.5167300445
2.88699042955 6.36281801211 -12.5423996934
2.88196241806 6.3887810701 -12.5660709127
2.8710388146 6.40783983846 -12.5868037073
2.85200532153 6.41921740175 -12.6049871325
2.82406689886 6.423355964 -12.6213535636
2.788922051 6.42129310995 -12.6359675374
2.75053032867 6.41415195574 -12.6479146226
2.71358926323 6.40296651406 -12.6558646896
2.68156151548 6.38873243287 -12.6590291334
2.655417859 6.37239906706 -12.6577376901
2.63385608222 6.35462681634 -12.6531374188
2.61485748524 6.33542639207 -12.6461739222
2.59761246611 6.31402812557 -12.6365903472
2.58361156229 6.28928744022 -12.622754316
2.57621117676 6.26060165179 -12.6026129333
2.57892299284 6.2289012692 -12.5753013099

/group/RPA_017/87
87
posId 872.63115268159 6.14618753552 -12.5354809308
2.66298508396 6.1263240276 -12.5071079574
2.69770946394 6.11805248859 -12.4869331727
2.73277181515 6.120570165 -12.4753053684
2.76701318595 6.13042025779 -12.4698952644
2.79993093427 6.14343435859 -12.4675456183
2.83064631018 6.15688784404 -12.4664069865
2.8574575292 6.17066817769 -12.4670515068
2.87836975315 6.18685252004 -12.4719267686
2.89222189112 6.20802577276 -12.4835641226
2.89952780638 6.23537438696 -12.5027178275
2.90228497759 6.26765229243 -12.5276077745
2.90270414482 6.30152891493 -12.5546940883
2.90160693915 6.33298834794 -12.5804265354
2.89756933154 6.35888146422 -12.6028265382
2.88749680408 6.37776392159 -12.62193728
2.86842511756 6.38970883678 -12.6389718223
2.83951983662 6.39546052688 -12.6548537971
2.80304686217 6.39564369166 -12.6692033765
2.763665014 6.39056101829 -12.6804499324
2.72640502285 6.38057428584 -12.6869255502
2.69451076503 6.36658067482 -12.6880887641
2.66840898366 6.35002334306 -12.6849342453
2.64637840678 6.33226501694 -12.6792283855
2.62644341551 6.31371659877 -12.6720709928
2.60827884796 6.2934230134 -12.662820443
2.5939398428 6.26960382624 -12.6492443452
2.58699213889 6.24102405075 -12.6289608398
2.59061832073 6.20843776033 -12.6013372155

/group/RPA_017/90
90
posId 902.64049235195 6.12501597404 -12.5613812921
2.67028935626 6.10545334097 -12.5359532388
2.70465313561 6.09686886031 -12.5176884468
2.74173262685 6.09764751129 -12.5059267647
2.7796027711 6.10433914127 -12.4985804806
2.8161324478 6.11368768555 -12.4937842647
2.84906650475 6.12431394915 -12.4911994834
2.87639346784 6.13715501339 -12.492239182
2.89684841314 6.15448898023 -12.4991284312
2.91026140902 6.1781720717 -12.5133929099
2.91750315181 6.20813246932 -12.5346851271
2.91998794036 6.24197539836 -12.560637817
2.91895133973 6.27588386905 -12.5878178848
2.91487059127 6.30624955536 -12.6132105095
2.90734139961 6.3310749421 -12.635369886
2.89548482371 6.35036893122 -12.6545964674
2.87866338225 6.36538964526 -12.6720986939
2.85710463296 6.37728345012 -12.6887077976
2.8320719254 6.38601126849 -12.7039711228
2.80546930847 6.39024279436 -12.7162002997
2.77908558138 6.38827139006 -12.7234476154
2.75389258829 6.37934390789 -12.7247926326
2.72979439952 6.36451586392 -12.7211026749
2.70598375154 6.34641336473 -12.7147254359
2.6817314917 6.32795335044 -12.7082126903
2.65719623185 6.31074163036 -12.7027822742
2.63382571409 6.29412439136 -12.6974334961
2.61413465617 6.2755415283 -12.6893009111
2.60096574105 6.25209278794 -12.6751404111
2.59659381486 6.22250349633 -12.6531838722
2.60208484151 6.18839339363 -12.6243572624

/group/RPA_017/93
93
posId 932.64861883427 6.10882396572 -12.5837850973
2.67697471761 6.08783938334 -12.559142327
2.71033720121 6.07770429929 -12.5415201606
2.74764917218 6.07740630129 -12.5304350574
2.7869399801 6.08373952825 -12.523955425
2.82522678007 6.09319840219 -12.5202098996
2.85915012225 6.10385134485 -12.5186664301
2.88606484196 6.11617425567 -12.5204661923
2.90497700523 6.13241756562 -12.5276565511
2.91675242848 6.15490540325 -12.5418015388
2.92341608501 6.18425361119 -12.5627933491
2.92688931523 6.21851674619 -12.5885531677
2.92785965155 6.25372980904 -12.615783144
2.92543042867 6.28551846536 -12.6413263785
2.91776729547 6.31086719373 -12.6633603495
2.90338620717 6.32908481451 -12.6817766718
2.88234299021 6.34150349634 -12.6975999404
2.85661727585 6.35018744857 -12.7118671554
2.82942537138 6.35647468021 -12.7246882414
2.8038025732 6.36021687693 -12.7350644964
2.7812218942 6.3601107123 -12.7415491934
2.76101754253 6.35482486375 -12.7432958084
2.74095190526 6.34414072731 -12.7407843596
2.71864283891 6.32933367977 -12.7357041595
2.69310117541 6.31251631694 -12.7299934953
2.66557505074 6.29534079138 -12.7245801814
2.63928156704 6.27789738605 -12.7185990547
2.61820544537 6.25857261865 -12.7096305251
2.60562096703 6.23507241787 -12.6949298869
2.60308827407 6.20609905424 -12.6730294444
2.61035295038 6.17272456945 -12.6448407884

/group/RPA_017/96
96
posId 962.65208452539 6.09620907363 -12.5992268345
2.68440246398 6.0748001057 -12.5743774125
2.71942931345 6.06463748584 -12.5575295593
2.75498078921 6.06438563886 -12.5482110427
2.79044397923 6.07043117078 -12.5437849297
2.82564392831 6.07913661191 -12.5414832742
2.85945991275 6.08886455591 -12.5403274917
2.88932624806 6.10060095164 -12.5417384589
2.91209905686 6.11688926726 -12.5484898631
2.92575602897 6.13981630237 -12.5627144169
2.93072804401 6.1693239485 -12.5842566063
2.92982028992 6.20284666082 -12.610412592
2.92658846388 6.23639917823 -12.6371880648
2.92309829088 6.266343027 -12.6612392648
2.918493976 6.2907119067 -12.6812652842
2.9093706348 6.30936542611 -12.6980313725
2.8918341842 6.32306988399 -12.7131294657
2.86404658619 6.33230082304 -12.727399005
2.82770392839 6.33666586281 -12.7401012879
2.78752442405 6.33531649786 -12.7493693071
2.74904587446 6.32794783536 -12.7535460946
2.71607294993 6.31552760205 -12.7524035781
2.68931137134 6.30007884395 -12.7473250607
2.66695709344 6.28354236459 -12.7402743424
2.64677106963 6.26647289597 -12.7322550143
2.62825647308 6.24755098435 -12.7223742498
2.61353967928 6.22442507139 -12.708267892
2.60642749714 6.19551659717 -12.6877382831
2.61029032128 6.16170771934 -12.660602631

/group/RPA_017/99
99
posId 992.65372301444 6.09171095369 -12.6074008852
2.68695661726 6.06883083901 -12.582504276
2.72360317617 6.05765604659 -12.5658065765
2.75982057711 6.05750775523 -12.5576423736
2.79350281834 6.06480005518 -12.5557356676
2.82434685562 6.07531102884 -12.5569229729
2.85287219971 6.08655880013 -12.5591895368
2.87914699741 6.09886583032 -12.5627669764
2.90209977046 6.11455248558 -12.5696691442
2.91984156655 6.13588084705 -12.582047005
2.93070954578 6.16311762378 -12.6004742903
2.93425373179 6.19393899571 -12.6232727067
2.93144711186 6.22448356885 -12.6472710141
2.92395523646 6.25128913182 -12.6694495001
2.91296917224 6.27282306378 -12.6883705562
2.89842589893 6.28965736904 -12.704485921
2.87919054478 6.30329064798 -12.7191946772
2.85412014031 6.31452740103 -12.7333665431
2.82331137767 6.32258179044 -12.7463786578
2.78867821569 6.32552104331 -12.7563265031
2.75342646293 6.3216959067 -12.7612353625
2.72072019913 6.31109425744 -12.7603926191
2.69238552686 6.29559341959 -12.7548289851
2.66849618493 6.27785662107 -12.746566121
2.64811985069 6.25959507494 -12.7371207882
2.63073648754 6.24042334361 -12.7263136266
2.61737497257 6.2182026854 -12.7122792427
2.61066531264 6.19078995929 -12.6927929633
2.6136851186 6.15812844152 -12.6671272619

