/group/RPA_010/0
0
posId 01.81467098831 8.52564254515 -7.33020057027
1.85094288729 8.53249775505 -7.31053683645
1.88704899796 8.5410950138 -7.29521902108
1.92202107379 8.55136236782 -7.2850385221
1.95498382425 8.5631286112 -7.28045597983
1.98521928813 8.57613820051 -7.28157297517
2.0122192693 8.59008575603 -7.28816262095
2.03571736888 8.60466197237 -7.29974785087
2.05569381968 8.6195996055 -7.31570697287
2.07234960941 8.63470776236 -7.3353817282
2.08605087843 8.64988516449 -7.35816448675
2.09724957536 8.66510787709 -7.3835478006
2.10639092211 8.68039310356 -7.41112964953
2.11382142843 8.69574662812 -7.44057889548
2.11971224044 8.71110592774 -7.47157507563
2.12401110414 8.72629277793 -7.50374248811
2.12643224969 8.74098783798 -7.53659926998
2.12648762381 8.75473542742 -7.56953776242
2.12355609343 8.76698037997 -7.60184405248
2.11698072344 8.77713185564 -7.63275425992
2.1061792019 8.78464286003 -7.66153542982
2.09074991566 8.78909035016 -7.68757216338
2.0705565954 8.79024010324 -7.71043801933
2.04577782603 8.78808320501 -7.72993378676
2.01691347533 8.78283654361 -7.74608226942
1.98474719851 8.77490690855 -7.75907945893
1.95027134945 8.76482564535 -7.76921247473
1.91458658656 8.75316672234 -7.77676289026
1.87879216647 8.74046425557 -7.78191803098
1.84388377523 8.72714533555 -7.78471149087
1.81067370367 8.71349047216 -7.78500768338
1.77974371999 8.69962791515 -7.78253513558
1.75143504199 8.68556085677 -7.77696175805
1.72587350848 8.67121966696 -7.76799514381
1.70302253796 8.65652632919 -7.75548448076
1.68275266105 8.64145618212 -7.73949949547
1.66491485307 8.62608331165 -7.72036637483
1.64940563889 8.61060012557 -7.69864991961
1.63621461776 8.59530777533 -7.67508323645
1.62544895539 8.58058074838 -7.65045837436
1.61733365427 8.56681463544 -7.62550069904
1.61219021806 8.55436952516 -7.60075428666
1.61039905389 8.54352197545 -7.57650409282
1.61235230425 8.53443602154 -7.55275333862
1.61840380184 8.52715885895 -7.52926297998
1.62882181931 8.52164085896 -7.50564679085
1.64374873114 8.51777385464 -7.48150341291
1.66317012979 8.51543751129 -7.45655839357
1.68689473924 8.51454200269 -7.43078660735
1.71454582694 8.51505648373 -7.40448914011
1.74556466931 8.5170166307 -7.37830793467

/group/RPA_010/3
3
posId 31.75073268543 8.49580089284 -7.39943795436
1.78343839751 8.49931302213 -7.37378645858
1.81627239278 8.50380146896 -7.35043935599
1.84852682852 8.50926949838 -7.33014989881
1.87975780447 8.51579652089 -7.31358376335
1.90975038212 8.52350289942 -7.30126793853
1.9384460365 8.53250690293 -7.29355953615
1.96585259996 8.54288326449 -7.29063703979
1.99195877337 8.55463195212 -7.2925122633
2.01667240446 8.56766310772 -7.29905768908
2.03979478706 8.58180028037 -7.31004160024
2.06103390417 8.59679994103 -7.32516289981
2.08004998469 8.61238173206 -7.34407873818
2.09651913057 8.62826174624 -7.36642068832
2.11019678377 8.64418079615 -7.39179857273
2.12096328589 8.65992117017 -7.41979437269
2.12883856098 8.67530840018 -7.44995118939
2.13396087639 8.69019838317 -7.48176342315
2.13653384513 8.70445392482 -7.51467395168
2.13675417058 8.71791754697 -7.54808224471
2.13473813137 8.730388576 -7.58136450108
2.13046612113 8.7416118121 -7.61390371657
2.12376128989 8.75128259983 -7.64512483595
2.11431111144 8.75906940751 -7.67452846739
2.10173106179 8.76465088796 -7.70171645284
2.0856596565 8.76776075987 -7.72640396985
2.06586609656 8.76823154731 -7.74841550815
2.04234758119 8.76602780044 -7.76766544093
2.01539403673 8.76126104775 -7.78412724913
1.98560362113 8.75418211242 -7.79779800273
1.95384185451 8.74515088829 -7.80866586308
1.92114869419 8.73458829228 -7.81668784664
1.88860892951 8.72291891231 -7.8217829509
1.85720955786 8.71051502772 -7.82384241343
1.82771148106 8.69765269888 -7.82275505327
1.80056102283 8.68448845088 -7.81844215191
1.77585964004 8.67106111708 -7.81089394216
1.75339911891 8.65731844566 -7.80019903899
1.73275669462 8.64316311108 -7.78655927825
1.71343249697 8.62850882727 -7.77028524222
1.69500296613 8.61333514913 -7.75177169711
1.67726022521 8.59772971995 -7.73145644524
1.66030964306 8.58190915612 -7.70976981041
1.64460558238 8.56621397472 -7.68708433449
1.63091709541 8.55107811539 -7.66367473439
1.62022877442 8.53697864508 -7.63969660179
1.61359441988 8.52437514509 -7.61518898835
1.6119701866 8.51365027848 -7.59010154214
1.61605764484 8.50506272986 -7.56434212115
1.62618504541 8.4987211796 -7.53783674863
1.64224749861 8.49458375263 -7.51059120521
1.66371534556 8.49248234307 -7.48274299449
1.6897070498 8.49216638984 -7.45459399321

/group/RPA_010/6
6
posId 61.76287903764 8.41983816084 -7.40934897323
1.73520985852 8.41866119171 -7.43773956253
1.71015781717 8.41942295882 -7.46828331807
1.68817711482 8.42200544098 -7.50015054898
1.66969103328 8.42627313227 -7.53250047713
1.65506678949 8.43209395564 -7.56456524432
1.64458731815 8.43935408596 -7.59572129118
1.63842443481 8.44796412699 -7.62553627166
1.63661826215 8.4578559261 -7.6537840464
1.63906731198 8.46897125627 -7.68042600908
1.64553224367 8.48124526876 -7.70556299331
1.65565427551 8.49458869646 -7.72936718652
1.66898685318 8.50887305944 -7.75200689677
1.68503689794 8.52392253694 -7.77357806259
1.70331018276 8.53951483796 -7.794054888
1.72335445793 8.55539158185 -7.81326822091
1.74479406364 8.57127674569 -7.83091498373
1.76735094191 8.58690002684 -7.84659610547
1.79084902088 8.60202084678 -7.8598750858
1.81520155579 8.61644841435 -7.87034553229
1.84038373826 8.6300538492 -7.87769445043
1.86639526097 8.642771747 -7.88174901528
1.89321914207 8.65459049833 -7.88249782523
1.92078368803 8.66553279976 -7.88008261274
1.94893390525 8.67562971712 -7.87476212396
1.97741705191 8.68489301182 -7.86685529757
2.00588463224 8.6932909527 -7.85667494958
2.03391038344 8.70073239319 -7.8444651318
2.061021165 8.70706255611 -7.83035479733
2.08673557969 8.71207196207 -7.81433746297
2.1106039852 8.715517615 -7.79628174219
2.13224348236 8.71715333675 -7.77597182255
2.15136248505 8.71676442491 -7.75317125356
2.16777139265 8.7142009138 -7.72769886084
2.18137834765 8.70940381859 -7.69950306513
2.19217163124 8.70241983396 -7.66872084677
2.20019247733 8.69340185659 -7.63571008605
2.20550358979 8.68259507644 -7.60104858552
2.20815918605 8.6703108174 -7.56549891787
2.20818189256 8.65689237385 -7.52994427862
2.205550405 8.6426784205 -7.49530565548
2.20019977585 8.62796993376 -7.46245391675
2.19203389091 8.61300589238 -7.43213126552
2.1809475642 8.59795144489 -7.40489475038
2.16685409583 8.58290002511 -7.38109048669
2.14971336509 8.56788845902 -7.36086166617
2.12955568179 8.55292186854 -7.34418733664
2.10649762584 8.53800353489 -7.3309434363
2.08074774796 8.52316411932 -7.32097367184
2.05260194596 8.50848487685 -7.31415624774
2.02243019119 8.49411068125 -7.31045346794
1.99065770264 8.48025058166 -7.30993464656
1.9577443913 8.46716587881 -7.31276794353
1.92416630685 8.45514792979 -7.31918272357
1.89040195775 8.44448966345 -7.32940971324
1.85692494256 8.43545580403 -7.34361055098
1.82420263547 8.42825688809 -7.36181048715

/group/RPA_010/9
9
posId 91.71475912937 8.30843467482 -7.48673168876
1.69447905717 8.31071686397 -7.51936424775
1.67688569793 8.31457719612 -7.55312290942
1.66237419369 8.32000964762 -7.58748325323
1.65126505769 8.32697378449 -7.62191689264
1.64378266322 8.33539517952 -7.65592028278
1.64004165415 8.34516811279 -7.68903998091
1.64004254965 8.35616027937 -7.72089192781
1.6436768194 8.3682190385 -7.75117304498
1.65074068905 8.38117860178 -7.77966435237
1.6609560141 8.39486748931 -7.80622579359
1.67399583913 8.4091155869 -7.83078389403
1.68951181744 8.42376021305 -7.85331416237
1.70716055168 8.43865073957 -7.87382068541
1.72662613623 8.4536514887 -7.89231560155
1.74763670674 8.46864282952 -7.90880104493
1.76997356523 8.48352059475 -7.9232557481
1.79347235692 8.49819411264 -7.93562782889
1.81801671885 8.5125832786 -7.94583445332
1.84352568833 8.52661516405 -7.95376816374
1.86993685079 8.54022067024 -7.9593088034
1.89718764234 8.55333168284 -7.96233925974
1.92519735606 8.56587907919 -7.96276277577
1.95385222252 8.57779179867 -7.96051939767
1.98299547225 8.58899702686 -7.95559925827
2.01242360225 8.59942138706 -7.94805081995
2.04188924896 8.6089928989 -7.93798286424
2.071110218 8.61764336805 -7.92555983167
2.09978344395 8.62531082686 -7.91099098379
2.12760204495 8.63194165533 -7.89451466852
2.15427327102 8.63749207397 -7.87637961843
2.1795350646 8.64192880444 -7.85682561814
2.2031691622 8.64522882563 -7.83606598804
2.22500913977 8.64737829383 -7.81427413306
2.24494247722 8.64837082601 -7.79157591918
2.26290650468 8.64820544725 -7.76804892642
2.27887889324 8.64688456251 -7.74372877176
2.29286406436 8.64441232051 -7.71862180461
2.30487742574 8.64079369224 -7.69272266193
2.31492962752 8.63603449282 -7.66603453072
2.32301303654 8.63014244538 -7.63858958431
2.32909234531 8.62312923578 -7.61046698539
2.33310070146 8.61501335714 -7.5818060945
2.3349420286 8.60582341245 -7.55281306292
2.33449940039 8.59560145156 -7.52375975864
2.33164852744 8.58440587729 -7.49497488399
2.32627472402 8.57231347295 -7.4668280828
2.31829122611 8.55942017947 -7.43970869053
2.30765649968 8.54584037779 -7.41400144812
2.29438824127 8.5317045964 -7.39006189641
2.27857212736 8.51715574691 -7.36819424215
2.26036397551 8.50234416936 -7.34863422742
2.23998476765 8.48742192216 -7.33153896835
2.21770885799 8.47253685993 -7.31698492287
2.19384654018 8.45782709032 -7.30497419408
2.16872287377 8.44341638198 -7.29544838891
2.14265517839 8.4294110089 -7.2883083486
2.11593182863 8.41589837072 -7.28343735661
2.08879489177 8.40294753883 -7.28072499682
2.06142874899 8.3906116656 -7.28008873406
2.03395617201 8.37893198295 -7.28149053467
2.00644246724 8.36794293047 -7.28494640983
1.97890734776 8.35767781511 -7.29052758466
1.95134326252 8.3481743306 -7.29835297598
1.92373811293 8.33947926434 -7.30857368675
1.8960997156 8.33165179477 -7.3213511755
1.86847909832 8.32476492516 -7.33683152272
1.84098977903 8.31890479569 -7.35511870244
1.81382057282 8.31416784314 -7.3762499203
1.78724015676 8.31065601151 -7.40017587818
1.76159252081 8.3084704317 -7.4267482958

/group/RPA_010/12
12
posId 121.83676773918 8.23758754705 -7.50289052332
1.81470186178 8.23720968524 -7.5363520214
1.79611497039 8.23886402635 -7.57125134154
1.78150088393 8.24250818816 -7.60666661906
1.77121934124 8.24805583324 -7.64173753376
1.76544417718 8.25537373545 -7.67573693402
1.76413786656 8.26428393889 -7.70811827058
1.76705917617 8.27457220298 -7.73853228807
1.77380403985 8.28600253594 -7.76681212028
1.78387291935 8.29833612379 -7.79293163771
1.79675224701 8.3113516998 -7.816946522
1.81199425698 8.32486366819 -7.83893023533
1.82927932924 8.33873429828 -7.85891734683
1.84844800656 8.35287709272 -7.87686457817
1.86949556315 8.36724989847 -7.89263591088
1.89252931812 8.38183821493 -7.90601299774
1.91769636992 8.39663110434 -7.91672697576
1.94509559355 8.41159373856 -7.92450361371
1.97469133719 8.42664158178 -7.92911135062
2.00624651319 8.44162128328 -7.9304016307
2.03928957891 8.456302478 -7.9283329936
2.07312380059 8.4703829825 -7.92297417012
2.10687931982 8.48350761688 -7.91448614925
2.13960039002 8.49529847566 -7.90308782696
2.17035328652 8.50539235373 -7.88901345116
2.19833615369 8.51347960439 -7.87247188977
2.22297128137 8.51933824477 -7.85361739343
2.24396318488 8.52285773741 -7.83253907216
2.26131188535 8.52404847516 -7.80927226293
2.27527883279 8.52303531072 -7.78383016992
2.28631147655 8.52003609636 -7.75624960847
2.29493995807 8.51532867221 -7.72664133534
2.301664378 8.50921162434 -7.69523401792
2.30685264945 8.50196509672 -7.66240171718
2.31066681693 8.49381782151 -7.62866770762
2.31303032659 8.484925362 -7.59468197144
2.31364112078 8.47536256622 -7.56117489526
2.31202705456 8.46513077202 -7.52889452625
2.30763257714 8.4541778331 -7.49853822841
2.29992029226 8.44242698376 -7.47069098987
2.28846886909 8.42980927922 -7.44578164573
2.27305015129 8.41629403465 -7.42406504713
2.25367285864 8.40191235596 -7.40563332619
2.23058703894 8.386770341 -7.3904538136
2.20425104427 8.37105052228 -7.37842595165
2.17526977412 8.35500222838 -7.3694457404
2.14431790701 8.33892336685 -7.36346462764
2.11206391128 8.32313735357 -7.36053065338
2.07910946136 8.30796934072 -7.36080294814
2.04595481481 8.29372550197 -7.3645357554
2.01299463239 8.28067805515 -7.37203404091
1.9805419394 8.26905720528 -7.38358834001
1.94887184413 8.25904961214 -7.39940069827
1.9182724981 8.25080166354 -7.41951556344
1.88908943367 8.24442503479 -7.44376888708

/group/RPA_010/15
15
posId 151.96105310426 8.19413303358 -7.58041884069
1.98943987065 8.20118641027 -7.54575954904
2.02186488567 8.21293533862 -7.52423732214
2.05618369759 8.22815027784 -7.51506114554
2.0907547115 8.2451561291 -7.51403425381
2.12414237177 8.26228499273 -7.51649301746
2.15472099118 8.27829671776 -7.52033033373
2.18062858596 8.2926078714 -7.52722859236
2.20022656553 8.30525208408 -7.54134541414
2.21279170768 8.31660774763 -7.56629487476
2.21891684746 8.32702197238 -7.60233089869
2.22022315004 8.33649317976 -7.64549517531
2.21842676185 8.34453858502 -7.68924314191
2.21426743944 8.350288535 -7.72751643169
2.20697255608 8.35275715043 -7.75737341984
2.19465810993 8.3511761801 -7.77964573817
2.17550820817 8.34526643184 -7.79739226708
2.14907543574 8.33535532734 -7.81330554942
2.1169324718 8.32230995328 -7.82779626338
2.0822680274 8.30731773663 -7.83890460323
2.04864340386 8.29159247866 -7.84389186869
2.01862510494 8.2761024163 -7.84124188702
1.99307286477 8.26140760363 -7.83160022702
1.97145237136 8.2476593909 -7.81700957923
1.95291624008 8.2347622311 -7.79906735715
1.93744564573 8.22263996744 -7.77744676053
1.92634215803 8.21150346895 -7.75000791205
1.92179094903 8.20200389888 -7.71461229137
1.92579693728 8.19518838379 -7.67149829026

/group/RPA_010/18
18
posId 182.14687009957 8.1861460821 -7.56101685365
2.18132849439 8.20684989169 -7.57829307771
2.20985712343 8.22470635766 -7.59958416241
2.23092508437 8.23877089677 -7.62388070631
2.24446799958 8.24894824959 -7.65059783519
2.25140663145 8.25569618275 -7.67926485003
2.2528996292 8.25957754388 -7.70916064885
2.24972036778 8.26090012716 -7.73914078995
2.24204150939 8.25961322411 -7.76778335578
2.22967048545 8.25547799525 -7.79378913764
2.2125360336 8.24837901404 -7.81641324226
2.19110730671 8.23857544719 -7.8356690161
2.166489391 8.22673581301 -7.85215488917
2.1401405203 8.2137314708 -7.86655510117
2.11338142362 8.20030666976 -7.87905040289
2.08699036827 8.18681771228 -7.88894386685
2.0611305463 8.17319888938 -7.89471789348
2.03566567471 8.15918684883 -7.89453178466
2.01069105378 8.14468679642 -7.88694823752
1.9869692436 8.13007558031 -7.87155529028
1.96599282204 8.11625932274 -7.84919238558
1.9495897094 8.10442855703 -7.82167701396
1.93923938583 8.09561738607 -7.79116887552
1.93544472884 8.09028777281 -7.75948099403
1.93750400125 8.08816178678 -7.72766501291
1.9438414801 8.08840752847 -7.69605263893
1.95277279391 8.09010530161 -7.66470118764
1.96334616874 8.0927706692 -7.6339873087
1.97583798037 8.09666923844 -7.60502186295
1.99162992936 8.1027496608 -7.57965473348
2.01248793602 8.11220388324 -7.56004996416
2.03955660252 8.12584743402 -7.54802972675
2.07253144143 8.14360569817 -7.54449941816

/group/RPA_010/21
21
posId 212.18723387633 8.12325426745 -7.5653967018
2.22119722385 8.14452520757 -7.58597242618
2.24921162708 8.1621945538 -7.6099333989
2.26990632695 8.17539127296 -7.63574342677
2.28334118232 8.18414067072 -7.66275303539
2.29063069114 8.18913134383 -7.69110814687
2.29324475064 8.19127549866 -7.72122775411
2.29229875582 8.19125977011 -7.75311628066
2.28812742428 8.18927410694 -7.78586871629
2.2802901196 8.18501445904 -7.81763744272
2.26795465827 8.17792734428 -7.84610070075
2.25044728575 8.16756180368 -7.86921847581
2.22770875245 8.15386219086 -7.88591141754
2.2004721537 8.13728241712 -7.89632985946
2.17012900224 8.11869863013 -7.90157885461
2.138395071 8.09919134226 -7.90303214024
2.10695647988 8.07981403204 -7.90156918351
2.07724439513 8.0614461033 -7.89710452108
2.05038372882 8.04476208392 -7.88863142006
2.02725271248 8.03027764756 -7.87474827568
2.00853898443 8.01839738679 -7.85440437947
1.9947093922 8.00940700422 -7.82750658602
1.9859002536 8.00340921029 -7.79511322083
1.98182259108 8.00026047464 -7.75915728738
1.98180325316 7.99958615669 -7.72187344006
1.98502369793 8.00091744778 -7.68523313101
1.99090061317 8.00392055129 -7.65065744353
1.99944191655 8.00861733612 -7.61910295631
2.01137655405 8.0154712536 -7.59140071412
2.02792963633 8.02525485011 -7.56858956806
2.05027144282 8.03871204917 -7.55199695474
2.07883681343 8.05613451586 -7.54297422239
2.11280438934 8.07703236229 -7.54240397595

/group/RPA_010/24
24
posId 242.28310791726 8.10250075739 -7.62800149625
2.26211555858 8.08925437269 -7.58365708366
2.23850911386 8.073958487 -7.54697112038
2.21556169188 8.05878534144 -7.52133589951
2.1948148313 8.04478424991 -7.5074840388
2.1756677086 8.03159237066 -7.50360976611
2.15613965293 8.01793009215 -7.50651070461
2.1343787456 8.00260116382 -7.51318669026
2.11006784258 7.98543084479 -7.52213145383
2.08493815202 7.96761056153 -7.53373917802
2.06210785826 7.95125610629 -7.54971363672
2.04462923337 7.93843433826 -7.57186129829
2.03407105045 7.93021347872 -7.60091556079
2.02993163304 7.92627275473 -7.63595541296
2.03019338856 7.92528133998 -7.6746204042
2.03267431762 7.92581382676 -7.71390091757
2.03638373317 7.92726552711 -7.75103049979
2.04210298721 7.93023923278 -7.78404314593
2.05187268304 7.9361871158 -7.81182776818
2.06770274565 7.94652311082 -7.83383058181
2.09026089034 7.96172118019 -7.84972788178
2.11828765581 7.98091170317 -7.85932690896
2.14904529888 8.00218893385 -7.8627166221
2.17949962115 8.02342678824 -7.86045613067
2.20751857254 8.04311356286 -7.85352357331
2.23239096136 8.06072495715 -7.84290555884
2.25440434406 8.07644909864 -7.82898951514
2.27380733005 8.0904781148 -7.81113895871
2.28986388024 8.10234685571 -7.7878222078
2.30065406124 8.11077050396 -7.75739965788
2.30381637829 8.11412528296 -7.71928694104

/group/RPA_010/27
27
posId 272.32448339077 8.05083649558 -7.62005053281
2.30999810697 8.04051030239 -7.57041513402
2.29145664422 8.0268237002 -7.52977743886
2.27028878699 8.01078779751 -7.50343469964
2.24771440376 7.99333287333 -7.49260435401
2.22448604657 7.9751102563 -7.494256292
2.20092092557 7.95648098878 -7.50288913708
2.17719769758 7.93769085085 -7.51333208044
2.1537394103 7.91912136197 -7.52313093355
2.13144940547 7.90145846318 -7.53333143492
2.11164641147 7.88566468045 -7.54735660993
2.09571543389 7.87275313963 -7.56869287231
2.08465576647 7.86347866862 -7.59869106025
2.07877163656 7.85811444735 -7.63564406401
2.07767648308 7.85644009164 -7.67553233196
2.08060965072 7.85795143545 -7.71388948681
2.08689148207 7.86217869822 -7.74766727282
2.09626708832 7.86893844461 -7.77607684466
2.10895285749 7.87838084639 -7.80005920643
2.12536607709 7.89080698921 -7.82086785419
2.14569229396 7.90635741293 -7.83873480895
2.16952950157 7.92474185972 -7.8524621434
2.19579794623 7.9451539744 -7.86013857859
2.22295181887 7.96641050148 -7.8604368584
2.24936422239 7.98723317046 -7.8535689741
2.27367379508 8.00652188619 -7.84119975109
2.29492419924 8.02348728247 -7.82530763283
2.31246566994 8.03760391904 -7.80670555567
2.32573529531 8.04845476874 -7.78423336988
2.33410068448 8.05559779014 -7.75529564227
2.33690079772 8.05856188553 -7.71762037069

/group/RPA_010/30
30
posId 302.19445507039 7.84622998859 -7.58446753969
2.22195250549 7.86881635909 -7.55734812742
2.24894493959 7.89149443047 -7.5405827974
2.27385982362 7.91292147762 -7.53472940991
2.29637934444 7.93274070899 -7.5382384251
2.31710745542 7.95133482595 -7.54830785235
2.33685596577 7.96927020746 -7.56218259631
2.35593267651 7.98673390419 -7.57827915162
2.37379008718 8.00324935344 -7.59661509665
2.38918760453 8.01779556874 -7.61837574878
2.40074493725 8.0292365176 -7.64487840116
2.40756446773 8.03680787393 -7.67648248292
2.4095783856 8.04038946514 -7.71200030391
2.40743935397 8.04041990469 -7.7488912652
2.40203071275 8.03751340471 -7.784117194
2.39388409612 8.03200662185 -7.8152073587
2.3828447435 8.02370460919 -7.84099456855
2.36818958262 8.01198692383 -7.86167606619
2.34915299611 7.99623547622 -7.87821686294
2.32558480581 7.97636232891 -7.89145427778
2.29837963877 7.95314840436 -7.90140257511
2.26942528298 7.92819197376 -7.90712700676
2.24106558123 7.90346536748 -7.90723245643
2.21533116249 7.88068560077 -7.90067082463
2.19332171789 7.86080942304 -7.88739788234
2.17505450473 7.84390759581 -7.86849771075
2.15985727524 7.82948240146 -7.84569315894
2.14710058022 7.81706334963 -7.82051060825
2.13688175293 7.80676743933 -7.793575002
2.13028814354 7.79952098308 -7.76445926828
2.12907621556 7.79680738176 -7.73222195747
2.13490130815 7.80004583657 -7.69638841919
2.14846824192 7.80989762768 -7.65786577809

/group/RPA_010/33
33
posId 332.24548383908 7.78425503612 -7.59660520674
2.27023384456 7.80465512059 -7.56630429689
2.29634165982 7.82755721005 -7.54577069206
2.32249252637 7.85176639625 -7.53569471433
2.34754636217 7.87601998911 -7.53480257496
2.37061453894 7.8991664284 -7.54071808848
2.39110959386 7.92036002467 -7.55117274457
2.40875329434 7.93918911724 -7.56500016511
2.42352636144 7.95566706858 -7.58246573967
2.43555602054 7.97006681795 -7.60480290414
2.44496248302 7.98264944613 -7.63320345068
2.45171099772 7.99339297957 -7.66776505414
2.45552761202 8.00184094222 -7.7069165226
2.4559241253 8.00715032123 -7.74761370209
2.45234138325 8.00833918384 -7.78623446742
2.44437244567 8.00464795955 -7.81977125829
2.43198805217 7.99587332176 -7.84677867144
2.41567481695 7.98253566226 -7.86764703079
2.39642032674 7.96580218943 -7.88408653405
2.37553254306 7.94718374001 -7.89807274971
2.35434405529 7.92811465466 -7.91075104511
2.33389955557 7.90957304578 -7.92180971649
2.31473707293 7.89188314241 -7.92960451238
2.29684346966 7.87476882617 -7.9319588014
2.27980295196 7.85762868132 -7.92724338574
2.26308741036 7.83991906068 -7.91520922349
2.24638628576 7.82149655019 -7.89716689898
2.22986075452 7.80279677424 -7.87542163667
2.21423632861 7.78479856808 -7.85223294807
2.2007068076 7.76880813142 -7.82880251863
2.19068731069 7.75616031531 -7.80479010849
2.18550041673 7.74794982932 -7.77861436489
2.1860918888 7.74487252175 -7.74842565895
2.1928503317 7.74719619529 -7.71331427228
2.20556133546 7.75482272158 -7.67419234466

/group/RPA_010/36
36
posId 362.29751870203 7.72410357182 -7.6068071756
2.32280483369 7.74633737259 -7.57657377027
2.34905638048 7.77124115791 -7.55555928474
2.37446985884 7.79693605271 -7.54425056729
2.39793226597 7.82200376555 -7.5414741383
2.41911774515 7.84571170034 -7.54507872239
2.43830101698 7.86797557101 -7.55287980241
2.45598355078 7.88909632574 -7.56348040912
2.47249412807 7.90939162257 -7.57665013967
2.4877240852 7.92887490596 -7.59313974332
2.50109221519 7.9471059974 -7.6140478245
2.51173417613 7.96326011764 -7.64003887826
2.51881881198 7.97637055468 -7.67076304422
2.52184700436 7.9856318973 -7.70472922949
2.52080522968 7.99063305341 -7.73967971137
2.51611637011 7.99142737569 -7.77329475806
2.50842243387 7.98842273482 -7.80391451469
2.49830714869 7.98215364925 -7.83096210837
2.48608941774 7.97304629987 -7.85488658113
2.47178232703 7.96128515202 -7.87665747975
2.45523378622 7.94683918858 -7.89704172237
2.43637942905 7.92962984439 -7.91599113259
2.41548444157 7.90975584668 -7.93242281122
2.39325300005 7.8876623403 -7.94450351979
2.37074182413 7.86416561213 -7.9503268448
2.34910307161 7.84031019255 -7.948694358
2.32926238499 7.81711326855 -7.93965722014
2.31167405313 7.79530721848 -7.92456865122
2.29626930225 7.77519880806 -7.90560270665
2.28263470414 7.75671790241 -7.88492487103
2.27035799643 7.73964752117 -7.86385694806
2.25940064752 7.72394480767 -7.84239387817
2.25033472028 7.71001482496 -7.81929376712
2.24432763041 7.69880822239 -7.79272876723
2.24285559837 7.69167845487 -7.7612495768
2.24723637588 7.69002957042 -7.72467824552
2.25814936562 7.69487313891 -7.68456165325

/group/RPA_010/39
39
posId 392.40939214822 7.72594126812 -7.5646606259
2.44198004352 7.76305647286 -7.55119708858
2.47252337787 7.7990995762 -7.54448602965
2.49827098957 7.83072553064 -7.54466882067
2.51793082852 7.85636521855 -7.55182052424
2.53184239192 7.87638623266 -7.56571121834
2.54159905323 7.892579934 -7.5855727111
2.54928228736 7.90720472257 -7.61001729605
2.55660805374 7.92197205734 -7.63719401169
2.56430380365 7.93736161627 -7.66516217383
2.57192884354 7.95250014161 -7.69235789824
2.57816705134 7.96560126931 -7.71797365601
2.58143534053 7.97474012634 -7.74209056097
2.58053839129 7.97861715393 -7.76549312741
2.57510253077 7.97699508933 -7.78922118665
2.56563298101 7.97065266813 -7.81402199486
2.55320785388 7.96091586279 -7.83991129673
2.53897577043 7.94900774684 -7.8660143262
2.52369744093 7.93552526292 -7.8907499085
2.50753670017 7.92027971157 -7.91228580672
2.49018239411 7.90256267828 -7.92908599299
2.47122637106 7.8816999456 -7.94033471874
2.45060466876 7.85762180726 -7.94607318269
2.42888108055 7.83116890236 -7.94700185107
2.40722650417 7.80397265632 -7.94403743741
2.3870902889 7.7779457383 -7.93781285887
2.3697069642 7.75460324817 -7.9283308592
2.3556664377 7.7345257987 -7.91491869231
2.34475797562 7.71722776106 -7.89650858108
2.33618279865 7.7015242451 -7.87213689635
2.32906521131 7.6862694793 -7.84146759629
2.32304940744 7.67116231311 -7.80513707
2.3187127035 7.65726079501 -7.76478998857
2.31758481307 7.6469459622 -7.72279787484
2.32171697666 7.6432898738 -7.68177305065
2.33293278757 7.64902863952 -7.64406137636
2.35203634115 7.66551623851 -7.6113908342

/group/RPA_010/42
42
posId 422.41834760885 7.62708477466 -7.63701586834
2.43747525937 7.645198495 -7.5999192282
2.45935989701 7.66976735388 -7.57426775565
2.48203700299 7.69820233643 -7.5606887721
2.50383585998 7.72772132502 -7.55718099193
2.52374383345 7.75612279527 -7.56028072355
2.54147109993 7.78225204881 -7.56670511985
2.55722572415 7.80600086863 -7.5747172918
2.57133858655 7.82789787001 -7.58461585421
2.58393095936 7.84852104388 -7.59818866619
2.59477327664 7.86801621258 -7.6174675196
2.60337059634 7.88591939354 -7.64343294893
2.60919057942 7.90131039607 -7.67529996365
2.61188577804 7.91316127021 -7.71068948454
2.61138360573 7.92066856633 -7.74653302199
2.60780762818 7.92340320837 -7.78020556499
2.60129943436 7.92124162616 -7.81030706396
2.59187121567 7.91417846139 -7.83674003914
2.57940118493 7.90218667612 -7.86012635935
2.56379739003 7.88525006354 -7.88095392814
2.54524927077 7.86357217029 -7.89896082485
2.52442133179 7.83783682358 -7.91309655772
2.50245890134 7.80933673931 -7.92204884281
2.48076777194 7.77983767699 -7.92498911527
2.46065072163 7.75118424608 -7.9220591424
2.44296934461 7.72480623981 -7.9142693558
2.42800051048 7.70136510183 -7.90282674049
2.41556756812 7.68073701083 -7.88826375936
2.40538931593 7.66237471811 -7.86989855967
2.39747411201 7.64589823508 -7.84602054267
2.39235331153 7.631633017 -7.81482283327
2.39101816844 7.62081579155 -7.77568473451
2.39456594213 7.6153302086 -7.73016726488

/group/RPA_010/45
45
posId 452.49335589781 7.6060631315 -7.6689168724
2.47716709817 7.59088669839 -7.7145310904
2.46627933627 7.58327995743 -7.7566614816
2.46220135881 7.58451421064 -7.79042666547
2.46445370784 7.59377809337 -7.81558361035
2.47117453696 7.60887893036 -7.83540833977
2.48040682574 7.62758971177 -7.85368680118
2.49121355185 7.64875180101 -7.87182497482
2.50392308482 7.67244301266 -7.88788449011
2.51940946839 7.69916459848 -7.8980013607
2.53795651131 7.72865821853 -7.89906615006
2.55851590538 7.75920151562 -7.89077496429
2.57888323406 7.78789769718 -7.87568224506
2.59668263838 7.81179951418 -7.85731116769
2.61050010593 7.82914487074 -7.83772327263
2.62040627222 7.83990546543 -7.81630321476
2.62752595404 7.84530932206 -7.79064606829
2.63296026126 7.84668281327 -7.75894477981
2.63680885659 7.84440783748 -7.72218911657
2.63797438652 7.83770284471 -7.68455975303
2.63489899342 7.82537008355 -7.65160319199
2.6267402739 7.80698564762 -7.62730429521
2.61417552668 7.78369262435 -7.61199283789
2.59925029807 7.75800865441 -7.60254800979
2.58431786978 7.73271647742 -7.59487887999
2.57073500906 7.70953399705 -7.58712692925
2.55817116353 7.68843693095 -7.58148147886
2.54501531066 7.66810493317 -7.58331837905
2.5296609841 7.64723659703 -7.59806524861

/group/RPA_010/48
48
posId 482.55624994306 7.55278594379 -7.63161374602
2.53864120171 7.53086612269 -7.67173468409
2.52817214122 7.52218126846 -7.71508309855
2.52500563619 7.52586650672 -7.75650024074
2.5271347727 7.53773064269 -7.79296701697
2.53177325998 7.55279107499 -7.82404184607
2.53704960656 7.56800488627 -7.85079043333
2.54296729261 7.58356519576 -7.87405144366
2.55107937855 7.60206349966 -7.89323793094
2.5631486805 7.62616296627 -7.90643551757
2.57969359617 7.65632531077 -7.91163971859
2.59935733086 7.69002699151 -7.90819941876
2.61947546931 7.72288758964 -7.89741542391
2.63743276699 7.7508937012 -7.88184785824
2.65190891067 7.77224301879 -7.86379312871
2.66322587008 7.78766231544 -7.843979444
2.67263413225 7.79911843357 -7.82139712204
2.68108429591 7.807913461 -7.79441281043
2.68835030921 7.81351882048 -7.76243310096
2.6930961978 7.8139330091 -7.72698423902
2.6938067193 7.80725237018 -7.6914404315
2.68989680784 7.79328270945 -7.65952989265
2.68218972506 7.77398596943 -7.63357927959
2.67239606472 7.7523768148 -7.61366096747
2.66193431927 7.73059769186 -7.59823210163
2.65092218831 7.70853690329 -7.58586658084
2.63809249767 7.68405477495 -7.57693021615
2.62178265279 7.65482043416 -7.57403971089
2.60140742124 7.62063457559 -7.58090166867

/group/RPA_010/51
51
posId 512.61519570164 7.50702723635 -7.66298577956
2.63141661787 7.52924401249 -7.62307356266
2.64949692848 7.55795019883 -7.59670776332
2.66726138818 7.58920113922 -7.58480367165
2.68336971925 7.61971524936 -7.58401348596
2.69757867736 7.64791319344 -7.58920801987
2.71037386312 7.6738972221 -7.59660547527
2.72225344109 7.69849887526 -7.6056660137
2.73313764385 7.72207292418 -7.61871865535
2.74226325885 7.74381369112 -7.63874278217
2.74858648401 7.76197487465 -7.66685122592
2.75138587975 7.77476198248 -7.70111282038
2.75064507615 7.78124396828 -7.737391613
2.74696726463 7.78166543969 -7.77153052078
2.74110536045 7.77698954605 -7.80136409388
2.7334551245 7.76804654966 -7.82724323496
2.72387640194 7.7549299916 -7.85082502906
2.71197169779 7.7370932569 -7.8730774588
2.69762586986 7.7140901884 -7.89295804102
2.68142047213 7.68642951681 -7.90771310791
2.66461379395 7.65590631361 -7.9145760033
2.64867294976 7.62511609748 -7.91263068705
2.63465756351 7.59642150167 -7.90345858558
2.62286998789 7.57104224925 -7.8900184963
2.61301941781 7.54889300218 -7.87446438399
2.60480213286 7.52931377306 -7.85642208781
2.59850620185 7.51223263463 -7.833038777
2.59520720729 7.49897413983 -7.80098491702
2.59636975988 7.49211000003 -7.75925696633

/group/RPA_010/54
54
posId 542.68831040258 7.48732055564 -7.68922668991
2.67667614154 7.4729030226 -7.73236042974
2.66989666609 7.46730839749 -7.7708080298
2.6685749525 7.47101018434 -7.80103564115
2.67203666821 7.48286711468 -7.82409373439
2.67881525226 7.50072795276 -7.84383612425
2.68742712679 7.5223096978 -7.8636547479
2.6969824707 7.54588267478 -7.88387467981
2.70732088374 7.57047642993 -7.90143034156
2.71867961409 7.59563698862 -7.91189430225
2.73118399721 7.62101113718 -7.91238979478
2.74451984961 7.64606490275 -7.90339564758
2.75797750758 7.67007144614 -7.88826672822
2.77077787711 7.69227220606 -7.87087295794
2.78239888005 7.71199581958 -7.85303425239
2.79264401375 7.72859089075 -7.83354445445
2.80140790477 7.74122543805 -7.8094673356
2.8083386709 7.7487683765 -7.77881084397
2.81269415502 7.74996017497 -7.74271463065
2.81356320759 7.74388861407 -7.70558559075
2.81035679944 7.73053799303 -7.67299534934
2.80325297489 7.7110575907 -7.64868856675
2.79326700826 7.68750677136 -7.63270143728
2.78183847838 7.66213347784 -7.62189748521
2.77014464951 7.63654818476 -7.61263097572
2.75855414455 7.61126354181 -7.60380011415
2.74658061217 7.58589141928 -7.5982257993
2.73340228625 7.55991440489 -7.6013308078
2.71865826303 7.53359959804 -7.61784147036

/group/RPA_010/57
57
posId 572.79050947707 7.51747616653 -7.65333723077
2.81444758075 7.56408243657 -7.63649838192
2.83224552524 7.60088940869 -7.63459627173
2.84298983983 7.62524819078 -7.64398556122
2.84996810225 7.64339577294 -7.6615469472
2.85591513387 7.66097013174 -7.68690065906
2.86026867685 7.67685186707 -7.72032046546
2.86082841898 7.68589992103 -7.75913150331
2.85696552953 7.68554937528 -7.79717183504
2.85019808011 7.67774513547 -7.82839457794
2.84173605779 7.66462906952 -7.85089477645
2.83059793624 7.64463156833 -7.86704457231
2.81514889941 7.61491053686 -7.87967287339
2.79638111292 7.57747553362 -7.88846533195
2.77863666751 7.54075452458 -7.89024016579
2.76623461357 7.51321881968 -7.88226631125
2.75951474502 7.49559058278 -7.86460329142
2.75502433449 7.48103071115 -7.83910438715
2.75011491757 7.46425472733 -7.80700179296
2.74699205903 7.44994355842 -7.76864955729
2.75141047314 7.45053269226 -7.7260656308

/group/RPA_010/60
60
posId 602.858757555 7.48569885333 -7.65665434759
2.8823236794 7.53278131496 -7.64256144404
2.89966200959 7.56946887148 -7.6426097959
2.91022720011 7.59365759095 -7.65196472897
2.91728935231 7.61182639138 -7.66839402986
2.92329412169 7.62941041479 -7.69322822605
2.92751491088 7.64503902013 -7.72731402227
2.9278975757 7.65364378268 -7.76697298535
2.92404841046 7.65295345677 -7.80488721015
2.91749218133 7.64503495199 -7.8351620863
2.90921741265 7.63184140488 -7.85709543151
2.89810914023 7.61161161251 -7.87372670239
2.88270299306 7.58165129745 -7.88710873171
2.86426995214 7.54433461603 -7.8956413904
2.84713457895 7.5081584405 -7.89601041956
2.8351911318 7.4810881334 -7.88682856615
2.82833134367 7.46316017941 -7.86944666344
2.82312927274 7.44741399585 -7.84532363933
2.81748740806 7.42929732265 -7.81387381777
2.81418505087 7.41451762032 -7.77422233288
2.81902593662 7.4159234523 -7.72927499137

/group/RPA_010/63
63
posId 632.92913210648 7.4527983347 -7.6644149989
2.95291659819 7.50004239092 -7.64955797958
2.97026282651 7.53654742275 -7.64927759898
2.98064712044 7.56027999844 -7.65878586086
2.98760464825 7.57819084356 -7.67550724696
2.99372237487 7.59593704637 -7.70049602814
2.99805647751 7.61168392716 -7.73454813181
2.99819674484 7.61962992126 -7.77394674621
2.99370730345 7.61740356284 -7.81121006875
2.98653761919 7.60796053909 -7.8403998996
2.97819652514 7.59442455782 -7.86122600089
2.96766008408 7.57537113895 -7.87746635783
2.95301666896 7.54724973226 -7.89158497814
2.93498767658 7.51118218698 -7.9015291616
2.91776314223 7.4751500149 -7.9029238449
2.9055744457 7.44765878264 -7.89364403833
2.89869423408 7.42960325956 -7.87533837724
2.89370955367 7.41428141515 -7.85053660603
2.88821754565 7.39667556714 -7.81947902538
2.88478162904 7.38198219593 -7.78110339087
2.88934413955 7.38310081481 -7.73734221874

/group/RPA_010/66
66
posId 663.00394796631 7.41664506326 -7.66904514342
3.02804671682 7.46396425839 -7.65568596301
3.04557089336 7.50046303288 -7.65665454273
3.05606790365 7.52413597374 -7.66649115858
3.06309082563 7.54188061671 -7.68282153664
3.06923275091 7.55940167115 -7.70734308186
3.07363057916 7.57514639148 -7.74126039619
3.07399102017 7.58363059862 -7.78082728194
3.06986858189 7.58243699443 -7.81840251737
3.06298925263 7.57397687021 -7.84802920011
3.05457226063 7.56071713474 -7.86940418056
3.04351618422 7.54106080525 -7.88603096086
3.02816257746 7.51197035149 -7.89994838813
3.00961798996 7.47532238429 -7.90902856926
2.99224814235 7.4394178215 -7.90946344438
2.98010892372 7.41240059892 -7.89992498837
2.97315129835 7.39453226484 -7.88227024227
2.96783454349 7.37882880596 -7.85830034898
2.96195003825 7.36055482002 -7.82720104262
2.95837720829 7.34540295751 -7.78757423041
2.96319195515 7.3464968656 -7.74215387026

/group/RPA_010/69
69
posId 693.04615011009 7.30562097807 -7.71313000072
3.03355845684 7.28946891975 -7.75951234784
3.02748494734 7.28548934846 -7.80097065283
3.02849869076 7.29388262908 -7.83275610965
3.034673111 7.31098609 -7.85599944898
3.04316001217 7.3318690772 -7.87479676235
3.05223197955 7.35359777339 -7.89191572884
3.06219872197 7.37664134662 -7.90657550229
3.07454744006 7.40337689455 -7.9156484022
3.09010460429 7.43497795085 -7.91665779746
3.10777056738 7.46923718808 -7.90966440035
3.1248408429 7.50106258447 -7.89650368497
3.138587158 7.52520541859 -7.8784668251
3.14776860538 7.53904388656 -7.85496669103
3.15289561266 7.54334847904 -7.82470265788
3.15519054221 7.54071497148 -7.78831895101
3.15527884514 7.53322222776 -7.74990441056
3.15277203712 7.52129433921 -7.71550934369
3.14700580027 7.50446698585 -7.6895230355
3.13811078479 7.48299484196 -7.67190031092
3.12730303816 7.45857100008 -7.65882878256
3.11604102935 7.43340799344 -7.64664706808
3.10481081305 7.4086061721 -7.63595275277
3.09274181943 7.38353452999 -7.63238505613
3.078582628 7.35709113438 -7.64307429302

/group/RPA_010/72
72
posId 723.12108975312 7.26432212882 -7.8655703087
3.13074329052 7.29131598239 -7.90476652062
3.14546092631 7.32500425562 -7.92828302694
3.1632910516 7.36127322955 -7.93471719713
3.18173919829 7.39612331956 -7.92838467707
3.19887889351 7.42711063722 -7.91574924645
3.21397343877 7.45371037516 -7.90127169906
3.2272403195 7.47645866458 -7.88548551757
3.23902595514 7.49559676054 -7.86626626742
3.24907180033 7.51025971916 -7.84187498064
3.25644051765 7.51879419616 -7.81320310718
3.26013052043 7.51990940243 -7.78351318498
3.25985854681 7.51372703888 -7.75609065244
3.25635460045 7.50187790506 -7.73190700549
3.25089437165 7.48652730498 -7.70933712582
3.2443976964 7.46903903371 -7.68625055379
3.2367817712 7.44928055199 -7.66279164555
3.22709156867 7.42610661242 -7.64248649175
3.21435438865 7.39868398474 -7.63054386957
3.19855253921 7.36769324257 -7.63043565853
3.18099885726 7.33553466829 -7.64132397172
3.16382481079 7.30540317457 -7.65844044654
3.14893846774 7.27992466016 -7.6763798878
3.13719692482 7.26034159985 -7.69301977766
3.1283733178 7.24678182411 -7.71113879349
3.12190243534 7.23929226137 -7.73634162491
3.11780528885 7.23872151537 -7.77254760003

/group/RPA_010/75
75
posId 753.22185960222 7.22010200181 -7.87840679021
3.23132491679 7.24769368086 -7.91762629562
3.24419329448 7.27818960269 -7.94009226936
3.26020346588 7.31090183407 -7.94504615106
3.27845854014 7.345309948 -7.93798085459
3.2975167805 7.38032217978 -7.92660388059
3.31578100819 7.41390397589 -7.91582517726
3.33192591263 7.44332483594 -7.90513525237
3.34511541917 7.46589949105 -7.88997879801
3.35494757728 7.47982207942 -7.86590140069
3.36126603457 7.4846672051 -7.83238880266
3.36403914973 7.48134563813 -7.79372092636
3.36339471661 7.47159881012 -7.75644748666
3.35971784548 7.45731403677 -7.72552722596
3.35363236034 7.43995437802 -7.70198194942
3.3457741202 7.42026870938 -7.68358819518
3.33646232674 7.39829811621 -7.66775717379
3.32551746647 7.37361584526 -7.65416960991
3.31242846003 7.34573207723 -7.64510562559
3.29684551729 7.31459597064 -7.64337649799
3.27912413076 7.28108075278 -7.64973817177
3.26056038872 7.2472632906 -7.66207912314
3.24312043825 7.21629464194 -7.67719831556
3.22878156215 7.1917786071 -7.69378917214
3.21885636579 7.1768126034 -7.71408504978
3.21368612618 7.17307061069 -7.74248678891
3.21284950556 7.18035984252 -7.78180218496

/group/RPA_010/78
78
posId 783.41386227675 7.28561810288 -7.68088568631
3.4308641118 7.32376254617 -7.69141628347
3.44222756536 7.35304172657 -7.71248481854
3.44827659032 7.37360156804 -7.74213857576
3.45042875068 7.3873748704 -7.77663071663
3.44982933671 7.39568726104 -7.81205942942
3.44660241262 7.39807668847 -7.84575685539
3.44020143432 7.39309937145 -7.87657787975
3.43044493185 7.38027432587 -7.90413634567
3.41828966964 7.36142195571 -7.92781581561
3.40562807066 7.34015814785 -7.94645349537
3.39420422683 7.31980464587 -7.95893797598
3.38448564324 7.30129341788 -7.96512545534
3.37541714731 7.28273974058 -7.96615144299
3.36533433921 7.26113548216 -7.9636764908
3.35341573803 7.23499173629 -7.95850456117
3.34059843218 7.20598412552 -7.94963395976
3.32923810506 7.17834347942 -7.93461552715
3.32171350989 7.15639829141 -7.91118456829
3.31897389684 7.14206982563 -7.87915638393
3.3200971556 7.13418335652 -7.84127423499
3.32319620443 7.13011619693 -7.8023416663
3.32701163804 7.12854057478 -7.76713095345
3.33200142478 7.13115425645 -7.73841057559
3.340084035 7.14198816771 -7.71635581577
3.35316665035 7.16464518693 -7.69964204951
3.37148368952 7.19936545555 -7.68735503262

/group/RPA_010/81
81
posId 813.45621021077 7.09159365509 -7.76526149213
3.47064532542 7.10984604909 -7.72191693052
3.48580420696 7.13487068915 -7.6936405478
3.49981021059 7.16306512073 -7.68244798372
3.5121037981 7.19169032466 -7.68403922164
3.52318151099 7.21946147305 -7.69129295773
3.5336274499 7.24606101301 -7.69934642524
3.54328930589 7.27125358871 -7.70853106397
3.55125366339 7.29440535135 -7.72312360109
3.55653987512 7.31463434657 -7.74712254077
3.55881197608 7.33115159483 -7.78046468486
3.55843858243 7.34323233893 -7.81853768354
3.55586537183 7.3497694712 -7.85508543818
3.55092507292 7.34897302148 -7.88596370377
3.54279806574 7.33884214213 -7.91079442342
3.53076366892 7.31840338874 -7.93155855109
3.51514938546 7.28890819648 -7.94973751721
3.49764738438 7.25396661487 -7.96457861127
3.48065589142 7.21826197551 -7.97374040839
3.46611460648 7.18557341077 -7.97530331765
3.45474061399 7.15744762546 -7.9689980757
3.44624628229 7.13345136904 -7.95548360634
3.44029691925 7.11276783249 -7.93460623014
3.43734135271 7.09587937295 -7.90476755791
3.43855991641 7.08502134658 -7.86461022135

/group/RPA_010/84
84
posId 843.57799878398 7.03952491598 -7.80847166617
3.56833233846 7.03712194334 -7.85952519853
3.56383668373 7.04438219384 -7.90166107461
3.56480861128 7.05957217207 -7.92934424143
3.56981319222 7.08013858769 -7.94533110794
3.57674586933 7.10373255185 -7.9567289028
3.58431620193 7.12913148042 -7.96837338902
3.59277601065 7.15643098917 -7.97900705109
3.6033086121 7.18624591006 -7.98308415574
3.616587094 7.21833495777 -7.97615275274
3.63169414218 7.25056417468 -7.95887354766
3.64630147864 7.27902118181 -7.93622508871
3.65797766697 7.29937915713 -7.91287721961
3.66558437812 7.3087562229 -7.88913663313
3.66967907276 7.30693708629 -7.86128222878
3.6716794447 7.29621070776 -7.82607774269
3.67254384636 7.2799666597 -7.78537980272
3.672051747 7.26095871475 -7.74651890417
3.66918757541 7.24027013337 -7.7177911386
3.66317411522 7.21746661492 -7.70277211411
3.65419905672 7.19164032671 -7.69837513054
3.64323728629 7.16258296935 -7.69846199489
3.63123575428 7.13142523325 -7.69999681338
3.61850794713 7.10055134724 -7.70638696195
3.6049616967 7.07302698289 -7.72489965201

/group/RPA_010/87
87
posId 873.69834237807 7.05018640524 -7.9732991592
3.70611422417 7.09082107391 -7.99663852533
3.71681854616 7.13200810094 -8.00594748128
3.72919191103 7.16943475391 -8.00097491313
3.74190981507 7.2011455726 -7.98542195146
3.75395940285 7.22703553549 -7.96426710422
3.76478913932 7.24747258378 -7.94087821955
3.77421011991 7.26223864033 -7.91587713222
3.78217587547 7.2705517368 -7.88829145949
3.78861205063 7.27196127934 -7.85780237097
3.79338732423 7.26717651744 -7.8261722698
3.79638711282 7.25796501808 -7.79671383854
3.79757643293 7.24606552129 -7.77229120617
3.79697102697 7.23194060861 -7.75353921769
3.79454015685 7.21442857769 -7.73881891063
3.79014689941 7.19172309738 -7.72603423674
3.78361831345 7.16307854867 -7.71491089039
3.77493427775 7.13000757667 -7.7078882221
3.76441258131 7.09602430518 -7.70878304195
3.75274342855 7.06501912449 -7.72010333228
3.74081908181 7.03937489362 -7.74100220123
3.72945175144 7.01917259172 -7.76748237278
3.71916423111 7.00307620734 -7.79482608771
3.71019748369 6.99026263499 -7.8205385312
3.70272754269 6.9819654375 -7.84563224759
3.69712670568 6.98142944998 -7.87323130245
3.69405746051 6.99218182336 -7.90542310461

/group/RPA_010/90
90
posId 903.82833349833 6.95572159918 -7.88928031385
3.82051430525 6.96630054311 -7.93801599514
3.81672261752 6.98475235848 -7.97726591359
3.81733851449 7.00790905098 -8.00155013683
3.82141727377 7.03346976913 -8.01256134853
3.8273403301 7.06040131293 -8.0166094862
3.83392472121 7.08855260636 -8.0190144278
3.84111617953 7.1179320443 -8.02003818473
3.84970343364 7.14809083609 -8.01548958884
3.86028641108 7.17778984514 -8.00112828326
3.87235104385 7.20492238389 -7.97687340444
3.88422570046 7.22668013535 -7.94720054031
3.89397672067 7.24005290389 -7.9175662136
3.90053681189 7.24269639375 -7.89018173764
3.90418114768 7.23391376183 -7.86295154115
3.90601070301 7.21520408103 -7.83251695631
3.90690629955 7.18987574875 -7.79866336068
3.90681106463 7.16172147963 -7.76610116014
3.90487504619 7.13341702499 -7.74191664125
3.90025540498 7.10562472972 -7.73080275903
3.89284839577 7.07742909199 -7.73216837007
3.88335893871 7.04787380332 -7.74161679277
3.87274257854 7.01759634715 -7.75545511796
3.86160916059 6.9894433511 -7.77418657001
3.85016832459 6.96761041773 -7.80175542485

/group/RPA_010/93
93
posId 933.93757218126 6.97226837626 -7.95789290247
3.93531527533 7.00916884526 -8.00272960311
3.93623306639 7.04746502122 -8.0349588813
3.94022075628 7.08081642848 -8.04903783204
3.94702339741 7.10879217958 -8.04567708853
3.95620751423 7.13501492481 -8.03020815757
3.96700857355 7.16226573188 -8.00861829076
3.97828752164 7.18883220254 -7.98428383829
3.9887723999 7.20917842619 -7.95754443922
3.99750542873 7.21823912716 -7.92780685546
4.00418934687 7.21554225002 -7.89592839375
4.00914758971 7.20557364997 -7.86473688296
4.01289102047 7.19408098094 -7.83743240363
4.0155995613 7.18350692825 -7.81553811534
4.01691188129 7.17143864397 -7.79835502545
4.01618470425 7.15330154333 -7.78437458313
4.01301383242 7.12685575939 -7.7732496369
4.00760147879 7.09456475132 -7.76642521408
4.00068063204 7.06186319958 -7.76583053363
3.99306508977 7.03300683935 -7.77192413138
3.98519117101 7.00831558157 -7.78309455443
3.97701373916 6.9853432328 -7.79722395903
3.96832478526 6.96293634708 -7.81413297248
3.95922459809 6.94442816123 -7.83653724982
3.95036814608 6.93678799306 -7.8681612016

/group/RPA_010/96
96
posId 964.01820540886 6.93247121988 -7.9587527654
4.01401903514 6.966113245 -8.00315752931
4.01352207086 7.0067512772 -8.03758238263
4.01585003937 7.04476583148 -8.05801683238
4.02026600611 7.07570791978 -8.06402651784
4.02667392893 7.10162780331 -8.05764727302
4.03529970908 7.12730264805 -8.04172785478
4.04589364306 7.15471480499 -8.01889754071
4.05726183001 7.18042900607 -7.99145395205
4.06765308328 7.1979321622 -7.96159425004
4.07575555432 7.20277358349 -7.93130519368
4.08147576458 7.19606023337 -7.90186134542
4.08580672399 7.1833941107 -7.87353537271
4.08984536839 7.17028722333 -7.84609044275
4.09375080067 7.15803199232 -7.81988438043
4.09650756522 7.14345874311 -7.79667420602
4.09669502337 7.12254518099 -7.77924590247
4.09362098605 7.09452887074 -7.76990951815
4.0878725275 7.0628900274 -7.7689601324
4.0808326856 7.03250026166 -7.77444589737
4.07358899692 7.00573038306 -7.78367050888
4.06617251173 6.98124847426 -7.79544348498
4.05777880846 6.95676332018 -7.81133151249
4.0477824925 6.933263053 -7.8347559103
4.0366801708 6.91668608336 -7.86834864602

/group/RPA_010/99
99
posId 994.06223448647 6.9579206906 -7.99387581613
4.0695285223 6.93241221235 -7.9473141209
4.07792806961 6.92336491396 -7.90718873908
4.08539892123 6.9267480431 -7.87908717872
4.09148769343 6.93608866233 -7.86055436224
4.09737721373 6.94782502615 -7.84442123151
4.10450957913 6.96298386792 -7.82551140402
4.11300286646 6.98442268045 -7.80524205706
4.12129433364 7.01295165108 -7.79049900075
4.12730762026 7.0461312776 -7.78809725252
4.13003707939 7.08032951424 -7.79971087591
4.13010020875 7.11324287645 -7.82130247429
4.1288306615 7.14398601762 -7.84686692711
4.12686213585 7.17091794917 -7.87274079759
4.12356751612 7.1901660857 -7.89890084877
4.11781783389 7.1972307861 -7.92694617401
4.1092411446 7.19061528227 -7.95739408554
4.09875242812 7.17377799621 -7.98882356562
4.08793725268 7.15285606968 -8.01886774997
4.07802848979 7.13170644183 -8.04507885284
4.06953698505 7.10881456953 -8.06437641122
4.06279738444 7.07931241194 -8.07216963486
4.05864580777 7.04067642192 -8.06338698525

