/group/LSA_b3/0
0
posId 0
-3.65309861255 0.70798471398 -0.408964851486
-3.68293439858 0.685064519458 -0.398507571813
-3.70935240749 0.659854145211 -0.386844850503
-3.73114577911 0.632992655738 -0.374258850802
-3.74761355937 0.605133466934 -0.361051445909
-3.75864795697 0.576864807864 -0.347507521377
-3.76468650205 0.548646954483 -0.3338630878
-3.76654273129 0.520781792347 -0.320286151572
-3.76515800822 0.493422915529 -0.306875425383
-3.76133592188 0.466624879006 -0.293677744057
-3.7555249297 0.440420622791 -0.280720464256
-3.74770347659 0.414908758531 -0.268051257207
-3.73739735451 0.390329150698 -0.25577549654
-3.72382725344 0.367106921499 -0.244081474774
-3.70615274154 0.345851415415 -0.233246018661
-3.68375477436 0.327306434647 -0.223617247166
-3.65648803807 0.312259054112 -0.215576321779
-3.62483968827 0.30142407093 -0.209484935739
-3.58995135281 0.295327398524 -0.205628856497
-3.55349211527 0.294212985692 -0.204169230773
-3.51740458527 0.297993727965 -0.205112213485
-3.483576191 0.306258143629 -0.208303984288
-3.45350651362 0.318333145162 -0.213453090305
-3.42804435923 0.33339151688 -0.220176395855
-3.40725444416 0.350583266785 -0.228059956531
-3.39044596241 0.369164928697 -0.236722952866
-3.37635999105 0.388601278342 -0.245872122265
-3.36347755275 0.408619723984 -0.255336080476
-3.35038310205 0.429207583626 -0.265073110442
-3.33610537233 0.450554405439 -0.27515151429
-3.32036188103 0.47295283862 -0.285707283026
-3.30365405892 0.496679878599 -0.296888423165
-3.28719239334 0.521883840297 -0.308797818825
-3.27266796008 0.548500471506 -0.32144648648
-3.26192003842 0.576214730885 -0.334726548204
-3.25657176128 0.604474526557 -0.348408806876
-3.25771203845 0.632551455251 -0.362164461342
-3.26569099101 0.659633794235 -0.375605438305
-3.28007041091 0.684930796401 -0.388334140063
-3.29973616302 0.707765992301 -0.399991880874
-3.32314377961 0.727640862402 -0.410296178939
-3.34863974857 0.74425792511 -0.419060105604
-3.37478552907 0.757502118021 -0.426191312212
-3.40061245658 0.767389011378 -0.431673106921
-3.42575295564 0.773995656518 -0.435533938124
-3.45042275018 0.777393115365 -0.437813961206
-3.47526324874 0.777598286973 -0.438537531507
-3.50108507254 0.774556998878 -0.43769850254
-3.52857556998 0.768161906059 -0.435261638335
-3.55804024651 0.758299617418 -0.43117916632
-3.58923889477 0.744913869328 -0.42541755182

/group/LSA_b3/3
3
posId 3
-3.62769247647 0.74192411943 -0.356092875805
-3.65917930451 0.723345649702 -0.34845673434
-3.68718943865 0.702884602713 -0.339642163215
-3.7112719462 0.68083942836 -0.329775162436
-3.73134642946 0.657283722854 -0.318888672265
-3.74758321111 0.632175907246 -0.306971663252
-3.76022480672 0.605506323416 -0.294033891007
-3.76940372957 0.577438732031 -0.280167551659
-3.77501398677 0.548405663264 -0.2655884817
-3.77667885664 0.519130527886 -0.250645564831
-3.77382966458 0.490569912048 -0.235795859349
-3.76587720716 0.463791236661 -0.221552133593
-3.7524287953 0.439817926001 -0.208416473667
-3.73348807746 0.419481848319 -0.196816583008
-3.70957676156 0.403319252471 -0.187059693652
-3.68173692374 0.391533110567 -0.179313354922
-3.65140454556 0.384025794358 -0.173614549959
-3.62018040388 0.380486953034 -0.169900949389
-3.58955346834 0.380507750804 -0.168052828393
-3.56064627908 0.383687963661 -0.167932648268
-3.53404720704 0.389707762796 -0.169411764173
-3.50977215996 0.39834929444 -0.17237919048
-3.48736430653 0.409470070306 -0.176733979057
-3.46610413288 0.422945416295 -0.182368393442
-3.44527362035 0.438606141002 -0.189151911285
-3.42440532724 0.456197567779 -0.196925288925
-3.40345305563 0.475377318053 -0.205509780382
-3.38284365107 0.495754656569 -0.214730499987
-3.36340265599 0.516958548435 -0.224446883421
-3.34618057221 0.538709935904 -0.234579284981
-3.33223187463 0.560870017699 -0.245120375349
-3.32240878817 0.583441983964 -0.25612351708
-3.31722389095 0.606517292247 -0.267666817917
-3.31681267868 0.630175201296 -0.279799230992
-3.32099640412 0.654360569605 -0.292481571566
-3.32941599223 0.678774743711 -0.305538574076
-3.34168823876 0.702814339631 -0.318636913023
-3.35753134305 0.725582314802 -0.331298511468
-3.37681895434 0.745977458857 -0.342949808906
-3.39954632148 0.762847230398 -0.352998246859
-3.425721214 0.775170695852 -0.360919657631
-3.45521710322 0.782228471771 -0.366336683842
-3.48763908245 0.783718100589 -0.369069930377
-3.52225020684 0.779786120106 -0.369149973729
-3.55798816661 0.770968950467 -0.366787996823

/group/LSA_b3/6
6
posId 6
-3.44349697663 0.587679288728 -0.0628315870284
-3.42110870427 0.617742132183 -0.076852272056
-3.40163334311 0.647559867517 -0.0910698345012
-3.38625090067 0.675591650731 -0.104769362821
-3.37621099324 0.700922152456 -0.117588698442
-3.3724825128 0.723401936857 -0.129555891915
-3.37545793298 0.743547980892 -0.141000662123
-3.38481483618 0.762235508303 -0.152368735311
-3.39958362691 0.780283595936 -0.164001125143
-3.41839990772 0.798073931618 -0.175952734452
-3.43985714815 0.815331569565 -0.187911690043
-3.46284185388 0.831141790047 -0.199246837153
-3.48674091597 0.844196785415 -0.209167359221
-3.51145639796 0.853187387904 -0.216940405984
-3.53723065153 0.857205431649 -0.222092966213
-3.56435065773 0.856018755107 -0.224529767468
-3.59284183196 0.850124645864 -0.224527839768
-3.62226384893 0.84056374106 -0.222610656312
-3.65168366889 0.828558873485 -0.219345970505
-3.67983711104 0.81510376083 -0.21513749307
-3.70542253458 0.800644011798 -0.21008251628
-3.72742235819 0.784961628075 -0.203944889586
-3.74533721259 0.767304766801 -0.196253239312
-3.75924750034 0.746720814731 -0.186491594367
-3.76967769916 0.722481481617 -0.174318256165
-3.77730876878 0.694457289039 -0.159739460246
-3.78263894515 0.663316014755 -0.143180109627
-3.78571359605 0.630479159226 -0.125428987329
-3.78602317158 0.597851662212 -0.107478129769
-3.78261172256 0.567414975725 -0.0903108735529
-3.77436629765 0.540816671069 -0.074708607049
-3.76039462975 0.519086707996 -0.0611374080282
-3.7403666926 0.502563084772 -0.049745986164
-3.71470612423 0.491034920499 -0.0404663754134
-3.68456681888 0.484035476914 -0.0331727964691
-3.65160140915 0.481167613769 -0.027834679445
-3.61759747917 0.482336906985 -0.0246037098207
-3.58410052247 0.487805201936 -0.0238003772166
-3.55214517659 0.498045981766 -0.0258036139835
-3.52217742585 0.513457942936 -0.0308840348431
-3.49418379405 0.534047714379 -0.0390437581076

/group/LSA_b3/9
9
posId 9
-3.57011147956 0.910965714225 0.00332983504108
-3.60861914571 0.915195391497 -0.00703398121695
-3.6450280541 0.915541622188 -0.0145941536595
-3.6775432365 0.912434564591 -0.0192520595575
-3.70535233726 0.906265665086 -0.0210836594993
-3.72866991063 0.897300205061 -0.0202948393687
-3.74851634906 0.885636047202 -0.0171515106272
-3.76629727581 0.871221082117 -0.0119054167748
-3.78330457629 0.85392654453 -0.00473836629857
-3.8002800194 0.833658021667 0.0042578018892
-3.81716112889 0.810474947844 0.0150592706751
-3.83307346603 0.784685921994 0.0276533842875
-3.84656081803 0.756892486766 0.0419653608898
-3.85597687336 0.727966798331 0.0577929310963
-3.85991886569 0.698965493027 0.0747716099805
-3.85757749007 0.670998444369 0.0923845135233
-3.84890873701 0.645082557945 0.110017285201
-3.83459129917 0.622014228035 0.127044860526
-3.8157991847 0.60228878687 0.142926725524
-3.79387256076 0.586082863856 0.157284158082
-3.76999468222 0.573299603506 0.169937716526
-3.74497253781 0.563661580037 0.180894563941
-3.71917835315 0.556825968057 0.190289688401
-3.69265258397 0.552493503441 0.198298337424
-3.66531545676 0.550487247209 0.205045052644
-3.63720089802 0.550787279397 0.210535195576
-3.60862413875 0.553519888251 0.214627747702
-3.5802223346 0.558910903037 0.217055713846
-3.55285597048 0.567219622888 0.217486514035
-3.52741069869 0.578670978403 0.21560355276
-3.50457664115 0.593399651519 0.211185007433
-3.48469206191 0.611412937451 0.204158139186
-3.46771696742 0.632571964655 0.19461613067
-3.45335648578 0.656586041427 0.182796650731
-3.44129907423 0.68301380193 0.169033077466
-3.43148939088 0.711267358972 0.153696882637
-3.42433599147 0.740620281235 0.137150825637
-3.42076773775 0.770224535411 0.119727185822
-3.42209692103 0.799143302078 0.101735274533
-3.42970844016 0.826404492981 0.0834913650727
-3.44465361653 0.851074078805 0.0653557272331
-3.46726502672 0.872340707584 0.0477585003245
-3.49691192229 0.889596257883 0.0311996846522

/group/LSA_b3/12
12
posId 12
-3.67597981513 1.01038487066 0.199486747036
-3.7098406487 0.997278999633 0.196563502333
-3.74197519328 0.979216033713 0.19785538982
-3.77058393588 0.957195194501 0.203298949969
-3.79417524099 0.932485260248 0.212523164992
-3.81179410956 0.906362776325 0.224954938628
-3.82311888376 0.879882073996 0.239949929373
-3.82840838039 0.853749427417 0.256902868083
-3.82832833057 0.828334457008 0.275302856223
-3.82372016062 0.803801740131 0.294722883842
-3.81538610481 0.780303026489 0.314759561505
-3.80395013043 0.758150943401 0.334958476818
-3.78982109303 0.737905309493 0.354765293343
-3.77324611024 0.720338679674 0.373531115372
-3.75441266115 0.706294698348 0.39057749549
-3.73354745109 0.696493393038 0.405300979323
-3.71097086029 0.691356599241 0.417279359725
-3.68709173145 0.690917580306 0.426338914476
-3.66235667414 0.694845715801 0.432555120589
-3.63718853013 0.702573076761 0.436183690067
-3.61195191879 0.713471888138 0.437544908797
-3.58696904763 0.727014697282 0.436902073825
-3.56258301193 0.742858722924 0.43437734926
-3.53924013991 0.760828063268 0.429934479974
-3.51754905799 0.780809191853 0.423432706287
-3.49827875817 0.80260987956 0.414729446795
-3.48228010082 0.82584567111 0.403791094497
-3.47034648814 0.849905875849 0.39076860754
-3.4630572681 0.874017623931 0.376008537793
-3.46065991885 0.897385243622 0.35999541751
-3.46303795513 0.919349605244 0.343248330433
-3.46978287737 0.939501446085 0.326212656477
-3.48035031617 0.957698796139 0.309190310935
-3.49424708123 0.973975715266 0.292337232759
-3.51118030712 0.988373467783 0.275730813794
-3.53110929559 1.00075882438 0.259482255813
-3.55417285926 1.01070383309 0.243850075281
-3.58050919388 1.01748251799 0.229308434871
-3.6100258682 1.02019881438 0.21653887565

/group/LSA_b3/15
15
posId 15
-3.78995487419 1.13336571411 0.352620614977
-3.82425184152 1.10654005248 0.353399717353
-3.85038389149 1.07704373898 0.360991930993
-3.86678648985 1.04641527435 0.375118468463
-3.87342764448 1.01602438477 0.394739504255
-3.8717245227 0.986896978057 0.418237939563
-3.86406095546 0.959698687953 0.443712778569
-3.85305755091 0.934859924465 0.469307061349
-3.84083052667 0.912764774834 0.493493019339
-3.82847618646 0.893901473815 0.51525567373
-3.8159348181 0.878893849816 0.534147704367
-3.80225211943 0.868391335151 0.55022237521
-3.78611901457 0.862864038133 0.563877886475
-3.76648240193 0.862398398241 0.57566001628
-3.74301048847 0.866595846987 0.586069751176
-3.71626613961 0.874637522991 0.595412443599
-3.68755939216 0.885508388251 0.603710420422
-3.6585684388 0.898303531575 0.610686759135
-3.63089212575 0.912498573751 0.615816641602
-3.60570169264 0.928073487278 0.618434251801
-3.58359949633 0.945433302818 0.617876226848
-3.56469772436 0.965148795147 0.613636251554
-3.54884233527 0.987612897956 0.605500295987
-3.53586215905 1.01274418703 0.593630846405
-3.52573496549 1.0398521248 0.578574436055
-3.51862021757 1.06771610415 0.561181513185
-3.51478144007 1.0948468702 0.542449588313
-3.51447391919 1.11982847471 0.523324317648
-3.51788141317 1.14161003526 0.504510865086
-3.52514653945 1.15964062955 0.486351989014
-3.53647427096 1.17380727487 0.468815765503
-3.5522304509 1.18421734324 0.451606419136
-3.57293865922 1.19092934291 0.434374180217
-3.59911279502 1.19375428123 0.416966162756
-3.63093822328 1.19221694932 0.399641753172
-3.66789914562 1.18569685068 0.383180462511
-3.70850439806 1.17369162211 0.368837871257

/group/LSA_b3/18
18
posId 18
-3.95208073725 1.09986945416 0.54286712422
-3.95148507246 1.13974840126 0.516853268833
-3.94694093236 1.17650752714 0.496194443428
-3.93842592619 1.20825238583 0.482168555505
-3.92591719275 1.23476424457 0.474940001599
-3.90959419512 1.25717292825 0.473608616045
-3.8900022808 1.27720001648 0.476576824423
-3.86809277289 1.29626878885 0.482107976586
-3.84510369431 1.31481580195 0.488883082261
-3.82231004198 1.33205265414 0.496366695998
-3.8007282884 1.34624957779 0.504863963087
-3.78088410116 1.35541283459 0.515263357578
-3.76273464143 1.35808103817 0.528571910311
-3.74578287755 1.35392612697 0.54542072777
-3.72935095568 1.34392598051 0.565723077533
-3.71291937148 1.33004480234 0.588604996581
-3.6964116813 1.31454848205 0.612623797978
-3.68032167889 1.29922164986 0.636182836613
-3.66563564873 1.28478805628 0.657981409532
-3.65357617287 1.27075392912 0.67733177808
-3.64525864318 1.2557278757 0.694231956579
-3.64138297299 1.2380856926 0.709179978904
-3.64206922979 1.21671607041 0.722814793049
-3.64689209211 1.19155474676 0.735532558349
-3.65509523 1.16370074363 0.747231228574
-3.66590045496 1.13507495845 0.757280594226
-3.67879244392 1.10776325094 0.764722348786
-3.69367054757 1.08331194104 0.7686122419
-3.71081037456 1.06226362891 0.768360558613
-3.7306500974 1.04412682929 0.763929884195
-3.75348258191 1.02780005905 0.755809039416
-3.77916982381 1.01228667459 0.744775207693
-3.80698786464 0.997413126816 0.73154536212
-3.83566195922 0.984249944895 0.716467199484
-3.8635818941 0.97503919645 0.699388430321
-3.88912245971 0.972616518022 0.679774662091
-3.91095835558 0.979510821247 0.657046168051
-3.92826906445 0.997036031481 0.63101138824
-3.94077415934 1.02470548216 0.602226860732

/group/LSA_b3/21
21
posId 21
-3.9191534302 1.11082017677 0.801247416028
-3.94228517462 1.0895322993 0.781788463256
-3.96272003063 1.07688176303 0.762730198423
-3.98012433621 1.07281515957 0.744462699136
-3.99536697479 1.07586533896 0.726457616049
-4.00987096303 1.08382863949 0.707789201548
-4.02477819413 1.09470293903 0.687785546506
-4.0403065166 1.10747457133 0.666510169554
-4.05557714964 1.12240707084 0.64486777309
-4.0689657487 1.14070806419 0.624311961735
-4.07878835182 1.16373125301 0.606318812089
-4.08398632709 1.19208030163 0.591891330725
-4.08448859189 1.22502466713 0.581330864977
-4.08109462882 1.26049450704 0.574369729439
-4.0749572438 1.29565864232 0.570575382362
-4.06693666203 1.32782686592 0.569800338947
-4.05715603656 1.35527546832 0.572429702424
-4.04498593675 1.37763641916 0.579280439166
-4.0294720182 1.39569486568 0.591183626277
-4.00999886156 1.41071063018 0.608446523573
-3.9868607454 1.42359179677 0.630463813047
-3.96144668932 1.4343056053 0.655689034145
-3.93592659103 1.44179028632 0.682013024155
-3.91256328338 1.44439101751 0.707402460757
-3.89295860211 1.44059813426 0.730520620448
-3.87758154489 1.42973078864 0.751048607314
-3.86580173916 1.4122458162 0.769554119899
-3.85641801535 1.38953941591 0.786959367151
-3.84843833699 1.36335680249 0.80384630718
-3.84174372442 1.33511315416 0.819918790934
-3.83731508136 1.30546794992 0.833877578607
-3.83689919139 1.27436593629 0.843782159708
-3.84224900927 1.24152364363 0.847754366023
-3.85427446628 1.20711362189 0.844722251729
-3.87248962671 1.17228958369 0.834880190947

/group/LSA_b3/24
24
posId 24
-4.01165019376 1.12669978045 0.901194102351
-4.00112263958 1.15496833648 0.925831733572
-3.99415759994 1.18556743748 0.946296042577
-3.99082811607 1.21739156345 0.962097787692
-3.99091291586 1.24952873972 0.973227637281
-3.99400923784 1.28130586766 0.980014034046
-3.99967019353 1.31224724577 0.982916310195
-4.00752436914 1.341974456 0.9823221518
-4.01734341038 1.37009374636 0.978413532839
-4.02904148882 1.39611845254 0.971140308618
-4.0426128851 1.41945882742 0.960304066306
-4.05803335307 1.43948536254 0.945718421368
-4.07516144722 1.45564343725 0.927387330998
-4.09367455445 1.4675766884 0.905637858909
-4.113061784 1.47521100964 0.881159533831
-4.13267648533 1.47876271423 0.854933658897
-4.15183141879 1.47865952037 0.828072375138
-4.16990592373 1.47539341209 0.801617078519
-4.18643116324 1.46934989484 0.776359276866
-4.20112756502 1.46066987918 0.752739813216
-4.21388510644 1.44919386951 0.730856940257
-4.22469652834 1.43451467029 0.710578297977
-4.23356940366 1.4161313912 0.691717960135
-4.24044993846 1.39366453668 0.67421843096
-4.24518709363 1.36707000157 0.658275792696
-4.24755145788 1.33678626741 0.644364796692
-4.24730393999 1.3037657819 0.633153648022
-4.24429122699 1.26937387832 0.625334942823
-4.23853420676 1.23517711416 0.621427753143
-4.23027597993 1.20267592656 0.621616814053
-4.21996787975 1.17305385049 0.625684323559
-4.20819153977 1.14701171348 0.633061046558
-4.19553630811 1.12473111442 0.642985204599
-4.18246731619 1.1059742003 0.654722160251
-4.16922489037 1.09028740778 0.667776597431
-4.15578863231 1.07724720545 0.682028838818
-4.14192127665 1.06667476592 0.697748565267
-4.12728373498 1.0587570712 0.715476093906
-4.11159077018 1.05404078385 0.73580222165
-4.09476334768 1.05330338793 0.759109764772
-4.07703317749 1.05734200522 0.785353236742
-4.05896769333 1.066743202 0.813943294768
-4.04140604532 1.08170046456 0.843772490739

/group/LSA_b3/27
27
posId 27
-4.14139122566 1.10166138246 0.964297245882
-4.13957431587 1.12444756128 0.986147543677
-4.13906297044 1.14657102888 1.00564323617
-4.14067259674 1.16821883089 1.02182423353
-4.1453634769 1.18995131502 1.03384875552
-4.1539411742 1.21241615899 1.0411615302
-4.1667788478 1.23603631694 1.04360977138
-4.18364299555 1.26076429317 1.04147356693
-4.20367608596 1.2859759803 1.03539952804
-4.22554565463 1.31053682558 1.02625239228
-4.24772222657 1.33302304489 1.01492155227
-4.26881143689 1.35203550879 1.00213193288
-4.2878496495 1.36651687378 0.988307717152
-4.30448194756 1.37598138602 0.973523308675
-4.31897397647 1.38059188862 0.957552497374
-4.33205553411 1.38106263886 0.940000543981
-4.344640828 1.37841680694 0.920482066013
-4.35750458146 1.37366940273 0.898796163376
-4.37100495802 1.36752772621 0.875052181375
-4.38493032224 1.36019608411 0.849714107249
-4.3985112707 1.35134104075 0.823554540525
-4.41059242207 1.34022674189 0.797533903134
-4.41991361374 1.3259804414 0.772640118496
-4.42542018086 1.30791060591 0.749733045772
-4.42651529361 1.2857847995 0.729434260963
-4.42318554094 1.25998631122 0.712087773616
-4.4159685307 1.23150370194 0.697795609328
-4.40577714852 1.20175582692 0.686510335663
-4.39363591979 1.17230234378 0.678150928859
-4.38040889308 1.14452245291 0.672703288732
-4.36659886377 1.11935316195 0.670273419461
-4.35227476973 1.09716031099 0.671077499972
-4.33714473826 1.0777762879 0.675373680842
-4.32074829673 1.06068934084 0.683359134738
-4.30270569853 1.04532500619 0.695066979917
-4.28294561781 1.03133339103 0.71029786162
-4.26183946941 1.01879469221 0.728610213795
-4.24019912673 1.0082797742 0.749374851913
-4.21913629399 1.00074569317 0.771879204144
-4.19982386067 0.997295123544 0.79545043725
-4.18322967166 0.998869329723 0.819559982791
-4.16990226281 1.00596468296 0.843876752809
-4.15987341404 1.01845673387 0.868251415416
-4.15270808927 1.03558519379 0.892635103627
-4.14768851847 1.05610674323 0.91695661048

/group/LSA_b3/30
30
posId 30
-4.2278487352 1.02858792385 1.03909227356
-4.23615349555 1.06336943577 1.06369057123
-4.24838645687 1.09796679209 1.08439772022
-4.26382749955 1.13015291106 1.09981701888
-4.28180004739 1.15844199939 1.10920237788
-4.30172088766 1.18226025402 1.11257046467
-4.32309903148 1.2018318295 1.11059535667
-4.34550077603 1.21784346623 1.10432862042
-4.36850592984 1.23102207955 1.09484652477
-4.39167720943 1.24177947934 1.08294743557
-4.41455369188 1.25004218846 1.06899918557
-4.43666548932 1.25530777142 1.05297775153
-4.45755665845 1.25688225661 1.03466714782
-4.47680097029 1.25418895024 1.01393270958
-4.49400111973 1.24702031264 0.990956915531
-4.50877307783 1.23563652333 0.966346193743
-4.5207280793 1.22068225235 0.941070299251
-4.52946975869 1.202968892 0.916261783911
-4.53462020393 1.18322275747 0.892956325673
-4.53587702354 1.16190984408 0.871875143647
-4.5330884064 1.13921154444 0.853331267377
-4.52632100673 1.11515878009 0.837290446542
-4.51589206359 1.08986206874 0.823555460121
-4.5023451067 1.06373106787 0.811994017035
-4.48636613189 1.03757764233 0.802714314846
-4.46865844205 1.01254215135 0.796114746274
-4.44981162246 0.989855766147 0.792786127741
-4.43020641821 0.970523011115 0.79330548056
-4.40998927592 0.955049077458 0.798005638696
-4.38912974316 0.943328048554 0.806816583643
-4.36754721797 0.934752118539 0.819247369137
-4.3452696917 0.928518208948 0.83452198453
-4.32257450439 0.924028712441 0.851820097103
-4.30006447492 0.921238652065 0.870528972538
-4.27865140549 0.920811106352 0.890404150322
-4.25944695001 0.92400507284 0.911568114909
-4.24358899247 0.932313732615 0.934337077751
-4.23205077278 0.946962577607 0.958933305083
-4.22548394786 0.968432281107 0.985188408067

/group/LSA_b3/33
33
posId 33
-4.27300250965 1.01108628534 1.13235239895
-4.28827921769 1.05159472998 1.15271076847
-4.30833702529 1.08638976146 1.16815440832
-4.33281314149 1.11209725297 1.1767195829
-4.36134019608 1.12775577689 1.17792451857
-4.39321612333 1.13481685807 1.17286681401
-4.42717330457 1.13620869961 1.16371688488
-4.46140119611 1.13489387136 1.15282618702
-4.49384995867 1.13255999562 1.14183427148
-4.52269882697 1.12900407699 1.13115297764
-4.54678292674 1.12244524455 1.1200326114
-4.56578129405 1.1105785488 1.10715324182
-4.58007479648 1.0918568465 1.09145321923
-4.59033635618 1.0664042027 1.07281043076
-4.59704423216 1.03615472475 1.05227089044
-4.60014974439 1.00418092519 1.03173446352
-4.59906201031 0.973550311 1.01325768087
-4.59296401316 0.946254280423 0.998303313436
-4.58131500812 0.922698310478 0.9872795002
-4.56429899515 0.90195923786 0.979565511126
-4.54299431216 0.882643174842 0.973988265047
-4.51916101708 0.863894950725 0.969504437528
-4.49471662663 0.846050372207 0.965755188372
-4.47111765237 0.830611404161 0.963233135283
-4.448916034 0.819567613031 0.962996619173
-4.42769058072 0.814417066418 0.966089052784
-4.40639332676 0.815395173808 0.972963640411
-4.3839704818 0.821323488986 0.983207654598
-4.35999800675 0.8301864975 0.995709150216
-4.33506604565 0.8401781998 1.0091859694
-4.31075628529 0.850709585546 1.02281067324
-4.28923159226 0.862858232182 1.03660734551
-4.27261908308 0.878984510026 1.05139781998
-4.26244472638 0.901626645647 1.06829017947
-4.2593381716 0.932139138354 1.08793014624

/group/LSA_b3/36
36
posId 36
-4.27502625708 0.987285639308 1.19775699859
-4.29053618005 1.03029293828 1.21114154831
-4.31083759984 1.0656354841 1.22349219663
-4.33582946122 1.0901378991 1.23400747442
-4.36471641468 1.10258970589 1.24224648144
-4.39600114193 1.10395824822 1.24818004298
-4.42777042589 1.09689932446 1.25212114855
-4.45816855704 1.08475303622 1.25456189762
-4.48586537335 1.0704044438 1.25597613224
-4.51032243908 1.0554307226 1.25665664476
-4.5317425972 1.03983306841 1.2566400129
-4.55072152819 1.02241413229 1.25573739024
-4.56774843907 1.00160739218 1.25364980711
-4.58277126376 0.976396127193 1.25011711654
-4.59501935557 0.946942431279 1.24504146216
-4.60317133996 0.914683674755 1.23854110015
-4.60581067995 0.881884394783 1.23092133413
-4.60198723037 0.850858024749 1.22258295479
-4.59165238704 0.823201490954 1.21391124387
-4.57578094273 0.799365859427 1.20519184543
-4.55611700913 0.778730640543 1.19658365026
-4.53463383683 0.760127652783 1.18815141514
-4.51291529058 0.742568587671 1.17993462323
-4.49170116066 0.7258499909 1.17201540762
-4.47077469859 0.710772535024 1.16455253117
-4.44923450093 0.698888179427 1.1577676408
-4.42603971903 0.691900349061 1.15189480863
-4.40060997253 0.690995487751 1.14712292745
-4.37324272784 0.696412085855 1.14356404302
-4.3451878753 0.70744339842 1.14126736433
-4.31835909342 0.722870769568 1.14027453997
-4.29480619186 0.741623628418 1.1406881023
-4.27616275417 0.763349411031 1.14271327144
-4.26328334389 0.788604245342 1.14664010561
-4.25619663003 0.818535057176 1.15275668943
-4.25436391594 0.854149671564 1.1612153049
-4.25710534147 0.895466841486 1.17189897128

/group/LSA_b3/39
39
posId 39
-4.24298413956 1.00272082177 1.30466499429
-4.27054035571 1.03645978661 1.31433424927
-4.30237447909 1.06491187452 1.32519132052
-4.33559136601 1.08446824904 1.336218417
-4.36759868852 1.09305141619 1.34653854831
-4.39679535276 1.09076343391 1.35565129081
-4.42284116691 1.07974870146 1.36351350016
-4.44642393088 1.06333072764 1.37044037881
-4.46864562488 1.04477212817 1.37687555505
-4.49029961824 1.02615293499 1.38313041513
-4.51134469443 1.00780501819 1.38920187677
-4.5307875622 0.988505329293 1.39474119685
-4.54700553395 0.966316569657 1.39918045976
-4.5583527643 0.939701502803 1.40195637591
-4.56377674442 0.908434430949 1.40273126764
-4.56317505173 0.873930645463 1.40151505474
-4.55734235975 0.838868284065 1.3986373363
-4.54754125019 0.806278374774 1.39458534824
-4.53489741589 0.778500509361 1.38978270129
-4.51989788598 0.756451118239 1.3844098187
-4.50222599385 0.739509916691 1.37834866226
-4.48101811157 0.726059997539 1.371279538
-4.45543882276 0.714434629244 1.36289014
-4.42532491009 0.703849902687 1.35310581161
-4.3916085721 0.694910861858 1.34223769044
-4.35631579785 0.689465361477 1.33097784728
-4.3221122104 0.689864139527 1.32023445321
-4.29156186492 0.697945218866 1.31086848041
-4.26639210076 0.714183902456 1.30343723546
-4.24706394554 0.737382628567 1.29805004214
-4.23282773866 0.765045405961 1.2943968772
-4.22224590173 0.794286869854 1.29193981299
-4.21397095625 0.822892197234 1.29018921241
-4.20745817363 0.850072231781 1.28895029704
-4.20331509352 0.876581037332 1.2884365516
-4.20313651728 0.904130875885 1.28920042465
-4.20888390742 0.934340249771 1.29190686999

/group/LSA_b3/42
42
posId 42
-4.25134064932 1.04505387202 1.44318300552
-4.28708907059 1.06667555422 1.44781001393
-4.32312975154 1.08061796589 1.45334839499
-4.35682585744 1.08552879752 1.45942988925
-4.38661906143 1.08147009943 1.46574109611
-4.41217630516 1.06974113802 1.47207203697
-4.43411214025 1.05235209165 1.4783200656
-4.45342938755 1.03137252501 1.48445229942
-4.47091579873 1.0084029318 1.49044571269
-4.48673102254 0.98434234639 1.49623173879
-4.50032269903 0.959487034561 1.50166879331
-4.51066631685 0.9338556327 1.50655329702
-4.51669211646 0.907553549627 1.51066312246
-4.51769741786 0.880995662915 1.51381393044
-4.51356783616 0.854893341183 1.51590412308
-4.50473041836 0.830036574004 1.51692985239
-4.49188898191 0.807006059085 1.51696497919
-4.47568965258 0.785985654571 1.5161161434
-4.45649014896 0.766796511798 1.51447359014
-4.43434997639 0.749163056048 1.51207966554
-4.40924732505 0.733099102991 1.50892854369
-4.38141361384 0.719227107599 1.50499652815
-4.35161148511 0.708852558912 1.50028845728
-4.32119792185 0.703709640847 1.49487839958
-4.29190626245 0.705435910755 1.48892519164
-4.26540994275 0.714962350776 1.48265445506
-4.24283967207 0.732062950846 1.4763137154
-4.22446423371 0.75526524576 1.47011956795
-4.20969212821 0.782192105615 1.46421999583
-4.19742502498 0.810235926135 1.45868892298
-4.18664524013 0.837327706048 1.45355624599
-4.17701083657 0.862513797703 1.44886075059
-4.16921154753 0.886116110019 1.44470230323
-4.16491933634 0.909405527683 1.44126844073
-4.16632009526 0.933904088631 1.43881985575
-4.17537810263 0.960575876073 1.43763569383
-4.19309602249 0.989212071716 1.43793638423

/group/LSA_b3/45
45
posId 45
-4.19366264916 1.04413112187 1.60033117538
-4.21716498151 1.0747861714 1.58896282812
-4.24400182021 1.1011475413 1.57774168267
-4.27293228784 1.12176517628 1.56723365655
-4.30274316259 1.13561937912 1.55791099406
-4.33235169387 1.14226218459 1.5501010532
-4.36088196753 1.14185006147 1.54396299193
-4.38771046199 1.13506311981 1.53949428647
-4.41247937613 1.12293419104 1.53656263233
-4.43507812311 1.10663251047 1.53495403315
-4.45559494025 1.08725551986 1.53442575286
-4.47424281587 1.06567648773 1.53475350193
-4.4912673561 1.04247741592 1.53576519356
-4.50684845536 1.01797175199 1.5373577624
-4.52101149851 0.992297153022 1.53949763872
-4.53356563111 0.96554180836 1.54220848509
-4.54408484993 0.937862924736 1.54555119092
-4.5519415549 0.909563462978 1.54960092792
-4.55639230972 0.881109899664 1.55442483001
-4.55670378116 0.853093883271 1.56006233665
-4.55229603948 0.826157692541 1.56650912168
-4.54287369347 0.800912287777 1.57370518368
-4.52851507838 0.777875295965 1.5815280248
-4.50969677417 0.75744579118 1.58979243965
-4.48724402254 0.739917428282 1.59825865388
-4.46221424461 0.725516965632 1.60664988199
-4.43573680149 0.714446555775 1.6146786605
-4.40884326656 0.706908254536 1.62207887152
-4.38232571427 0.703097712548 1.62863793241
-4.35665474123 0.703167679347 1.6342221064
-4.33197530995 0.707175635717 1.63878807362
-4.30818029972 0.715038384106 1.64237613844
-4.28504335301 0.726516335044 1.64508445794
-4.26237876009 0.741241087847 1.64702855681
-4.24019011489 0.758784504904 1.64829484107
-4.21877265207 0.778750984936 1.64889948863
-4.19874553058 0.800862909296 1.64876400774
-4.18100682762 0.825006849027 1.64771564202
-4.16662144706 0.851216774825 1.64551523511
-4.15666631556 0.879588303761 1.64190845448
-4.15206500519 0.910139885181 1.63669012684
-4.15344398321 0.942656044523 1.62976751103
-4.16103577099 0.976558053073 1.62120775543

/group/LSA_b3/48
48
posId 48
-4.24935578042 1.02438461489 1.78577042218
-4.26047677266 1.06389996709 1.77123012447
-4.27390174697 1.09801729521 1.75564571359
-4.28965111525 1.12542915898 1.73919044434
-4.30776526648 1.14562183816 1.72190673533
-4.32818875795 1.158796471 1.70380938993
-4.35066809728 1.16563488028 1.68500054758
-4.37469399631 1.16699326943 1.6657598359
-4.39950680673 1.16362293714 1.64658052762
-4.42416640502 1.15600052313 1.62813874253
-4.44767018274 1.14430777574 1.61120285509
-4.46909008695 1.12854761525 1.59650805434
-4.48769533689 1.10873769327 1.58463102902
-4.50303241539 1.08509988647 1.57589910758
-4.51494632163 1.05817109175 1.57035735928
-4.52354291753 1.0287937194 1.56779981748
-4.52910678195 0.997990835948 1.56785268215
-4.53199831135 0.966773999218 1.57008372462
-4.53255578725 0.935956102247 1.57410702984
-4.53102308846 0.906038661858 1.57965662524
-4.52751407031 0.877214481811 1.58661432927
-4.52201389273 0.849483214922 1.5949919551
-4.51440912953 0.822835047786 1.60488083074
-4.5045344469 0.797432047707 1.61638852461
-4.49222426485 0.773717094239 1.62958211359
-4.47736165632 0.75240675651 1.64445045559
-4.45992135718 0.734367479762 1.66088803733
-4.44000679873 0.720418402621 1.67869419059
-4.41788121932 0.711132891029 1.69757718749
-4.39399040153 0.706713562223 1.71715432569
-4.36897107125 0.706990552936 1.736945522
-4.34363683292 0.711548417795 1.7563660743
-4.31893471423 0.719938864518 1.77473028306
-4.29587069191 0.731901861861 1.79127844633
-4.27541096231 0.747509483314 1.80523427527
-4.25837464929 0.767169143324 1.81588946931
-4.2453398317 0.791468991711 1.82270060326
-4.23658540759 0.820902970418 1.8253750444
-4.23208515259 0.855557779381 1.82392101732
-4.23155834846 0.894863048659 1.8186436711
-4.2345666273 0.937492057598 1.81008270142

/group/LSA_b3/51
51
posId 51
-4.45990844226 1.11981423619 1.8302013706
-4.48739349389 1.1340586426 1.79488820299
-4.51310541601 1.14096620425 1.76080535491
-4.53497608111 1.13821828875 1.73040642468
-4.55173202487 1.12487925792 1.70528257208
-4.56311128568 1.10179438782 1.68593053883
-4.56978009894 1.07142064499 1.67183910148
-4.57299157407 1.03714467596 1.66184513964
-4.5741121795 1.00232648906 1.65462594689
-4.57417894017 0.969403713893 1.64915937332
-4.57362907764 0.939364660517 1.64500803247
-4.57227417718 0.911759383495 1.64235648416
-4.56949997325 0.885219166783 1.64182245657
-4.56459451939 0.858270765452 1.64414037888
-4.55706993492 0.830130604885 1.6498504377
-4.54685793071 0.801182308499 1.65910878245
-4.53431851038 0.772969467676 1.67167442935
-4.52007976523 0.747724070625 1.68705165928
-4.50479317854 0.727627089955 1.70470439047
-4.48891772161 0.714094741796 1.72423531403
-4.47262719972 0.707366252353 1.74544547363
-4.45587787465 0.706545284026 1.76824842465
-4.43860168026 0.710066721209 1.79248184955
-4.42093409184 0.716393845073 1.81770933173
-4.40336817913 0.724662604436 1.84311457828
-4.38675509056 0.73501345723 1.86755493501
-4.37213492029 0.748477161728 1.88977435551
-4.36045493397 0.766459310432 1.90870511275
-4.35228452448 0.790029335795 1.92374206573
-4.34764571899 0.819299988164 1.93487345808
-4.34603893809 0.853151032218 1.94260053194
-4.34666969779 0.889418038688 1.94765789916
-4.34880110671 0.925484886552 1.95062755706
-4.35210112814 0.959057799564 1.95158971159
-4.35684582551 0.988822567464 1.94995174882
-4.36388550411 1.01472595943 1.94454054656
-4.37436469567 1.03776367105 1.93395131417
-4.38927901927 1.05934725845 1.91705108174
-4.40901776577 1.0804886806 1.89347196151

/group/LSA_b3/54
54
posId 54
-4.69673769277 0.969541012585 1.75247437865
-4.70329232361 1.00434585449 1.76568729087
-4.70824316179 1.03651222854 1.77994875869
-4.71133095901 1.06540431364 1.7952757999
-4.71223213341 1.09069832508 1.81203189087
-4.71059799805 1.11225892029 1.83076427666
-4.70611369707 1.12998357962 1.8519814503
-4.69856759058 1.14367160224 1.87592920998
-4.6879174736 1.15296515016 1.90242506287
-4.67433847508 1.15738563633 1.9307960137
-4.65823955966 1.15645708032 1.959937858
-4.64024113059 1.14987855418 1.98848228252
-4.62111422816 1.13768963295 2.01503000259
-4.60169041866 1.12037165248 2.0383914253
-4.58275856956 1.09884427734 2.05777534146
-4.56496845753 1.07434675998 2.07288096576
-4.54876046912 1.04822765583 2.08387496413
-4.53433551523 1.021695464 2.09126553378
-4.52167079199 0.995596982278 2.09571175544
-4.51057714048 0.970285464427 2.09782131238
-4.50078481649 0.945617803976 2.09798957719
-4.49203858909 0.921085120533 2.09631859576
-4.48418160113 0.896044065874 2.09263025499
-4.47721061014 0.869987474348 2.08656111945
-4.4712922075 0.842780983738 2.07770475514
-4.46673861192 0.81480060092 2.06575677328
-4.46395045094 0.786932762332 2.05062085378
-4.46334052848 0.760435913435 2.03244911086
-4.46525553074 0.736700528868 2.01161229698
-4.46991153166 0.716972172697 1.98861752424
-4.47735463061 0.702111880543 1.96400662292
-4.48745150213 0.692457145722 1.9382723816
-4.49990784718 0.687818277712 1.91182171923
-4.51430737424 0.687606985513 1.88499715037
-4.53016111577 0.691057454286 1.85814648344
-4.54695690957 0.697475218315 1.83171246152
-4.56420124734 0.706442699775 1.80630497405
-4.5814493361 0.717923971188 1.78272169085
-4.59832285433 0.732240965112 1.76189784454
-4.61451744076 0.749930353034 1.74478810431
-4.62980287926 0.771524020303 1.73220632205
-4.64401833335 0.797316934458 1.72466526436
-4.65706349379 0.827188513618 1.72226288599
-4.66888507265 0.860527039914 1.72465228492
-4.67945757586 0.896276360211 1.73111133397

/group/LSA_b3/57
57
posId 57
-4.91988052196 0.971709944232 1.89361031331
-4.91935267368 0.992391133529 1.92415036416
-4.91783004242 1.01133926754 1.95434906474
-4.91490338095 1.02773860844 1.98391982343
-4.91002548184 1.04071803678 2.01279177068
-4.90264629863 1.04947330528 2.04099520442
-4.89235412671 1.05338943325 2.06853430041
-4.87899142149 1.05213912448 2.09527986139
-4.86271967051 1.0457374889 2.12090866874
-4.8440193759 1.03454204088 2.14490351763
-4.82362589616 1.01919804445 2.16661243651
-4.80241619742 1.00054033578 2.18535079509
-4.78127215815 0.979471348526 2.20051961616
-4.76095055512 0.956839337801 2.21170990824
-4.74198731248 0.933339881711 2.21876696655
-4.72465477684 0.909457952138 2.22179918446
-4.70897792145 0.885458599456 2.22113021595
-4.69480162892 0.861423744729 2.21720768197
-4.68188984128 0.837323105993 2.21049239965
-4.67003102994 0.813100963189 2.20135664753
-4.65912447508 0.788758552268 2.19001717804
-4.64922801954 0.764414567543 2.17651933104
-4.64055854605 0.740332659488 2.1607751231
-4.63344865235 0.716913230361 2.1426440596
-4.6282737672 0.694655150791 2.12203426386
-4.62537060959 0.674099278523 2.09899620344
-4.62496889185 0.655768493564 2.07378319205
-4.62715342494 0.640117926156 2.04686149158
-4.63186469125 0.627504689256 2.01886604242
-4.63893498783 0.618180093793 1.99051224097
-4.64814734476 0.612300820035 1.9624860619
-4.65929820915 0.609950600112 1.93534109135
-4.67224399719 0.611161899169 1.90942999343
-4.68691629044 0.615928315494 1.88488970821
-4.7032994621 0.624202487077 1.86168623289
-4.7213754838 0.635879949087 1.83970947793
-4.74105066176 0.650774953373 1.81889526459
-4.76208536817 0.668598076273 1.79934347219
-4.78404866897 0.688946314718 1.78140080331
-4.80631469117 0.711313912897 1.76568393594
-4.8281077329 0.735126904172 1.7530323589
-4.84859087108 0.75979762819 1.74439676702
-4.86698122704 0.784789090436 1.74068455123
-4.88266709199 0.809674773058 1.74259484918
-4.89529994724 0.834178708795 1.75047911469
-4.90483880199 0.85818378013 1.76425827841
-4.91153436909 0.881702785516 1.78341537566
-4.91585412734 0.904815393513 1.80706584154
-4.91836309885 0.927582666289 1.83409043454

/group/LSA_b3/60
60
posId 60
-5.1408167269 0.761102446858 1.91519215015
-5.15028382887 0.787136341842 1.94409253033
-5.15667036428 0.809935810886 1.97336071932
-5.1597117307 0.828777442706 2.00219684951
-5.15928382339 0.843294943779 2.03017538941
-5.15541618267 0.853481768763 2.05722272449
-5.14828706204 0.859633003893 2.08351896497
-5.13820159378 0.862242347368 2.10935109895
-5.12555708489 0.861878609693 2.13495468115
-5.11080147434 0.85906889605 2.16038220437
-5.09439176138 0.854212130935 2.1854281488
-5.07675867693 0.847537921266 2.20962565454
-5.0582822002 0.839114192241 2.23231165993
-5.03928012925 0.828895444427 2.25274070405
-5.02000933588 0.81679464325 2.2702164616
-5.00067710841 0.80275766146 2.28420707306
-4.98145853414 0.786820608003 2.29441598786
-4.96251541186 0.769136656132 2.30079271386
-4.94401269387 0.749968296164 2.30348418576
-4.92612969948 0.729650745552 2.30274318177
-4.90906493996 0.70853996692 2.29882129817
-4.89303492979 0.686962402772 2.29187762729
-4.87826847738 0.665182271529 2.28192959992
-4.86499844735 0.643396534044 2.26886071578
-4.85345284599 0.621759064512 2.25248417481
-4.84384646304 0.600426522042 2.2326458448
-4.83637348188 0.579611417193 2.20933864166
-4.83120075732 0.559624864825 2.18279627721
-4.82846110505 0.54089342118 2.15353862466
-4.82824606889 0.52394082833 2.1223526882
-4.83059818461 0.509334827217 2.09020943818
-4.83550354636 0.497609031571 2.05813348179
-4.84288621475 0.489177560569 2.02705539404
-4.85260638719 0.484263567246 1.99768215743
-4.86446407042 0.482860873336 1.97041794045
-4.87820919098 0.484740880691 1.94535597896
-4.89355777711 0.489506348033 1.92234528644
-4.91021233359 0.496682030043 1.90111743311
-4.92788319356 0.505822449139 1.88144326293
-4.9463068572 0.516611716943 1.86328103887
-4.96525739763 0.528930848471 1.84687834079
-4.98454802852 0.542874522949 1.83280008215
-5.00402175387 0.558710385176 1.82187200289
-5.02353231598 0.576787231978 1.81504894932
-5.04291893479 0.597410695523 1.81323540982
-5.06198006537 0.620713387444 1.81709775478
-5.08045215531 0.646548843279 1.82691049517
-5.09799891393 0.674434322033 1.84247185297
-5.1142149331 0.703557444224 1.86310862159

/group/LSA_b3/63
63
posId 63
-5.36105253679 0.648546590481 2.20640291777
-5.34733819105 0.656227760905 2.245494099
-5.33073973292 0.659541155268 2.28069002044
-5.31183508077 0.658486978193 2.31099927752
-5.29125073304 0.653363156528 2.33594999435
-5.26958811096 0.644689425664 2.35556250504
-5.24736562988 0.633107335848 2.37024627847
-5.22498761213 0.619278506283 2.38064722968
-5.20274379623 0.603800965081 2.38747914658
-5.18083527744 0.587156707829 2.39137297471
-5.15941627548 0.569694654233 2.39277062206
-5.13863778231 0.551644365259 2.39187782913
-5.11867967849 0.533149389256 2.38867657845
-5.09976208196 0.514306381364 2.38298483653
-5.08213331615 0.495197557037 2.37454292279
-5.06603913007 0.475908842798 2.36310308991
-5.05168368604 0.456532638384 2.34850206997
-5.03919572445 0.437160352537 2.33070402664
-5.02861237961 0.417873922264 2.30981115665
-5.01988852449 0.398746147695 2.28604833026
-5.01293241774 0.379856654752 2.2597342395
-5.00766065523 0.36132449008 2.2312530969
-5.00405906684 0.343351456514 2.20103788126
-5.00223301533 0.326264401331 2.16956965088
-5.00243155379 0.310541681539 2.13738967812
-5.00503504238 0.296810143411 2.10511458485
-5.01050401635 0.285804287218 2.07344140152
-5.01929642491 0.278287804959 2.04313071131
-5.03176856206 0.274947400649 2.01496165301
-5.04808002147 0.276277282734 1.98966112838
-5.06812348048 0.282477651611 1.96781873893
-5.09149576795 0.293390328411 1.9498060842
-5.11751836894 0.308488995741 1.93572180881
-5.14530510284 0.326931289858 1.925380943
-5.17386455903 0.347667301351 1.9183588222
-5.20221734077 0.369586712159 1.9140878334
-5.22950502053 0.391677676567 1.91199216828
-5.25506970436 0.413166869602 1.91163488004
-5.27848979238 0.433612928013 1.91284573381
-5.29956736464 0.45293438946 1.91579943325
-5.31827333707 0.471366389971 1.92102205362
-5.33466565103 0.489354996393 1.92931746266
-5.34880120038 0.50741094427 1.94162228292
-5.36066276667 0.525952890302 1.95881386396
-5.37011788556 0.545172244593 1.98150715444
-5.37691842339 0.564946817016 2.00988055868
-5.38073969477 0.58482000303 2.04356665364
-5.38124858171 0.604048407667 2.08163172422
-5.37818351729 0.621706725041 2.12265088185

/group/LSA_b3/66
66
posId 66
-5.55473891529 0.357520067208 2.21372826183
-5.55680909328 0.379415696883 2.25393436551
-5.55554982918 0.398736757462 2.29287139433
-5.55073664315 0.41466675176 2.32920510493
-5.54224416956 0.426672323123 2.36204009811
-5.53009353998 0.434555468426 2.39096812588
-5.51448067536 0.438451285085 2.41603200856
-5.49577928198 0.438774014908 2.43761748248
-5.47451707999 0.436123617317 2.45629838526
-5.4513288115 0.431171894228 2.4726681489
-5.42689388854 0.424550030009 2.48719125556
-5.4018693083 0.416757863349 2.5001022054
-5.37682916374 0.40810973815 2.51136813746
-5.35222060928 0.398723641069 2.52071708173
-5.32834283766 0.38855128921 2.5277199567
-5.30535118033 0.377438780009 2.53190376954
-5.28328376656 0.36520198594 2.53286817238
-5.26210419685 0.351699093604 2.5303785252
-5.2417511668 0.336884767389 2.52441548008
-5.22218536061 0.320835745004 2.51517213986
-5.20342525561 0.303744946318 2.50300249002
-5.18556637746 0.285888712068 2.4883361897
-5.16878234058 0.267577887438 2.4715823992
-5.15330985965 0.249106790056 2.45304746216
-5.13942300478 0.230713964512 2.43288753437
-5.12740367042 0.212565130671 2.41110856121
-5.11751523697 0.194762746831 2.38761436877
-5.10998480774 0.177379558637 2.3622917304
-5.1049966408 0.160507058032 2.33511184555
-5.10269615533 0.144305465116 2.30622292574
-5.10320095891 0.12904072119 2.27600968488
-5.10661341436 0.115096374842 2.24510234103
-5.11302880142 0.102953685045 2.21432882549
-5.12253424465 0.0931405803909 2.18461685174
-5.1351960199 0.0861576736344 2.15686444503
-5.15103605033 0.0823956100065 2.13180575546
-5.17000160443 0.0820611853744 2.10990152257
-5.19193464257 0.0851290744466 2.09127967413
-5.21654830894 0.091331634252 2.07574186776
-5.24341741769 0.100191898488 2.06283823549
-5.2719874945 0.11109603296 2.05199797526
-5.30160344042 0.123393030219 2.04269085642
-5.33155489903 0.136503112189 2.03458691859
-5.36113178318 0.15001360105 2.02768044526
-5.38968095675 0.163742605963 2.02235013417
-5.41665434901 0.177756566047 2.01933924797
-5.44164002898 0.19233643451 2.01965511113
-5.46437079743 0.207897372387 2.02440350849
-5.48470909384 0.224876217229 2.03458703928
-5.50261162649 0.243607779452 2.0509044964
-5.51808117564 0.264213775928 2.0735891651
-5.53111565064 0.286526316698 2.10231730893
-5.54166513274 0.310061632681 2.13620528538

/group/LSA_b3/69
69
posId 69
-5.67215981705 0.0970786646751 2.34268147628
-5.67398911058 0.121324677383 2.38454805551
-5.67245973607 0.144260866971 2.42587357163
-5.6674356509 0.164778537705 2.46477125023
-5.65872420348 0.181936209544 2.49967959444
-5.64612102274 0.195073294887 2.52953950793
-5.62947418763 0.203881155707 2.55388595104
-5.60875534552 0.208420165992 2.57284054384
-5.58412329368 0.209080994583 2.5870096092
-5.55596619506 0.206498163903 2.59730918577
-5.52491200229 0.201432194789 2.60475132701
-5.49180220766 0.194641791928 2.61023216426
-5.45763068781 0.186768635614 2.61436066387
-5.42345591132 0.178254275703 2.61735815494
-5.39029987754 0.169302022142 2.61904435017
-5.35904986842 0.159887907256 2.61890857029
-5.33037888309 0.149815476916 2.61624853363
-5.3046975049 0.13880113747 2.6103465333
-5.28214449703 0.126571550923 2.60064645598
-5.26261665182 0.112953072335 2.58689602335
-5.24583159999 0.0979356576092 2.56922653635
-5.23141169039 0.0816994624431 2.5481555893
-5.21897371224 0.0646002825304 2.52451399044
-5.20820874658 0.0471184315763 2.4993133033
-5.19893884782 0.0297829259233 2.47358199532
-5.19114206353 0.0130875150021 2.448203894
-5.18494354183 -0.00258371745343 2.42379145041
-5.18057693151 -0.0170059247556 2.40061854261
-5.1783257086 -0.0301285370753 2.3786248768
-5.17845744166 -0.0420535166576 2.35748909793
-5.18116473191 -0.0529823681433 2.33675357332
-5.18652455635 -0.0631439685784 2.31597334571
-5.19448346551 -0.0727192028399 2.29485708283
-5.20487044338 -0.081778915245 2.27336990192
-5.21743338536 -0.0902487268326 2.25177626796
-5.23189027224 -0.0979084483136 2.23061401925
-5.24798318481 -0.104426357912 2.21060530258
-5.26552288255 -0.109421068233 2.19252375123
-5.28441381365 -0.112537655855 2.17704679595
-5.30465366823 -0.113521449595 2.16462554903
-5.32630704467 -0.11227308223 2.15540145179
-5.34945834169 -0.108872106473 2.14918942058
-5.37415347855 -0.103562940318 2.14553343744
-5.40034256048 -0.0967048415981 2.14382518648
-5.42783563007 -0.0886953981832 2.14346256931
-5.45628116958 -0.0798830443511 2.14401559784
-5.48517254354 -0.0704870936642 2.14536426063
-5.51388200501 -0.0605430276858 2.1477772243
-5.54171636335 -0.0498863544862 2.15191096499
-5.56798405603 -0.0381810494981 2.15872412297
-5.59206107402 -0.024989805537 2.16931860363
-5.61344344056 -0.00987476475974 2.18473392787
-5.63177670041 0.00748921294543 2.2057315707
-5.64685759691 0.0272100187504 2.23260941489
-5.65860884864 0.0491030798255 2.26508219249

/group/LSA_b3/72
72
posId 72
-5.4744284461 -0.245261682146 2.33476513184
-5.52118842689 -0.243528702344 2.3293798159
-5.56579983422 -0.240130761836 2.32716823878
-5.60587403993 -0.234869629 2.32888648939
-5.63967764654 -0.227477534156 2.33529110172
-5.66634450044 -0.217713768246 2.34693942784
-5.68590741118 -0.205464773193 2.36401612626
-5.69915094551 -0.19082105835 2.38623025071
-5.70732840555 -0.174110461163 2.41280964966
-5.7118157469 -0.155878865061 2.44259468124
-5.71378557985 -0.136823260845 2.47420830351
-5.71397364489 -0.11769420129 2.5062611041
-5.71258203613 -0.0991919758313 2.53754261355
-5.70932619161 -0.0818813690751 2.56715595222
-5.70359657239 -0.066143727418 2.59456956022
-5.69468046839 -0.052174168452 2.61958254451
-5.68198054343 -0.0400193307287 2.64222260384
-5.66517566827 -0.0296406165956 2.66261142714
-5.64429236849 -0.0209822851283 2.68083780763
-5.61968424817 -0.0140243761765 2.69687251949
-5.59194314858 -0.00880681544238 2.71054363975
-5.56178201916 -0.00542102875581 2.72157138505
-5.52993148423 -0.00397585128743 2.7296436361
-5.49708041468 -0.00455227692939 2.73450237749
-5.46387020534 -0.00716437576833 2.7360102677
-5.43093026415 -0.0117407998388 2.73417536691
-5.39892602244 -0.0181337426319 2.729127595
-5.36858599455 -0.0261524810919 2.72105767118
-5.34068261163 -0.0356098361263 2.71014258228
-5.31595994879 -0.0463648693755 2.69648678165
-5.2950238162 -0.0583455577541 2.68010364658
-5.27822825937 -0.0715410400098 2.66094861094
-5.26560054879 -0.0859626046369 2.63899790396
-5.25684064301 -0.101582984475 2.61435046979
-5.25141172425 -0.118271508411 2.58732068578
-5.24871092879 -0.13574564798 2.5584893596
-5.24828193992 -0.153556340808 2.52869064698
-5.2500123433 -0.171115848162 2.49893032709
-5.2542551405 -0.187765147254 2.47025121341
-5.26182797453 -0.202866316857 2.44357832802
-5.27387272863 -0.215897439203 2.41958461566
-5.29159495001 -0.226525654893 2.39861461401
-5.31593710771 -0.234638928534 2.380689114
-5.34726220448 -0.24032762729 2.36559216548
-5.3851278191 -0.243820358092 2.35301877061

/group/LSA_b3/75
75
posId 75
-5.7005950277 -0.2574553981 2.6982415105
-5.68367315256 -0.236944337865 2.73213656143
-5.66316592583 -0.219080085401 2.76157773939
-5.63972951704 -0.204610936171 2.785329005
-5.61400217891 -0.193867851144 2.80284849838
-5.5865610779 -0.186737748278 2.81433238275
-5.55790230162 -0.182728246542 2.82060683589
-5.52844456172 -0.181109232046 2.82289254109
-5.49855183907 -0.181098313442 2.82249641072
-5.46856639796 -0.182046858529 2.8205024863
-5.43884204922 -0.183583481149 2.81753364311
-5.40976850005 -0.185682535862 2.81363795529
-5.38178069297 -0.188643677647 2.80832283708
-5.35535131221 -0.192990191706 2.80072411411
-5.33096897298 -0.199313170303 2.78986500459
-5.30910791504 -0.208100918964 2.77493956048
-5.29019653774 -0.219595277184 2.75555130797
-5.27459159657 -0.233708489323 2.73185121339
-5.26256264235 -0.250018148273 2.70454588102
-5.25428807711 -0.267837853206 2.67477992682
-5.24986099309 -0.286342728327 2.64392720118
-5.24930066026 -0.304716504133 2.6133462108
-5.2525647266 -0.322283432372 2.58416078664
-5.25955801932 -0.338594424993 2.55711687413
-5.2701359234 -0.353450496028 2.53254357361
-5.28410293383 -0.366863933732 2.51041772832
-5.30120925721 -0.37897388578 2.49050434011
-5.32114951716 -0.389943897274 2.47252704414
-5.34356728473 -0.399871689089 2.45631829687
-5.36806736824 -0.408735682762 2.44190852682
-5.39423507833 -0.416390403031 2.42953405161
-5.42165887121 -0.422607632275 2.41956891237
-5.44995078192 -0.427146485217 2.41240855553
-5.47875861167 -0.429827328314 2.40834700277
-5.50776523488 -0.430583989529 2.40748996651
-5.53667342316 -0.429476052187 2.40973418304
-5.56517853028 -0.426656012798 2.41482168206
-5.59293521307 -0.422300886158 2.42245313177
-5.61952699707 -0.416530082823 2.43242406567
-5.64444809974 -0.409337361938 2.4447378584
-5.6671051517 -0.40056240689 2.45965304654
-5.68684256896 -0.389917429098 2.47763941267
-5.70299015206 -0.377068786728 2.49924283473
-5.71492622701 -0.361757102159 2.52488629058
-5.72214558155 -0.343926417854 2.55465588931
-5.72431962985 -0.323827363823 2.58813003861
-5.72133718494 -0.30206304179 2.62430366047

/group/LSA_b3/78
78
posId 78
-5.5581207976 -0.335232460411 2.86188996844
-5.59826936486 -0.341049349697 2.85148647925
-5.63437601432 -0.349059654877 2.8371133219
-5.66487408184 -0.359246242319 2.81879760961
-5.68886350037 -0.371467168535 2.79679340198
-5.70617213253 -0.385448167418 2.77159541744
-5.71727114818 -0.400801658088 2.74390451174
-5.72307152768 -0.417067498 2.71455360959
-5.72465553628 -0.433765388963 2.68441244055
-5.72300970017 -0.450446330739 2.65429399803
-5.71882161576 -0.466731394453 2.62488404566
-5.71238341981 -0.482330023224 2.59670784349
-5.70361541161 -0.497035912715 2.57013764254
-5.69219202178 -0.510704640531 2.54543337786
-5.67772722729 -0.523221921081 2.5228004306
-5.65996392637 -0.534473400306 2.50244461976
-5.63891453224 -0.544325768533 2.48460664215
-5.61491679324 -0.552625043992 2.46956530729
-5.58859455978 -0.559212323106 2.45760900743
-5.56074058111 -0.563951714827 2.44898500153
-5.53215985573 -0.566761184882 2.44384334972
-5.50352181073 -0.567635794847 2.44219459905
-5.47526522751 -0.566654721579 2.44389687943
-5.44758290425 -0.563967989774 2.44867981824
-5.42048857456 -0.559764793371 2.45620189344
-5.39394367174 -0.554230952624 2.46612754608
-5.36800329903 -0.547506825739 2.47820351905
-5.34293448075 -0.539657731082 2.49231254265
-5.31926728959 -0.530666315874 2.50848723613
-5.29775872852 -0.520450924719 2.52687685867
-5.27927489738 -0.508907244286 2.5476718401
-5.26462172851 -0.495964113524 2.57100261321
-5.25437131108 -0.481640119218 2.59683701725
-5.24873454522 -0.46608664881 2.62490226356
-5.24752013181 -0.449605795864 2.65465251044
-5.25019728053 -0.432637295635 2.68529260151
-5.25605094974 -0.415716081206 2.7158550688
-5.26439166651 -0.399409217029 2.74531449928
-5.27476448145 -0.384246047597 2.77271414811
-5.28709853314 -0.370657075586 2.79727664765
-5.30175140269 -0.35893490694 2.8184746222
-5.31942807921 -0.349225111573 2.83604698983
-5.34098653374 -0.341547443398 2.84996017956
-5.36717231041 -0.335840430348 2.86032698525
-5.3983451474 -0.332016774223 2.86730588486
-5.43426579437 -0.330014692891 2.87100783174
-5.47399917262 -0.329831844804 2.87143477406

/group/LSA_b3/81
81
posId 81
-5.56375116848 -0.422984726975 2.90357489393
-5.60187603324 -0.422842143309 2.89131129662
-5.63630224864 -0.424857757807 2.87511224777
-5.66564835678 -0.429165333042 2.85511476582
-5.68906614895 -0.435761823583 2.83160655411
-5.70631345608 -0.444499453536 2.80502087106
-5.71771817999 -0.455101553413 2.77591057039
-5.72404443851 -0.467197881966 2.74490793285
-5.72629187399 -0.480371267253 2.71267954076
-5.72547229365 -0.494205494486 2.67988566698
-5.72241106898 -0.508324811038 2.64715151389
-5.71761354573 -0.522418027884 2.61505377514
-5.71122087225 -0.536244291005 2.584121445
-5.70305883306 -0.549622165623 2.55484576313
-5.6927622398 -0.5624076207 2.52769170861
-5.67994093335 -0.574468891568 2.50310319851
-5.66434514354 -0.585666492331 2.48149619051
-5.6459895808 -0.595844816125 2.46323773323
-5.62520664448 -0.60483828453 2.44861367755
-5.60261683143 -0.612490768595 2.43779204212
-5.57902461066 -0.618683069507 2.43079175715
-5.55526596469 -0.623360613071 2.42746687655
-5.53204531974 -0.62655286552 2.42751408494
-5.50980205361 -0.628377528394 2.4305068051
-5.48863966652 -0.62902599495 2.43595337487
-5.46833574498 -0.628731065286 2.44337091635
-5.44843158382 -0.627722455356 2.45236204288
-5.4283812983 -0.626179096031 2.46267957016
-5.40772593077 -0.624188727806 2.47426552693
-5.3862518099 -0.621724416472 2.48725492938
-5.36409573806 -0.618644454721 2.50194124059
-5.34177171404 -0.614717317442 2.51870789074
-5.32011203294 -0.609667943518 2.53793713302
-5.30013551764 -0.603236827668 2.55991237345
-5.28287267405 -0.595240317639 2.58473186116
-5.26918771971 -0.585619860392 2.61224982511
-5.25963829342 -0.574469928784 2.6420561083
-5.25440494869 -0.56203860378 2.67349808633
-5.25330622726 -0.548700394277 2.70574064659
-5.25589495135 -0.534906640589 2.73785289262
-5.26161203808 -0.521123514077 2.76890547739
-5.26996015388 -0.507770171353 2.79806100781
-5.28065421692 -0.495169484419 2.82464204604
-5.29371047223 -0.483520973467 2.84816635324
-5.30944965328 -0.472900725715 2.86834603825
-5.32840954451 -0.463287250361 2.88505466989
-5.35118359466 -0.454606669624 2.8982726227
-5.37822021529 -0.446786584856 2.90802468641
-5.40962785997 -0.439806256236 2.91432457513
-5.44503141175 -0.433731740672 2.91713842457
-5.48351555645 -0.428728092695 2.91637435225

/group/LSA_b3/84
84
posId 84
-5.38043947629 -0.600923501644 2.91754144264
-5.41531980747 -0.582111598224 2.93223291722
-5.45145813214 -0.562828570455 2.94327220169
-5.48751543135 -0.543774382167 2.95054317377
-5.52232887462 -0.525555053059 2.9539821568
-5.55501038815 -0.508632315634 2.95356261047
-5.58499275584 -0.493300219574 2.94928494146
-5.61202042987 -0.47969003053 2.9411737891
-5.63609283003 -0.467799363685 2.9292833212
-5.65737625187 -0.457537261755 2.91370918821
-5.67610497536 -0.448774686018 2.89460422728
-5.69249206319 -0.44138998714 2.87219409951
-5.70666598052 -0.435301185855 2.84678895641
-5.71864179042 -0.430480682481 2.8187879588
-5.72832711829 -0.426952385001 2.78867483305
-5.7355553378 -0.424775174999 2.75700433828
-5.74013321506 -0.424019252765 2.72438116952
-5.74188858668 -0.424742701219 2.6914340941
-5.74070567776 -0.426974523125 2.65878877061
-5.73654063812 -0.430707831555 2.6270426355
-5.7294163574 -0.435903548072 2.59674452942
-5.71940186823 -0.442501780996 2.56838058004
-5.70658603466 -0.450435845725 2.54236655222
-5.69105664178 -0.459643210806 2.51904572643
-5.67289412313 -0.470068664585 2.49869061984
-5.65218451502 -0.481657417202 2.48150665572
-5.6290500602 -0.494339033785 2.46763620694
-5.60368985671 -0.508006184295 2.45716214666
-5.57641871336 -0.5224943479 2.45011089814
-5.54769116602 -0.537569199044 2.44645571861
-5.51809992206 -0.552927183372 2.44612134995
-5.48834344736 -0.568211971377 2.44899109094
-5.45916479443 -0.583045677088 2.45491679203
-5.4312713476 -0.597069844681 2.4637313808
-5.40525105384 -0.60998820037 2.47526253204
-5.38150334698 -0.621601838829 2.4893452835
-5.36020149295 -0.631828299556 2.50583102234
-5.34129755146 -0.640698845506 2.52459049053
-5.32457259039 -0.648332651954 2.54550930274
-5.30972498166 -0.654891631919 2.56847580648
-5.29648070344 -0.660524162882 2.59336268222
-5.28470361937 -0.665308994071 2.62000514259
-5.27448217209 -0.669211357926 2.64817960877
-5.26617236417 -0.672061512512 2.67758705781
-5.26038477785 -0.673561882283 2.70784472868
-5.25791419222 -0.673323424796 2.73848860017
-5.25962190153 -0.670925955648 2.76898723575
-5.26629071577 -0.665992142878 2.79876557744
-5.27847873425 -0.658261803967 2.82723546708
-5.29639898884 -0.647652677733 2.85382844906
-5.31984767919 -0.634296130388 2.87802602382

/group/LSA_b3/87
87
posId 87
-5.38427681127 -0.711677833532 2.61735013818
-5.37424033258 -0.680373583315 2.59290819758
-5.36679703366 -0.647160380491 2.57097438511
-5.36212553877 -0.613075957183 2.55216672313
-5.36029358892 -0.579048123059 2.53692304341
-5.36124657022 -0.54581263472 2.52545539921
-5.36480719911 -0.513859050281 2.51772905339
-5.37068715573 -0.483410785645 2.51346939655
-5.3785100045 -0.454440848814 2.51219653318
-5.387843313 -0.42671986415 2.51328363925
-5.39823666771 -0.399888687728 2.51603204124
-5.40926145682 -0.373544750559 2.51975372711
-5.42054796386 -0.347329674141 2.52385098724
-5.43181554716 -0.321005881286 2.52788323863
-5.44289244695 -0.294511821031 2.53161276553
-5.45372297494 -0.267988743258 2.53502388467
-5.46436134589 -0.241776202026 2.53831353765
-5.4749530171 -0.216378015972 2.54185504849
-5.48570590157 -0.192404613269 2.54614025524
-5.49685502138 -0.170500939316 2.55170796011
-5.50862491551 -0.15127095361 2.55906827931
-5.52119431702 -0.135209941644 2.56863280001
-5.53466724655 -0.122654413826 2.58065943929
-5.549053787 -0.113756492195 2.59521870606
-5.56426252843 -0.108485837531 2.61218500962
-5.58010517501 -0.106657923741 2.63125317429
-5.59631228533 -0.107983456456 2.65197689521
-5.61255777265 -0.112130552762 2.67382298224
-5.62848879406 -0.118789417755 2.69623327735
-5.64375712798 -0.127728945904 2.71868535378
-5.6580481354 -0.138835982428 2.74074359742
-5.67110390484 -0.152130703985 2.76209393817
-5.68273811029 -0.167755311039 2.78255807965
-5.69284132612 -0.185937408164 2.80208618442
-5.70137686771 -0.206933456864 2.82073015109
-5.70836847769 -0.230960915487 2.83860241055
-5.71388218618 -0.258129641962 2.85582717305
-5.71800530924 -0.288383521581 2.8724919992
-5.72082574137 -0.32146201871 2.88860732502
-5.72241443597 -0.356888605678 2.90408019919
-5.7228133098 -0.393989181634 2.91870620767
-5.72202986585 -0.431939211173 2.93218071651
-5.72003875216 -0.469834024551 2.9441275878
-5.71678942592 -0.506773159355 2.95414085942
-5.71221822834 -0.541947319674 2.96183292395
-5.70626261616 -0.574715838891 2.96688178203
-5.69887511635 -0.604663581919 2.96907012034
-5.69003478185 -0.631628887954 2.96831024406
-5.67975448411 -0.655698076945 2.96465108258
-5.66808318231 -0.677166678629 2.95826625592
-5.65510322475 -0.696472239895 2.94942512022
-5.64092361426 -0.714107656344 2.93845136164
-5.6256708644 -0.730526868111 2.92567567681
-5.60947947307 -0.746056033237 2.91139006197
-5.59248408004 -0.760822744618 2.89581107407
-5.57481504654 -0.774713545137 2.87905813732
-5.55659854834 -0.787366225486 2.86115072627
-5.53796141235 -0.798198674178 2.84202538602
-5.51903998687 -0.806471039021 2.82157047021
-5.49999147311 -0.811373349593 2.7996736452
-5.4810055032 -0.812127184045 2.77627505024
-5.46231344464 -0.808087941312 2.75141785163
-5.4441930063 -0.798834088096 2.72528797539
-5.4269662241 -0.78423142105 2.69823606624
-5.41098975708 -0.76446369136 2.67077704377

/group/LSA_b3/90
90
posId 90
-5.34693333847 -0.594479297764 2.53587552927
-5.34600318877 -0.556732268024 2.53496671179
-5.34611340326 -0.520249691632 2.53512772241
-5.34715977702 -0.484996764742 2.53625128546
-5.34903501816 -0.450779185719 2.53822715368
-5.35163359659 -0.417292805691 2.54094703728
-5.35485661219 -0.384184351188 2.54430953866
-5.3586164543 -0.351116949567 2.54822486596
-5.36284100397 -0.317833707029 2.55261907808
-5.3674771241 -0.284212760383 2.55743760762
-5.37249319458 -0.250308032413 2.56264781876
-5.37788048043 -0.216371291546 2.56824038747
-5.38365317094 -0.182852920518 2.57422934096
-5.38984699643 -0.150380865632 2.58065066042
-5.39651641067 -0.119719372108 2.58755943291
-5.40373041848 -0.0917111089723 2.59502562956
-5.41156722153 -0.0672079579625 2.60312868136
-5.4201079443 -0.0469969241184 2.61195111403
-5.42942977991 -0.0317282053522 2.6215715824
-5.43959895347 -0.0218523750344 2.63205770531
-5.45066393546 -0.0175728881912 2.64345913777
-5.46264934285 -0.0188187831206 2.65580132524
-5.47555094076 -0.0252406371651 2.66908036118
-5.48933210242 -0.0362307142781 2.68325931482
-5.50392200216 -0.0509660088836 2.69826631413
-5.51921571084 -0.0684707529893 2.71399456271
-5.53507624239 -0.0876931114399 2.73030434765
-5.55133847186 -0.107589417056 2.74702696509
-5.56781471985 -0.127208524013 2.76397036181
-5.5843016838 -0.145768759953 2.78092617357
-5.60058830267 -0.162720548552 2.7976777435
-5.61646407536 -0.177789004363 2.81400863373
-5.63172731955 -0.190992561212 2.82971110698
-5.64619286028 -0.202635825381 2.84459405437
-5.65969867594 -0.213277151599 2.85848988236
-5.67211110125 -0.223673712803 2.87125994278
-5.68332828673 -0.234708865565 2.88279819042
-5.69328173555 -0.24730821541 2.89303287502
-5.70193587124 -0.262351812481 2.90192621042
-5.70928572498 -0.280590263085 2.90947210196
-5.71535295872 -0.302572193149 2.91569214501
-5.72018054977 -0.328589476678 2.92063022202
-5.72382654821 -0.358645038816 2.92434611517
-5.72635737204 -0.392446005392 2.92690860987
-5.72784112462 -0.429422685005 2.92838858774
-5.72834140357 -0.468771544451 2.92885259438
-5.72791202128 -0.509518186095 2.92835731999
-5.72659297957 -0.550594552746 2.92694535321
-5.72440794146 -0.590923333814 2.92464246731
-5.72136332859 -0.629501939141 2.92145658132
-5.7174490539 -0.66547849755 2.9173784157
-5.7126407836 -0.698213115283 2.91238374213
-5.70690351886 -0.727319021421 2.90643701879
-5.70019620401 -0.752680103107 2.89949611347
-5.69247700828 -0.774443518832 2.89151775297
-5.68370889688 -0.792988371143 2.8824633014
-5.67386510393 -0.808873609534 2.87230446477
-5.66293414476 -0.822770219034 2.86102854135
-5.65092405285 -0.835384157886 2.84864288568
-5.63786559393 -0.847377311325 2.83517832172
-5.62381428907 -0.859293856618 2.82069132227
-5.60885116346 -0.871498878935 2.80526486011
-5.59308222145 -0.884134893244 2.78900792389
-5.57663672455 -0.897100227201 2.77205377284
-5.55966441352 -0.9100511644 2.75455707295
-5.54233186335 -0.92242752883 2.73669010973
-5.52481819075 -0.933499216983 2.71863830661
-5.50731034575 -0.942429255525 2.7005952938
-5.48999821548 -0.948347457929 2.68275776962
-5.47306975021 -0.95042781069 2.66532038014
-5.45670629419 -0.94796242349 2.64847081408
-5.44107827026 -0.940425251935 2.63238527536
-5.42634133194 -0.927519807576 2.61722445807
-5.41263306348 -0.909206610112 2.60313011208
-5.40007028013 -0.885708063666 2.59022225622
-5.38874695885 -0.857490569976 2.57859707042
-5.37873281563 -0.825225824718 2.56832548084
-5.37007253726 -0.789735178372 2.55945244115
-5.36278567289 -0.751922498393 2.55199690824
-5.35686718977 -0.712702000043 2.54595250857
-5.35228869715 -0.672927923814 2.5412888902

/group/LSA_b3/93
93
posId 93
-5.69542854605 -0.451771843911 2.89246207921
-5.6893151779 -0.413568874958 2.88621564199
-5.68179372153 -0.377482517084 2.87851625436
-5.67281557539 -0.343943067092 2.86931330117
-5.66232572011 -0.313275591854 2.85854969455
-5.65027512194 -0.285707630926 2.84617463825
-5.6366342264 -0.261382652979 2.83215750719
-5.6214066911 -0.240376650256 2.81650196944
-5.6046422923 -0.222715394325 2.79925925615
-5.58644776219 -0.208390349231 2.78053930228
-5.56699423317 -0.197371920176 2.76051839615
-5.54652003307 -0.189619459744 2.73944204531
-5.52532782838 -0.185088116983 2.71762202532
-5.5037755568 -0.183733083999 2.69542703573
-5.48226120143 -0.18551200532 2.67326701576
-5.46120217478 -0.190386259705 2.65157191017
-5.44101081522 -0.19832155107 2.63076643223
-5.42206814693 -0.209287847991 2.61124303907
-5.40469851141 -0.223258307689 2.59333580601
-5.38914785654 -0.240206528924 2.57729806991
-5.37556830984 -0.26010139364 2.56328654794
-5.36401115323 -0.282898930859 2.55135411274
-5.35442949262 -0.308531064344 2.54145255657
-5.34669086098 -0.336891727024 2.53344558933
-5.34059883128 -0.36782153152 2.52713111769
-5.33592159077 -0.401092839066 2.52227069336
-5.33242449253 -0.436397525712 2.51862305388
-5.32990298442 -0.473339883548 2.51597804557
-5.32821211746 -0.511436840397 2.51418701396
-5.32728909646 -0.550127021561 2.513186017
-5.32716604096 -0.588789169264 2.51300894357
-5.32797119692 -0.626769202519 2.51378872624
-5.32991815303 -0.663413914214 2.51574619113
-5.33328400816 -0.698108159537 2.5191675242
-5.33837873579 -0.730311579793 2.52437267169
-5.34550903157 -0.759590580121 2.53167806496
-5.35494058282 -0.785641526276 2.54135773158
-5.36686288217 -0.808301950862 2.55360704213
-5.38136040263 -0.827547882617 2.56851302687
-5.39839320265 -0.8434770747 2.58603442258
-5.41778893624 -0.856279692377 2.60599348199
-5.43924694895 -0.866199682702 2.62808024248
-5.46235380784 -0.873491351983 2.65186857704
-5.48660840766 -0.878376427678 2.67684210706
-5.51145385652 -0.881006959238 2.70242708983
-5.53631277301 -0.88143878879 2.72802880566
-5.5606224717 -0.87961906732 2.75306781184
-5.58386676698 -0.875389564446 2.77701269316
-5.60560172599 -0.86850554738 2.79940656037
-5.62547355056 -0.858668050105 2.81988542488
-5.64322773968 -0.845565678646 2.83818758068
-5.65870964875 -0.828920924813 2.85415412013
-5.67185740378 -0.808535440877 2.86772157727
-5.68268875867 -0.784328921609 2.87890834144
-5.69128385341 -0.756367109135 2.88779686348
-5.69776593225 -0.724875849339 2.894513779
-5.70228194394 -0.690239883562 2.89920993004
-5.70498463148 -0.652986912412 2.90204194006
-5.70601730145 -0.613759170633 2.90315656475
-5.70550202156 -0.57327608476 2.90267858536
-5.70353159501 -0.5322923909 2.90070259755

/group/LSA_b3/96
96
posId 96
-5.69404754605 -0.451773843911 2.89380307921
-5.6879341779 -0.413570874958 2.88755664199
-5.68041272153 -0.377484517084 2.87985725436
-5.67143457539 -0.343945067092 2.87065430117
-5.66094472011 -0.313277591854 2.85989069455
-5.64889412194 -0.285709630926 2.84751563825
-5.6352532264 -0.261384652979 2.83349850719
-5.6200256911 -0.240378650256 2.81784296944
-5.6032612923 -0.222717394325 2.80060025615
-5.58506676219 -0.208392349231 2.78188030228
-5.56561323317 -0.197373920176 2.76185939615
-5.54513903307 -0.189621459744 2.74078304531
-5.52394682838 -0.185090116983 2.71896302532
-5.5023945568 -0.183735083999 2.69676803573
-5.48088020143 -0.18551400532 2.67460801576
-5.45982117478 -0.190388259705 2.65291291017
-5.43962981522 -0.19832355107 2.63210743223
-5.42068714693 -0.209289847991 2.61258403907
-5.40331751141 -0.223260307689 2.59467680601
-5.38776685654 -0.240208528924 2.57863906991
-5.37418730984 -0.26010339364 2.56462754794
-5.36263015323 -0.282900930859 2.55269511274
-5.35304849262 -0.308533064344 2.54279355657
-5.34530986098 -0.336893727024 2.53478658933
-5.33921783128 -0.36782353152 2.52847211769
-5.33454059077 -0.401094839066 2.52361169336
-5.33104349253 -0.436399525712 2.51996405388
-5.32852198442 -0.473341883548 2.51731904557
-5.32683111746 -0.511438840397 2.51552801396
-5.32590809646 -0.550129021561 2.514527017
-5.32578504096 -0.588791169264 2.51434994357
-5.32659019692 -0.626771202519 2.51512972624
-5.32853715303 -0.663415914214 2.51708719113
-5.33190300816 -0.698110159537 2.5205085242
-5.33699773579 -0.730313579793 2.52571367169
-5.34412803157 -0.759592580121 2.53301906496
-5.35355958282 -0.785643526276 2.54269873158
-5.36548188217 -0.808303950862 2.55494804213
-5.37997940263 -0.827549882617 2.56985402687
-5.39701220265 -0.8434790747 2.58737542258
-5.41640793624 -0.856281692377 2.60733448199
-5.43786594895 -0.866201682702 2.62942124248
-5.46097280784 -0.873493351983 2.65320957704
-5.48522740766 -0.878378427678 2.67818310706
-5.51007285652 -0.881008959238 2.70376808983
-5.53493177301 -0.88144078879 2.72936980566
-5.5592414717 -0.87962106732 2.75440881184
-5.58248576698 -0.875391564446 2.77835369316
-5.60422072599 -0.86850754738 2.80074756037
-5.62409255056 -0.858670050105 2.82122642488
-5.64184673968 -0.845567678646 2.83952858068
-5.65732864875 -0.828922924813 2.85549512013
-5.67047640378 -0.808537440877 2.86906257727
-5.68130775867 -0.784330921609 2.88024934144
-5.68990285341 -0.756369109135 2.88913786348
-5.69638493225 -0.724877849339 2.895854779
-5.70090094394 -0.690241883562 2.90055093004
-5.70360363148 -0.652988912412 2.90338294006
-5.70463630145 -0.613761170633 2.90449756475
-5.70412102156 -0.57327808476 2.90401958536
-5.70215059501 -0.5322943909 2.90204359755

/group/LSA_b3/99
99
posId 99
-5.69237554605 -0.451775843911 2.89542607921
-5.6862621779 -0.413572874958 2.88917964199
-5.67874072153 -0.377486517084 2.88148025436
-5.66976257539 -0.343947067092 2.87227730117
-5.65927272011 -0.313279591854 2.86151369455
-5.64722212194 -0.285711630926 2.84913863825
-5.6335812264 -0.261386652979 2.83512150719
-5.6183536911 -0.240380650256 2.81946596944
-5.6015892923 -0.222719394325 2.80222325615
-5.58339476219 -0.208394349231 2.78350330228
-5.56394123317 -0.197375920176 2.76348239615
-5.54346703307 -0.189623459744 2.74240604531
-5.52227482838 -0.185092116983 2.72058602532
-5.5007225568 -0.183737083999 2.69839103573
-5.47920820143 -0.18551600532 2.67623101576
-5.45814917478 -0.190390259705 2.65453591017
-5.43795781522 -0.19832555107 2.63373043223
-5.41901514693 -0.209291847991 2.61420703907
-5.40164551141 -0.223262307689 2.59629980601
-5.38609485654 -0.240210528924 2.58026206991
-5.37251530984 -0.26010539364 2.56625054794
-5.36095815323 -0.282902930859 2.55431811274
-5.35137649262 -0.308535064344 2.54441655657
-5.34363786098 -0.336895727024 2.53640958933
-5.33754583128 -0.36782553152 2.53009511769
-5.33286859077 -0.401096839066 2.52523469336
-5.32937149253 -0.436401525712 2.52158705388
-5.32684998442 -0.473343883548 2.51894204557
-5.32515911746 -0.511440840397 2.51715101396
-5.32423609646 -0.550131021561 2.516150017
-5.32411304096 -0.588793169264 2.51597294357
-5.32491819692 -0.626773202519 2.51675272624
-5.32686515303 -0.663417914214 2.51871019113
-5.33023100816 -0.698112159537 2.5221315242
-5.33532573579 -0.730315579793 2.52733667169
-5.34245603157 -0.759594580121 2.53464206496
-5.35188758282 -0.785645526276 2.54432173158
-5.36380988217 -0.808305950862 2.55657104213
-5.37830740263 -0.827551882617 2.57147702687
-5.39534020265 -0.8434810747 2.58899842258
-5.41473593624 -0.856283692377 2.60895748199
-5.43619394895 -0.866203682702 2.63104424248
-5.45930080784 -0.873495351983 2.65483257704
-5.48355540766 -0.878380427678 2.67980610706
-5.50840085652 -0.881010959238 2.70539108983
-5.53325977301 -0.88144278879 2.73099280566
-5.5575694717 -0.87962306732 2.75603181184
-5.58081376698 -0.875393564446 2.77997669316
-5.60254872599 -0.86850954738 2.80237056037
-5.62242055056 -0.858672050105 2.82284942488
-5.64017473968 -0.845569678646 2.84115158068
-5.65565664875 -0.828924924813 2.85711812013
-5.66880440378 -0.808539440877 2.87068557727
-5.67963575867 -0.784332921609 2.88187234144
-5.68823085341 -0.756371109135 2.89076086348
-5.69471293225 -0.724879849339 2.897477779
-5.69922894394 -0.690243883562 2.90217393004
-5.70193163148 -0.652990912412 2.90500594006
-5.70296430145 -0.613763170633 2.90612056475
-5.70244902156 -0.57328008476 2.90564258536
-5.70047859501 -0.5322963909 2.90366659755

