/group/N_LCA5/0
0
posId 0
-1.90485360987 1.68578737069 -10.7876644602
-1.8979326347 1.71145628352 -10.8119334601
-1.89261187918 1.73872466845 -10.8308579701
-1.88895545697 1.76677131789 -10.8441925092
-1.88687258714 1.79506400575 -10.8522246375
-1.88613778028 1.82339830021 -10.8557081974
-1.88643175443 1.85187286635 -10.8557243374
-1.88739631153 1.88080641192 -10.85349335
-1.88869402333 1.91061200452 -10.8501687661
-1.89006277796 1.94165222202 -10.8466481172
-1.89135616335 1.97410208092 -10.8434317778
-1.89256314534 2.00784528941 -10.8405528726
-1.89380409368 2.04242334687 -10.8375888873
-1.89530428007 2.07704745923 -10.8337515412
-1.8973497984 2.11067189816 -10.8280381649
-1.90023376905 2.14211636292 -10.8194176074
-1.90420218442 2.17021611359 -10.8070183371
-1.90940858764 2.19397371814 -10.7902867861
-1.91588500739 2.21268606979 -10.7690899506
-1.92353354031 2.22602489324 -10.743746653
-1.9321392433 2.23405741153 -10.7149847595
-1.94140125155 2.23720462704 -10.6838346714
-1.95097594798 2.23614580189 -10.651480235
-1.96052411852 2.23168717552 -10.6190949322
-1.96975365005 2.22461902165 -10.5876927023
-1.97845049731 2.21558674903 -10.5580188563
-1.98649310892 2.20499864255 -10.5304981185
-1.99384877616 2.1929856446 -10.5052455259
-2.0005538226 2.17941866082 -10.4821339059
-2.00668253923 2.16397810002 -10.4609011905
-2.01231173553 2.14626073124 -10.4412738493
-2.01748837118 2.12590223756 -10.4230804803
-2.02220686819 2.10269128845 -10.4063324267
-2.0264005693 2.07665297884 -10.3912555616
-2.02994883592 2.04808567537 -10.378267636
-2.03269805359 2.01754447224 -10.3679067939
-2.03449196447 1.98577484369 -10.3607268431
-2.03520483023 1.95360971615 -10.3571816778
-2.03477031617 1.92185024897 -10.3575235656
-2.03319980056 1.89115376933 -10.3617373799
-2.03058589654 1.86195095843 -10.3695257807
-2.02708992702 1.83440878183 -10.3803501763
-2.02291534494 1.80844685172 -10.3935210167
-2.01827200783 1.78380456378 -10.4083207525
-2.01333822287 1.76014642222 -10.4241356726
-2.00822816881 1.7371853415 -10.4405702291
-2.00297151594 1.71479985384 -10.4575199759
-1.99750992519 1.69312182278 -10.4751864915
-1.99171199365 1.67257638182 -10.494028348
-1.98540470002 1.65386446779 -10.514654357
-1.97841614686 1.63788891711 -10.5376766867
-1.97062202073 1.62563567931 -10.563549841
-1.96198716314 1.61803030274 -10.5924252648
-1.95259419026 1.61579484229 -10.6240496787
-1.9426531531 1.61933076446 -10.6577283265
-1.93248944924 1.62864915584 -10.6923633042
-1.92251101566 1.64336131879 -10.7265639601

/group/N_LCA5/3
3
posId 3
-1.9482631622 1.67429336032 -10.7554873638
-1.94247387581 1.70428061398 -10.7772699252
-1.938378723 1.73891601415 -10.7942146351
-1.93579847483 1.77667215557 -10.8067147675
-1.93442216895 1.81611977135 -10.8155923829
-1.93389386529 1.85606028688 -10.8218385124
-1.93390468189 1.89557967754 -10.8263275968
-1.93426870311 1.93402514953 -10.8295742123
-1.93496549264 1.97092517264 -10.8315891646
-1.93614009155 2.00588584504 -10.8318676328
-1.93806154715 2.03849960628 -10.8295101716
-1.94105074718 2.06829556027 -10.8234457682
-1.94539530771 2.09474626807 -10.8127023987
-1.95127185816 2.11732789344 -10.7966602449
-1.95869374401 2.13561395481 -10.775228191
-1.96749558627 2.14937215359 -10.748903848
-1.97735698342 2.15863171783 -10.7187061345
-1.98785820019 2.16369599629 -10.6860002016
-1.99855327446 2.1650897532 -10.6522596748
-2.00904236296 2.16344885102 -10.6188247132
-2.01902614211 2.1593768866 -10.5867131667
-2.0283303287 2.15330426172 -10.5565267225
-2.03689647481 2.14538699988 -10.5284685006
-2.04474402284 2.13547455688 -10.5024596434
-2.0519159212 2.12315966618 -10.4783174023
-2.05842405253 2.1079028249 -10.4559423619
-2.06421034365 2.08920448142 -10.4354614176
-2.06913485105 2.06678437199 -10.4172860679
-2.07299456412 2.04072345823 -10.40206906
-2.0755681172 2.01153090609 -10.3905703331
-2.07667428454 1.98011517291 -10.383468298
-2.07622797399 1.94766074306 -10.3811682457
-2.07427755512 1.91543503399 -10.3836619278
-2.07101178518 1.88456787543 -10.3904803622
-2.06673225382 1.85585424543 -10.4007585965
-2.06179623306 1.82962735924 -10.4134023292
-2.05654280981 1.80573430436 -10.4273192582
-2.05122011955 1.78362348689 -10.441659736
-2.0459320558 1.76252746799 -10.4560066119
-2.04061874777 1.74170233151 -10.4704645094
-2.03507728639 1.72067084423 -10.4856219631
-2.0290194967 1.6994146913 -10.5023903018
-2.02215436174 1.67847155424 -10.5217535012
-2.01427628136 1.65891338902 -10.5444859453
-2.0053383344 1.64220823257 -10.5709043905
-1.99549268523 1.62999324573 -10.6007139117
-1.9850876036 1.62380568919 -10.6329865563
-1.97462054848 1.62482686564 -10.6662807454
-1.96465703535 1.63369001828 -10.6988764519

/group/N_LCA5/6
6
posId 6
-2.05386686906 1.6759915839 -10.703402425
-2.04044927014 1.68251570616 -10.7435669531
-2.02889541741 1.69476363024 -10.7796386895
-2.02020785053 1.71264488912 -10.808705603
-2.01495567541 1.73551989699 -10.8289827797
-2.01317803974 1.76236060157 -10.8401268528
-2.01440782952 1.79198507289 -10.8432202369
-2.01780656779 1.82329074782 -10.8404343066
-2.02237401075 1.85541612689 -10.8344610783
-2.02717860601 1.88778716872 -10.8278588693
-2.03155215279 1.92004390424 -10.8224743652
-2.03520399874 1.95188257565 -10.8190778409
-2.03823319513 1.98287652713 -10.8172879512
-2.04104456535 2.01234645081 -10.8157847391
-2.04419897617 2.03933504561 -10.8127358366
-2.04824276218 2.06270733472 -10.8063109654
-2.05356271503 2.08135613572 -10.7951462673
-2.06030164485 2.09445539017 -10.7786446475
-2.06834921671 2.10168385606 -10.7570523495
-2.07739990362 2.10334484427 -10.7313186337
-2.08705127918 2.10033410027 -10.7028050599
-2.09690675297 2.09395042807 -10.6729467039
-2.10664944228 2.08559004348 -10.6429705666
-2.11606676891 2.07640224396 -10.6137474408
-2.12502406965 2.06699962866 -10.5858030728
-2.13340384747 2.05730548059 -10.5594591773
-2.14103935577 2.04658624583 -10.5350322892
-2.14767315328 2.03366754779 -10.5130017308
-2.15296248726 2.01728156615 -10.4940719524
-2.15653667722 1.99645619404 -10.4790942473
-2.15809245275 1.97084296017 -10.4688652634
-2.15749773062 1.94089542495 -10.4638676553
-2.15486783741 1.90784889395 -10.4640456779
-2.1505832511 1.87350519776 -10.4687057689
-2.14523355627 1.83987838912 -10.4765987849
-2.13949416 1.80879410205 -10.4861857978
-2.13396395666 1.78154683506 -10.4960295157
-2.12900689609 1.75870249757 -10.5052070061
-2.12464340984 1.74009308189 -10.513621675
-2.12052729371 1.72499771659 -10.5221105327
-2.1160222223 1.71245432369 -10.5322933536
-2.1103652111 1.70161244681 -10.5461802722
-2.10287947209 1.69202956399 -10.5656242383
-2.093183365 1.68383209186 -10.5917544029
-2.08134030866 1.67770240475 -10.6245407999

/group/N_LCA5/9
9
posId 9
-2.1305547157 1.67863175756 -10.7953077544
-2.11884380224 1.68677743738 -10.8273128539
-2.10955770826 1.69706262941 -10.8541662539
-2.10381867767 1.71003495655 -10.8733130334
-2.10217857009 1.72638023593 -10.8836574098
-2.10445169177 1.74663521428 -10.8858640149
-2.10975743052 1.77091864858 -10.8821491293
-2.11676300788 1.79876498891 -10.8756182335
-2.12405272982 1.82911469944 -10.8693521635
-2.13051000199 1.86046760469 -10.8655246598
-2.13559532716 1.89115582733 -10.8648224019
-2.13943833818 1.91965687926 -10.8663388823
-2.14272278314 1.94485670965 -10.8679593075
-2.14640982081 1.96619011738 -10.8670967433
-2.15139493049 1.98362573845 -10.8615319599
-2.1582109757 1.99751153503 -10.8500857355
-2.16686954709 2.00833843762 -10.83291878
-2.17688250453 2.01650132692 -10.8113864855
-2.18744342488 2.02213172385 -10.7875271956
-2.19769591178 2.02504813476 -10.763381743
-2.20699017206 2.02482846954 -10.7403889726
-2.21503886626 2.02096878387 -10.7190628103
-2.22192359611 2.01306720452 -10.699047186
-2.22795947589 2.00096907725 -10.679505793
-2.23347681489 1.98482881593 -10.659684034
-2.23860774491 1.96507756496 -10.6394224639
-2.24316175698 1.94232086998 -10.6194241083
-2.24663943984 1.91721429998 -10.6011726482
-2.24838112366 1.89036911675 -10.5865296799
-2.24779586529 1.86232378612 -10.577159339
-2.24458497727 1.8335871 -10.5739939814
-2.23887460015 1.80472669863 -10.5769415549
-2.23120380402 1.7764553116 -10.5849481758
-2.22236709787 1.74966462853 -10.5963993643
-2.21316425468 1.72537482811 -10.6097172049
-2.2041464195 1.70460017283 -10.6239343079
-2.19545209432 1.68816589587 -10.639027468
-2.18679735297 1.67653570941 -10.6558752778
-2.17763113908 1.66971293301 -10.6758372362
-2.1674071814 1.66725884277 -10.7000906187
-2.15587982194 1.66843500116 -10.7289562078

/group/N_LCA5/12
12
posId 12
-2.29499217956 1.7198667071 -10.7074032224
-2.2788339723 1.68120743666 -10.7126639861
-2.25942086248 1.65006590472 -10.7286648094
-2.238878919 1.62772872834 -10.7523099833
-2.21930757976 1.61347134712 -10.7792807299
-2.20205540345 1.60549506898 -10.8059596367
-2.18739310031 1.60215720269 -10.8308099374
-2.17474414768 1.60280991514 -10.8544820132
-2.16332260892 1.60783143596 -10.8786602907
-2.15280535204 1.61792664446 -10.9043847792
-2.14365842474 1.63320161439 -10.9308655875
-2.13694680972 1.65263059997 -10.9554956272
-2.13375973803 1.67427400365 -10.9750452243
-2.13460374847 1.69613260271 -10.9873184635
-2.13912619979 1.71712163875 -10.9922776983
-2.1463296324 1.73755879455 -10.9919580144
-2.15514319819 1.75883689659 -10.9892094586
-2.16500507415 1.7824318984 -10.9859986445
-2.17610383763 1.80879498021 -10.9822641756
-2.18912971783 1.83675740625 -10.9759976316
-2.2046780436 1.8637886479 -10.9645037849
-2.22265496757 1.88696001916 -10.9461028555
-2.24203719925 1.90406429708 -10.9212804637
-2.26113218071 1.91426309782 -10.8926186671
-2.27819398492 1.91792484298 -10.8635609457
-2.29204482055 1.91580537835 -10.8367511158
-2.30235337678 1.90812099449 -10.8129352014
-2.30942833767 1.8941322448 -10.7910778971
-2.31367567029 1.87255180449 -10.7696184861
-2.31506966473 1.84258663707 -10.7481026611
-2.31298000228 1.80501905347 -10.7281842693

/group/N_LCA5/15
15
posId 15
-2.35054636233 1.64841534964 -10.741028256
-2.32572505282 1.6138643456 -10.7508672721
-2.3021532247 1.58453782423 -10.7631551717
-2.28098934397 1.56259184318 -10.7778918601
-2.26244094256 1.54896213392 -10.7955415048
-2.24602554074 1.5432849042 -10.816555387
-2.23106591969 1.54421878456 -10.8408651567
-2.21718923961 1.55002299883 -10.8675864893
-2.20461072143 1.55916146151 -10.8950833725
-2.19408742399 1.57071136875 -10.9213859426
-2.1865790421 1.58445013776 -10.9447972522
-2.18278433412 1.600633524 -10.964434702
-2.18277668819 1.61960135229 -10.9804699749
-2.18591700262 1.64140516593 -10.9939514659
-2.19109660443 1.66562336497 -11.0062661801
-2.19721231222 1.69143068969 -11.0184514929
-2.20366610896 1.71786625828 -11.0306359467
-2.21066205717 1.74415283688 -11.0418421203
-2.21915341408 1.76989969576 -11.0502411442
-2.23044045606 1.79508020692 -11.0537661123
-2.24557180063 1.81978588183 -11.0508455988
-2.26479341899 1.84387034685 -11.0409692149
-2.28727939164 1.86665846001 -11.0248652134
-2.31126871681 1.88687783776 -11.004227542
-2.33456743905 1.90287802136 -10.981111495
-2.35522346432 1.91307510708 -10.9572483129
-2.37210663357 1.91645246075 -10.9335561227
-2.38516143287 1.91290959803 -10.9100373231
-2.39523116213 1.90330151795 -10.8860882705
-2.4035270457 1.889131988 -10.8610748904
-2.41096176216 1.87200754967 -10.8349193283
-2.41762369172 1.85306429833 -10.8084423521
-2.42261193726 1.83260087755 -10.7833127154
-2.42430563591 1.81007658904 -10.7616221251
-2.42096430727 1.78449075288 -10.7452617877
-2.41142145324 1.75500516079 -10.7353576924
-2.39559619643 1.72156835381 -10.7319935315

/group/N_LCA5/18
18
posId 18
-2.39078538093 1.62465613621 -10.8016997928
-2.36637744253 1.59507549368 -10.8206422241
-2.34740327583 1.57630672344 -10.8395835369
-2.33372820099 1.5680686832 -10.8585106297
-2.32331659935 1.56743937542 -10.8785494669
-2.31366041958 1.57051140404 -10.9007808512
-2.30327280748 1.57432691265 -10.9252057055
-2.29248642737 1.57814917419 -10.9504288324
-2.28319084904 1.58349793348 -10.9742154424
-2.27771285479 1.59301891537 -10.9945860465
-2.27748722565 1.6088403902 -11.0108155854
-2.28225420624 1.6312957297 -11.0237521949
-2.29021416268 1.65865526536 -11.0352427501
-2.29903902668 1.68794977492 -11.0469466089
-2.30717029829 1.71638434183 -11.0591694381
-2.31467608776 1.74254348588 -11.0703641224
-2.32317847211 1.76672829729 -11.0776112444
-2.33486912418 1.79026123159 -11.0778795608
-2.35113394338 1.81417317835 -11.0694464198
-2.37153511643 1.8380362118 -11.0527540118
-2.39372542002 1.8596343374 -11.0302510496
-2.41438150631 1.87570958548 -11.0052844554
-2.43069614527 1.88342518567 -10.9805968205
-2.441654734 1.88177291433 -10.9571963987
-2.44841112836 1.87214687801 -10.9341834376
-2.45353330431 1.85772374699 -10.9096292993
-2.4594783754 1.84191667158 -10.882061288
-2.46707281732 1.82667751946 -10.8517858443
-2.47479634465 1.81153666336 -10.8213522207
-2.47927733086 1.79391959596 -10.7948849133
-2.47679853912 1.77063580312 -10.7765799823
-2.46509406897 1.73982527276 -10.7690798052
-2.4445577134 1.70238809287 -10.7725005445

/group/N_LCA5/21
21
posId 21
-2.42726533525 1.6121425153 -10.9532876378
-2.42278663476 1.63480737984 -10.9953155272
-2.42463999915 1.66489779198 -11.0215565334
-2.43143774759 1.69675842948 -11.0310174862
-2.440350934 1.72535273227 -11.0288509976
-2.44905568625 1.74926795067 -11.0223017346
-2.45712176355 1.77133484033 -11.016129469
-2.46587004908 1.79618460867 -11.0104483631
-2.47687622749 1.82626333311 -11.0019913722
-2.49029569382 1.85904211985 -10.9873739701
-2.50429191811 1.88746417586 -10.9657546227
-2.51600024574 1.9034970299 -10.9391093334
-2.52329969538 1.90252926501 -10.9103778326
-2.52606854685 1.8857728861 -10.8813612357
-2.52600535808 1.85920623556 -10.8522317209
-2.52518724248 1.82992814294 -10.8229655893
-2.52448137925 1.80243798306 -10.7952506001
-2.52301159819 1.77719221506 -10.7729116545
-2.51905293992 1.75202604063 -10.7600924311
-2.51162181787 1.72501086863 -10.7583882596
-2.50149418483 1.69650122356 -10.7652505461
-2.4908292841 1.66901067672 -10.7752754325
-2.48166355465 1.64536305711 -10.783867419
-2.4744361475 1.62686403472 -10.7908057149
-2.46772060497 1.61305826889 -10.8009925863
-2.45944091719 1.60319209296 -10.8214620179
-2.4487128277 1.59799317974 -10.8563693764

/group/N_LCA5/24
24
posId 24
-2.54883906502 1.57670579028 -10.9168115583
-2.54250012905 1.5608125174 -10.9602664402
-2.53926177116 1.55748504133 -10.9879776579
-2.53906135043 1.56804582123 -11.0020763355
-2.54068118843 1.58967432071 -11.0111773394
-2.54257245032 1.61678304576 -11.023938178
-2.54381464934 1.6440979938 -11.0432574411
-2.54458813523 1.66938970791 -11.0648144279
-2.54588522874 1.69399389736 -11.0804812178
-2.54870869426 1.72080197004 -11.0838175099
-2.55333392637 1.75119182832 -11.0737260661
-2.55912309481 1.78311173548 -11.0540588607
-2.5649591803 1.81168619649 -11.0300868706
-2.56993271683 1.83189912975 -11.0048980096
-2.57377619524 1.84144369708 -10.9784442779
-2.57677946311 1.84175959907 -10.9495587583
-2.57933176622 1.83662442116 -10.9187954775
-2.58150137137 1.82941404486 -10.8893724491
-2.58298886063 1.82101977378 -10.865230866
-2.58345244039 1.80980745989 -10.8478198991
-2.58288313872 1.79343161501 -10.8345291972
-2.58166509631 1.77098025304 -10.8205686626
-2.58022719569 1.74381052972 -10.8033223741
-2.57855921015 1.71457344889 -10.7859390562
-2.57602663243 1.68539441125 -10.7770427722
-2.57172574173 1.65681969142 -10.7860631835
-2.56520360144 1.62846178825 -10.8169657498

/group/N_LCA5/27
27
posId 27
-2.6803593229 1.61596375475 -11.058790108
-2.68302206592 1.66127706014 -11.0576052764
-2.68573274672 1.70305022172 -11.0522794397
-2.68819296615 1.73466890856 -11.0414923856
-2.69039123472 1.75434706289 -11.0237449569
-2.69249994069 1.76514196125 -10.9990773948
-2.69466166952 1.77191851548 -10.9697324586
-2.69683019579 1.77751538802 -10.9391593965
-2.69877856208 1.78083034906 -10.9100695264
-2.70025272077 1.77804080376 -10.8830494042
-2.70113836041 1.76585212205 -10.8568737467
-2.70150473554 1.74424620742 -10.8303800019
-2.70149292745 1.71670366623 -10.8045265826
-2.70114448358 1.68786220324 -10.7830124843
-2.70031842691 1.66051753504 -10.7708134846
-2.69877814796 1.63430579419 -10.7714988572
-2.69639478534 1.60703407787 -10.7851259413
-2.69331478619 1.57753191405 -10.8081655821
-2.68995528032 1.54770302379 -10.8355191235
-2.68681375165 1.52208268388 -10.8632477188
-2.68421780757 1.50516621081 -10.8901844046
-2.68219103501 1.49855163391 -10.9174504215
-2.68053121369 1.50014699508 -10.9464118987
-2.67904371587 1.5061395437 -10.9766819259
-2.67775837238 1.51427690191 -11.0056368999
-2.67696798026 1.52591644715 -11.0297178565
-2.67705531488 1.54513361034 -11.0464482681

/group/N_LCA5/30
30
posId 30
-2.82704398043 1.71022405835 -11.0447618105
-2.8228213647 1.67471862573 -11.0734251466
-2.81928994722 1.63811262659 -11.093184848
-2.81678962969 1.60305566687 -11.1016066523
-2.81539540741 1.57059925619 -11.0984379533
-2.81496487055 1.54086282221 -11.0854478026
-2.81527146243 1.51409478821 -11.0654861456
-2.81613598524 1.49133729979 -11.0413224379
-2.81748066783 1.47424038846 -11.0148883972
-2.81928837212 1.46419892957 -10.9872380574
-2.82151407582 1.46147107831 -10.9590649855
-2.82402398412 1.46495193828 -10.9312896368
-2.82661242942 1.47281621879 -10.905249628
-2.82908729131 1.48362733493 -10.8823580494
-2.83136283219 1.49716327019 -10.8635008719
-2.8334905583 1.51437544292 -10.8486442884
-2.83559981953 1.5364717264 -10.8369835322
-2.8377822469 1.56371409889 -10.8275867835
-2.83999485658 1.59473710603 -10.8201340637
-2.84204711405 1.62686926239 -10.8152671494
-2.84368278711 1.65728071392 -10.8143138662
-2.84470412046 1.68422151341 -10.818563492
-2.84505658868 1.70753290158 -10.8285687625
-2.84481796292 1.72807605907 -10.8439280406
-2.8440998556 1.74643579299 -10.8636682014
-2.84293082915 1.76175544154 -10.8869270659
-2.84120635011 1.77151096523 -10.9134118658
-2.8387499039 1.77245641161 -10.9432473592
-2.83545669302 1.7622330019 -10.9762446157

/group/N_LCA5/33
33
posId 33
-2.98720603651 1.63562075714 -10.8414423602
-2.98963046007 1.67279987301 -10.8484643867
-2.99077885282 1.70724667462 -10.8606990405
-2.99080723531 1.7379130617 -10.8767776117
-2.98983455381 1.76387060508 -10.8955881679
-2.98782838606 1.7840522742 -10.9167352865
-2.98460275454 1.79722882312 -10.9405389698
-2.97994148333 1.8022917102 -10.9675406655
-2.97378832584 1.798721974 -10.9977592704
-2.96640117487 1.78698927475 -11.0300976009
-2.95837731354 1.76862690927 -11.062250326
-2.95051728956 1.74587439419 -11.091225156
-2.94357679246 1.72099826747 -11.1142781713
-2.93801687758 1.69558048552 -11.1298406316
-2.93387052046 1.67010506015 -11.1379965767
-2.93079196513 1.64404856473 -11.1402732147
-2.92826904529 1.61644546301 -11.1388321551
-2.92590021046 1.58666982238 -11.135437505
-2.92360664912 1.55506620434 -11.1306828266
-2.92168157016 1.52313101588 -11.1238299432
-2.92065773188 1.4931595874 -11.1133134366
-2.92106137522 1.46752878021 -11.0976450372
-2.92317278206 1.44795459225 -11.0762702156
-2.92690572397 1.43506634226 -11.049971911
-2.93185553596 1.42847509958 -11.0206558881
-2.93748114101 1.42726837986 -10.9906626857
-2.94332296299 1.43065936138 -10.9619740595
-2.94914737992 1.43845698092 -10.935707962
-2.95495285103 1.45112951516 -10.9121202149
-2.96084811519 1.46944943526 -10.8910521552
-2.96687884379 1.49391887042 -10.8725311619
-2.97290183316 1.52427583827 -10.8571658545
-2.97857488952 1.55932471218 -10.8461091685

/group/N_LCA5/36
36
posId 36
-3.08395607525 1.52871909558 -10.9077758775
-3.06725301038 1.4983966034 -10.9323761075
-3.05248952301 1.4766563072 -10.9568285167
-3.04025225171 1.4651911368 -10.9806051961
-3.0304175548 1.46396416976 -11.0039886162
-3.02245085799 1.47144704309 -11.0274674977
-3.01583360029 1.48527095876 -11.051041605
-3.01041442437 1.50302254217 -11.073789245
-3.00652412037 1.52289171264 -11.0939330465
-3.00480708235 1.54396768419 -11.1094103752
-3.00585501857 1.5661387891 -11.1187150822
-3.00982238493 1.58971236224 -11.1216341031
-3.01621571667 1.61496652155 -11.1195225248
-3.02397430517 1.64184150818 -11.1149411788
-3.03182939691 1.66988395791 -11.110748782
-3.03879994678 1.69842124176 -11.1089834177
-3.044612076 1.72682922496 -11.1099805143
-3.04984966438 1.75471726186 -11.112103746
-3.05574903634 1.78190546262 -11.1122347393
-3.0636986503 1.80818552914 -11.1068680372
-3.07463301537 1.83298170493 -11.0934111554
-3.08856356711 1.85510155328 -11.071197931
-3.10444319444 1.87274903712 -11.0418266757
-3.12043217301 1.88386707467 -11.0086934647
-3.13447311249 1.88672659639 -10.9759019965
-3.14495672158 1.88055023409 -10.946969993
-3.15122096747 1.86591155108 -10.9238227188
-3.15369060606 1.84471293547 -10.9064400788
-3.15360660281 1.81969840974 -10.8932572759
-3.15245794661 1.79364279232 -10.8821197224
-3.15134557838 1.76850010949 -10.8713820819
-3.15053219575 1.74483062378 -10.8607020723
-3.1493534296 1.72173678939 -10.8512233099
-3.14651807945 1.69735401381 -10.8451040711
-3.14066865561 1.66973223232 -10.8446189249
-3.13097214114 1.63779115189 -10.8512259243
-3.11750491256 1.60199690875 -10.8649878561

/group/N_LCA5/39
39
posId 39
-3.15957931656 1.52677045075 -10.9771154035
-3.14385996091 1.50577523478 -10.9907463725
-3.1275843842 1.49047182667 -11.0083852156
-3.11117791474 1.48219416343 -11.0300827206
-3.09539112979 1.48092476725 -11.0546291908
-3.08130355765 1.48561961058 -11.0797265179
-3.07013481489 1.49496406849 -11.1027043433
-3.06290446256 1.5081051134 -11.12146509
-3.06007460291 1.52495034078 -11.135219261
-3.06134448776 1.54589220274 -11.1446627541
-3.06571837334 1.57115329848 -11.1515096554
-3.07185254902 1.60016806623 -11.1575985954
-3.07855706234 1.63139662516 -11.1639885314
-3.08524567922 1.66271850989 -11.1704550175
-3.0921371634 1.69221442594 -11.175596693
-3.10011218975 1.71890221084 -11.1774672982
-3.1102787593 1.74298818224 -11.174408257
-3.12342665386 1.76543953525 -11.1656866855
-3.13959904586 1.78705354568 -11.1516703777
-3.15795536057 1.80749812504 -11.133521404
-3.17697029162 1.82485954248 -11.1126300985
-3.19487056098 1.83601108436 -11.0901186968
-3.21011928219 1.8377136678 -11.0666698942
-3.22175633128 1.82797739598 -11.0427286067
-3.22948613708 1.80704956195 -11.0189029226
-3.23352638183 1.77754123499 -10.9962753761
-3.23433153907 1.74359711127 -10.9763901558
-3.23233868733 1.70946185121 -10.9608740338
-3.22784126226 1.67807984456 -10.9508710445
-3.22100954702 1.65034398702 -10.9465981306
-3.21199528798 1.62529392169 -10.947286485
-3.20102485734 1.60111227647 -10.9515784246
-3.18841381862 1.57640169192 -10.9582037785

/group/N_LCA5/42
42
posId 42
-3.19710297514 1.51441041791 -11.0681421596
-3.16885378785 1.51480122281 -11.108754863
-3.15302952264 1.52877266825 -11.1393181934
-3.1525236763 1.55523676875 -11.1550768976
-3.16162112796 1.58919549699 -11.1613628475
-3.17135441814 1.62317307747 -11.1667503867
-3.17737850328 1.65130960276 -11.1741227787
-3.18306267807 1.67303641388 -11.1783395276
-3.19505932018 1.69279988545 -11.1724152533
-3.2157982687 1.71541810664 -11.1556131466
-3.24020780338 1.7407128812 -11.1350835086
-3.25975465621 1.76216009501 -11.1193205576
-3.26979491359 1.77109057745 -11.1100388127
-3.27316023208 1.76315096374 -11.100716231
-3.27674266824 1.74166173004 -11.0833850663
-3.28466293054 1.71512622338 -11.056984666
-3.29467502584 1.69110845234 -11.029023803
-3.3009175817 1.67156639278 -11.008995478
-3.29972090965 1.65309098969 -11.0002097718
-3.29239664075 1.63111536413 -10.9981966657
-3.28244030349 1.6041139393 -10.9970915068
-3.27060937772 1.57460900601 -10.9972442775
-3.253614259 1.5471708975 -11.0059550641

/group/N_LCA5/45
45
posId 45
-3.26757145234 1.50856672254 -11.1130300195
-3.25332518451 1.51708483967 -11.1431090569
-3.24531948827 1.54355412008 -11.1730635483
-3.24480706275 1.58171546485 -11.1969318538
-3.24915939405 1.62001453598 -11.2123626766
-3.25500665677 1.64945974549 -11.2198457114
-3.26218714954 1.67047004152 -11.2199163517
-3.2736126965 1.69106205932 -11.2123002073
-3.29082828396 1.71697559477 -11.197746319
-3.31036688402 1.74332033208 -11.1793833442
-3.32556871001 1.75681536718 -11.1608812767
-3.33248822759 1.74729674148 -11.1430324415
-3.33363519703 1.71750743875 -11.1230922251
-3.33529810811 1.68157778484 -11.0985522426
-3.34105498347 1.65372371963 -11.0717028953
-3.3481926847 1.63793670926 -11.0496987342
-3.35056149059 1.6275431029 -11.0392935644
-3.34451288153 1.61328872701 -11.0413071393
-3.33164882122 1.59121472009 -11.0505507024
-3.31613148022 1.56399169819 -11.0613419629
-3.30037777462 1.5373196989 -11.0728788868

/group/N_LCA5/48
48
posId 48
-3.31653734857 1.46014643476 -11.1998656981
-3.31141726062 1.50206452187 -11.2398915577
-3.31222928427 1.53965293219 -11.2626291426
-3.31865323094 1.5657836684 -11.2641712731
-3.32898272922 1.58643847502 -11.2526050519
-3.34145106411 1.60974873481 -11.2375778756
-3.35499923231 1.63451126566 -11.220876755
-3.36888496208 1.65100532417 -11.1979173223
-3.38184575182 1.65188601647 -11.1669438143
-3.391980976 1.6395775487 -11.1341771523
-3.39764965286 1.62182669712 -11.1087057607
-3.39850603206 1.60188011744 -11.0935060361
-3.39562309288 1.57604174682 -11.0835356843
-3.39061869858 1.54170836987 -11.0731444595
-3.38467201123 1.50534106117 -11.0637098996
-3.37824751498 1.47912722978 -11.0621144719
-3.37143828437 1.46872916467 -11.0718545517
-3.36423651898 1.46632522551 -11.0878063908
-3.35640982338 1.4584166598 -11.1016603005
-3.34743136509 1.44115417448 -11.1121679203
-3.33700877229 1.42639970543 -11.127840256

/group/N_LCA5/51
51
posId 51
-3.40812807698 1.35936640176 -11.1842771338
-3.39624902096 1.35277779246 -11.2245983257
-3.38865298166 1.35793095527 -11.2575963354
-3.3848934487 1.37512880341 -11.2852108519
-3.38352900193 1.40134305678 -11.3106176754
-3.38330702882 1.43163411469 -11.3347988015
-3.38402854415 1.46158895414 -11.3551153612
-3.38654340933 1.48924113962 -11.3668048505
-3.39193089692 1.51528763779 -11.3662796483
-3.40047215838 1.54154627749 -11.3538655746
-3.41115227015 1.56875812176 -11.3340120353
-3.42205832741 1.59526153135 -11.3127493368
-3.43142128367 1.61746829048 -11.2940740053
-3.43860207073 1.631851552 -11.2777115782
-3.44434959048 1.63712106211 -11.2598062276
-3.45014300739 1.635103372 -11.2361122343
-3.4570486663 1.62967562443 -11.2055410333
-3.46485679213 1.62437858184 -11.1716216969
-3.4720859818 1.62021722999 -11.1407895991
-3.47686732026 1.61506099248 -11.1185457206
-3.47812662704 1.60503804227 -11.106012665
-3.47627072639 1.58704237096 -11.0992432142
-3.47290006315 1.56077043256 -11.0918873819
-3.46971279249 1.52903058824 -11.0796188433
-3.46731205892 1.49620200316 -11.0635058754
-3.46471412424 1.46591140295 -11.0501014999
-3.45991584941 1.43946518209 -11.0480670986
-3.45119660466 1.41602205566 -11.0633300999
-3.43834594398 1.394295644 -11.095703849

/group/N_LCA5/54
54
posId 54
-3.51718995496 1.41466321854 -11.2380551391
-3.51451747214 1.43960444555 -11.2916441344
-3.51399892887 1.46817505096 -11.3302405785
-3.51592861202 1.49555662902 -11.3454814143
-3.51971264083 1.52225343247 -11.3432886009
-3.52422509917 1.5500894698 -11.3359207717
-3.5284764054 1.57739460617 -11.3302627335
-3.53210099561 1.59886572531 -11.3232895274
-3.53534010512 1.61026721975 -11.3078060897
-3.53860795491 1.61273487461 -11.2814494676
-3.54202911808 1.6116708633 -11.2495222555
-3.54528905696 1.61090751771 -11.2193973154
-3.54783460243 1.60808304784 -11.1932261573
-3.54919211221 1.59640533493 -11.1671831978
-3.54915488248 1.57166878104 -11.1381237818
-3.54778097233 1.53779549775 -11.1101879731
-3.54531191655 1.50509602515 -11.0934624162
-3.54211443124 1.48229907392 -11.0950321895
-3.53862232505 1.46959352305 -11.1112336251
-3.53520116187 1.459295196 -11.1296595913
-3.53196205236 1.44370165077 -11.1401618441
-3.52869420257 1.4229313957 -11.1447704864
-3.52506961236 1.40556176999 -11.156617273

/group/N_LCA5/57
57
posId 57
-3.63504278571 1.55695489471 -11.1374656252
-3.63729812868 1.56905354019 -11.1775330426
-3.63938243417 1.57821586759 -11.2189279197
-3.64104150166 1.58217562083 -11.2590863171
-3.64203915702 1.57887066677 -11.2955322244
-3.6422399588 1.56727631033 -11.3265042071
-3.64165747166 1.54787698874 -11.3513529337
-3.64044756682 1.5225831578 -11.3705241761
-3.63884993252 1.49413739872 -11.3851255462
-3.63710310218 1.46526675363 -11.3962643477
-3.6353689301 1.43793356655 -11.4044498407
-3.63369698112 1.41297583113 -11.4093252836
-3.63204052988 1.39024269664 -11.4098447286
-3.63031257633 1.3691089311 -11.404805413
-3.62845315905 1.34909523426 -11.3934830182
-3.62647591904 1.33029777344 -11.3760701612
-3.62447343556 1.31344485911 -11.353710523
-3.62258149503 1.29959162467 -11.3281098396
-3.62092222805 1.28964039202 -11.3009032984
-3.61955563145 1.28395098417 -11.2730746507
-3.61846403591 1.28224757182 -11.244701532
-3.61757721167 1.28386818893 -11.2151531207
-3.61682530953 1.28822084544 -11.183658434
-3.61619267411 1.29519729314 -11.1499918259
-3.61574462523 1.30530896859 -11.1149654753
-3.61561210333 1.31944463031 -11.080502623
-3.61593952323 1.33834100859 -11.049251004
-3.61681945393 1.36201253859 -11.0238978891
-3.61824496763 1.38942602737 -11.0064743053
-3.62010299704 1.41860689901 -10.9979301819
-3.62221312865 1.44716806478 -10.9981298187
-3.62439476258 1.47305076192 -11.0062219745
-3.62653168431 1.49515492451 -11.0211728599
-3.6286035807 1.51357113007 -11.0421900442
-3.63066896934 1.52929604025 -11.0688365525

/group/N_LCA5/60
60
posId 60
-3.74435481167 1.43458971475 -11.292211559
-3.74885536977 1.47818117303 -11.2937207549
-3.75088115371 1.5109945817 -11.2831073051
-3.75071905414 1.53135158892 -11.2642828175
-3.74912569939 1.5426217396 -11.2408900193
-3.74681154833 1.55004164381 -11.2145750959
-3.74413066483 1.55680818593 -11.1856558065
-3.74113012462 1.56222628054 -11.1551332663
-3.73780562664 1.56297728056 -11.1258112181
-3.73427751899 1.55615290144 -11.1012174245
-3.73073576418 1.54151404346 -11.0831952949
-3.72725727416 1.52134425193 -11.0704535465
-3.7237311459 1.49838767764 -11.0596863983
-3.72001660422 1.47386808208 -11.0486318655
-3.71621361986 1.44728079335 -11.0385843694
-3.71278311937 1.41793547346 -11.0341110943
-3.71035890976 1.38668278536 -11.0399514616
-3.70936595533 1.35622251738 -11.0574603884
-3.70975668977 1.32980716622 -11.0834433182
-3.71110856424 1.30966825559 -11.1123448428
-3.7130301404 1.2966947989 -11.1400271549
-3.71554486699 1.29159935858 -11.1660825665
-3.71910765582 1.29622768793 -11.1928554158
-3.72419143693 1.3133209861 -11.2220789534
-3.73073844609 1.34436235055 -11.2519853

/group/N_LCA5/63
63
posId 63
-3.86657593692 1.53948738926 -11.239013668
-3.86194445991 1.54496114189 -11.195331804
-3.8557826721 1.54163778611 -11.1560455612
-3.84910689782 1.53217885951 -11.1238828283
-3.84266653721 1.51968316394 -11.0988377607
-3.83663304098 1.50607720393 -11.0787474568
-3.83061950743 1.491318042 -11.060850873
-3.82402357826 1.47382186993 -11.0435425265
-3.81650279559 1.45182896839 -11.0274351688
-3.80831414833 1.42489030008 -11.0152105753
-3.80032342126 1.39461035481 -11.0103693013
-3.79367388412 1.36422601715 -11.0155487286
-3.78929351224 1.33727731863 -11.0312692274
-3.78750789333 1.31613888947 -11.0557026553
-3.78796336373 1.30123755589 -11.0854977224
-3.7898890859 1.29135868174 -11.1171580282
-3.79253917274 1.2847983463 -11.1482387886
-3.79556318133 1.28063328969 -11.1778091967
-3.79910574064 1.27933864235 -11.2060863437
-3.80359974296 1.28240205545 -11.2336036761
-3.80939504141 1.29120576424 -11.2604728374
-3.81645276802 1.30589937777 -11.2861431893
-3.82428541415 1.32499404881 -11.3096828897
-3.83216793187 1.34596740397 -11.3302530079
-3.83947980938 1.36654241485 -11.3473456386
-3.8459614838 1.38586993767 -11.3605648455
-3.85172552203 1.40487040985 -11.3691020264
-3.85701811038 1.42547028402 -11.3713424315
-3.86188495489 1.44912650262 -11.3650346669
-3.86596078468 1.47547972773 -11.3481380336
-3.86853211904 1.50194302841 -11.3200130386

/group/N_LCA5/66
66
posId 66
-3.9056814148 1.38883386891 -11.1160362319
-3.93046109853 1.42634193717 -11.1353738271
-3.94974692761 1.45463145644 -11.1585140575
-3.96108827575 1.46997530378 -11.1837031508
-3.96592398912 1.47461972893 -11.2114516572
-3.96764187053 1.47381408904 -11.2433156693
-3.9686346465 1.47132566374 -11.2798584771
-3.96872532034 1.46710152274 -11.3190153133
-3.9660130105 1.45863943255 -11.3559415494
-3.95910123377 1.4443771048 -11.3846048048
-3.94860716064 1.42582278079 -11.4003421316
-3.93666155009 1.40651813203 -11.4019806073
-3.92500147905 1.38893189309 -11.392315201
-3.9135264426 1.37231164734 -11.3766471478
-3.90072170345 1.35365413638 -11.3601613849
-3.88559813535 1.33107804692 -11.3455283516
-3.86934938608 1.3065850795 -11.3319326965
-3.85510745323 1.28557373225 -11.3159242621
-3.84585864371 1.2732648064 -11.2935553651
-3.84228248225 1.27098219501 -11.2627096635
-3.84245890354 1.27552197814 -11.224555727
-3.84382567345 1.28228531737 -11.1835508771
-3.84577524718 1.28958791773 -11.1460739125
-3.85060211865 1.30041401067 -11.1182964707
-3.86180258904 1.3199207136 -11.1041577537

/group/N_LCA5/69
69
posId 69
-3.9349872637 1.313678792 -11.1838544691
-3.9259826021 1.31192280174 -11.2293291437
-3.92303993416 1.31443613396 -11.2750313089
-3.9247286917 1.31981238077 -11.3169222992
-3.92970904395 1.32687024105 -11.3525772886
-3.9371615855 1.33498946467 -11.3815343349
-3.94692344183 1.34417478548 -11.4049805737
-3.95930823675 1.35484774027 -11.4249323813
-3.97471423213 1.36747232683 -11.4432380037
-3.99320551358 1.38218141592 -11.4607763475
-4.01425485699 1.39856403603 -11.4771314215
-4.03676393089 1.41570309369 -11.4908277859
-4.05935704389 1.432447608 -11.4999944807
-4.0808271531 1.44780538659 -11.5031666123
-4.1005447902 1.46129039288 -11.4998938147
-4.11864980744 1.47307458724 -11.4909152676
-4.13592963955 1.48387098704 -11.4778434098
-4.15341364801 1.49458298656 -11.4624994967
-4.17183141591 1.50585186267 -11.4461841327
-4.19114609953 1.51768111524 -11.429190125
-4.21035543293 1.5292932846 -11.4107646993
-4.22765760096 1.53928961212 -11.3895437018
-4.24094198794 1.54606728595 -11.3642855363
-4.24843788926 1.54834735381 -11.3346052096
-4.24928695613 1.54561841347 -11.3014007217
-4.24382490085 1.53832665153 -11.2667801224
-4.23345953382 1.52773357919 -11.233493806
-4.22017898667 1.51548566351 -11.2040766685
-4.20586163324 1.50304896658 -11.1800294543
-4.19163594525 1.49121547561 -11.161366845
-4.17752466977 1.47986499725 -11.1467289027
-4.16250721325 1.46807480106 -11.1340398409
-4.1449832558 1.45454208083 -11.1214839604
-4.12347468277 1.43816874441 -11.1084354543
-4.09731560643 1.41859698831 -11.0959798956
-4.06708363853 1.39650034696 -11.0868036859
-4.0346181933 1.37352249994 -11.0844546417
-4.0026190625 1.35188266117 -11.0922090706
-3.97396645758 1.33378513861 -11.1119317373

/group/N_LCA5/72
72
posId 72
-3.96002409052 1.23701226123 -11.183761634
-3.96024031951 1.24756326785 -11.2417240277
-3.96449869878 1.25868409523 -11.2912438517
-3.97049374395 1.26847958055 -11.3284182864
-3.97727649263 1.27667919708 -11.3544700677
-3.98608939126 1.2846952647 -11.3736734402
-3.99976203443 1.29471561125 -11.3900513082
-4.02088615029 1.30828900388 -11.4047612622
-4.0497629966 1.32517073734 -11.4155795872
-4.08334536033 1.34308338087 -11.4186107281
-4.11591555231 1.35856551805 -11.4110530602
-4.14129831814 1.36849228472 -11.3932874573
-4.15552970036 1.37148256519 -11.3690273474
-4.15859452023 1.36846466519 -11.3434706258
-4.15429761419 1.3621230226 -11.3205973052
-4.14830977789 1.35554164319 -11.3012481285
-4.14539263441 1.35076797495 -11.2831190235
-4.14722545757 1.34802550968 -11.2626291176
-4.15190456748 1.34591624322 -11.2374822861
-4.15526748817 1.34240520549 -11.2083315211
-4.15322710402 1.335980838 -11.1785196122
-4.14381898657 1.32635155975 -11.1520681538
-4.12791557045 1.31436765201 -11.1311931693
-4.10837205111 1.30133748648 -11.1149609736
-4.08825795183 1.28824840203 -11.1000399729
-4.06928643687 1.27540942854 -11.0832269236
-4.05133941354 1.26271704974 -11.064286149
-4.03325858277 1.25031320992 -11.0473316624
-4.01428483603 1.23913080166 -11.0397229112
-3.99515533406 1.2308797009 -11.0488371392
-3.97812235521 1.22738358537 -11.0783330264

/group/N_LCA5/75
75
posId 75
-4.00913067433 1.1395413785 -11.1254708662
-3.99313936224 1.13684314809 -11.1612108037
-3.98204466077 1.13812422831 -11.2001623067
-3.97574916177 1.14267906218 -11.2394493895
-3.9737707109 1.14967663671 -11.2767841865
-3.97551757212 1.15840833313 -11.3107562173
-3.9804891504 1.16843337551 -11.3408847001
-3.98834943879 1.17958948624 -11.3674466013
-3.99888508715 1.19189187498 -11.3911486412
-4.01190829449 1.2053829865 -11.4127433529
-4.02717691884 1.22000408124 -11.4326916327
-4.044378477 1.23553725827 -11.4509503422
-4.06317705226 1.25162587036 -11.4669235895
-4.08327827006 1.26784242098 -11.4795731043
-4.10445065328 1.28375392046 -11.4876477386
-4.12646155584 1.2989432462 -11.4899710748
-4.14893396843 1.31297590336 -11.485720705
-4.17118362686 1.32533869104 -11.474640329
-4.19212669501 1.33540097874 -11.4571421645
-4.21033806894 1.34244722237 -11.4342784513
-4.22428819276 1.34579984513 -11.4075844436
-4.2327108946 1.34500672605 -11.3788193767
-4.23498737251 1.3400275642 -11.3496540595
-4.23140286179 1.33133797787 -11.3213701453
-4.22315952271 1.31988943533 -11.2946416819
-4.21210636759 1.30691239997 -11.2694595462
-4.20024792631 1.2936112331 -11.2452320559
-4.18917964626 1.28084771806 -11.2210537428
-4.17963508648 1.26892446057 -11.1960879652
-4.17130085102 1.25755147571 -11.1699707076
-4.16296809777 1.24601736768 -11.1431256803
-4.15297516155 1.2335130827 -11.1168932246
-4.13979616308 1.21949917528 -11.0934177092
-4.12258212611 1.20398921011 -11.0753005474
-4.1014814314 1.18765007214 -11.0650915808
-4.07764678317 1.17168446074 -11.0647407103
-4.0529453205 1.15753755634 -11.0751485035

/group/N_LCA5/78
78
posId 78
-4.08090885819 1.07193702999 -11.2109593134
-4.08511578829 1.0907954241 -11.2643306273
-4.09128864371 1.11026557919 -11.3100507776
-4.09799592045 1.12741151378 -11.343793197
-4.10486721639 1.14191331194 -11.3661861173
-4.11264280291 1.15579904129 -11.3814929268
-4.12262081041 1.17197067492 -11.3945890546
-4.13578152575 1.19230104239 -11.4078900025
-4.15203266522 1.21628818387 -11.4198741695
-4.16996193412 1.24095870439 -11.4259677834
-4.18723246951 1.26206714019 -11.4212833528
-4.20143924947 1.27597672418 -11.4037020245
-4.21101965829 1.28126710578 -11.375593061
-4.21579040734 1.27926680055 -11.3431762533
-4.21687301077 1.27326767086 -11.3137823188
-4.21607158068 1.26685193721 -11.2923951506
-4.2150261017 1.26220056219 -11.2792715127
-4.21455287297 1.25923314655 -11.2699054212
-4.21446312153 1.25597194403 -11.2574050665
-4.2138906359 1.24987277593 -11.2361018295
-4.21189903209 1.23936722355 -11.204564837
-4.20801406088 1.2247734022 -11.1664905698
-4.2023965652 1.20809710196 -11.1290255307
-4.1955927028 1.19186195652 -11.0993981125
-4.18804574393 1.1776443896 -11.0815999791
-4.17969170133 1.16515744878 -11.0748188901
-4.16991369583 1.15243486474 -11.0744042281
-4.15792303905 1.13706650575 -11.0748225185
-4.14338179303 1.11784830073 -11.0730216933
-4.12692221957 1.09595047678 -11.0704098524
-4.11024471583 1.07492368979 -11.0723773563
-4.09568049862 1.05944951206 -11.0855738333
-4.08538462037 1.05339790513 -11.1143268872

/group/N_LCA5/81
81
posId 81
-4.17795223388 1.02144904243 -11.2656281413
-4.17994750122 1.0370711571 -11.3042263704
-4.18228889555 1.05103709935 -11.3340270775
-4.18632681957 1.06658789686 -11.355136094
-4.19320310552 1.08747449101 -11.3712286
-4.20272031049 1.11419437443 -11.3857359733
-4.21331294228 1.14293176938 -11.3983278503
-4.22309631988 1.16792619021 -11.4044664911
-4.23113577887 1.18537370203 -11.3985405668
-4.23792878125 1.19583791933 -11.3783524073
-4.24472769027 1.20333800614 -11.3475962988
-4.25225111252 1.21185155876 -11.3143229198
-4.25982068952 1.22194850473 -11.2862786954
-4.26563615514 1.23015254237 -11.2663189267
-4.26801043279 1.23151164763 -11.2511072638
-4.26661619387 1.22337561965 -11.2340015986
-4.26274927847 1.20743579115 -11.2100691318
-4.25834674148 1.18841434327 -11.1797212816
-4.25446251307 1.17039155706 -11.1485436049
-4.25036413193 1.15363866599 -11.123679147
-4.24399968503 1.13451943308 -11.109539107
-4.23358120848 1.10872254405 -11.1059119673
-4.21917785866 1.07550496297 -11.1095775435
-4.20315169386 1.0397251627 -11.1178446582
-4.18906440133 1.00995029732 -11.1310596606
-4.17976447456 0.993758381203 -11.1520769763
-4.17594483999 0.993436219237 -11.183164264

/group/N_LCA5/84
84
posId 84
-4.28634913269 0.980529515715 -11.1795638515
-4.27711681029 0.95747196185 -11.2153408231
-4.26943964596 0.940398746009 -11.2516921242
-4.26366983119 0.929727646374 -11.2858015929
-4.25983215195 0.925048269847 -11.316088883
-4.25764433187 0.925279104918 -11.3424645324
-4.2566251601 0.929003744907 -11.3661189203
-4.25625847692 0.934891458522 -11.3889214237
-4.2561629238 0.94207921394 -11.4126308509
-4.25621503981 0.95040195144 -11.4381759308
-4.25658771881 0.960402827027 -11.4652366318
-4.25769261883 0.973121378988 -11.4922536234
-4.26004522078 0.989724257172 -11.5168498238
-4.26409511335 1.0110893584 -11.5365132049
-4.27007409281 1.03746571956 -11.5493088217
-4.27790779819 1.06830541864 -11.5543865195
-4.28721542954 1.10230919727 -11.5521276165
-4.29739384113 1.13766259241 -11.5439010845
-4.30775635128 1.172384869 -11.5315327313
-4.31768133879 1.20468567741 -11.5166839189
-4.32672568054 1.23323133131 -11.50035845
-4.3346726593 1.25725958726 -11.4827016136
-4.34150759225 1.27653482101 -11.4631450498
-4.34733870179 1.2911859803 -11.4408251971
-4.35229737538 1.30150099693 -11.415106548
-4.35645560608 1.30775433292 -11.386007609
-4.35978846429 1.31012024024 -11.3543682832
-4.36219012928 1.30868384256 -11.3216967428
-4.36353071298 1.30352132115 -11.289755224
-4.36372574041 1.29479468904 -11.2600432817
-4.36278625921 1.28280503359 -11.2333776278
-4.36082636539 1.26797043235 -11.2097344944
-4.35802295901 1.25073155687 -11.1884247994
-4.35454286389 1.23142427419 -11.1685482243
-4.3504672486 1.21017943046 -11.1495643551
-4.34574673234 1.18690627481 -11.1317669316
-4.34021094211 1.16138777253 -11.116471341
-4.33363673075 1.1334729684 -11.1058193697
-4.32585667515 1.10330938191 -11.1022375144
-4.31687211988 1.07153346939 -11.1077102199
-4.30692958743 1.03934032308 -11.1231030835

/group/N_LCA5/87
87
posId 87
-4.3713714732 0.975201290782 -11.1967155386
-4.36546223699 0.958586473799 -11.2362670603
-4.3608154841 0.948648312194 -11.2762356865
-4.35766131391 0.945583241136 -11.3138037645
-4.35605317017 0.949138996301 -11.3474721341
-4.35588564009 0.958724663875 -11.3771111512
-4.35694016471 0.973496327526 -11.4035331579
-4.35894525995 0.992422655303 -11.4277952543
-4.36163691991 1.01436126418 -11.4505299567
-4.36480716563 1.03817622565 -11.4715663832
-4.36833281277 1.06289930762 -11.4899655725
-4.37218108322 1.08789715486 -11.5044122552
-4.37639280207 1.11297632779 -11.5137591475
-4.3810473417 1.13835776655 -11.517468677
-4.38621629751 1.16448864606 -11.5157588612
-4.39191514566 1.19172206455 -11.509404001
-4.39806350821 1.21995876097 -11.4993014616
-4.40446441994 1.2483812376 -11.486021802
-4.41081039313 1.27539902899 -11.469564629
-4.41671883961 1.29886251465 -11.4494453956
-4.4217922046 1.31651053759 -11.4250827758
-4.42569069877 1.3265276072 -11.3963120157
-4.42820014126 1.32803482849 -11.3637820591
-4.42927635127 1.32134764571 -11.3290353724
-4.42905190285 1.307903495 -11.2942037233
-4.42780032596 1.28987053474 -11.2614236948
-4.42586465954 1.26955643029 -11.2322080366
-4.42356812327 1.24880446551 -11.2070433291
-4.42113100769 1.22856792163 -11.1854019593
-4.41861732323 1.20879142438 -11.1661881135
-4.41592705186 1.18862282855 -11.1484522552
-4.41283709686 1.16686956198 -11.1320845985
-4.40908003773 1.14253816904 -11.1181900512
-4.4044388715 1.11527996085 -11.1089624474
-4.39883141858 1.08561113391 -11.1070708221
-4.39236129626 1.05486177171 -11.1147672098
-4.38532215625 1.02490057994 -11.1330439287

/group/N_LCA5/90
90
posId 90
-4.42622221965 1.01349169821 -11.1719089307
-4.41714638957 0.973438431668 -11.1845292163
-4.40925306858 0.941982492684 -11.2062655906
-4.40325800132 0.922151233934 -11.2357044417
-4.39956091838 0.915003066148 -11.2700425214
-4.3981713491 0.919505506205 -11.3058444162
-4.39874307485 0.932985372349 -11.3399441691
-4.40070225607 0.951983591656 -11.3701886614
-4.40342505374 0.973227879808 -11.3957919219
-4.40640718789 0.994418674082 -11.4172192278
-4.40937437651 1.01460865326 -11.4356900029
-4.41230586881 1.03410903011 -11.4525158974
-4.41537437929 1.05401903388 -11.4685300439
-4.41883328314 1.07559027031 -11.4838050136
-4.42289639893 1.09966719793 -11.4977276772
-4.42765275942 1.12638468618 -11.5093524059
-4.43304078187 1.15518309577 -11.5178480516
-4.43888100524 1.18507110706 -11.5228293535
-4.44494417835 1.21497791392 -11.5244269387
-4.45102042417 1.24402153819 -11.5230735657
-4.45695907941 1.27158002621 -11.5191155247
-4.46266513563 1.29715787079 -11.5124421919
-4.46805958789 1.32014405235 -11.5023278796
-4.47302820137 1.33961518015 -11.4875962117
-4.47738892825 1.35432217074 -11.4670809615
-4.48090001771 1.36291715985 -11.4402234515
-4.48331218157 1.36436290345 -11.4075706789
-4.48444690038 1.35836872282 -11.3709542241
-4.48426825752 1.34565909332 -11.33323613
-4.48291428707 1.32792407067 -11.2976668371
-4.48066715438 1.3074131382 -11.2670522539
-4.47786496381 1.28627485849 -11.2430128719
-4.474782619 1.26585906059 -11.2256015626
-4.47152500211 1.24623853245 -11.2134301793
-4.4679757975 1.22615194179 -11.2042782173
-4.46382840783 1.20343338005 -11.1959832997
-4.45869696791 1.17582268555 -11.1873072084
-4.45227554757 1.14190618714 -11.1784729697
-4.44449338646 1.10187414427 -11.1711794486

/group/N_LCA5/93
93
posId 93
-4.42425438322 0.937547822917 -11.2239531145
-4.42786711217 0.966052523751 -11.1933926989
-4.43107610116 0.997703756894 -11.1723720018
-4.43364345069 1.02966822121 -11.1619785367
-4.43549231564 1.06003953857 -11.1616049078
-4.43669042996 1.08821148409 -11.1695748982
-4.43739263226 1.11474143095 -11.1839361812
-4.43776963964 1.1407668681 -11.2030420316
-4.43794981416 1.16721774293 -11.2257265003
-4.43798948824 1.19414467208 -11.2511321298
-4.43787261645 1.22042606184 -11.2784322813
-4.43752971051 1.24395424222 -11.3067064928
-4.43686342586 1.26220589413 -11.3350805026
-4.43577287068 1.27295977061 -11.3630292929
-4.43417577705 1.27489094598 -11.3905951104
-4.43203149276 1.26784939094 -11.4182869577
-4.42936551988 1.25277543183 -11.4466039883
-4.42628974951 1.23134517425 -11.4753669699
-4.42300677962 1.20551578183 -11.5032089979
-4.41978714785 1.17713199056 -11.5275612456
-4.41691706077 1.14768341208 -11.5452592867
-4.41462826353 1.11821590438 -11.5535858006
-4.41303408201 1.08934637446 -11.5513140012
-4.41209894776 1.06132859937 -11.5392616567
-4.41165918062 1.03415292961 -11.5200531227
-4.41149301959 1.00769780017 -11.4971390555
-4.4114160884 0.981951469536 -11.473474797
-4.41136488549 0.957279656745 -11.4504358435
-4.41143274082 0.934652817358 -11.4274591079
-4.41184041319 0.915709439344 -11.4025772431
-4.41285008346 0.902556147798 -11.3736091889
-4.41465544174 0.89729753102 -11.3394739626
-4.41729118909 0.901414448219 -11.3010455107

/group/N_LCA5/96
96
posId 96
-4.41359727989 0.982849269007 -11.1579954102
-4.41913351234 1.02697623844 -11.1592773024
-4.4238028491 1.06740935037 -11.1668214159
-4.427318829 1.1012393383 -11.179303309
-4.42965084154 1.12748227877 -11.1952288016
-4.43101759049 1.14719328853 -11.2132656702
-4.43179371797 1.16286954546 -11.2325180235
-4.43236049149 1.1773478746 -11.2526679783
-4.4329545945 1.19259946647 -11.2739405367
-4.43357178496 1.20886938953 -11.2968951946
-4.4339627637 1.22448129141 -11.322098668
-4.43372419907 1.23637659078 -11.3497714995
-4.43245179882 1.24118058389 -11.3795140705
-4.4298987342 1.2363933733 -11.4101989788
-4.42608086142 1.22126615198 -11.440070985
-4.42129069972 1.19705479692 -11.4670359961
-4.41601681408 1.1665875736 -11.4890649889
-4.41080041474 1.13334296117 -11.5046045793
-4.40608297134 1.10040517523 -11.5128836478
-4.40209931172 1.06968516307 -11.5140354174
-4.39885056018 1.04166297914 -11.5090069267
-4.39615913414 1.01568420625 -11.4992865116
-4.39377709438 0.990623680235 -11.4865271673
-4.39150161988 0.965603478799 -11.4721664877
-4.38925346184 0.940465397324 -11.457137646
-4.38709381288 0.915836609826 -11.4417350371
-4.385182871 0.892823928458 -11.42565398
-4.38370725318 0.872537753078 -11.4081799193
-4.38281338006 0.855709073633 -11.3884703739
-4.38257652594 0.842597454982 -11.3658586256
-4.38301468635 0.833228397093 -11.3401118222
-4.38413272343 0.827820755579 -11.311593048
-4.38596655202 0.827153230328 -11.2813002942
-4.38859677481 0.83262804824 -11.2507791837
-4.3921164418 0.84592028211 -11.2219271806
-4.39656155866 0.868297608028 -11.1967235606
-4.40183448186 0.899870286636 -11.1769314474

/group/N_LCA5/99
99
posId 99
-4.40363823315 1.0259044094 -11.1515508304
-4.40939030583 1.06918266396 -11.1558455624
-4.41388602257 1.10556448097 -11.1648018885
-4.41695602224 1.13376949374 -11.1782799869
-4.41877593812 1.15503280289 -11.1962218331
-4.41977314036 1.17233821588 -11.2184389757
-4.42043774142 1.18897995235 -11.2444356964
-4.42111068658 1.20701652076 -11.2733565284
-4.42183306428 1.22623227038 -11.3040825716
-4.42231811013 1.24402615645 -11.335428339
-4.42205937814 1.2562808979 -11.366343622
-4.42053439109 1.2588765027 -11.3960245195
-4.41742466483 1.2492573436 -11.4238841327
-4.41276595974 1.22744398434 -11.4494048288
-4.40696986054 1.19610543222 -11.47195696
-4.40070830678 1.1596814716 -11.4906931957
-4.3947060805 1.12291548426 -11.5045997818
-4.3895210859 1.0893764008 -11.5127160773
-4.38539486714 1.06052955135 -11.5144512929
-4.38222580097 1.03567412579 -11.5098693014
-4.37966761939 1.01270480662 -11.499806785
-4.37730698474 0.989328039303 -11.4857434092
-4.37484553136 0.964202906321 -11.4694365591
-4.37221489574 0.937543302837 -11.4524304536
-4.3695853015 0.91097585704 -11.4356098355
-4.3672748285 0.88678091394 -11.4189649543
-4.36560751211 0.866906941402 -11.4016653694
-4.36478675293 0.852230122097 -11.3824299307
-4.3648391555 0.842399419641 -11.3600710734
-4.36564875976 0.836324845102 -11.3340257522
-4.36705875724 0.833060308897 -11.304688873
-4.3689863708 0.832639564046 -11.2734368442
-4.37149056054 0.836431756392 -11.2423410844
-4.37475425649 0.846791330088 -11.2136806982
-4.37898314592 0.866096404005 -11.189428572
-4.38426369968 0.895560621575 -11.1708826214
-4.39044575222 0.934335802283 -11.158547699

