/group/in_iliac_right/5
5
replaced_with_circle 1 creation_method hand_drawn num_subsample_pts 38 nrm {0.290168 -0.564446 -0.772789} xhat {0.000000 0.807533 -0.589823} creation_type threshold pos {0.818114 14.228249 -47.224300} pathId 700 num_hand_picked_pts 14 posId 5
0.866602 14.629900 -47.499401
0.932980 14.636800 -47.479599
0.997341 14.633800 -47.453201
1.057730 14.620800 -47.421101
1.112310 14.598300 -47.384102
1.159430 14.567000 -47.343601
1.197650 14.527800 -47.300598
1.225810 14.481900 -47.256500
1.243050 14.430600 -47.212601
1.248860 14.375700 -47.170200
1.243050 14.318600 -47.130699
1.225810 14.261200 -47.095299
1.197640 14.205200 -47.064999
1.159430 14.152300 -47.040699
1.112310 14.104100 -47.023201
1.057730 14.062100 -47.013000
0.997340 14.027600 -47.010399
0.932980 14.001500 -47.015598
0.866603 13.984700 -47.028198
0.800222 13.977800 -47.048100
0.735863 13.980800 -47.074402
0.675475 13.993800 -47.106602
0.620895 14.016300 -47.143501
0.573777 14.047600 -47.184101
0.535559 14.086800 -47.227100
0.507400 14.132700 -47.271198
0.490154 14.184000 -47.315102
0.484347 14.238900 -47.357399
0.490154 14.296000 -47.396900
0.507399 14.353400 -47.432400
0.535559 14.409400 -47.462700
0.573777 14.462300 -47.487000
0.620892 14.510400 -47.504501
0.675476 14.552500 -47.514702
0.735863 14.587000 -47.517200
0.800223 14.613100 -47.512100

/group/in_iliac_right/9
9
replaced_with_circle 1 creation_method hand_drawn num_subsample_pts 35 nrm {0.291253 -0.570207 -0.768138} xhat {0.000000 0.802949 -0.596048} creation_type threshold pos {0.934583 14.000987 -47.533036} pathId 700 num_hand_picked_pts 14 posId 9
1.030480 14.385400 -47.782001
1.091940 14.392000 -47.763599
1.151530 14.389400 -47.739101
1.207440 14.377700 -47.709202
1.257970 14.357200 -47.674801
1.301590 14.328500 -47.637001
1.336980 14.292500 -47.596802
1.363050 14.250300 -47.555599
1.379010 14.203200 -47.514599
1.384390 14.152600 -47.474998
1.379010 14.100000 -47.438000
1.363050 14.047100 -47.404800
1.336980 13.995400 -47.376301
1.301590 13.946600 -47.353500
1.257970 13.902100 -47.337002
1.207440 13.863200 -47.327301
1.151520 13.831200 -47.324699
1.091940 13.806900 -47.329300
1.030480 13.791300 -47.341000
0.969026 13.784600 -47.359402
0.909438 13.787200 -47.383900
0.853529 13.799000 -47.413799
0.802997 13.819500 -47.448200
0.759373 13.848200 -47.486000
0.723990 13.884200 -47.526199
0.697919 13.926400 -47.567402
0.681952 13.973500 -47.608398
0.676576 14.024100 -47.647999
0.681952 14.076700 -47.685001
0.697918 14.129600 -47.718201
0.723991 14.181200 -47.746700
0.759374 14.230100 -47.769501
0.802994 14.274600 -47.785999
0.853530 14.313500 -47.795700
0.909440 14.345500 -47.798302
0.969027 14.369700 -47.793701

/group/in_iliac_right/15
15
replaced_with_circle 1 creation_method hand_drawn num_subsample_pts 29 nrm {0.294385 -0.587143 -0.754056} xhat {0.000000 0.789020 -0.614367} creation_type threshold pos {1.151500 13.572961 -48.098194} pathId 700 num_hand_picked_pts 11 posId 15
1.158450 13.803400 -48.274899
1.208100 13.809200 -48.260101
1.256240 13.807700 -48.240101
1.301410 13.798900 -48.215599
1.342240 13.783000 -48.187302
1.377480 13.760600 -48.155998
1.406070 13.732300 -48.122799
1.427130 13.699000 -48.088699
1.440030 13.661600 -48.054600
1.444370 13.621500 -48.021599
1.440030 13.579700 -47.990799
1.427130 13.537500 -47.963001
1.406060 13.496200 -47.938999
1.377480 13.457100 -47.919701
1.342240 13.421300 -47.905701
1.301410 13.390000 -47.897202
1.256240 13.364100 -47.894600
1.208100 13.344300 -47.897999
1.158450 13.331300 -47.907299
1.108800 13.325500 -47.922199
1.060660 13.327000 -47.942200
1.015490 13.335900 -47.966702
0.974668 13.351800 -47.994999
0.939425 13.374200 -48.026199
0.910839 13.402500 -48.059399
0.889777 13.435800 -48.093601
0.876877 13.473100 -48.127602
0.872533 13.513300 -48.160599
0.876877 13.555100 -48.191502
0.889776 13.597300 -48.219299
0.910839 13.638500 -48.243198
0.939425 13.677700 -48.262501
0.974666 13.713400 -48.276600
1.015490 13.744700 -48.285099
1.060660 13.770700 -48.287601
1.108800 13.790400 -48.284199

/group/in_iliac_right/20
20
replaced_with_circle 1 creation_method hand_drawn num_subsample_pts 31 nrm {0.304134 -0.608294 -0.733131} xhat {0.000000 0.769587 -0.638542} creation_type threshold pos {1.315812 13.243020 -48.508696} pathId 700 num_hand_picked_pts 15 posId 20
1.355280 13.480100 -48.688999
1.408800 13.487200 -48.672798
1.460700 13.486600 -48.650700
1.509400 13.478200 -48.623501
1.553410 13.462200 -48.591999
1.591400 13.439300 -48.557201
1.622220 13.410000 -48.520199
1.644920 13.375300 -48.481899
1.658830 13.336200 -48.443699
1.663510 13.293900 -48.406700
1.658830 13.249700 -48.372002
1.644920 13.205000 -48.340599
1.622220 13.161000 -48.313499
1.591400 13.119200 -48.291599
1.553410 13.080700 -48.275501
1.509400 13.046900 -48.265598
1.460700 13.018600 -48.262402
1.408800 12.996800 -48.265800
1.355280 12.982100 -48.275799
1.301750 12.975000 -48.292099
1.249850 12.975600 -48.314201
1.201160 12.984000 -48.341400
1.157150 13.000000 -48.372799
1.119160 13.022900 -48.407600
1.088340 13.052200 -48.444698
1.065630 13.086900 -48.482899
1.051730 13.126000 -48.521099
1.047040 13.168300 -48.558201
1.051730 13.212500 -48.592899
1.065630 13.257200 -48.624298
1.088340 13.301200 -48.651299
1.119160 13.343000 -48.673302
1.157150 13.381500 -48.689400
1.201160 13.415300 -48.699200
1.249860 13.443600 -48.702499
1.301750 13.465400 -48.699100

/group/in_iliac_right/32
32
replaced_with_circle 1 creation_method hand_drawn num_subsample_pts 30 nrm {0.410368 -0.556624 -0.722335} xhat {0.000000 0.792104 -0.610387} creation_type threshold pos {1.652466 12.653056 -49.216762} pathId 700 num_hand_picked_pts 14 posId 32
1.684880 12.908300 -49.395100
1.733930 12.918100 -49.374699
1.781480 12.920100 -49.349201
1.826110 12.914200 -49.319401
1.866440 12.900800 -49.286098
1.901250 12.880100 -49.250401
1.929490 12.852800 -49.213299
1.950300 12.819800 -49.176102
1.963040 12.782000 -49.139702
1.967330 12.740600 -49.105301
1.963040 12.696800 -49.074001
1.950300 12.652000 -49.046700
1.929490 12.607500 -49.024300
1.901250 12.564700 -49.007401
1.866440 12.524900 -48.996498
1.826110 12.489300 -48.991901
1.781480 12.459000 -48.993900
1.733930 12.434800 -49.002300
1.684880 12.417600 -49.016899
1.635830 12.407900 -49.037300
1.588280 12.405900 -49.062801
1.543650 12.411700 -49.092602
1.503320 12.425200 -49.125900
1.468510 12.445900 -49.161598
1.440270 12.473100 -49.198700
1.419460 12.506200 -49.235901
1.406720 12.544000 -49.272301
1.402430 12.585400 -49.306702
1.406720 12.629200 -49.338001
1.419460 12.674000 -49.365299
1.440270 12.718500 -49.387699
1.468510 12.761300 -49.404598
1.503320 12.801100 -49.415501
1.543650 12.836700 -49.420101
1.588280 12.867000 -49.418098
1.635830 12.891100 -49.409698

/group/in_iliac_right/45
45
replaced_with_circle 1 creation_method hand_drawn num_subsample_pts 28 nrm {0.579359 -0.394509 -0.713236} xhat {0.000000 0.875058 -0.484017} creation_type threshold pos {2.131262 12.208571 -49.905209} pathId 700 num_hand_picked_pts 15 posId 45
2.114050 12.457700 -50.056999
2.156110 12.468200 -50.028599
2.196890 12.470500 -49.996799
2.235150 12.464500 -49.962399
2.269730 12.450400 -49.926498
2.299580 12.428600 -49.890202
2.323800 12.399800 -49.854599
2.341640 12.364900 -49.820801
2.352560 12.324900 -49.789799
2.356240 12.281000 -49.762501
2.352560 12.234600 -49.739799
2.341640 12.187000 -49.722401
2.323790 12.139800 -49.710800
2.299580 12.094400 -49.705299
2.269730 12.052000 -49.706200
2.235150 12.014200 -49.713299
2.196890 11.981800 -49.726501
2.156110 11.956100 -49.745399
2.114050 11.937700 -49.769299
2.072000 11.927100 -49.797699
2.031220 11.924800 -49.829498
1.992960 11.930800 -49.863899
1.958380 11.944900 -49.899799
1.928520 11.966700 -49.936100
1.904310 11.995500 -49.971699
1.886470 12.030400 -50.005501
1.875540 12.070500 -50.036499
1.871860 12.114300 -50.063801
1.875540 12.160800 -50.086498
1.886470 12.208300 -50.103901
1.904310 12.255500 -50.115501
1.928520 12.301000 -50.120998
1.958370 12.343300 -50.120201
1.992960 12.381200 -50.112999
2.031220 12.413500 -50.099800
2.072000 12.439300 -50.081001

/group/in_iliac_right/56
56
replaced_with_circle 1 creation_method hand_drawn num_subsample_pts 27 nrm {0.647201 -0.342446 -0.681074} xhat {0.000000 0.893423 -0.449215} creation_type threshold pos {2.799283 11.814084 -50.660915} pathId 700 num_hand_picked_pts 14 posId 56
2.810950 12.088500 -50.787800
2.848510 12.099000 -50.757401
2.884920 12.101500 -50.723999
2.919090 12.095800 -50.688702
2.949970 12.082300 -50.652599
2.976630 12.061200 -50.616600
2.998250 12.033200 -50.582001
3.014190 11.999300 -50.549801
3.023940 11.960300 -50.521000
3.027230 11.917600 -50.496300
3.023940 11.872300 -50.476700
3.014190 11.825900 -50.462601
2.998250 11.779800 -50.454601
2.976630 11.735300 -50.452801
2.949970 11.693900 -50.457298
2.919090 11.656800 -50.467999
2.884920 11.625100 -50.484501
2.848510 11.599800 -50.506401
2.810950 11.581600 -50.532902
2.773390 11.571100 -50.563400
2.736980 11.568700 -50.596699
2.702810 11.574300 -50.632000
2.671930 11.587900 -50.668201
2.645270 11.609000 -50.704102
2.623640 11.636900 -50.738701
2.607710 11.670900 -50.770901
2.597950 11.709800 -50.799801
2.594670 11.752600 -50.824402
2.597950 11.797900 -50.844101
2.607710 11.844300 -50.858101
2.623650 11.890400 -50.866199
2.645270 11.934800 -50.868000
2.671930 11.976200 -50.863499
2.702810 12.013300 -50.852798
2.736980 12.045100 -50.836300
2.773390 12.070400 -50.814400

/group/in_iliac_right/68
68
replaced_with_circle 1 creation_method hand_drawn num_subsample_pts 30 nrm {0.737972 -0.289776 -0.609449} xhat {0.000000 0.903112 -0.429405} creation_type threshold pos {3.524947 11.478044 -51.345444} pathId 700 num_hand_picked_pts 15 posId 68
3.587250 11.721800 -51.385899
3.624100 11.734800 -51.347401
3.659830 11.738700 -51.306099
3.693360 11.733500 -51.263000
3.723660 11.719400 -51.219601
3.749810 11.696700 -51.177101
3.771030 11.666100 -51.136902
3.786670 11.628500 -51.100101
3.796240 11.585200 -51.067902
3.799460 11.537400 -51.041302
3.796240 11.486600 -51.021000
3.786670 11.434300 -51.007702
3.771030 11.382100 -51.001801
3.749810 11.331600 -51.003502
3.723660 11.284300 -51.012699
3.693360 11.241600 -51.029099
3.659830 11.205000 -51.052299
3.624100 11.175400 -51.081501
3.587250 11.153800 -51.115799
3.550400 11.140800 -51.154301
3.514670 11.136800 -51.195599
3.481150 11.142000 -51.238701
3.450850 11.156200 -51.282101
3.424690 11.178900 -51.324600
3.403470 11.209500 -51.364799
3.387840 11.247000 -51.401600
3.378270 11.290300 -51.433800
3.375040 11.338100 -51.460400
3.378270 11.388900 -51.480701
3.387840 11.441300 -51.493999
3.403470 11.493500 -51.499901
3.424690 11.544000 -51.498199
3.450850 11.591300 -51.488998
3.481150 11.633900 -51.472599
3.514670 11.670600 -51.449402
3.550400 11.700100 -51.420200

