/group/L_incrd/5
5
replaced_with_circle 1 xhat {0.000000 0.971126 0.238566} nrm {-0.206161 -0.233441 0.950265} num_subsample_pts 44 creation_method hand_drawn pathId 200 pos {-17.959241 17.390490 -58.056277} creation_type threshold posId 5 num_hand_picked_pts 12 bulk_scale_factor 0.1
-1.825510 2.004290 -5.746890
-1.866220 2.002810 -5.756090
-1.905700 1.994290 -5.766740
-1.942740 1.979010 -5.778530
-1.976210 1.957430 -5.791090
-2.005110 1.930210 -5.804050
-2.028550 1.898160 -5.817010
-2.045820 1.862270 -5.829570
-2.056400 1.823630 -5.841360
-2.059960 1.783400 -5.852020
-2.056400 1.742820 -5.861210
-2.045820 1.703110 -5.868670
-2.028550 1.665480 -5.874170
-2.005110 1.631080 -5.877530
-1.976210 1.600950 -5.878670
-1.942740 1.576000 -5.877530
-1.905700 1.557000 -5.874160
-1.866220 1.544520 -5.868670
-1.825510 1.538940 -5.861210
-1.784800 1.540430 -5.852010
-1.745330 1.548940 -5.841350
-1.708290 1.564220 -5.829560
-1.674810 1.585800 -5.817000
-1.645910 1.613030 -5.804040
-1.622470 1.645070 -5.791080
-1.605200 1.680960 -5.778520
-1.594630 1.719610 -5.766730
-1.591060 1.759830 -5.756080
-1.594630 1.800420 -5.746880
-1.605200 1.840120 -5.739420
-1.622470 1.877750 -5.733920
-1.645910 1.912150 -5.730560
-1.674810 1.942280 -5.729430
-1.708290 1.967230 -5.730560
-1.745330 1.986230 -5.733930
-1.784800 1.998710 -5.739430

/group/L_incrd/12
12
replaced_with_circle 1 xhat {0.000000 0.856117 0.516783} nrm {-0.297936 -0.493313 0.817237} num_subsample_pts 40 creation_method hand_drawn pathId 200 pos {-19.792834 14.484335 -51.484801} creation_type threshold posId 12 num_hand_picked_pts 12 bulk_scale_factor 0.1
-1.948070 1.624510 -5.030820
-1.984290 1.627510 -5.042210
-2.019420 1.624730 -5.056690
-2.052380 1.616270 -5.073820
-2.082160 1.602360 -5.093070
-2.107880 1.583450 -5.113860
-2.128740 1.560100 -5.135560
-2.144100 1.533020 -5.157510
-2.153520 1.503040 -5.179040
-2.156690 1.471060 -5.199500
-2.153520 1.438060 -5.218260
-2.144100 1.405040 -5.234760
-2.128740 1.373000 -5.248500
-2.107880 1.342920 -5.259050
-2.082170 1.315720 -5.266100
-2.052380 1.292210 -5.269430
-2.019420 1.273110 -5.268950
-1.984290 1.259000 -5.264660
-1.948070 1.250310 -5.256690
-1.911840 1.247310 -5.245300
-1.876720 1.250090 -5.230820
-1.843760 1.258560 -5.213690
-1.813970 1.272460 -5.194440
-1.788260 1.291370 -5.173650
-1.767400 1.314720 -5.151950
-1.752030 1.341800 -5.130000
-1.742620 1.371790 -5.108470
-1.739450 1.403760 -5.088010
-1.742620 1.436760 -5.069250
-1.752030 1.469780 -5.052750
-1.767400 1.501820 -5.039010
-1.788260 1.531900 -5.028460
-1.813970 1.559110 -5.021410
-1.843760 1.582620 -5.018080
-1.876720 1.601720 -5.018560
-1.911840 1.615820 -5.022850

/group/L_incrd/19
19
replaced_with_circle 1 xhat {0.000000 0.994802 0.101827} nrm {-0.453185 -0.090770 0.886783} num_subsample_pts 35 creation_method hand_drawn pathId 200 pos {-22.853811 11.719839 -44.731270} creation_type threshold posId 19 num_hand_picked_pts 12 bulk_scale_factor 0.1
-2.273960 1.387690 -4.445210
-2.303440 1.386340 -4.460410
-2.332010 1.379270 -4.475740
-2.358830 1.366710 -4.490730
-2.383060 1.349030 -4.504920
-2.403980 1.326760 -4.517890
-2.420950 1.300590 -4.529240
-2.433450 1.271320 -4.538630
-2.441110 1.239820 -4.545770
-2.443690 1.207070 -4.550440
-2.441110 1.174040 -4.552500
-2.433450 1.141750 -4.551890
-2.420950 1.111180 -4.548630
-2.403980 1.083260 -4.542820
-2.383060 1.058830 -4.534630
-2.358830 1.038640 -4.524310
-2.332010 1.023290 -4.512180
-2.303440 1.013270 -4.498600
-2.273960 1.008870 -4.483990
-2.244490 1.010220 -4.468790
-2.215910 1.017290 -4.453460
-2.189100 1.029850 -4.438470
-2.164860 1.047530 -4.424280
-2.143940 1.069800 -4.411310
-2.126970 1.095960 -4.399960
-2.114470 1.125240 -4.390570
-2.106810 1.156740 -4.383430
-2.104230 1.189490 -4.378760
-2.106810 1.222520 -4.376700
-2.114470 1.254800 -4.377310
-2.126970 1.285380 -4.380570
-2.143940 1.313300 -4.386380
-2.164860 1.337730 -4.394570
-2.189100 1.357920 -4.404890
-2.215910 1.373260 -4.417020
-2.244490 1.383290 -4.430600

/group/L_incrd/22
22
replaced_with_circle 1 xhat {0.000000 0.993079 -0.117446} nrm {-0.400287 0.107626 0.910048} num_subsample_pts 35 creation_method hand_drawn pathId 200 pos {-24.321037 11.744265 -41.719263} creation_type threshold posId 22 num_hand_picked_pts 11 bulk_scale_factor 0.1
-2.428940 1.396870 -4.196840
-2.458800 1.392510 -4.209460
-2.487740 1.382620 -4.221020
-2.514900 1.367500 -4.231180
-2.539450 1.347610 -4.239630
-2.560640 1.323560 -4.246100
-2.577830 1.296070 -4.250410
-2.590500 1.265990 -4.252430
-2.598250 1.234230 -4.252080
-2.600870 1.201740 -4.249390
-2.598250 1.169520 -4.244430
-2.590500 1.138550 -4.237350
-2.577830 1.109760 -4.228380
-2.560640 1.084040 -4.217780
-2.539450 1.062170 -4.205870
-2.514910 1.044800 -4.193020
-2.487740 1.032470 -4.179610
-2.458800 1.025550 -4.166060
-2.428940 1.024250 -4.152780
-2.399090 1.028610 -4.140160
-2.370140 1.038500 -4.128600
-2.342980 1.053620 -4.118440
-2.318430 1.073500 -4.109990
-2.297240 1.097560 -4.103520
-2.280050 1.125040 -4.099210
-2.267390 1.155120 -4.097190
-2.259630 1.186890 -4.097540
-2.257020 1.219380 -4.100230
-2.259630 1.251600 -4.105190
-2.267390 1.282570 -4.112270
-2.280050 1.311350 -4.121240
-2.297240 1.337070 -4.131840
-2.318430 1.358950 -4.143750
-2.342980 1.376320 -4.156600
-2.370140 1.388650 -4.170010
-2.399090 1.395570 -4.183560

/group/L_incrd/24
24
num_smooth_modes 5 num_subsample_pts 35 pathId 200 replaced_with_circle 1 creation_method hand_drawn creation_type threshold pos {-25.042653 12.078151 -39.849953} bulk_scale_factor 0.1 xhat {0.000000 0.970889 -0.239528} nrm {-0.287905 0.229386 0.929781} posId 24 num_hand_picked_pts 10
-2.507560 1.437950 -4.042790
-2.538420 1.432990 -4.051120
-2.568340 1.422700 -4.057850
-2.596410 1.407410 -4.062770
-2.621790 1.387570 -4.065730
-2.643690 1.363790 -4.066650
-2.661460 1.336780 -4.065490
-2.674550 1.307380 -4.062290
-2.682570 1.276470 -4.057140
-2.685270 1.244990 -4.050210
-2.682570 1.213900 -4.041710
-2.674550 1.184140 -4.031880
-2.661460 1.156620 -4.021040
-2.643690 1.132180 -4.009510
-2.621790 1.111550 -3.997640
-2.596410 1.095370 -3.985790
-2.568340 1.084120 -3.974320
-2.538420 1.078140 -3.963580
-2.507560 1.077630 -3.953900
-2.476700 1.082590 -3.945570
-2.446780 1.092870 -3.938840
-2.418710 1.108160 -3.933920
-2.393340 1.128000 -3.930960
-2.371430 1.151790 -3.930040
-2.353670 1.178790 -3.931200
-2.340580 1.208190 -3.934400
-2.332560 1.239110 -3.939550
-2.329860 1.270580 -3.946480
-2.332560 1.301670 -3.954980
-2.340570 1.331430 -3.964810
-2.353670 1.358950 -3.975650
-2.371430 1.383390 -3.987180
-2.393340 1.404020 -3.999050
-2.418710 1.420210 -4.010900
-2.446780 1.431460 -4.022370
-2.476700 1.437430 -4.033110

/group/L_incrd/27
27
num_smooth_modes 5 num_subsample_pts 35 pathId 200 replaced_with_circle 1 creation_method hand_drawn creation_type threshold pos {-25.383926 12.892151 -37.473925} bulk_scale_factor 0.1 xhat {0.000000 0.903309 -0.428991} nrm {0.094210 0.427083 0.899291} posId 27 num_hand_picked_pts 11
-2.564760 1.539320 -3.863410
-2.597640 1.538050 -3.859360
-2.629530 1.531590 -3.852950
-2.659440 1.520150 -3.844380
-2.686480 1.504070 -3.833910
-2.709820 1.483840 -3.821860
-2.728750 1.460070 -3.808590
-2.742700 1.433500 -3.794510
-2.751240 1.404920 -3.780040
-2.754120 1.375200 -3.765630
-2.751240 1.345250 -3.751700
-2.742700 1.315970 -3.738700
-2.728750 1.288260 -3.727000
-2.709820 1.262960 -3.716960
-2.686480 1.240830 -3.708900
-2.659440 1.222560 -3.703060
-2.629530 1.208690 -3.699600
-2.597640 1.199640 -3.698650
-2.564760 1.195700 -3.700220
-2.531880 1.196970 -3.704270
-2.500000 1.203430 -3.710670
-2.470080 1.214870 -3.719240
-2.443050 1.230950 -3.729710
-2.419710 1.251180 -3.741760
-2.400770 1.274950 -3.755030
-2.386820 1.301520 -3.769120
-2.378280 1.330110 -3.783590
-2.375400 1.359820 -3.798000
-2.378280 1.389770 -3.811920
-2.386820 1.419050 -3.824930
-2.400770 1.446760 -3.836630
-2.419710 1.472060 -3.846660
-2.443050 1.494180 -3.854720
-2.470080 1.512460 -3.860570
-2.500000 1.526330 -3.864020
-2.531880 1.535380 -3.864980

/group/L_incrd/31
31
replaced_with_circle 1 xhat {0.000000 0.608505 -0.793550} nrm {0.685800 0.577538 0.442864} num_subsample_pts 35 creation_method hand_drawn pathId 200 pos {-24.121629 14.491031 -35.337007} creation_type threshold posId 31 num_hand_picked_pts 12 bulk_scale_factor 0.1
-2.442770 1.621150 -3.710680
-2.466400 1.637090 -3.694880
-2.489310 1.649090 -3.675050
-2.510800 1.656790 -3.651790
-2.530230 1.659940 -3.625820
-2.547000 1.658460 -3.597910
-2.560610 1.652390 -3.568930
-2.570630 1.641910 -3.539740
-2.576770 1.627340 -3.511240
-2.578840 1.609130 -3.484290
-2.576770 1.587830 -3.459710
-2.570630 1.564090 -3.438250
-2.560610 1.538620 -3.420560
-2.547000 1.512200 -3.407170
-2.530230 1.485630 -3.398500
-2.510800 1.459730 -3.394810
-2.489310 1.435270 -3.396210
-2.466400 1.413010 -3.402650
-2.442770 1.393610 -3.413940
-2.419140 1.377670 -3.429750
-2.396230 1.365670 -3.449580
-2.374730 1.357980 -3.472830
-2.355300 1.354830 -3.498810
-2.338530 1.356310 -3.526710
-2.324920 1.362380 -3.555700
-2.314900 1.372860 -3.584890
-2.308760 1.387420 -3.613390
-2.306690 1.405630 -3.640340
-2.308760 1.426930 -3.664920
-2.314900 1.450680 -3.686380
-2.324920 1.476150 -3.704070
-2.338530 1.502570 -3.717450
-2.355300 1.529130 -3.726120
-2.374730 1.555040 -3.729810
-2.396230 1.579490 -3.728420
-2.419140 1.601760 -3.721980

/group/L_incrd/35
35
replaced_with_circle 1 xhat {0.000000 0.064417 -0.997923} nrm {0.845615 0.532685 0.034385} num_subsample_pts 36 creation_method hand_drawn pathId 200 pos {-20.794531 16.810266 -34.500747} creation_type threshold posId 35 num_hand_picked_pts 13 bulk_scale_factor 0.1
-2.075590 1.688630 -3.662960
-2.093640 1.716980 -3.658170
-2.111150 1.744090 -3.647610
-2.127570 1.769130 -3.631620
-2.142420 1.791340 -3.610670
-2.155230 1.810050 -3.585410
-2.165620 1.824690 -3.556600
-2.173280 1.834820 -3.525110
-2.177970 1.840120 -3.491910
-2.179550 1.840440 -3.457990
-2.177970 1.835770 -3.424400
-2.173280 1.826240 -3.392160
-2.165620 1.812150 -3.362230
-2.155230 1.793920 -3.335540
-2.142420 1.772120 -3.312890
-2.127570 1.747400 -3.294980
-2.111150 1.720510 -3.282340
-2.093640 1.692270 -3.275350
-2.075590 1.663540 -3.274240
-2.057530 1.635190 -3.279040
-2.040030 1.608080 -3.289590
-2.023610 1.583040 -3.305590
-2.008760 1.560830 -3.326530
-1.995950 1.542120 -3.351800
-1.985550 1.527480 -3.380610
-1.977890 1.517350 -3.412100
-1.973200 1.512050 -3.445300
-1.971620 1.511730 -3.479210
-1.973200 1.516410 -3.512800
-1.977890 1.525930 -3.545050
-1.985550 1.540030 -3.574970
-1.995950 1.558250 -3.601660
-2.008760 1.580050 -3.624310
-2.023610 1.604780 -3.642230
-2.040030 1.631660 -3.654870
-2.057530 1.659900 -3.661850

/group/L_incrd/38
38
replaced_with_circle 1 xhat {0.000000 0.068367 0.997660} nrm {0.826003 0.562347 -0.038536} num_subsample_pts 38 creation_method hand_drawn pathId 200 pos {-17.269425 19.075774 -34.560403} creation_type threshold posId 38 num_hand_picked_pts 10 bulk_scale_factor 0.1
-1.698480 1.880230 -3.245060
-1.678520 1.850830 -3.246150
-1.659160 1.821900 -3.253390
-1.641000 1.794320 -3.266560
-1.624580 1.768930 -3.285260
-1.610410 1.746490 -3.308930
-1.598910 1.727690 -3.336830
-1.590440 1.713110 -3.368130
-1.585260 1.703180 -3.401870
-1.583510 1.698200 -3.437040
-1.585260 1.698330 -3.472550
-1.590440 1.703570 -3.507330
-1.598910 1.713750 -3.540330
-1.610410 1.728560 -3.570540
-1.624580 1.747560 -3.597040
-1.641000 1.770170 -3.619030
-1.659160 1.795690 -3.635840
-1.678520 1.823370 -3.646960
-1.698480 1.852340 -3.652050
-1.718450 1.881740 -3.650960
-1.737810 1.910670 -3.643720
-1.755970 1.938250 -3.630550
-1.772390 1.963650 -3.611850
-1.786560 1.986090 -3.588180
-1.798050 2.004880 -3.560280
-1.806520 2.019470 -3.528980
-1.811710 2.029400 -3.495230
-1.813460 2.034380 -3.460070
-1.811710 2.034240 -3.424560
-1.806520 2.029010 -3.389780
-1.798050 2.018830 -3.356780
-1.786560 2.004010 -3.326570
-1.772390 1.985020 -3.300070
-1.755970 1.962410 -3.278080
-1.737810 1.936880 -3.261270
-1.718450 1.909210 -3.250150

/group/L_incrd/41
41
replaced_with_circle 1 xhat {0.000000 0.025421 -0.999677} nrm {0.735934 0.676835 0.017211} num_subsample_pts 35 creation_method hand_drawn pathId 200 pos {-13.781245 21.765432 -34.658512} creation_type threshold posId 41 num_hand_picked_pts 11 bulk_scale_factor 0.1
-1.344750 2.144320 -3.625550
-1.366780 2.168180 -3.622100
-1.388140 2.191180 -3.613060
-1.408180 2.212600 -3.598700
-1.426300 2.231810 -3.579480
-1.441930 2.248210 -3.555960
-1.454620 2.261320 -3.528860
-1.463960 2.270720 -3.499010
-1.469690 2.276140 -3.467310
-1.471610 2.277400 -3.434730
-1.469690 2.274480 -3.402260
-1.463960 2.267460 -3.370880
-1.454620 2.256550 -3.341540
-1.441930 2.242090 -3.315150
-1.426300 2.224510 -3.292490
-1.408180 2.204350 -3.274270
-1.388140 2.182220 -3.261020
-1.366780 2.158800 -3.253160
-1.344750 2.134790 -3.250920
-1.322720 2.110920 -3.254380
-1.301360 2.087930 -3.263420
-1.281320 2.066500 -3.277770
-1.263200 2.047300 -3.297000
-1.247570 2.030890 -3.320520
-1.234880 2.017790 -3.347620
-1.225540 2.008390 -3.377470
-1.219820 2.002970 -3.409160
-1.217890 2.001700 -3.441740
-1.219820 2.004620 -3.474220
-1.225540 2.011640 -3.505600
-1.234880 2.022550 -3.534930
-1.247570 2.037010 -3.561330
-1.263200 2.054590 -3.583980
-1.281320 2.074750 -3.602210
-1.301360 2.096880 -3.615460
-1.322720 2.120310 -3.623320

/group/L_incrd/44
44
replaced_with_circle 1 xhat {0.000000 0.244215 -0.969721} nrm {0.508011 0.835270 0.210355} num_subsample_pts 34 creation_method hand_drawn pathId 200 pos {-11.208478 24.826400 -34.259938} creation_type threshold posId 44 num_hand_picked_pts 11 bulk_scale_factor 0.1
-1.089850 2.511090 -3.613850
-1.117350 2.526140 -3.607180
-1.144020 2.539370 -3.595290
-1.169040 2.550370 -3.578550
-1.191650 2.558810 -3.557470
-1.211180 2.564450 -3.532680
-1.227010 2.567090 -3.504930
-1.238680 2.566670 -3.475080
-1.245830 2.563190 -3.444030
-1.248230 2.556770 -3.412720
-1.245830 2.547600 -3.382100
-1.238680 2.535950 -3.353110
-1.227010 2.522180 -3.326620
-1.211180 2.506710 -3.303440
-1.191650 2.490010 -3.284270
-1.169040 2.472590 -3.269700
-1.144020 2.454970 -3.260170
-1.117350 2.437690 -3.255970
-1.089850 2.421280 -3.257220
-1.062340 2.406230 -3.263890
-1.035670 2.393010 -3.275780
-1.010650 2.382000 -3.292510
-0.988037 2.373560 -3.313600
-0.968514 2.367930 -3.338390
-0.952679 2.365280 -3.366130
-0.941011 2.365710 -3.395980
-0.933864 2.369180 -3.427040
-0.931459 2.375600 -3.458350
-0.933865 2.384780 -3.488960
-0.941010 2.396420 -3.517960
-0.952679 2.410190 -3.544450
-0.968514 2.425660 -3.567630
-0.988036 2.442360 -3.586790
-1.010650 2.459780 -3.601360
-1.035670 2.477400 -3.610900
-1.062340 2.494680 -3.615100

/group/L_incrd/47
47
replaced_with_circle 1 xhat {0.000000 0.522822 -0.852442} nrm {0.254817 0.824302 0.505563} num_subsample_pts 37 creation_method hand_drawn pathId 200 pos {-9.836022 27.825276 -33.057725} creation_type threshold posId 47 num_hand_picked_pts 10 bulk_scale_factor 0.1
-0.967343 2.864600 -3.447790
-1.000180 2.870430 -3.440740
-1.032010 2.872970 -3.428830
-1.061890 2.872150 -3.412430
-1.088890 2.867990 -3.392050
-1.112190 2.860620 -3.368290
-1.131100 2.850270 -3.341890
-1.145030 2.837250 -3.313630
-1.153560 2.821950 -3.284390
-1.156430 2.804850 -3.255050
-1.153560 2.786450 -3.226500
-1.145030 2.767320 -3.199610
-1.131100 2.748040 -3.175200
-1.112190 2.729190 -3.154000
-1.088890 2.711360 -3.136660
-1.061890 2.695070 -3.123720
-1.032010 2.680830 -3.115550
-1.000180 2.669060 -3.112420
-0.967343 2.660140 -3.114410
-0.934507 2.654310 -3.121470
-0.902670 2.651770 -3.133370
-0.872798 2.652590 -3.149770
-0.845799 2.656750 -3.170150
-0.822491 2.664120 -3.193910
-0.803587 2.674470 -3.220320
-0.789657 2.687490 -3.248570
-0.781126 2.702790 -3.277810
-0.778254 2.719890 -3.307150
-0.781126 2.738290 -3.335700
-0.789656 2.757420 -3.362590
-0.803587 2.776700 -3.387010
-0.822492 2.795550 -3.408200
-0.845798 2.813380 -3.425540
-0.872799 2.829670 -3.438490
-0.902670 2.843910 -3.446650
-0.934507 2.855680 -3.449780

/group/L_incrd/50
50
replaced_with_circle 1 xhat {0.000000 0.872963 -0.487786} nrm {0.003800 0.487782 0.872957} num_subsample_pts 35 creation_method hand_drawn pathId 200 pos {-9.421243 29.990450 -30.947705} creation_type threshold posId 50 num_hand_picked_pts 10 bulk_scale_factor 0.1
-0.880833 3.122790 -3.164180
-0.913937 3.120320 -3.162660
-0.946035 3.112870 -3.158360
-0.976152 3.100670 -3.151410
-1.003370 3.084080 -3.142020
-1.026870 3.063610 -3.130480
-1.045930 3.039880 -3.117140
-1.059970 3.013620 -3.102400
-1.068570 2.985620 -3.086720
-1.071470 2.956720 -3.070560
-1.068570 2.927820 -3.054420
-1.059970 2.899780 -3.038790
-1.045930 2.873460 -3.024150
-1.026870 2.849670 -3.010930
-1.003370 2.829110 -2.999550
-0.976152 2.812420 -2.990340
-0.946034 2.800110 -2.983590
-0.913937 2.792540 -2.979500
-0.880834 2.789950 -2.978200
-0.847729 2.792420 -2.979720
-0.815632 2.799860 -2.984030
-0.785515 2.812070 -2.990980
-0.758295 2.828660 -3.000360
-0.734797 2.849130 -3.011900
-0.715738 2.872850 -3.025240
-0.701694 2.899120 -3.039980
-0.693093 2.927120 -3.055670
-0.690197 2.956020 -3.071820
-0.693093 2.984920 -3.087960
-0.701694 3.012960 -3.103590
-0.715738 3.039270 -3.118230
-0.734797 3.063070 -3.131450
-0.758294 3.083630 -3.142830
-0.785516 3.100320 -3.152040
-0.815632 3.112630 -3.158790
-0.847729 3.120200 -3.162880

/group/L_incrd/52
52
replaced_with_circle 1 xhat {0.000000 0.995438 -0.095407} nrm {-0.118332 0.094736 0.988444} num_subsample_pts 36 creation_method hand_drawn pathId 200 pos {-9.547153 30.596910 -28.998341} creation_type threshold posId 52 num_hand_picked_pts 10 bulk_scale_factor 0.1
-0.907993 3.221820 -2.909780
-0.941528 3.218490 -2.913480
-0.974044 3.209390 -2.916500
-1.004550 3.194780 -2.918750
-1.032130 3.175110 -2.920160
-1.055930 3.150980 -2.920700
-1.075240 3.123110 -2.920340
-1.089470 3.092370 -2.919100
-1.098180 3.059670 -2.917010
-1.101110 3.026020 -2.914130
-1.098180 2.992430 -2.910560
-1.089470 2.959940 -2.906410
-1.075240 2.929510 -2.901790
-1.055930 2.902090 -2.896850
-1.032130 2.878500 -2.891740
-1.004550 2.859450 -2.886610
-0.974044 2.845540 -2.881620
-0.941528 2.837170 -2.876930
-0.907994 2.834610 -2.872670
-0.874457 2.837940 -2.868970
-0.841941 2.847040 -2.865950
-0.811433 2.861650 -2.863700
-0.783857 2.881320 -2.862280
-0.760053 2.905450 -2.861750
-0.740745 2.933320 -2.862110
-0.726518 2.964060 -2.863350
-0.717806 2.996760 -2.865440
-0.714872 3.030410 -2.868310
-0.717806 3.064000 -2.871880
-0.726518 3.096490 -2.876040
-0.740745 3.126920 -2.880660
-0.760053 3.154340 -2.885600
-0.783856 3.177930 -2.890710
-0.811433 3.196980 -2.895840
-0.841942 3.210890 -2.900830
-0.874457 3.219260 -2.905520

/group/L_incrd/55
55
replaced_with_circle 1 xhat {0.000000 0.958921 0.283672} nrm {-0.192617 -0.278360 0.940965} num_subsample_pts 37 creation_method hand_drawn pathId 200 pos {-10.115837 30.216822 -25.590813} creation_type threshold posId 55 num_hand_picked_pts 13 bulk_scale_factor 0.1
-0.926393 3.167700 -2.498450
-0.960222 3.166690 -2.505670
-0.993024 3.159930 -2.514390
-1.023800 3.147610 -2.524330
-1.051620 3.130130 -2.535200
-1.075630 3.108000 -2.546660
-1.095110 3.081900 -2.558360
-1.109460 3.052620 -2.569960
-1.118250 3.021060 -2.581100
-1.121210 2.988170 -2.591440
-1.118250 2.954940 -2.600660
-1.109460 2.922400 -2.608490
-1.095110 2.891520 -2.614680
-1.075630 2.863260 -2.619060
-1.051620 2.838450 -2.621480
-1.023800 2.817870 -2.621880
-0.993023 2.802130 -2.620230
-0.960222 2.791720 -2.616600
-0.926393 2.786940 -2.611090
-0.892563 2.787950 -2.603860
-0.859761 2.794710 -2.595150
-0.828985 2.807020 -2.585210
-0.801168 2.824510 -2.574340
-0.777155 2.846640 -2.562880
-0.757677 2.872730 -2.551170
-0.743325 2.902010 -2.539570
-0.734536 2.933580 -2.528430
-0.731576 2.966470 -2.518100
-0.734536 2.999690 -2.508870
-0.743325 3.032240 -2.501050
-0.757677 3.063110 -2.494850
-0.777155 3.091380 -2.490470
-0.801167 3.116180 -2.488050
-0.828985 3.136770 -2.487660
-0.859762 3.152500 -2.489300
-0.892563 3.162920 -2.492940

/group/L_incrd/59
59
replaced_with_circle 1 xhat {0.000000 0.775290 0.631605} nrm {-0.196562 -0.619284 0.760165} num_subsample_pts 36 creation_method hand_drawn pathId 200 pos {-11.061139 28.159840 -21.524194} creation_type threshold posId 59 num_hand_picked_pts 12 bulk_scale_factor 0.1
-1.079420 2.932210 -2.050830
-1.112460 2.934110 -2.057830
-1.144500 2.931380 -2.068340
-1.174560 2.924100 -2.082040
-1.201730 2.912490 -2.098520
-1.225180 2.896920 -2.117270
-1.244200 2.877850 -2.137730
-1.258220 2.855850 -2.159270
-1.266800 2.831610 -2.181240
-1.269690 2.805840 -2.202980
-1.266800 2.779350 -2.223810
-1.258220 2.752930 -2.243120
-1.244200 2.727390 -2.260300
-1.225180 2.703500 -2.274850
-1.201730 2.681980 -2.286310
-1.174560 2.663500 -2.294340
-1.144490 2.648610 -2.298700
-1.112460 2.637760 -2.299250
-1.079420 2.631300 -2.295980
-1.046370 2.629400 -2.288980
-1.014340 2.632130 -2.278470
-0.984276 2.639410 -2.264770
-0.957107 2.651010 -2.248290
-0.933653 2.666580 -2.229540
-0.914630 2.685660 -2.209080
-0.900612 2.707650 -2.187540
-0.892027 2.731900 -2.165560
-0.889137 2.757660 -2.143830
-0.892027 2.784150 -2.122990
-0.900611 2.810570 -2.103690
-0.914630 2.836120 -2.086510
-0.933654 2.860010 -2.071960
-0.957106 2.881520 -2.060500
-0.984277 2.900010 -2.052470
-1.014340 2.914890 -2.048110
-1.046370 2.925740 -2.047560

/group/L_incrd/63
63
replaced_with_circle 1 xhat {0.000000 0.411963 0.911201} nrm {-0.062083 -0.909443 0.411168} num_subsample_pts 34 creation_method hand_drawn pathId 200 pos {-11.577916 25.478476 -19.454662} creation_type threshold posId 63 num_hand_picked_pts 14 bulk_scale_factor 0.1
-1.162050 2.608160 -1.812700
-1.193930 2.608820 -1.816060
-1.224850 2.607150 -1.824420
-1.253860 2.603210 -1.837510
-1.280080 2.597120 -1.854940
-1.302710 2.589060 -1.876180
-1.321070 2.579280 -1.900590
-1.334600 2.568070 -1.927420
-1.342880 2.555780 -1.955860
-1.345670 2.542780 -1.985050
-1.342880 2.529460 -2.014090
-1.334600 2.516230 -2.042100
-1.321070 2.503490 -2.068240
-1.302710 2.491620 -2.091710
-1.280080 2.481000 -2.111790
-1.253860 2.471930 -2.127880
-1.224850 2.464710 -2.139490
-1.193930 2.459530 -2.146260
-1.162050 2.456580 -2.147990
-1.130160 2.455920 -2.144620
-1.099240 2.457590 -2.136270
-1.070230 2.461530 -2.123180
-1.044010 2.467620 -2.105740
-1.021380 2.475680 -2.084500
-1.003020 2.485460 -2.060090
-0.989491 2.496670 -2.033260
-0.981206 2.508960 -2.004820
-0.978416 2.521960 -1.975640
-0.981206 2.535280 -1.946600
-0.989490 2.548510 -1.918580
-1.003020 2.561250 -1.892440
-1.021380 2.573120 -1.868980
-1.044010 2.583740 -1.848890
-1.070230 2.592810 -1.832800
-1.099240 2.600030 -1.821200
-1.130160 2.605210 -1.814430

/group/L_incrd/68
68
num_smooth_modes 5 xhat {0.000000 0.526315 0.850290} nrm {0.368109 -0.790585 0.489358} num_subsample_pts 33 creation_method hand_drawn pathId 200 pos {-11.233886 22.618116 -18.307747} creation_type threshold posId 68 num_hand_picked_pts 12 bulk_scale_factor 0.1
-1.340600 2.184100 -1.792930
-1.336860 2.167330 -1.822830
-1.328400 2.152390 -1.853330
-1.316170 2.139320 -1.883650
-1.300940 2.128210 -1.913050
-1.282960 2.119400 -1.940820
-1.262040 2.113430 -1.966190
-1.237730 2.111030 -1.988370
-1.209770 2.112850 -2.006460
-1.178630 2.119270 -2.019510
-1.145700 2.130210 -2.026600
-1.113290 2.145070 -2.026960
-1.084120 2.162840 -2.020210
-1.060620 2.182290 -2.006450
-1.044310 2.202290 -1.986430
-1.035440 2.221930 -1.961370
-1.033130 2.240660 -1.932830
-1.035830 2.258250 -1.902390
-1.042040 2.274570 -1.871350
-1.050880 2.289470 -1.840630
-1.062300 2.302620 -1.810800
-1.076900 2.313490 -1.782250
-1.095510 2.321400 -1.755470
-1.118610 2.325640 -1.731250
-1.145990 2.325640 -1.710660
-1.176610 2.321090 -1.694980
-1.208830 2.312010 -1.685400
-1.240670 2.298820 -1.682760
-1.270220 2.282240 -1.687330
-1.295820 2.263240 -1.698750
-1.316240 2.242940 -1.716200
-1.330650 2.222410 -1.738520
-1.338730 2.202580 -1.764480

/group/L_incrd/70
70
num_smooth_modes 5 xhat {0.000000 0.785969 0.618266} nrm {0.547531 -0.517356 0.657688} num_subsample_pts 30 creation_method hand_drawn pathId 200 pos {-10.756410 21.924569 -17.709125} creation_type threshold posId 70 num_hand_picked_pts 12 bulk_scale_factor 0.1
-1.274140 2.051830 -1.716280
-1.267750 2.027790 -1.740520
-1.257430 2.006940 -1.765500
-1.242270 1.991030 -1.790640
-1.221980 1.981620 -1.814930
-1.197340 1.979220 -1.837330
-1.169770 1.983050 -1.857280
-1.140750 1.991530 -1.874770
-1.111350 2.003350 -1.889940
-1.082380 2.018190 -1.902390
-1.054900 2.036640 -1.910750
-1.030790 2.059360 -1.912960
-1.012660 2.085900 -1.907160
-1.003120 2.114210 -1.892840
-1.003550 2.141050 -1.871370
-1.013370 2.163370 -1.845630
-1.030090 2.179780 -1.818810
-1.050370 2.191080 -1.793040
-1.071500 2.199670 -1.768680
-1.092500 2.207940 -1.744700
-1.114110 2.216640 -1.719870
-1.137800 2.224240 -1.694160
-1.164350 2.227630 -1.669400
-1.192830 2.223640 -1.648820
-1.220650 2.210750 -1.635800
-1.244610 2.189740 -1.632380
-1.262270 2.163240 -1.638530
-1.272900 2.134370 -1.652380
-1.277400 2.105540 -1.671320
-1.277400 2.077910 -1.693060

/group/L_incrd/72
72
num_smooth_modes 5 xhat {0.000000 0.962246 0.272180} nrm {0.642157 -0.208646 0.737632} num_subsample_pts 30 creation_method hand_drawn pathId 200 pos {-10.140630 21.543418 -16.987312} creation_type threshold posId 72 num_hand_picked_pts 10 bulk_scale_factor 0.1
-0.980505 2.108010 -1.741050
-1.001410 2.121650 -1.718990
-1.022570 2.133930 -1.697100
-1.043710 2.147100 -1.674970
-1.065510 2.161180 -1.652010
-1.088540 2.173660 -1.628430
-1.112430 2.180440 -1.605710
-1.135670 2.177750 -1.586250
-1.156200 2.163820 -1.572310
-1.172360 2.139590 -1.565100
-1.183510 2.108170 -1.564280
-1.190010 2.073460 -1.568430
-1.192620 2.038770 -1.575980
-1.191720 2.006180 -1.585980
-1.186980 1.976700 -1.598440
-1.177650 1.950870 -1.613870
-1.163180 1.929340 -1.632560
-1.143890 1.912910 -1.654000
-1.121010 1.902190 -1.676950
-1.096220 1.897190 -1.699940
-1.070900 1.897430 -1.721920
-1.045710 1.902340 -1.742470
-1.020780 1.911870 -1.761470
-0.996435 1.926630 -1.778490
-0.973897 1.947360 -1.792240
-0.955448 1.973990 -1.800770
-0.943814 2.004900 -1.802160
-0.941039 2.036880 -1.795530
-0.947486 2.066200 -1.781620
-0.961584 2.090100 -1.762590

/group/L_incrd/79
79
num_smooth_modes 5 num_subsample_pts 38 pathId 200 replaced_with_circle 1 creation_method hand_drawn creation_type threshold pos {-7.833794 22.684689 -14.400698} bulk_scale_factor 0.1 nrm {0.458413 0.727660 0.510264} xhat {0.000000 0.574144 -0.818755} scale_factor 0.9 posId 79 num_hand_picked_pts 11
-0.833951 2.441370 -1.641210
-0.862203 2.451710 -1.630570
-0.889597 2.458540 -1.615690
-0.915301 2.461650 -1.597040
-0.938532 2.460950 -1.575170
-0.958586 2.456460 -1.550760
-0.974853 2.448330 -1.524540
-0.986839 2.436780 -1.497310
-0.994179 2.422190 -1.469900
-0.996650 2.404980 -1.443140
-0.994179 2.385680 -1.417840
-0.986839 2.364890 -1.394780
-0.974853 2.343220 -1.374650
-0.958586 2.321340 -1.358060
-0.938532 2.299920 -1.345530
-0.915301 2.279600 -1.337420
-0.889597 2.261000 -1.333990
-0.862203 2.244690 -1.335340
-0.833951 2.231160 -1.341430
-0.805697 2.220820 -1.352080
-0.778304 2.214000 -1.366950
-0.752601 2.210890 -1.385600
-0.729370 2.211580 -1.407470
-0.709315 2.216070 -1.431890
-0.693049 2.224210 -1.458100
-0.681063 2.235750 -1.485330
-0.673722 2.250350 -1.512740
-0.671251 2.267560 -1.539500
-0.673722 2.286850 -1.564800
-0.681063 2.307650 -1.587860
-0.693049 2.329320 -1.607990
-0.709316 2.351190 -1.624580
-0.729369 2.372620 -1.637110
-0.752601 2.392940 -1.645220
-0.778304 2.411540 -1.648650
-0.805698 2.427850 -1.647300

/group/L_incrd/83
83
num_smooth_modes 5 xhat {0.000000 0.155330 -0.987863} nrm {0.136696 0.978590 0.153872} num_subsample_pts 40 creation_method hand_drawn pathId 200 pos {-7.098338 24.735297 -13.580604} creation_type threshold posId 83 num_hand_picked_pts 14 bulk_scale_factor 0.1
-0.831719 2.531840 -1.620620
-0.859301 2.532830 -1.602440
-0.883684 2.532520 -1.578780
-0.904684 2.531110 -1.551170
-0.922419 2.528840 -1.520970
-0.937113 2.525890 -1.489170
-0.948854 2.522390 -1.456430
-0.957414 2.518350 -1.423140
-0.962195 2.513750 -1.389690
-0.962332 2.508570 -1.356620
-0.956926 2.502810 -1.324770
-0.945335 2.496530 -1.295140
-0.927421 2.489880 -1.268740
-0.903659 2.483050 -1.246400
-0.875096 2.476250 -1.228520
-0.843141 2.469680 -1.215130
-0.809287 2.463510 -1.205970
-0.774842 2.457870 -1.200710
-0.740767 2.452870 -1.199210
-0.707656 2.448630 -1.201670
-0.675861 2.445280 -1.208580
-0.645693 2.442960 -1.220610
-0.617619 2.441810 -1.238240
-0.592359 2.441940 -1.261500
-0.570861 2.443380 -1.289770
-0.554151 2.446080 -1.321770
-0.543105 2.449890 -1.355830
-0.538251 2.454610 -1.390180
-0.539647 2.460030 -1.423390
-0.546903 2.465950 -1.454610
-0.559315 2.472250 -1.483650
-0.576071 2.478860 -1.510810
-0.596438 2.485750 -1.536530
-0.619874 2.492880 -1.561030
-0.646018 2.500140 -1.583980
-0.674575 2.507340 -1.604420
-0.705154 2.514200 -1.620890
-0.737132 2.520380 -1.631780
-0.769616 2.525540 -1.635730
-0.801516 2.529410 -1.631990

/group/L_incrd/87
87
num_smooth_modes 5 xhat {0.000000 0.240493 0.970651} nrm {-0.227136 0.945281 -0.234207} num_subsample_pts 41 creation_method hand_drawn pathId 200 pos {-7.251872 27.212328 -13.736242} creation_type threshold posId 87 num_hand_picked_pts 12 bulk_scale_factor 0.1
-0.642151 2.789620 -1.178140
-0.609933 2.794380 -1.190160
-0.580686 2.797300 -1.206740
-0.555769 2.798090 -1.227740
-0.536077 2.796590 -1.252860
-0.521924 2.792880 -1.281590
-0.513107 2.787170 -1.313180
-0.509116 2.779840 -1.346610
-0.509413 2.771330 -1.380700
-0.513659 2.762020 -1.414160
-0.521823 2.752220 -1.445800
-0.534134 2.742120 -1.474610
-0.550893 2.731820 -1.499930
-0.572232 2.721370 -1.521400
-0.597917 2.710840 -1.538980
-0.627262 2.700370 -1.552800
-0.659209 2.690160 -1.563000
-0.692517 2.680520 -1.569640
-0.726026 2.671740 -1.572560
-0.758858 2.664130 -1.571460
-0.790508 2.657890 -1.565930
-0.820779 2.653180 -1.555600
-0.849576 2.650040 -1.540320
-0.876665 2.648510 -1.520240
-0.901473 2.648590 -1.495870
-0.923021 2.650300 -1.468050
-0.940042 2.653690 -1.437850
-0.951238 2.658800 -1.406380
-0.955606 2.665600 -1.374720
-0.952722 2.673960 -1.343740
-0.942883 2.683670 -1.314110
-0.927044 2.694360 -1.286320
-0.906579 2.705630 -1.260700
-0.882937 2.717050 -1.237530
-0.857297 2.728270 -1.217110
-0.830350 2.739040 -1.199760
-0.802267 2.749240 -1.185840
-0.772865 2.758820 -1.175700
-0.741895 2.767750 -1.169660
-0.709368 2.775990 -1.167950
-0.675775 2.783370 -1.170750

/group/L_incrd/91
91
num_smooth_modes 5 xhat {0.000000 0.297805 0.954627} nrm {-0.343254 0.896626 -0.279711} num_subsample_pts 40 creation_method hand_drawn pathId 200 pos {-8.105961 29.801136 -14.534945} creation_type threshold posId 91 num_hand_picked_pts 11 bulk_scale_factor 0.1
-0.568904 3.083340 -1.419200
-0.560241 3.076960 -1.450270
-0.555563 3.068670 -1.482590
-0.555429 3.058390 -1.515720
-0.560387 3.046260 -1.548510
-0.570796 3.032700 -1.579210
-0.586687 3.018320 -1.605810
-0.607692 3.003790 -1.626590
-0.633069 2.989730 -1.640510
-0.661820 2.976550 -1.647480
-0.692857 2.964410 -1.648320
-0.725158 2.953270 -1.644400
-0.757866 2.942990 -1.637190
-0.790303 2.933520 -1.627760
-0.821911 2.924940 -1.616470
-0.852136 2.917580 -1.602980
-0.880335 2.911930 -1.586480
-0.905724 2.908560 -1.566120
-0.927418 2.907950 -1.541470
-0.944532 2.910350 -1.512770
-0.956334 2.915730 -1.481020
-0.962374 2.923800 -1.447740
-0.962560 2.934080 -1.414570
-0.957148 2.946030 -1.382920
-0.946656 2.959170 -1.353660
-0.931726 2.973160 -1.327130
-0.912998 2.987770 -1.303290
-0.891025 3.002800 -1.282090
-0.866265 3.018010 -1.263720
-0.839135 3.033030 -1.248830
-0.810105 3.047380 -1.238480
-0.779772 3.060450 -1.233810
-0.748893 3.071660 -1.235750
-0.718344 3.080590 -1.244610
-0.689021 3.087040 -1.259940
-0.661712 3.091040 -1.280630
-0.637005 3.092840 -1.305160
-0.615248 3.092780 -1.332070
-0.596594 3.091120 -1.360270
-0.581108 3.087990 -1.389300

/group/L_incrd/95
95
num_smooth_modes 5 num_subsample_pts 41 pathId 200 replaced_with_circle 1 creation_method hand_drawn creation_type threshold pos {-9.021862 32.342534 -15.057949} bulk_scale_factor 0.1 xhat {0.000000 0.053846 0.998549} nrm {-0.295568 0.953936 -0.051440} posId 95 num_hand_picked_pts 13
-0.843611 3.263580 -1.298550
-0.806901 3.274740 -1.302510
-0.771307 3.285200 -1.313080
-0.737910 3.294640 -1.329910
-0.707725 3.302770 -1.352510
-0.681668 3.309350 -1.380180
-0.660532 3.314180 -1.412080
-0.644958 3.317110 -1.447250
-0.635421 3.318050 -1.484610
-0.632210 3.316970 -1.523040
-0.635421 3.313910 -1.561350
-0.644958 3.308960 -1.598400
-0.660533 3.302270 -1.633050
-0.681668 3.294030 -1.664250
-0.707725 3.284520 -1.691050
-0.737909 3.274000 -1.712640
-0.771308 3.262800 -1.728360
-0.806902 3.251270 -1.737730
-0.843610 3.239750 -1.740480
-0.880321 3.228590 -1.736510
-0.915915 3.218130 -1.725950
-0.949311 3.208690 -1.709120
-0.979496 3.200550 -1.686520
-1.005550 3.193970 -1.658850
-1.026690 3.189140 -1.626950
-1.042260 3.186220 -1.591780
-1.051800 3.185280 -1.554410
-1.055010 3.186350 -1.515990
-1.051800 3.189410 -1.477670
-1.042260 3.194370 -1.440630
-1.026690 3.201060 -1.405980
-1.005550 3.209290 -1.374780
-0.979498 3.218810 -1.347980
-0.949310 3.229330 -1.326390
-0.915914 3.240520 -1.310670
-0.880321 3.252060 -1.301290

/group/L_incrd/99
99
num_smooth_modes 5 num_subsample_pts 40 pathId 200 creation_method hand_drawn modified_as_spline 1 creation_type threshold pos {-9.535747 34.528431 -14.788298} bulk_scale_factor 0.1 xhat {0.000000 0.352886 -0.935666} nrm {-0.111312 0.929852 0.350693} posId 99 num_hand_picked_pts 11
-1.173780 3.413210 -1.443670
-1.136350 3.397450 -1.389990
-1.079870 3.390390 -1.353350
-1.015200 3.390450 -1.332980
-0.947777 3.397050 -1.329080
-0.881824 3.408980 -1.339790
-0.819765 3.424880 -1.362250
-0.765813 3.444860 -1.398090
-0.729424 3.468710 -1.449790
-0.717741 3.493460 -1.511700
-0.727791 3.516050 -1.574780
-0.758244 3.534120 -1.632370
-0.810409 3.543580 -1.674010
-0.874991 3.543530 -1.694390
-0.942404 3.536980 -1.698420
-1.008290 3.525020 -1.687600
-1.067270 3.507320 -1.659390
-1.115000 3.485410 -1.616450
-1.152310 3.461530 -1.564990
-1.176120 3.436680 -1.506640

/group/L_incrd/103
103
num_smooth_modes 4 xhat {0.000000 0.883340 -0.468732} nrm {0.299639 0.447195 0.842753} num_subsample_pts 38 creation_method hand_drawn pathId 200 pos {-9.401880 35.879391 -13.693283} creation_type threshold posId 103 num_hand_picked_pts 11 bulk_scale_factor 0.1
-1.143350 3.658890 -1.334740
-1.153790 3.629540 -1.315460
-1.158520 3.599370 -1.297770
-1.156920 3.569770 -1.282630
-1.148710 3.542200 -1.270920
-1.134050 3.517970 -1.263270
-1.113510 3.498060 -1.260010
-1.087950 3.482970 -1.261090
-1.058480 3.472700 -1.266120
-1.026210 3.466770 -1.274450
-0.992257 3.464390 -1.285260
-0.957575 3.464660 -1.297730
-0.922999 3.466810 -1.311170
-0.889253 3.470420 -1.325080
-0.857018 3.475440 -1.339200
-0.827007 3.482300 -1.353510
-0.800014 3.491700 -1.368100
-0.776928 3.504480 -1.383090
-0.758684 3.521360 -1.398530
-0.746176 3.542670 -1.414290
-0.740128 3.568260 -1.430020
-0.740972 3.597390 -1.445180
-0.748745 3.628790 -1.459070
-0.763046 3.660800 -1.470970
-0.783057 3.691630 -1.480220
-0.807636 3.719590 -1.486320
-0.835466 3.743290 -1.489000
-0.865221 3.761820 -1.488250
-0.895728 3.774750 -1.484260
-0.926088 3.782120 -1.477380
-0.955720 3.784280 -1.467990
-0.984340 3.781740 -1.456470
-1.011870 3.774980 -1.443090
-1.038300 3.764360 -1.428060
-1.063560 3.750080 -1.411500
-1.087350 3.732230 -1.393570
-1.109140 3.710890 -1.374500
-1.128130 3.686280 -1.354690

/group/L_incrd/107
107
num_smooth_modes 4 xhat {0.000000 0.991534 0.129847} nrm {0.577380 -0.106017 0.809563} num_subsample_pts 30 creation_method hand_drawn pathId 200 pos {-8.537407 36.159991 -12.055911} creation_type threshold posId 107 num_hand_picked_pts 11 bulk_scale_factor 0.1
-1.013850 3.649530 -1.087010
-1.026990 3.616900 -1.081910
-1.033470 3.582730 -1.081770
-1.031810 3.550740 -1.087140
-1.021540 3.524710 -1.097870
-1.003400 3.507410 -1.113070
-0.979225 3.499850 -1.131310
-0.951446 3.501130 -1.150950
-0.922494 3.508960 -1.170570
-0.894222 3.520650 -1.189210
-0.867603 3.534100 -1.206430
-0.842797 3.548520 -1.222230
-0.819523 3.564580 -1.236730
-0.797589 3.583840 -1.249850
-0.777359 3.607860 -1.261130
-0.759954 3.637180 -1.269710
-0.747108 3.670710 -1.274480
-0.740713 3.705650 -1.274460
-0.742224 3.738150 -1.269130
-0.752145 3.764330 -1.258620
-0.769794 3.781400 -1.243800
-0.793428 3.788400 -1.226030
-0.820699 3.786320 -1.206850
-0.849268 3.777580 -1.187620
-0.877351 3.765040 -1.169240
-0.904003 3.750940 -1.152070
-0.929062 3.736180 -1.136130
-0.952763 3.720160 -1.121330
-0.975226 3.701300 -1.107780
-0.995994 3.677980 -1.096020

/group/L_incrd/110
110
num_smooth_modes 4 xhat {0.000000 0.838272 0.545253} nrm {0.712266 -0.382718 0.588391} num_subsample_pts 32 creation_method hand_drawn pathId 200 pos {-7.500303 35.762218 -10.911521} creation_type threshold posId 110 num_hand_picked_pts 9 bulk_scale_factor 0.1
-0.861825 3.595020 -0.943594
-0.882850 3.567960 -0.935743
-0.900263 3.539010 -0.933494
-0.912303 3.509600 -0.938047
-0.917557 3.481730 -0.949820
-0.915325 3.457540 -0.968253
-0.905819 3.438900 -0.991883
-0.890106 3.426960 -1.018670
-0.869838 3.421940 -1.046480
-0.846840 3.423180 -1.073510
-0.822697 3.429460 -1.098650
-0.798463 3.439440 -1.121490
-0.774589 3.452070 -1.142180
-0.751069 3.466890 -1.161010
-0.727758 3.484060 -1.178060
-0.704729 3.504150 -1.192870
-0.682543 3.527690 -1.204420
-0.662331 3.554760 -1.211270
-0.645651 3.584660 -1.212020
-0.634151 3.615810 -1.205680
-0.629163 3.645960 -1.192110
-0.631344 3.672600 -1.172140
-0.640492 3.693500 -1.147470
-0.655594 3.707170 -1.120300
-0.675091 3.713120 -1.092820
-0.697275 3.711870 -1.066780
-0.720685 3.704630 -1.043150
-0.744379 3.692910 -1.022090
-0.767988 3.678010 -1.003200
-0.791558 3.660740 -0.985907
-0.815227 3.641300 -0.969899
-0.838867 3.619490 -0.955470

/group/L_incrd/113
113
num_smooth_modes 4 xhat {0.000000 0.510075 0.860130} nrm {0.745168 -0.573600 0.340157} num_subsample_pts 33 creation_method hand_drawn pathId 200 pos {-6.228490 34.931788 -10.128247} creation_type threshold posId 113 num_hand_picked_pts 10 bulk_scale_factor 0.1
-0.721166 3.375080 -0.996588
-0.707625 3.374240 -1.027680
-0.691584 3.377310 -1.057630
-0.673164 3.384720 -1.085500
-0.652720 3.396780 -1.109940
-0.630928 3.413560 -1.129390
-0.608770 3.434670 -1.142330
-0.587434 3.459270 -1.147590
-0.568145 3.486080 -1.144630
-0.551970 3.513580 -1.133690
-0.539660 3.540230 -1.115710
-0.531575 3.564700 -1.092170
-0.527697 3.586010 -1.064740
-0.527733 3.603610 -1.034970
-0.531270 3.617330 -1.004080
-0.537926 3.627210 -0.972851
-0.547450 3.633320 -0.941680
-0.559734 3.635660 -0.910828
-0.574753 3.634040 -0.880657
-0.592421 3.628160 -0.851860
-0.612457 3.617740 -0.825552
-0.634273 3.602640 -0.803207
-0.656949 3.583130 -0.786440
-0.679299 3.559880 -0.776689
-0.700030 3.534000 -0.774908
-0.717934 3.506930 -0.781343
-0.732078 3.480170 -0.795474
-0.741927 3.455130 -0.816126
-0.747371 3.432870 -0.841732
-0.748656 3.414050 -0.870651
-0.746240 3.398920 -0.901455
-0.740619 3.387460 -0.933099
-0.732188 3.379530 -0.964940

/group/L_incrd/116
116
num_smooth_modes 4 xhat {0.000000 0.301670 0.953412} nrm {0.674108 -0.704222 0.222823} num_subsample_pts 32 creation_method hand_drawn pathId 200 pos {-4.892982 33.737926 -9.620447} creation_type threshold posId 116 num_hand_picked_pts 10 bulk_scale_factor 0.1
-0.432297 3.453560 -0.882389
-0.446215 3.449960 -0.851664
-0.461749 3.443940 -0.823701
-0.479483 3.434540 -0.799758
-0.499803 3.420930 -0.781297
-0.522556 3.402810 -0.769736
-0.546872 3.380670 -0.766132
-0.571218 3.355850 -0.770910
-0.593666 3.330310 -0.783715
-0.612290 3.306240 -0.803455
-0.625587 3.285580 -0.828526
-0.632761 3.269660 -0.857143
-0.633820 3.258980 -0.887688
-0.629445 3.253270 -0.918952
-0.620686 3.251760 -0.950222
-0.608612 3.253530 -0.981165
-0.594010 3.257880 -1.011580
-0.577253 3.264580 -1.041120
-0.558376 3.273830 -1.069000
-0.537299 3.286100 -1.093990
-0.514147 3.301780 -1.114470
-0.489505 3.320860 -1.128700
-0.464530 3.342700 -1.135230
-0.440854 3.366010 -1.133190
-0.420305 3.389060 -1.122510
-0.404518 3.410040 -1.103960
-0.394566 3.427480 -1.078970
-0.390734 3.440530 -1.049300
-0.392506 3.449140 -1.016740
-0.398771 3.453880 -0.982806
-0.408188 3.455680 -0.948610
-0.419592 3.455420 -0.914933

/group/L_incrd/120
120
num_smooth_modes 4 xhat {0.000000 0.263367 0.964696} nrm {0.481357 -0.845579 0.230848} num_subsample_pts 26 creation_method hand_drawn pathId 200 pos {-3.347875 31.696864 -9.056476} creation_type threshold posId 120 num_hand_picked_pts 12 bulk_scale_factor 0.1
-0.374755 3.106320 -1.054410
-0.400728 3.097130 -1.033920
-0.423781 3.091020 -1.008230
-0.443315 3.088020 -0.978484
-0.458484 3.088260 -0.945976
-0.468052 3.091980 -0.912398
-0.470569 3.099440 -0.879840
-0.464843 3.110680 -0.850591
-0.450474 3.125370 -0.826748
-0.428223 3.142660 -0.809817
-0.400004 3.161270 -0.800475
-0.368505 3.179710 -0.798613
-0.336558 3.196530 -0.803627
-0.306547 3.210560 -0.814806
-0.280065 3.221050 -0.831623
-0.257943 3.227590 -0.853773
-0.240566 3.230070 -0.880939
-0.228285 3.228470 -0.912405
-0.221676 3.222860 -0.946723
-0.221509 3.213430 -0.981634
-0.228440 3.200560 -1.014310
-0.242591 3.184980 -1.041870
-0.263253 3.167740 -1.061950
-0.288874 3.150090 -1.073160
-0.317363 3.133320 -1.075180
-0.346576 3.118500 -1.068570

/group/L_incrd/124
124
num_smooth_modes 4 xhat {0.000000 0.335586 0.942010} nrm {0.201727 -0.922643 0.328687} num_subsample_pts 28 creation_method hand_drawn pathId 200 pos {-2.422051 29.377582 -8.346956} creation_type threshold posId 124 num_hand_picked_pts 11 bulk_scale_factor 0.1
-0.351454 2.930250 -0.788720
-0.339614 2.943030 -0.760110
-0.320822 2.955580 -0.736425
-0.295536 2.967390 -0.718788
-0.264922 2.978030 -0.707708
-0.230866 2.987070 -0.703223
-0.195741 2.994070 -0.705138
-0.162015 2.998560 -0.713231
-0.131822 3.000140 -0.727342
-0.106660 2.998530 -0.747295
-0.087311 2.993710 -0.772686
-0.073994 2.985950 -0.802651
-0.066661 2.975770 -0.835729
-0.065291 2.963900 -0.869905
-0.070052 2.951120 -0.902848
-0.081236 2.938190 -0.932278
-0.099024 2.925730 -0.956335
-0.123158 2.914220 -0.973823
-0.152698 2.904050 -0.984263
-0.185973 2.895530 -0.987742
-0.220763 2.889020 -0.984657
-0.254667 2.884890 -0.975459
-0.285516 2.883460 -0.960528
-0.311682 2.884980 -0.940203
-0.332184 2.889490 -0.914961
-0.346574 2.896790 -0.885637
-0.354689 2.906440 -0.853564
-0.356393 2.917830 -0.820559

/group/L_incrd/129
129
num_smooth_modes 4 xhat {0.000000 0.535716 0.844398} nrm {-0.334456 -0.795771 0.504864} num_subsample_pts 30 creation_method hand_drawn pathId 200 pos {-2.557038 26.672841 -7.073910} creation_type threshold posId 129 num_hand_picked_pts 13 bulk_scale_factor 0.1
-0.282619 2.585450 -0.854211
-0.309939 2.601400 -0.847172
-0.334214 2.620420 -0.833263
-0.354562 2.641680 -0.813243
-0.370204 2.664010 -0.788401
-0.380459 2.686090 -0.760402
-0.384753 2.706520 -0.731044
-0.382651 2.724060 -0.701994
-0.373908 2.737780 -0.674574
-0.358553 2.747130 -0.649672
-0.336961 2.751940 -0.627782
-0.309909 2.752390 -0.609158
-0.278592 2.748840 -0.594010
-0.244571 2.741730 -0.582668
-0.209662 2.731510 -0.575659
-0.175788 2.718550 -0.573640
-0.144797 2.703240 -0.577248
-0.118309 2.685990 -0.586884
-0.097586 2.667360 -0.602528
-0.083474 2.648030 -0.623649
-0.076389 2.628820 -0.649225
-0.076356 2.610630 -0.677875
-0.083074 2.594310 -0.708058
-0.095989 2.580580 -0.738253
-0.114352 2.570000 -0.767093
-0.137268 2.562940 -0.793403
-0.163729 2.559620 -0.816166
-0.192643 2.560170 -0.834456
-0.222866 2.564660 -0.847397
-0.253237 2.573110 -0.854190

/group/L_incrd/133
133
replaced_with_circle 1 xhat {0.000000 0.723361 0.690470} nrm {-0.757493 -0.450769 0.472241} num_subsample_pts 28 creation_method hand_drawn pathId 200 pos {-3.864318 25.141410 -5.868069} creation_type threshold posId 133 num_hand_picked_pts 10 bulk_scale_factor 0.1
-0.355536 2.572670 -0.481383
-0.372716 2.584770 -0.497391
-0.389374 2.593170 -0.516093
-0.405003 2.597610 -0.536920
-0.419130 2.597970 -0.559238
-0.431324 2.594230 -0.582370
-0.441216 2.586500 -0.605613
-0.448504 2.575020 -0.628260
-0.452967 2.560140 -0.649624
-0.454470 2.542310 -0.669056
-0.452967 2.522070 -0.685964
-0.448504 2.500040 -0.699835
-0.441216 2.476880 -0.710249
-0.431324 2.453300 -0.716887
-0.419130 2.430020 -0.719550
-0.405004 2.407750 -0.718154
-0.389373 2.387150 -0.712744
-0.372716 2.368860 -0.703484
-0.355537 2.353430 -0.690655
-0.338356 2.341330 -0.674646
-0.321699 2.332930 -0.655944
-0.306070 2.328480 -0.635118
-0.291943 2.328130 -0.612800
-0.279748 2.331870 -0.589667
-0.269857 2.339600 -0.566425
-0.262569 2.351080 -0.543778
-0.258105 2.365960 -0.522413
-0.256603 2.383790 -0.502982
-0.258105 2.404030 -0.486074
-0.262569 2.426060 -0.472203
-0.269857 2.449220 -0.461789
-0.279748 2.472790 -0.455150
-0.291943 2.496070 -0.452488
-0.306070 2.518350 -0.453883
-0.321699 2.538950 -0.459293
-0.338356 2.557240 -0.468553

/group/L_incrd/136
136
replaced_with_circle 1 xhat {0.000000 0.958368 0.285534} nrm {-0.946843 -0.091855 0.308303} num_subsample_pts 27 creation_method hand_drawn pathId 200 pos {-5.512045 24.615252 -5.106971} creation_type threshold posId 136 num_hand_picked_pts 11 bulk_scale_factor 0.1
-0.530446 2.587260 -0.409484
-0.538537 2.591950 -0.432934
-0.546382 2.592280 -0.456929
-0.553742 2.588240 -0.480738
-0.560395 2.579950 -0.503639
-0.566138 2.567670 -0.524935
-0.570796 2.551770 -0.543980
-0.574228 2.532720 -0.560194
-0.576331 2.511120 -0.573088
-0.577038 2.487610 -0.582265
-0.576331 2.462910 -0.587450
-0.574229 2.437770 -0.588484
-0.570796 2.412960 -0.585335
-0.566138 2.389230 -0.578100
-0.560395 2.367290 -0.566998
-0.553742 2.347820 -0.552367
-0.546381 2.331410 -0.534650
-0.538537 2.318560 -0.514388
-0.530446 2.309650 -0.492195
-0.522355 2.304960 -0.468744
-0.514510 2.304630 -0.444750
-0.507150 2.308670 -0.420941
-0.500497 2.316950 -0.398041
-0.494754 2.329240 -0.376743
-0.490096 2.345140 -0.357699
-0.486663 2.364180 -0.341484
-0.484561 2.385790 -0.328591
-0.483853 2.409300 -0.319413
-0.484561 2.433990 -0.314229
-0.486663 2.459130 -0.313195
-0.490096 2.483940 -0.316343
-0.494754 2.507680 -0.323579
-0.500497 2.529610 -0.334680
-0.507150 2.549080 -0.349312
-0.514510 2.565490 -0.367028
-0.522355 2.578350 -0.387290

/group/L_incrd/139
139
num_smooth_modes 4 xhat {0.000000 0.568909 -0.822401} nrm {-0.973488 0.188113 0.130130} num_subsample_pts 24 creation_method hand_drawn pathId 200 pos {-7.651666 24.742657 -4.628901} creation_type threshold posId 139 num_hand_picked_pts 10 bulk_scale_factor 0.1
-0.785411 2.397710 -0.503675
-0.783190 2.386910 -0.471445
-0.779455 2.382860 -0.437639
-0.774634 2.384370 -0.403755
-0.768938 2.391050 -0.370808
-0.762412 2.403520 -0.340015
-0.755131 2.422730 -0.313309
-0.747411 2.448830 -0.293283
-0.739896 2.480290 -0.282554
-0.733446 2.513860 -0.282837
-0.728877 2.545400 -0.294250
-0.726687 2.571250 -0.315228
-0.726914 2.589360 -0.343103
-0.729199 2.599610 -0.375023
-0.733010 2.603200 -0.408720
-0.737898 2.601430 -0.442725
-0.743633 2.594770 -0.475991
-0.750160 2.582580 -0.507214
-0.757406 2.563860 -0.534348
-0.765061 2.538310 -0.554683
-0.772500 2.507310 -0.565521
-0.778884 2.474000 -0.565117
-0.783414 2.442440 -0.553386
-0.785602 2.416300 -0.531977

/group/L_incrd/143
143
replaced_with_circle 1 xhat {0.000000 0.145614 0.989342} nrm {-0.904467 0.421998 -0.062111} num_subsample_pts 23 creation_method hand_drawn pathId 200 pos {-10.915911 25.826872 -4.520751} creation_type threshold posId 143 num_hand_picked_pts 10 bulk_scale_factor 0.1
-1.091060 2.605300 -0.306163
-1.082030 2.623980 -0.310785
-1.073270 2.641550 -0.318932
-1.065050 2.657480 -0.330356
-1.057630 2.671280 -0.344712
-1.051220 2.682540 -0.361562
-1.046020 2.690920 -0.380394
-1.042180 2.696150 -0.400636
-1.039840 2.698080 -0.421674
-1.039050 2.696660 -0.442868
-1.039840 2.691920 -0.463574
-1.042180 2.684010 -0.483162
-1.046020 2.673160 -0.501039
-1.051220 2.659720 -0.516659
-1.057630 2.644080 -0.529550
-1.065050 2.626720 -0.539318
-1.073270 2.608180 -0.545669
-1.082030 2.589000 -0.548407
-1.091060 2.569780 -0.547452
-1.100090 2.551100 -0.542830
-1.108850 2.533530 -0.534683
-1.117070 2.517600 -0.523259
-1.124500 2.503800 -0.508903
-1.130910 2.492540 -0.492053
-1.136110 2.484160 -0.473221
-1.139940 2.478930 -0.452979
-1.142290 2.477000 -0.431940
-1.143080 2.478420 -0.410747
-1.142290 2.483160 -0.390042
-1.139940 2.491080 -0.370453
-1.136110 2.501920 -0.352577
-1.130910 2.515360 -0.336956
-1.124500 2.531000 -0.324065
-1.117070 2.548360 -0.314296
-1.108850 2.566910 -0.307946
-1.100090 2.586080 -0.305208

/group/L_incrd/147
147
replaced_with_circle 1 xhat {0.000000 0.349396 0.936975} nrm {-0.789957 0.574518 -0.214236} num_subsample_pts 20 creation_method hand_drawn pathId 200 pos {-14.187463 27.768797 -5.075058} creation_type threshold posId 147 num_hand_picked_pts 9 bulk_scale_factor 0.1
-1.410730 2.810920 -0.445802
-1.399580 2.823810 -0.452308
-1.388780 2.835210 -0.461597
-1.378640 2.844750 -0.473386
-1.369470 2.852160 -0.487316
-1.361560 2.857200 -0.502965
-1.355150 2.859720 -0.519857
-1.350420 2.859650 -0.537478
-1.347520 2.856990 -0.555294
-1.346550 2.851820 -0.572764
-1.347520 2.844290 -0.589355
-1.350420 2.834640 -0.604564
-1.355150 2.823150 -0.617929
-1.361560 2.810190 -0.629044
-1.369470 2.796130 -0.637571
-1.378640 2.781410 -0.643252
-1.388780 2.766480 -0.645913
-1.399580 2.751780 -0.645473
-1.410730 2.737770 -0.641946
-1.421870 2.724880 -0.635440
-1.432680 2.713480 -0.626151
-1.442820 2.703940 -0.614362
-1.451980 2.696530 -0.600432
-1.459890 2.691490 -0.584783
-1.466310 2.688970 -0.567891
-1.471040 2.689040 -0.550270
-1.473930 2.691700 -0.532453
-1.474910 2.696870 -0.514984
-1.473930 2.704400 -0.498393
-1.471040 2.714050 -0.483185
-1.466310 2.725540 -0.469819
-1.459890 2.738500 -0.458704
-1.451980 2.752560 -0.450177
-1.442820 2.767280 -0.444496
-1.432680 2.782210 -0.441835
-1.421870 2.796910 -0.442275

/group/L_incrd/150
150
replaced_with_circle 1 xhat {0.000000 0.395863 0.918309} nrm {-0.706418 0.649974 -0.280190} num_subsample_pts 21 creation_method hand_drawn pathId 200 pos {-16.451557 29.621145 -5.827632} creation_type threshold posId 150 num_hand_picked_pts 12 bulk_scale_factor 0.1
-1.657810 2.981860 -0.505059
-1.644130 2.993720 -0.512014
-1.630870 3.003890 -0.521862
-1.618430 3.012050 -0.534305
-1.607190 3.017950 -0.548963
-1.597480 3.021420 -0.565392
-1.589610 3.022340 -0.583092
-1.583810 3.020700 -0.601525
-1.580250 3.016540 -0.620132
-1.579060 3.009990 -0.638348
-1.580250 3.001250 -0.655618
-1.583810 2.990570 -0.671417
-1.589610 2.978300 -0.685267
-1.597480 2.964790 -0.696745
-1.607190 2.950470 -0.705504
-1.618430 2.935760 -0.711276
-1.630870 2.921110 -0.713888
-1.644130 2.906970 -0.713259
-1.657810 2.893770 -0.709408
-1.671480 2.881900 -0.702453
-1.684740 2.871740 -0.692605
-1.697190 2.863580 -0.680162
-1.708430 2.857680 -0.665504
-1.718140 2.854210 -0.649075
-1.726010 2.853280 -0.631375
-1.731810 2.854920 -0.612942
-1.735370 2.859080 -0.594334
-1.736560 2.865640 -0.576119
-1.735370 2.874380 -0.558849
-1.731810 2.885050 -0.543050
-1.726010 2.897330 -0.529200
-1.718140 2.910830 -0.517722
-1.708430 2.925160 -0.508963
-1.697190 2.939870 -0.503190
-1.684740 2.954520 -0.500579
-1.671480 2.968660 -0.501208

/group/L_incrd/154
154
replaced_with_circle 1 xhat {0.000000 0.406719 0.913553} nrm {-0.603083 0.728722 -0.324431} num_subsample_pts 19 creation_method hand_drawn pathId 200 pos {-19.051498 32.360595 -7.039808} creation_type threshold posId 154 num_hand_picked_pts 9 bulk_scale_factor 0.1
-1.932900 3.238770 -0.646314
-1.919200 3.247620 -0.651897
-1.905920 3.254970 -0.660056
-1.893470 3.260620 -0.670541
-1.882200 3.264370 -0.683035
-1.872480 3.266130 -0.697157
-1.864600 3.265840 -0.712479
-1.858790 3.263500 -0.728535
-1.855230 3.259180 -0.744837
-1.854030 3.253030 -0.760891
-1.855230 3.245220 -0.776207
-1.858790 3.235990 -0.790321
-1.864600 3.225620 -0.802804
-1.872480 3.214440 -0.813276
-1.882200 3.202760 -0.821420
-1.893470 3.190970 -0.826988
-1.905920 3.179400 -0.829811
-1.919200 3.168410 -0.829803
-1.932900 3.158340 -0.826963
-1.946590 3.149490 -0.821380
-1.959870 3.142140 -0.813222
-1.972330 3.136490 -0.802736
-1.983590 3.132740 -0.790243
-1.993320 3.130980 -0.776120
-2.001200 3.131270 -0.760798
-2.007010 3.133610 -0.744742
-2.010570 3.137930 -0.728440
-2.011770 3.144080 -0.712387
-2.010570 3.151890 -0.697071
-2.007010 3.161120 -0.682957
-2.001200 3.171490 -0.670473
-1.993320 3.182670 -0.660001
-1.983590 3.194340 -0.651857
-1.972330 3.206140 -0.646289
-1.959870 3.217710 -0.643466
-1.946590 3.228700 -0.643475

/group/L_incrd/159
159
replaced_with_circle 1 xhat {0.000000 0.374100 0.927388} nrm {-0.558218 0.769449 -0.310389} num_subsample_pts 19 creation_method hand_drawn pathId 200 pos {-21.645402 35.787947 -8.515404} creation_type threshold posId 159 num_hand_picked_pts 10 bulk_scale_factor 0.1
-2.185050 3.579140 -0.813791
-2.170400 3.587710 -0.818911
-2.156200 3.594850 -0.826740
-2.142870 3.600370 -0.837041
-2.130820 3.604080 -0.849501
-2.120420 3.605880 -0.863741
-2.111990 3.605710 -0.879328
-2.105780 3.603580 -0.895789
-2.101970 3.599550 -0.912624
-2.100690 3.593740 -0.929322
-2.101970 3.586340 -0.945373
-2.105780 3.577560 -0.960292
-2.111990 3.567670 -0.973625
-2.120420 3.556980 -0.984967
-2.130820 3.545800 -0.993972
-2.142870 3.534480 -1.000370
-2.156200 3.523360 -1.003960
-2.170400 3.512780 -1.004640
-2.185050 3.503070 -1.002380
-2.199700 3.494500 -0.997264
-2.213910 3.487360 -0.989435
-2.227230 3.481840 -0.979134
-2.239280 3.478130 -0.966675
-2.249680 3.476330 -0.952434
-2.258110 3.476500 -0.936847
-2.264330 3.478630 -0.920386
-2.268130 3.482660 -0.903551
-2.269410 3.488470 -0.886854
-2.268130 3.495870 -0.870802
-2.264330 3.504650 -0.855884
-2.258110 3.514540 -0.842550
-2.249680 3.525230 -0.831209
-2.239280 3.536410 -0.822203
-2.227230 3.547730 -0.815807
-2.213900 3.558850 -0.812215
-2.199700 3.569420 -0.811536

/group/L_incrd/164
164
replaced_with_circle 1 xhat {0.000000 0.282051 0.959399} nrm {-0.654395 0.725452 -0.213274} num_subsample_pts 20 creation_method hand_drawn pathId 200 pos {-23.924904 38.695850 -9.545952} creation_type threshold posId 164 num_hand_picked_pts 10 bulk_scale_factor 0.1
-2.372770 3.894780 -0.929411
-2.359290 3.905530 -0.934197
-2.346220 3.915080 -0.941831
-2.333950 3.923130 -0.952079
-2.322870 3.929430 -0.964632
-2.313300 3.933810 -0.979106
-2.305540 3.936120 -0.995064
-2.299820 3.936290 -1.012020
-2.296320 3.934330 -1.029460
-2.295140 3.930280 -1.046850
-2.296320 3.924270 -1.063660
-2.299820 3.916490 -1.079390
-2.305540 3.907160 -1.093550
-2.313300 3.896590 -1.105720
-2.322870 3.885070 -1.115520
-2.333950 3.872980 -1.122670
-2.346220 3.860660 -1.126930
-2.359290 3.848500 -1.128180
-2.372770 3.836870 -1.126390
-2.386250 3.826120 -1.121600
-2.399320 3.816580 -1.113970
-2.411580 3.808530 -1.103720
-2.422660 3.802220 -1.091170
-2.432230 3.797840 -1.076690
-2.439990 3.795530 -1.060730
-2.445710 3.795360 -1.043780
-2.449210 3.797330 -1.026340
-2.450390 3.801380 -1.008950
-2.449210 3.807380 -0.992137
-2.445710 3.815170 -0.976409
-2.439990 3.824490 -0.962245
-2.432230 3.835070 -0.950077
-2.422660 3.846580 -0.940273
-2.411580 3.858680 -0.933132
-2.399320 3.870990 -0.928870
-2.386250 3.883150 -0.927617

