/group/LPA_006/0
0
posId 0
-3.23712547892 7.55364938928 -8.60638045843
-3.24636000941 7.59638728288 -8.59855461259
-3.25266028991 7.63728914061 -8.59523198987
-3.25580754496 7.67414091551 -8.5963916709
-3.25583624188 7.7060059308 -8.6018162145
-3.25300726746 7.73315909344 -8.61112440921
-3.24773190128 7.7567008359 -8.62382982944
-3.24046150001 7.77798547626 -8.6394238325
-3.23157054313 7.79804737165 -8.65746907823
-3.22126656496 7.81719832539 -8.67767830388
-3.20955650785 7.8349062697 -8.69994874559
-3.19628520792 7.84997053695 -8.72432903524
-3.18124140789 7.86091475189 -8.75091257595
-3.16430568612 7.86645494804 -8.7796750017
-3.14559952309 7.86588701799 -8.81029591752
-3.12559055019 7.85927579026 -8.84201853168
-3.10511787405 7.84740229611 -8.87359901422
-3.08532134603 7.83150912269 -8.90337892097
-3.06748435811 7.81294732379 -8.92948271697
-3.05282386708 7.79285153738 -8.95010680252
-3.04227684389 7.77194714816 -8.96383708389
-3.03633462791 7.7505354071 -8.9699184342
-3.03496502159 7.72863231773 -8.96840647488
-3.03763974977 7.70618124894 -8.96015899179
-3.04345851282 7.68323791593 -8.94666398439
-3.05133771135 7.66004645358 -8.9297428133
-3.06021822566 7.63697793486 -8.91119843667
-3.0692455857 7.61436670856 -8.89249143994
-3.07788682003 7.59232980469 -8.87451714103
-3.0859671674 7.5706699854 -8.85752865668
-3.09363066254 7.54893626754 -8.84121201931
-3.1012453971 7.52665531685 -8.82488148688
-3.10928291294 7.5036746638 -8.80773653298
-3.11820058832 7.4805014985 -8.78911316279
-3.12834792084 7.45850193343 -8.76867202734
-3.1399062291 7.43985532305 -8.74648959883
-3.15286088733 7.42722967044 -8.72304802845
-3.16699903783 7.42323513978 -8.69914506345
-3.18192487028 7.42979287769 -8.67576057378
-3.19708774685 7.44759750944 -8.65391806953
-3.21182282265 7.47583760231 -8.63456999538

/group/LPA_006/3
3
posId 3
-3.28213396526 7.55834356626 -8.58500216948
-3.28673867312 7.61043006119 -8.58817262927
-3.28788657102 7.66060709848 -8.5964384147
-3.28579153124 7.7050372788 -8.60868924402
-3.28093104743 7.74138431044 -8.62369870231
-3.27389490179 7.76918025259 -8.64043792017
-3.26521423166 7.78965313837 -8.65831186018
-3.25522465295 7.80508218646 -8.67724667111
-3.24400720303 7.81789484262 -8.69760180639
-3.23142654629 7.8297964672 -8.71993454092
-3.21725481499 7.84120507097 -8.74469006683
-3.20134165744 7.85115729438 -8.77191306615
-3.18377559284 7.85769413717 -8.80106948912
-3.16498370788 7.85857875426 -8.83103280484
-3.14573548725 7.85209557944 -8.86023854813
-3.12704608609 7.83766304247 -8.88696078627
-3.1100051155 7.81606456989 -8.90962992701
-3.09557921461 7.78923756663 -8.92710323252
-3.08444345265 7.75971028163 -8.93881886458
-3.0768862151 7.72989049322 -8.94480367268
-3.07280856156 7.70145010806 -8.94555052064
-3.07181017099 7.67500471211 -8.94181765373
-3.07332938266 7.65017524453 -8.93441912693
-3.07679217048 7.62598144711 -8.92406775818
-3.0817275207 7.60140268824 -8.91130497402
-3.08782270448 7.57589087606 -8.89651629339
-3.09491500543 7.54964890338 -8.88000040502
-3.10293816526 7.52358410587 -8.86204469762
-3.11185466393 7.49897324008 -8.84296526019
-3.12160499774 7.47698636875 -8.82309158152
-3.13209321254 7.45827082829 -8.80270586087
-3.14320929532 7.44277312018 -8.78197171827
-3.1548711816 7.42988427325 -8.76089682866
-3.16705917674 7.41886650972 -8.73936412039
-3.1798175004 7.40940294057 -8.71723981198
-3.19321085773 7.40205119807 -8.69453342458
-3.20724345548 7.39840092286 -8.67155779683
-3.2217661823 7.40083007145 -8.64902722553
-3.23640742126 7.4118947576 -8.62804449154
-3.25055975452 7.43352344667 -8.60995997212
-3.26343890623 7.46627018635 -8.59612811983

/group/LPA_006/6
6
posId 6
-3.37460985611 7.65129900117 -8.58954770124
-3.36373045303 7.68972923217 -8.615210301
-3.35256807192 7.72213053062 -8.63984399933
-3.34187209141 7.74781699156 -8.66215449428
-3.33164657421 7.76723861231 -8.68224427733
-3.32121964471 7.7816285822 -8.70142300345
-3.30953470655 7.79244508596 -8.72163411837
-3.29557194484 7.80078959815 -8.74467957054
-3.27876479175 7.80698842208 -8.77149150975
-3.25927733959 7.81046680205 -8.80168404924
-3.2380547438 7.80994568633 -8.83352483667
-3.21663350669 7.80388480042 -8.86432775415
-3.19677629141 7.79101855571 -8.89113232667
-3.18005006772 7.770808737 -8.91144840082
-3.16747920631 7.74367526572 -8.92383436872
-3.15937378305 7.71094779745 -8.92814410256
-3.15537051781 7.6745758476 -8.92539532676
-3.15465265338 7.63670971151 -8.91733727618
-3.15626069956 7.59929400977 -8.90588453604
-3.15938607558 7.56379335519 -8.89260852976
-3.16355864887 7.53110792519 -8.87843466113
-3.16868701123 7.50166188117 -8.86360298907
-3.17496715631 7.47558894858 -8.84785057372
-3.18271916561 7.45291809021 -8.83070228233
-3.19222715286 7.43368303166 -8.81173830821
-3.20364167762 7.41793010386 -8.79074305318
-3.21696551091 7.40565548262 -8.7677114204
-3.23210088853 7.3967399753 -8.74276189911
-3.24890804162 7.39095064917 -8.7160487959
-3.26722287787 7.38804326434 -8.68776032553
-3.28680657853 7.38794319727 -8.65823819801
-3.30724022038 7.39093058344 -8.62818103023
-3.32781496561 7.39773231583 -8.59883195229
-3.3474851605 7.40944276874 -8.57203011866
-3.36493825795 7.42725290899 -8.55004000581
-3.37879472193 7.45204349586 -8.53515212096
-3.38789772802 7.48396287594 -8.52914473723
-3.39160768261 7.52213615363 -8.53277007938
-3.38999963644 7.5646261208 -8.54544753943

/group/LPA_006/9
9
posId 9
-3.30149924335 7.39910392004 -8.78108670933
-3.2831785397 7.41569109492 -8.8115584152
-3.26781114539 7.43437959676 -8.83855149484
-3.2559543933 7.45607640282 -8.86156270176
-3.2478129313 7.4816158204 -8.88055772194
-3.24324230788 7.51134176974 -8.8958407929
-3.24186149142 7.54483155682 -8.90781521889
-3.24323544307 7.58084620262 -8.91671441788
-3.24706087212 7.61751915696 -8.92240009926
-3.25328417985 7.65272038136 -8.9243074414
-3.26210266787 7.68448076484 -8.92157081283
-3.27384124398 7.71134888606 -8.91330242509
-3.28874290362 7.73258103966 -8.89894091198
-3.30674580638 7.74812490994 -8.87855661759
-3.32732998708 7.75842611646 -8.85300681985
-3.3494980057 7.76414147649 -8.82387658149
-3.37191153085 7.76586537407 -8.79320656028
-3.39315372333 7.76395997971 -8.76307694774
-3.41204289298 7.75853365222 -8.73516454508
-3.42790162134 7.74955267454 -8.71040183116
-3.44069526219 7.73702148843 -8.68883834814
-3.45099202938 7.72114381027 -8.66974460187
-3.4597516938 7.70238911143 -8.65192603776
-3.46800349579 7.68143065035 -8.6341526108
-3.47650872924 7.65897634542 -8.6155775169
-3.48550816649 7.63556111344 -8.59602630427
-3.49462759289 7.61139047974 -8.57608137261
-3.50296512809 7.58631144756 -8.55695172459
-3.50932802424 7.55994184495 -8.54018229857
-3.51254242321 7.53192932877 -8.52730070274
-3.51174110099 7.50225774726 -8.51950879546
-3.506546703 7.4714918472 -8.51750117785
-3.49710618417 7.4408625945 -8.52144288356
-3.48398250968 7.41214264097 -8.53108269001
-3.46795491444 7.38732978181 -8.54593602845
-3.44980423543 7.36822266279 -8.56545631956
-3.43015742803 7.35601438856 -8.5891293306
-3.40943750966 7.35103080734 -8.6164642643
-3.3879227458 7.35269921715 -8.64690200998
-3.36587754363 7.35976249051 -8.67969728713
-3.34369202714 7.37067595249 -8.71384356841

/group/LPA_006/12
12
posId 12
-3.36402064026 7.48907235874 -8.86869526183
-3.36132564571 7.53289721432 -8.88622905211
-3.3632471553 7.57521082687 -8.8980347822
-3.369742079 7.61278056869 -8.90309307156
-3.38059340691 7.64376462453 -8.90104110058
-3.39545285238 7.66792704584 -8.89219537487
-3.41383461303 7.68629962498 -8.87744706178
-3.43506681337 7.70044850764 -8.85807464734
-3.45823948626 7.71164472632 -8.83552876524
-3.482202576 7.72026282454 -8.81123574085
-3.50565584834 7.72563262943 -8.78644677834
-3.52733738937 7.72638560323 -8.76213891333
-3.54627177702 7.72114062974 -8.73896054227
-3.56200185596 7.70924054894 -8.71721229173
-3.57471633967 7.69123147691 -8.6968608812
-3.5852072868 7.66887886145 -8.677592591
-3.59464218554 7.64469741103 -8.65891607168
-3.60419850861 7.6211652111 -8.64031656361
-3.61466165359 7.59992034886 -8.62144580663
-3.62610979495 7.58125113863 -8.60231052992
-3.63779093238 7.56408292635 -8.58340734758
-3.64824221318 7.54647648163 -8.56575230127
-3.65562677958 7.52645717796 -8.55077333728
-3.65819391434 7.502865907 -8.54007031714
-3.65472793014 7.47591174532 -8.53508922439
-3.64485418475 7.4472177267 -8.53679069449
-3.62911608528 7.41934269522 -8.54540480103
-3.60880959094 7.39496114939 -8.56034748811
-3.58563691804 7.37601311481 -8.58033187185
-3.56129376209 7.36314727827 -8.60365174585
-3.53711756086 7.35566805152 -8.6285624689
-3.51389535377 7.35200340512 -8.65365317518
-3.49187051032 7.35050899209 -8.67810486702
-3.47091983746 7.35029225684 -8.7017621391
-3.45082001003 7.35172873311 -8.72500202195
-3.43150189828 7.35645677356 -8.74844418725
-3.41320771818 7.36683393807 -8.77259332789
-3.39651006892 7.38504387882 -8.79752247644
-3.3822054594 7.41217890214 -8.82269044101

/group/LPA_006/15
15
posId 15
-3.46261256858 7.47774159459 -8.91474981646
-3.46014612696 7.5230731954 -8.93051192877
-3.46299745712 7.56562611817 -8.94102826419
-3.47086035227 7.6022436943 -8.94559713116
-3.48316431115 7.63123301738 -8.94417875089
-3.499225461 7.65246727504 -8.93730121369
-3.51835118645 7.66701638986 -8.92586202994
-3.53986940004 7.67647682257 -8.91090105706
-3.56309208813 7.68226004069 -8.89341535845
-3.58725514502 7.68509323874 -8.87425793887
-3.61148934605 7.68489104826 -8.85412296273
-3.63486510469 7.68100989365 -8.83358565854
-3.65652076473 7.67275163723 -8.81314847386
-3.67584328781 7.65989264537 -8.79325152325
-3.69263770037 7.64301035825 -8.77423106388
-3.7072115397 7.62346215453 -8.75624315039
-3.72031897646 7.60300952539 -8.7391961801
-3.73295202415 7.58322287425 -8.7227437087
-3.74601961287 7.56489554944 -8.70637294492
-3.76000076243 7.54770440295 -8.68958930776
-3.77467864839 7.53027312389 -8.67215587327
-3.7890487081 7.5106513321 -8.65431448486
-3.80144810536 7.48706762565 -8.63690641587
-3.80988903264 7.45870450071 -8.62133080791
-3.81251474627 7.42621875726 -8.6093244206
-3.8080556553 7.39180449337 -8.60260290642
-3.79615749559 7.35874447844 -8.60245320424
-3.77748747892 7.330569842 -8.60939130267
-3.75358755947 7.31008764413 -8.62298948817
-3.72651722647 7.29859155349 -8.64193334934
-3.6983887343 7.29552100817 -8.66430360613
-3.67092663959 7.29869319831 -8.688011163
-3.64517224529 7.30504581974 -8.71126671125
-3.62140623186 7.31165887871 -8.73295405316
-3.59929494368 7.31672817836 -8.75280354403
-3.57819922285 7.32017444913 -8.77132062406
-3.55754007279 7.32368763102 -8.78949633167
-3.53710581386 7.33018780959 -8.8083897373
-3.51721205109 7.34287262838 -8.82870714829
-3.49867823012 7.36415342719 -8.85049956246
-3.48264444382 7.3948155284 -8.87306028178

/group/LPA_006/18
18
posId 18
-3.52222930428 7.51754676319 -9.05546196628
-3.54516542128 7.55857870163 -9.05220787254
-3.57186106316 7.59209032658 -9.0446775183
-3.59987572445 7.61513294697 -9.0335895212
-3.62708071254 7.62619451368 -9.01984915387
-3.65190967731 7.62530900552 -9.0044237853
-3.67350401327 7.61391426806 -8.98821655975
-3.69174441757 7.59450997983 -8.97195722334
-3.70717775145 7.57019640428 -8.9561256926
-3.72086136446 7.54418374261 -8.94091840302
-3.73415398754 7.51935216348 -8.92626066626
-3.74848360731 7.49791915814 -8.9118613103
-3.76512000434 7.48124145022 -8.89729981744
-3.78497492938 7.46975119053 -8.88213183184
-3.80844796518 7.46300659557 -8.86599678024
-3.83533189607 7.45982824408 -8.84871158524
-3.86478777612 7.45849299156 -8.83033686854
-3.89539593483 7.45696407865 -8.81120619762
-3.92528369947 7.45314337123 -8.79191420462
-3.95232284166 7.4451352298 -8.77326509666
-3.97437981646 7.43150889847 -8.75618847383
-3.98959109692 7.41153819638 -8.7416338279
-3.99662670021 7.38538720484 -8.730458078
-3.99490021031 7.35420379166 -8.72332163062
-3.98468573272 7.32008433585 -8.72060754765
-3.96711256298 7.28588607981 -8.72237550767
-3.94402635947 7.25488794759 -8.72835763968
-3.91772869586 7.23033241733 -8.73799752492
-3.89063075321 7.21491298139 -8.75052744038
-3.86487649383 7.21029530638 -8.76507313017
-3.84200117043 7.21676772369 -8.78077093485
-3.82268924473 7.23310358919 -8.79687975718
-3.80668096881 7.25668455054 -8.8128706109
-3.792851129 7.28388525554 -8.82847951281
-3.77945146048 7.31066623143 -8.84371491886
-3.76447636444 7.33327447493 -8.85881801105
-3.74608645853 7.34892202778 -8.87418181247
-3.72301162901 7.35630935612 -8.89024207024
-3.69485763345 7.35588504824 -8.90735787777
-3.6622577326 7.34978215175 -8.9257021657
-3.62683990534 7.34143465376 -8.94518100003
-3.59101502617 7.33494184094 -8.96539619234
-3.5576248686 7.33429965888 -8.98565873828
-3.52951420501 7.34264547201 -9.00505222186
-3.50910369365 7.36165982765 -9.02253698802
-3.49803761227 7.39123664426 -9.03707904054
-3.49696395619 7.42947885877 -9.04778345539

/group/LPA_006/21
21
posId 21
-3.74751087787 7.45408719775 -9.13558837816
-3.72285761963 7.49459234699 -9.15813455499
-3.69412372685 7.52241760023 -9.17970001515
-3.66498713928 7.53400132362 -9.19752437861
-3.63755296577 7.53063072747 -9.21083624436
-3.61275351491 7.51667458396 -9.22021748621
-3.59133472235 7.49654522988 -9.22635656948
-3.57426268576 7.47253379433 -9.2293128616
-3.56217537026 7.44472539005 -9.22877843972
-3.55461121999 7.41253685466 -9.2248492763
-3.55008929743 7.37637217194 -9.21838641363
-3.54733677947 7.33816681884 -9.21051602021
-3.54676010377 7.30075388658 -9.20171750143
-3.55077524891 7.26692848005 -9.19142591625
-3.56239371424 7.23904593008 -9.17866265709
-3.58292020326 7.2191685414 -9.16325704587
-3.61050777437 7.20908485057 -9.14659525557
-3.64079938974 7.20968836453 -9.13113881271
-3.66929570341 7.22006454953 -9.11898298866
-3.69370176328 7.23730110136 -9.11060189124
-3.71448186904 7.25772172643 -9.10486260628
-3.73325331467 7.27905736995 -9.1003804318
-3.75035903692 7.30200606238 -9.09714842176
-3.76359431686 7.32973292649 -9.09707170545
-3.76911925391 7.36525353152 -9.10286133335

/group/LPA_006/24
24
posId 24
-3.79812573657 7.38959671373 -9.34179308656
-3.76385590676 7.3881613243 -9.35875723278
-3.72798687844 7.3748279719 -9.37358552647
-3.69833227368 7.35620329259 -9.38396387123
-3.68143587013 7.33198056241 -9.38650926953
-3.6768576656 7.29902929549 -9.38066947607
-3.67880090803 7.25979521024 -9.36997923316
-3.68366933424 7.22298508387 -9.35841044735
-3.69397577879 7.19592608633 -9.34650623016
-3.7135347974 7.17937782226 -9.33252673565
-3.74043805626 7.17128437256 -9.31692767856
-3.76737833563 7.17279149024 -9.30368549671
-3.78912294659 7.18690942954 -9.29618955551
-3.80735065767 7.21164492722 -9.29309821991
-3.82651201686 7.23858352928 -9.29008017707
-3.84618189029 7.26095787657 -9.28567575193
-3.85976288479 7.28127325331 -9.28383905468
-3.86082418944 7.30747267606 -9.28978553203
-3.84868535728 7.34119496135 -9.30426458118

/group/LPA_006/27
27
posId 27
-3.82559115916 7.37468745379 -9.56977820052
-3.86750758071 7.39504590689 -9.5517572907
-3.90097917012 7.41306684861 -9.53785062013
-3.92627577521 7.43066398897 -9.52843086287
-3.94733932766 7.44521601316 -9.52055983582
-3.96690923034 7.44969976247 -9.51076975911
-3.98398806126 7.43699507136 -9.49767035568
-3.99526576267 7.40541560632 -9.48266313622
-3.99853244906 7.36116618724 -9.46869338858
-3.99461273854 7.3155289742 -9.45838964444
-3.98609847082 7.27856730526 -9.45305124173
-3.97437595924 7.25382377394 -9.45286874182
-3.95811669781 7.23770637148 -9.4576054872
-3.93498197889 7.22364468574 -9.46677714661
-3.90509747996 7.20757383689 -9.47919862357
-3.87287307613 7.19063724764 -9.49270030111
-3.84493551609 7.17755322291 -9.50484431114
-3.82541294176 7.1726074983 -9.51448109445
-3.81251189688 7.17680776032 -9.52289673684
-3.79971277957 7.18825236155 -9.5332409233
-3.7812416656 7.20474136251 -9.54816169704
-3.75773895 7.22581611992 -9.56717273969
-3.73746399667 7.25227920552 -9.58584346103
-3.7316387626 7.28386877776 -9.59778332764
-3.74711082009 7.31764248026 -9.59833006668

/group/LPA_006/30
30
posId 30
-3.99641737254 7.40332165154 -9.70377552748
-3.944868267 7.38296960044 -9.73279432025
-3.9069130915 7.35822628545 -9.75069699781
-3.88586478587 7.3358738578 -9.7575616028
-3.8741716564 7.31580953546 -9.75866101628
-3.86256963855 7.29313271659 -9.75876908802
-3.84902490325 7.26394347653 -9.75793149452
-3.83953807527 7.22969692673 -9.75244586151
-3.84123128135 7.19663464688 -9.73952023855
-3.85534866564 7.17134926266 -9.72061990408
-3.87699514546 7.15667353669 -9.70019190523
-3.90096751549 7.15116523775 -9.68138254698
-3.92680062746 7.15179095472 -9.6634421766
-3.95746168535 7.15672303109 -9.64363593307
-3.99334096356 7.16583652705 -9.62164508015
-4.02856791133 7.17936732721 -9.60168074611
-4.05443968296 7.19702151021 -9.58975730812
-4.06707964946 7.21875498292 -9.58858465384
-4.07135736832 7.24589040041 -9.59520861319
-4.07621068808 7.2802834227 -9.60400391196
-4.08510056458 7.32124371272 -9.61229222953
-4.0908332793 7.36289241783 -9.6230445973
-4.08052971321 7.39525178539 -9.64177440566

/group/LPA_006/33
33
posId 33
-4.15787905129 7.36292372777 -9.79977952413
-4.12546383705 7.37176194944 -9.83319177635
-4.09190005304 7.37244554599 -9.86340295563
-4.05972100228 7.36640544811 -9.88890051786
-4.03029064627 7.35525521496 -9.90930669737
-4.00437010247 7.34004369239 -9.92448756592
-3.98274297746 7.32091361721 -9.93381996912
-3.96633381758 7.29732364396 -9.93620113144
-3.95573757437 7.2687090955 -9.93080939142
-3.95060788515 7.23524384475 -9.9180428999
-3.94952976684 7.1983273762 -9.8998850878
-3.95068328178 7.16056638687 -9.87930476405
-3.95300319094 7.12526313694 -9.85895957498
-3.95708546559 7.09563543143 -9.83998567717
-3.96513352864 7.074078463 -9.82166331107
-3.97979389989 7.06171778436 -9.8022210815
-4.00246156673 7.0583524715 -9.78031400908
-4.032055183 7.06273647769 -9.75625876767
-4.06506465119 7.07305897083 -9.7322400955
-4.09694497948 7.0874720313 -9.7113441316
-4.12410980753 7.10454360768 -9.69601960322
-4.14538382888 7.12354541942 -9.68693488876
-4.16206889997 7.14450682433 -9.68294710432
-4.1765967147 7.1679960734 -9.68218736263
-4.19058277074 7.1946562086 -9.68355156632
-4.20344454192 7.22462260523 -9.68762801349
-4.21239167805 7.25703894918 -9.69645546871
-4.21376602542 7.28990316471 -9.71225134202
-4.20492176181 7.32037377436 -9.73589783149

/group/LPA_006/36
36
posId 36
-4.071843312 7.04247440144 -9.9778856244
-4.058704024 7.07371807679 -10.0143846726
-4.0500810148 7.10575935144 -10.0466696074
-4.04615748347 7.13569007795 -10.0724459592
-4.04692426359 7.16246034094 -10.090965238
-4.05218671735 7.18689469837 -10.10302935
-4.0615442398 7.21093270991 -10.1104638721
-4.0743615678 7.2364189538 -10.1152746751
-4.08976809447 7.26395596218 -10.1188202807
-4.10671980158 7.29230927453 -10.121316524
-4.12413652398 7.31862584062 -10.1218486899
-4.14109302373 7.33938904324 -10.1188585373
-4.15701041027 7.35172559534 -10.1108850687
-4.1717799388 7.35452938345 -10.0972448257
-4.18576308458 7.34893750432 -10.0783755876
-4.1996483902 7.3379553911 -10.0557174827
-4.21419466866 7.32537285181 -10.0312025567
-4.22993332616 7.31439870484 -10.0065844797
-4.24692255848 7.3065512826 -9.98289801405
-4.2646338893 7.30123189467 -9.96027132555
-4.2820100577 7.29612622507 -9.93815446114
-4.2976770815 7.28824312564 -9.91584460791
-4.31024281142 7.27515059205 -9.89306201583
-4.3185878985 7.25590649319 -9.87031352847
-4.32206216182 7.23132878085 -9.84887944506
-4.32053649905 7.20354034821 -9.83042977518
-4.31431310101 7.17503212107 -9.8164428652
-4.30394477923 7.14768333243 -9.80768950186
-4.29004015077 7.12217902788 -9.80401888219
-4.27312692822 7.09807429739 -9.8045499986
-4.25361444125 7.07445725109 -9.80819016769
-4.2318526816 7.05088852466 -9.81425088327
-4.20824664847 7.02816384114 -9.82287723349
-4.18336632102 7.00851581545 -9.83507699662
-4.15799988806 6.99511297722 -9.8523023957
-4.1331257514 6.99102446877 -9.8757321336
-4.10981401771 6.99806397369 -9.90554099955

/group/LPA_006/39
39
posId 39
-4.24042558869 6.98529553567 -10.1297446625
-4.23562361492 7.02081664706 -10.16561421
-4.22981315003 7.05346707836 -10.2002343184
-4.22293603594 7.08196483244 -10.232583786
-4.21581492341 7.10642253022 -10.2617867756
-4.20995541788 7.12801196605 -10.2870613096
-4.20714122954 7.14832141437 -10.3076510283
-4.2089341382 7.16861887489 -10.3227893989
-4.21622093102 7.18926240778 -10.3317334966
-4.22893806738 7.20945019532 -10.3338767007
-4.24605454582 7.22739319745 -10.3289157128
-4.26581901963 7.24085689189 -10.3170192631
-4.28620076183 7.24789875427 -10.2989342825
-4.30539841925 7.24756286097 -10.2759755601
-4.32227212359 7.24030315386 -10.2498752419
-4.3365786409 7.22798958414 -10.2225103334
-4.34894819407 7.21348075797 -10.1955667582
-4.36061733387 7.19988227719 -10.170224327
-4.37300191172 7.18970915522 -10.1469490014
-4.38723721001 7.18420236225 -10.125454979
-4.40381650179 7.18300379832 -10.1048552474
-4.4224246859 7.18428519483 -10.0839676526
-4.44200195244 7.18528871201 -10.0616992958
-4.46100338383 7.18311336809 -10.0374085168
-4.47776534 7.17551029136 -10.0111482621
-4.49086471291 7.16145279551 -9.98372644013
-4.49936894627 7.14132264753 -9.95656899398
-4.50291764273 7.1166770717 -9.93142543922
-4.50163546452 7.0896925994 -9.90999892079
-4.49593110611 7.06248013065 -9.89360133429
-4.48627047295 7.03649977466 -9.88292373798
-4.47301356704 7.01226409859 -9.8779767142
-4.45637453652 6.98941801091 -9.87820546517
-4.43651396553 6.96715558998 -9.88273518153
-4.41371955849 6.94482035622 -9.89066796803
-4.38859446458 6.92247270605 -9.90134282852
-4.3621647163 6.90121688769 -9.91448675501
-4.33584190634 6.88315735993 -9.93022170624
-4.31122656067 6.87097577533 -9.94893720422
-4.28979537422 6.86724604594 -9.97107742461
-4.27256196957 6.87369511585 -9.99691340023
-4.25981969763 6.89064167195 -10.0263696038
-4.2510584762 6.91679542442 -10.0589515234

/group/LPA_006/42
42
posId 42
-4.45611493666 6.95136909484 -10.2926611101
-4.4727036439 6.99437473306 -10.3074549709
-4.49215625884 7.02927305264 -10.3117253497
-4.51368004902 7.05325566705 -10.3041310602
-4.53614468075 7.06676288922 -10.2865020931
-4.55814489914 7.07271695183 -10.2631130843
-4.57835169502 7.07449969289 -10.2385272145
-4.5959106508 7.07387256182 -10.2153306362
-4.6105896413 7.07010840283 -10.1932107725
-4.62254954623 7.06083408146 -10.1699618002
-4.63188497279 7.04397511008 -10.143714908
-4.63825368335 7.01949672859 -10.1148826561
-4.64085510136 6.98981752677 -10.0865349864
-4.63877261747 6.95868963469 -10.0630144509
-4.63144271316 6.92934969281 -10.0477737314
-4.61893993358 6.90316259142 -10.0418657987
-4.6019195956 6.87955933588 -10.0439655599
-4.58131908969 6.85715662089 -10.0516981341
-4.55808588179 6.83520121506 -10.0632061415
-4.5331510524 6.81439871797 -10.0778816604
-4.50764373799 6.79674550997 -10.0959478889
-4.48312056291 6.7847081845 -10.1174720492
-4.46154062732 6.78043754604 -10.1417358813
-4.44489097673 6.78546081543 -10.1674600038
-4.43463226589 6.8007398874 -10.1935686114
-4.43128960021 6.82662244048 -10.2196765327
-4.43443781064 6.8623663374 -10.2457077958

/group/LPA_006/45
45
posId 45
-4.66617480045 6.7646697887 -10.3283569055
-4.65397076684 6.79101397496 -10.3639194428
-4.6504582188 6.81794798355 -10.3875633831
-4.65250494361 6.84269244957 -10.4018054274
-4.65699851512 6.86619086353 -10.4117137052
-4.66333563949 6.89119223613 -10.4200486126
-4.67355090473 6.91913061125 -10.4249180811
-4.69001655944 6.94815437829 -10.4216745686
-4.71267740454 6.97370489088 -10.4072377696
-4.73817412982 6.99108204963 -10.3831156426
-4.76163059651 6.99801967875 -10.3546539052
-4.7796693923 6.9954769039 -10.3273073544
-4.79223074044 6.98636209346 -10.3031759229
-4.80180705556 6.97344355363 -10.2806426834
-4.81085664808 6.95805940193 -10.2571481297
-4.81959587915 6.94028490662 -10.2324375451
-4.82591153604 6.91991369242 -10.20936514
-4.82724521635 6.89711463885 -10.1916765505
-4.82264702756 6.87226796447 -10.1809824703
-4.81319117895 6.84552719133 -10.1758657035
-4.8005342772 6.81702407383 -10.1740679484
-4.78512677293 6.78793270323 -10.1757638281
-4.76590386954 6.76150006521 -10.1847133321
-4.7418981526 6.74275960025 -10.2057761305
-4.71436919181 6.73650742076 -10.2404888858

/group/LPA_006/48
48
posId 48
-4.87991873235 6.90238737987 -10.4990160919
-4.85006923763 6.8885212328 -10.5384063126
-4.82151126509 6.86752442673 -10.5725828973
-4.79791483811 6.84286304734 -10.5975022903
-4.7812238484 6.81735166583 -10.6114670317
-4.77104774856 6.79198506418 -10.615526436
-4.76517108926 6.76578794255 -10.6126285188
-4.76091022431 6.73680367596 -10.6059924009
-4.75660103794 6.70371758642 -10.5975682197
-4.7524461042 6.66724269625 -10.587369611
-4.75031150277 6.6304983057 -10.5739565377
-4.75263688844 6.59813565989 -10.5557065295
-4.76108693228 6.57462647173 -10.5321017326
-4.77567518737 6.56256806157 -10.5043004554
-4.79478922354 6.5618375062 -10.4747147268
-4.81602407604 6.56996661698 -10.4459049205
-4.83729288374 6.58347111285 -10.4194832975
-4.85757330657 6.59940280926 -10.3956762266
-4.87691247599 6.61634627421 -10.3737690386
-4.89577968582 6.63445287796 -10.3531121922
-4.9142407112 6.65466324245 -10.334032013
-4.93150468166 6.67768864008 -10.3180618123
-4.94612860966 6.70337491978 -10.3073401104
-4.95672861101 6.73075610609 -10.3035464426
-4.96271403903 6.75863364346 -10.3070407124
-4.96453907307 6.78618844181 -10.3167559713
-4.96327171239 6.81314508207 -10.3309326168
-4.95972605806 6.83934278681 -10.3482516799
-4.95371290029 6.86400568751 -10.3686505418
-4.94393574617 6.88525984415 -10.3932628155
-4.92869520655 6.90034233287 -10.4234351943

/group/LPA_006/54
54
posId 54
-5.16021135448 6.63288860334 -10.6606309212
-5.13795742109 6.65742927171 -10.6979121577
-5.12665042351 6.68847767421 -10.7231945752
-5.12504494123 6.72108396724 -10.736406801
-5.12793529892 6.75342245947 -10.7436877541
-5.13172014685 6.78592941017 -10.7498642919
-5.13761878237 6.81829565348 -10.7532471023
-5.14955984677 6.84748281046 -10.7476962274
-5.16914414106 6.86883914772 -10.7295449143
-5.19293329738 6.87928621851 -10.7022089338
-5.21484988215 6.87949106931 -10.6738102161
-5.23124839064 6.87292691402 -10.6502693236
-5.24351896228 6.86274061093 -10.6308543839
-5.25561518605 6.84940142227 -10.6105900032
-5.26906876025 6.83122025785 -10.5869101809
-5.28062142405 6.80696107789 -10.5636254519
-5.2849564978 6.77780704157 -10.548045684
-5.27981077482 6.7468008046 -10.5441489726
-5.26825811102 6.7165875351 -10.548845176
-5.25574187314 6.68803465436 -10.5553596189
-5.24474388534 6.66129175463 -10.5605195751
-5.23247331369 6.63814249042 -10.5685588735
-5.21406418058 6.62291742773 -10.5872759822

/group/LPA_006/57
57
posId 57
-5.27601772074 6.63587134197 -10.7777262747
-5.24915635074 6.65607114237 -10.8142575708
-5.2386259059 6.68092056729 -10.8361202213
-5.24035413461 6.71057647922 -10.8475582837
-5.24605930041 6.74273657025 -10.8560352893
-5.25264586493 6.77280288431 -10.862676208
-5.26448801642 6.79757740078 -10.8615728728
-5.28660936337 6.81750135952 -10.8477724663
-5.31704181077 6.83420627757 -10.8240190704
-5.34719954991 6.84623185955 -10.7984629552
-5.36962952988 6.8485831957 -10.776518865
-5.38414653562 6.8375315311 -10.756715762
-5.39565373131 6.81551356874 -10.7351131217
-5.40684083014 6.79009257619 -10.7123227883
-5.41466838941 6.76730188298 -10.6941476963
-5.41452673456 6.74628898 -10.6849331773
-5.40645831963 6.7212937555 -10.6820700037
-5.39534791295 6.68921399477 -10.6791693223
-5.38452802375 6.65484997659 -10.6749533809
-5.37072566964 6.62827281527 -10.6772630386
-5.34728496486 6.61706887865 -10.6962999642

/group/LPA_006/60
60
posId 60
-5.37896848433 6.58417387508 -10.8867966006
-5.34909799427 6.60831119421 -10.9235831934
-5.33872408193 6.63066530522 -10.9430086612
-5.34350269138 6.65306134487 -10.9496208245
-5.35381879844 6.6801018462 -10.9537535885
-5.36820387944 6.70870653353 -10.9551846515
-5.39108600237 6.73044505254 -10.946151299
-5.42101429771 6.74163761678 -10.9261309412
-5.44930065356 6.74503785236 -10.9037924615
-5.47038136551 6.74197455968 -10.8844804177
-5.48627512131 6.72913136042 -10.8649066805
-5.4987833319 6.70505259614 -10.8428527469
-5.50397028807 6.67460372451 -10.8239676279
-5.49850824988 6.64364081651 -10.8138569019
-5.48600003929 6.61351949455 -10.8101144048
-5.47094918371 6.58545279683 -10.8095032673
-5.45014355377 6.56688851938 -10.8182887315

/group/LPA_006/63
63
posId 63
-5.44023243125 6.50936322603 -11.037046799
-5.41882701662 6.5428105634 -11.0684091066
-5.40729187817 6.56835943113 -11.0886649439
-5.4090991381 6.58799201881 -11.0960300356
-5.42399297344 6.60764284751 -11.0933470725
-5.44729582518 6.6300448873 -11.0854290438
-5.47292436446 6.65254764188 -11.0757687815
-5.49759812056 6.67065290214 -11.0648814367
-5.52204086118 6.68196732125 -11.0511436857
-5.54791548098 6.68614317895 -11.0331226586
-5.57380637087 6.68222481016 -11.0114800439
-5.59469787579 6.66806527751 -10.9891127639
-5.60568844144 6.64326228199 -10.969607968
-5.6061077188 6.61175936407 -10.9552391373
-5.59975600547 6.57991158982 -10.9459196098
-5.5911007303 6.55130213663 -10.9398141361
-5.58139592168 6.52428088287 -10.9352233135
-5.56844010382 6.49586196278 -10.9325074848
-5.54963674331 6.46828205034 -10.934659215
-5.5248258381 6.45060602418 -10.9458433387
-5.49633178981 6.45238490571 -10.9685323497

/group/LPA_006/72
72
posId 72
-5.8557885821 6.35869065684 -11.4612235633
-5.84836617235 6.39914679656 -11.4825544828
-5.85172815019 6.43839126676 -11.4954192912
-5.85365260188 6.47521643234 -11.5084027391
-5.8650912452 6.49630042531 -11.5081760195
-5.88687154892 6.48723223333 -11.4884869245
-5.90237062416 6.46622434929 -11.4687806866
-5.91603006406 6.45420401054 -11.4539545531
-5.9384436756 6.44184864241 -11.4325098682
-5.95007289956 6.42151637265 -11.4159358278
-5.93641345965 6.40238668582 -11.4185730289
-5.91765817085 6.38037269589 -11.4238579903
-5.90399873094 6.35019001615 -11.4221701809

/group/LPA_006/84
84
posId 84
-5.77865152066 5.48689618752 -11.8197743477
-5.72116705785 5.49351162985 -11.8663724264
-5.6965308595 5.48800996988 -11.883695287
-5.65547052893 5.4788405366 -11.9125667212
-5.64725846281 5.45755400104 -11.9121629372
-5.65547052893 5.43993523879 -11.9002105795
-5.6965308595 5.44910467206 -11.8713391453

