/group/RPA_008/0
0
posId 0
2.00495470527 9.05025033455 -7.84046651251
2.02010359201 9.09435155915 -7.83707623599
2.04049634957 9.13231652785 -7.83302253296
2.06487391556 9.16324514443 -7.8285212656
2.09162328876 9.18726978259 -7.82381833691
2.11894505898 9.20552273453 -7.81916459885
2.1450592392 9.21995912617 -7.81478829146
2.16842020469 9.23305849263 -7.81086896794
2.18790842705 9.2474470361 -7.80751689346
2.20296882318 9.26549514095 -7.80476127664
2.2136727381 9.28894894519 -7.80254948079
2.22069179399 9.31864994122 -7.8007577453
2.22518531296 9.35438343557 -7.79921218045
2.22861658505 9.39487730827 -7.79771716638
2.23252467764 9.4379499482 -7.79608706111
2.23828585552 9.48078406792 -7.79417651234
2.24690073605 9.52028479854 -7.79190478659
2.25883963375 9.55346885532 -7.78927037304
2.27396968812 9.57782836225 -7.7863535634
2.29157470771 9.59161846442 -7.78330653239
2.31046422558 9.59403106372 -7.78033235775
2.32915436812 9.58523559123 -7.77765612101
2.34609202935 9.56628856759 -7.77549244919
2.35988729852 9.5389333977 -7.77401439846
2.36951814513 9.50532727619 -7.77332835879
2.37447613793 9.46774091258 -7.77345871128
2.3748316455 9.42827785205 -7.77434445094
2.3712099246 9.38865362721 -7.77584814286
2.36468361646 9.35006225836 -7.77777570366
2.35660014416 9.3131411442 -7.77990388926
2.34837225834 9.2780281256 -7.78201127593
2.34126499643 9.2444894614 -7.78390810478
2.33621188902 9.21208713405 -7.78546067292
2.33368756644 9.18034989222 -7.78660692687
2.33365405231 9.148915154 -7.78736137284
2.33558571428 9.11761753524 -7.78780911408
2.33856517784 9.08651248652 -7.78809047765
2.3414316062 9.05583777685 -7.78837903716
2.34295536401 9.02592859428 -7.78885666709
2.34201033056 8.99711136871 -7.78968946735
2.33771730246 8.96960532177 -7.79100796752
2.32953846872 8.94345852371 -7.79289406346
2.31731255587 8.91853736464 -7.79537584155
2.30123113308 8.89457638357 -7.7984300497
2.28176677072 8.87128168613 -7.80199072507
2.25957146823 8.8484684202 -7.80596160065
2.2353677068 8.82620352515 -7.81022952495
2.20985404975 8.80492116103 -7.81467628655
2.18364262396 8.78548080938 -7.81918688255
2.15723804396 8.76914678536 -7.82365326115
2.13105792843 8.75748141983 -7.82797369986
2.1054859389 8.75216013395 -7.83204902381
2.08094102142 8.75473218097 -7.83577761728
2.05794265953 8.76636308445 -7.83905148735
2.03715222362 8.78760136355 -7.84175543963
2.01937492323 8.81821154019 -7.84377075715
2.00551465278 8.85710742222 -7.84498376276
1.99648373919 8.90240529761 -7.84529848679
1.99307943859 8.95159815029 -7.84465158419

/group/RPA_008/3
3
posId 3
2.01508560568 9.11071901675 -7.87644422443
2.02790827863 9.1451863151 -7.87414220079
2.04137865797 9.17837492046 -7.87177043246
2.05504251418 9.21021656344 -7.86939270215
2.06854024964 9.24079612575 -7.86705736339
2.08164797885 9.27033428665 -7.86479193465
2.09430270617 9.29914917376 -7.86260021323
2.10660725234 9.32759985244 -7.86046246575
2.11881314834 9.35601735702 -7.85833885343
2.13128263018 9.3846312475 -7.85617581255
2.14443374123 9.41350101396 -7.85391469315
2.15867498668 9.44246181074 -7.8515016197
2.17433764393 9.47109289905 -7.84889732564
2.19161446845 9.4987148926 -7.84608566069
2.21051303322 9.52441868466 -7.8430795891
2.2308303401 9.54712516461 -7.83992377558
2.25215282584 9.56567097593 -7.83669326288
2.27388276615 9.57891211871 -7.83348822872
2.29528875076 9.58583461484 -7.83042530953
2.31557479242 9.58566009093 -7.82762642919
2.33396014884 9.5779342026 -7.82520641263
2.34976041114 9.56258735817 -7.82326085146
2.3624600552 9.53996004673 -7.82185569407
2.37176752574 9.51078891453 -7.82101985287
2.37764592978 9.47615411335 -7.82074177686
2.38031531173 9.43739283989 -7.82097046988
2.38022590786 9.3959878625 -7.82162090208
2.37800530164 9.35344271601 -7.82258323137
2.37438558017 9.31115678379 -7.82373478844
2.3701190238 9.27031348669 -7.82495344335
2.36589224001 9.23179326255 -7.82613080504
2.36224880728 9.19612013531 -7.82718372787
2.35952941078 9.1634467933 -7.82806280903
2.35783627177 9.13357869696 -7.82875692943
2.35702567936 9.10603334987 -7.82929337171
2.35672901064 9.08012702103 -7.82973358078
2.35639920758 9.05507835157 -7.83016514857
2.35537669661 9.03011674008 -7.83069103998
2.35296655751 9.00458332902 -7.83141737938
2.34851763246 8.97801378062 -7.83244124964
2.34149433278 8.95019462295 -7.83383990713
2.33153311542 8.92118840923 -7.83566259435
2.31847777983 8.89132680738 -7.83792577185
2.30239057464 8.86117452919 -7.84061214021
2.28353921766 8.83147024883 -7.84367334311
2.26236291131 8.8030529668 -7.84703579554
2.2394228932 8.77678339958 -7.85060872436
2.21534469317 8.75346982994 -7.85429328551
2.19075988373 8.73380652126 -7.85799155754
2.16625466394 8.71833051789 -7.8616143081
2.14233120231 8.70739977457 -7.86508666968
2.11938550975 8.70119250072 -7.8683512055
2.09770303831 8.69972479663 -7.87136824554
2.0774705794 8.70288147114 -7.8741137685
2.05880073409 8.71045364002 -7.87657544287
2.04176356718 8.72217644506 -7.87874767415
2.0264192556 8.73776099161 -7.88062660381
2.01284569647 8.75691621456 -7.88220595956
2.00115610849 8.77935856886 -7.88347447519
1.99150346985 8.80480984111 -7.8844153114
1.98407090869 8.83298561394 -7.88500756069
1.97904955701 8.86357863346 -7.88522956214
1.97660753644 8.89624226812 -7.88506343946
1.97685534184 8.93057925934 -7.88450005504
1.97981368296 8.96614004895 -7.88354347686
1.98538970947 9.00243326786 -7.88221410026
1.99336648666 9.03894874643 -7.8805497468

/group/RPA_008/6
6
posId 6
1.74911386936 9.19834619147 -8.00507860025
1.75920585865 9.23987478665 -8.00378281372
1.77485238273 9.27983943904 -8.00185503856
1.79529056413 9.31643419611 -7.99938879312
1.81952741517 9.34816942618 -7.99650294111
1.84644805823 9.37406866488 -7.99332862253
1.87493785806 9.39380143421 -7.98999480168
1.90400169699 9.40773092402 -7.98661442592
1.93286389063 9.41686724959 -7.98327311928
1.96103493035 9.42273040566 -7.98002198175
1.98833596911 9.42714007288 -7.97687547931
2.01487805112 9.43196017825 -7.97381467592
2.04099962965 9.438832971 -7.97079528539
2.06717195593 9.44893931284 -7.96775932171
2.09388656169 9.46281857826 -7.96464860536
2.12154161101 9.48027346745 -7.96141811696
2.15034398654 9.50037330273 -7.95804721846
2.18024158713 9.52155569827 -7.95454708163
2.21089580619 9.54181283566 -7.95096322577
2.24169820182 9.5589369122 -7.94737278932
2.27182884681 9.57079132744 -7.9438769345
2.30034772581 9.5755709673 -7.94058949728
2.32630573159 9.57201695895 -7.93762354033
2.34885900934 9.55955816187 -7.93507776554
2.36737001099 9.53836238081 -7.93302475134
2.38148069158 9.50929323271 -7.93150269931
2.39114748301 9.47378186106 -7.9305118488
2.39663337545 9.43363433564 -7.93001602566
2.3984587646 9.39080393239 -7.92994903799
2.39731873601 9.34716139947 -7.93022492873
2.39397926359 9.30429529758 -7.93075054714
2.3891676938 9.26336881499 -7.93143858801
2.38347345887 9.22505005085 -7.93221921315
2.37727315419 9.18952112766 -7.93304861583
2.37069022778 9.15655943658 -7.93391337489
2.36359417525 9.12567367129 -7.93483009474
2.35563814056 9.09626965517 -7.93584054065
2.34632810564 9.0678174147 -7.9370031461
2.33511227537 9.03999195459 -7.93838229091
2.32147650982 9.01276549209 -7.94003704706
2.30503111731 8.9864375938 -7.94201112198
2.28557605216 8.96160029843 -7.94432549539
2.26313526151 8.9390461881 -7.94697478482
2.23795599742 8.91963675556 -7.94992776228
2.21047454749 8.90415482616 -7.95313177609
2.18125515261 8.89316723318 -7.95652021459
2.15091304279 8.88692205181 -7.96002167679
2.1200348855 8.88529879874 -7.9635692637
2.08911014423 8.8878210641 -7.96710841057
2.05848486503 8.89373050812 -7.97060194219
2.02834556865 8.90211072776 -7.97403150888
1.99873583595 8.9120408692 -7.97739517312
1.96960264755 8.92275343952 -7.98070156897
1.94086445408 8.93376946552 -7.98396164396
1.91248912632 8.94498721774 -7.98717942204
1.88456798677 8.95670773289 -7.99034342619
1.85737238355 8.96959026463 -7.99342033668
1.83138172239 8.9845420405 -7.9963521419
1.80727616249 9.00255753691 -7.99905751068
1.78589266034 9.02453117974 -8.00143745754
1.76814886965 9.05107252011 -8.00338468701
1.75494467317 9.08235364009 -8.00479539681
1.74705500207 9.11801460485 -8.00558188746

/group/RPA_008/9
9
posId 9
1.810299199 9.37388834823 -8.12656180278
1.8398149037 9.39529053146 -8.12457048867
1.86951286415 9.4147196993 -8.12253458131
1.89904209508 9.43240934663 -8.12048524714
1.92829929221 9.44865149907 -8.11843508514
1.95740702765 9.46374061846 -8.11637897982
1.98666005176 9.4779141231 -8.11429740897
2.01644712641 9.49129722712 -8.11216174049
2.0471591354 9.50385958735 -8.10994078901
2.07909610548 9.51539004648 -8.10760773564
2.11238597097 9.52549370807 -8.1051464675
2.14692639186 9.53361292129 -8.10255647221
2.18235789086 9.53907081927 -8.099855617
2.21807241139 9.54113321794 -8.09708042579
2.25325667178 9.53908230473 -8.0942838025
2.28696503103 9.53229393965 -8.09153049034
2.31821261285 9.52030976726 -8.08889085952
2.34607668697 9.50289578748 -8.08643383814
2.36979315016 9.48008050873 -8.08421991505
2.38883553869 9.45216813058 -8.08229513241
2.40296626243 9.41972508786 -8.08068685276
2.4122533778 9.38354137675 -8.07940184746
2.41705072916 9.34457099003 -8.07842694358
2.41794408485 9.3038581558 -8.07773212547
2.41567033688 9.26245760898 -8.07727566177
2.41102033124 9.22135764805 -8.07701056155
2.40473798658 9.18141418547 -8.07689149091
2.39742876869 9.14330247494 -8.07688122543
2.38948926647 9.10749089726 -8.07695578269
2.38106674759 9.07423841396 -8.07710756175
2.37205354431 9.04361441184 -8.07734608883
2.36211647777 9.01553702964 -8.07769629279
2.35075689347 8.98982400733 -8.07819456711
2.33739287212 8.96624887531 -8.07888317081
2.32145233053 8.94459503749 -8.07980374138
2.3024644124 8.92470100385 -8.08099080624
2.28013695357 8.90649157317 -8.08246617308
2.25440982924 8.88999192421 -8.08423495344
2.22547736611 8.87532403822 -8.08628374645
2.1937772678 8.86268730813 -8.08858121168
2.15994807164 8.85232726243 -8.09108093284
2.12476141039 8.8444977762 -8.09372616161
2.08903871482 8.83942277794 -8.09645577656
2.05356401242 8.83726322741 -8.09921062979
2.01900488411 8.83809409395 -8.10193940574
1.98585238755 8.84189437617 -8.10460318961
1.95438802194 8.84855112945 -8.10717812539
1.92468197348 8.8578763121 -8.10965581218
1.89662247471 8.86963333639 -8.11204140419
1.86997173922 8.88356879231 -8.11434970149
1.84444019843 8.89944409756 -8.11659980119
1.81976818169 8.91706191486 -8.11880908352
1.79580310131 8.93628304606 -8.1209874049
1.7725607804 8.95703103071 -8.12313234874
1.75026171622 8.9792836191 -8.12522624465
1.72933651401 9.00305236963 -8.12723542833
1.71039898467 9.02835353058 -8.12911190921
1.69418989453 9.05517482296 -8.13079728147
1.68149846912 9.08344352359 -8.13222840358
1.67307192161 9.11300123041 -8.13334412128
1.66952506101 9.14358986415 -8.13409215685
1.67126218533 9.17485192654 -8.13443525152
1.67842195106 9.20634600334 -8.13435573607
1.69085292952 9.23757625301 -8.13385790431
1.70812351078 9.26803247759 -8.13296784943
1.72956524076 9.29723564197 -8.13173075649
1.75434419424 9.32478264897 -8.13020598009

/group/RPA_008/12
12
posId 12
1.82223122059 9.40455889498 -8.26274558507
1.86024031725 9.41933523746 -8.26277198675
1.9009124582 9.43048468483 -8.26258265577
1.94330131368 9.43843862341 -8.26221423696
1.9864158909 9.44366479151 -8.26170585099
2.02928798236 9.44658544571 -8.26109409835
2.07103682214 9.4475087479 -8.26040872903
2.11092373866 9.44658270989 -8.25966953948
2.14839074517 9.4437777021 -8.25888488301
2.18307894151 9.43889941669 -8.25805195364
2.21482506946 9.43162984509 -8.25715875861
2.24363725233 9.42158988307 -8.2561874635
2.26965351173 9.40841415387 -8.25511860798
2.29308875665 9.39182695367 -8.25393557517
2.31417731058 9.37170810054 -8.25262866759
2.33311850172 9.34813891813 -8.25119820259
2.35003233086 9.32142140331 -8.24965618043
2.36493081831 9.29206741875 -8.24802627987
2.37770850195 9.26075898912 -8.24634217098
2.38815299181 9.22828487516 -8.24464437093
2.39597381989 9.19546198261 -8.24297607275
2.40084540534 9.16305236322 -8.24137852213
2.40245810145 9.13168727234 -8.23988658248
2.40057024036 9.10180885835 -8.23852510554
2.39505398005 9.07363769044 -8.23730661586
2.38592859357 9.04717080151 -8.23623063869
2.37337650911 9.02221071518 -8.23528477474
2.35773968649 8.99842161655 -8.23444738488
2.33949649858 8.97540500858 -8.23369152444
2.3192218327 8.95278440109 -8.23298959171
2.29753530465 8.9302871984 -8.23231805329
2.27504400154 8.90781218717 -8.23166159276
2.25228684641 8.88547285925 -8.23101610328
2.22968742537 8.86360999926 -8.23039009819
2.20752098065 8.84277109858 -8.22980432617
2.18589940903 8.82365867312 -8.22928962099
2.16477576918 8.80705384949 -8.22888325669
2.14396730843 8.79372506014 -8.22862428459
2.12319369853 8.78433387309 -8.22854847123
2.10212532802 8.77935056915 -8.22868351574
2.08043536978 8.77899097403 -8.22904519335
2.05784906477 8.78318338899 -8.22963495205
2.03418425827 8.7915705843 -8.23043929837
2.00937859475 8.8035472351 -8.23143107
1.98350072235 8.81832849585 -8.23257244058
1.95674510146 8.8350412517 -8.23381926901
1.92941224011 8.85282650996 -8.23512622289
1.90187808704 8.87093981765 -8.23645199901
1.87455764018 8.8888367307 -8.23776394717
1.84786840172 8.90623220592 -8.23904147965
1.82219905986 8.92312610326 -8.24027780783
1.79788775228 8.9397913403 -8.24147976868
1.77521262105 8.95672606266 -8.24266575733
1.75439534728 8.97457584965 -8.24386203474
1.73561625 8.99403585194 -8.2450978971
1.71903765417 9.0157453472 -8.24640034698
1.70483085064 9.04018816265 -8.24778897568
1.69320129098 9.06761162622 -8.24927174107
1.68440678729 9.09797427856 -8.2508422098
1.67876441254 9.13092883165 -8.25247864154
1.67664339862 9.16584229421 -8.25414505217
1.6784433882 9.20185040309 -8.25579413356
1.68455962526 9.23793913408 -8.257371665
1.69533875464 9.27304268642 -8.25882185739
1.71103054207 9.30614537925 -8.26009295111
1.73174178217 9.33637461243 -8.26114235873
1.75739878057 9.36307344834 -8.26194070701

/group/RPA_008/15
15
posId 15
1.92498929573 9.18244294681 -8.379703293
1.92686477408 9.14240806083 -8.3765216695
1.93444207045 9.10743327917 -8.37410031271
1.94590593262 9.0799260621 -8.37252788169
1.95941435276 9.06021639526 -8.37172045367
1.97337070146 9.04660693583 -8.37144206151
1.98660747768 9.0359961159 -8.37136705347
1.9984724634 9.02488224214 -8.37116792235
2.00883122912 9.01044210901 -8.37060422233
2.01801089935 8.99136134858 -8.36958751259
2.02670825105 8.96817966256 -8.36820422657
2.03587517462 8.94307257374 -8.36669080389
2.04658373701 8.91916935634 -8.3653694214
2.05986854335 8.8996459606 -8.36456383812
2.07654930063 8.88688789393 -8.36451980351
2.09704989547 8.8819757984 -8.36535181218
2.12124582038 8.88462383181 -8.36702883215
2.14838120918 8.89354233954 -8.36939914837
2.17709314757 8.90705681402 -8.37224276677
2.20556178725 8.92374147343 -8.37533260777
2.2317735869 8.94284037164 -8.37848503644
2.25385058664 8.96434278556 -8.38158592293
2.27037250093 8.98871622043 -8.38458809311
2.28061078764 9.01642918622 -8.38748617002
2.28460979548 9.04747050539 -8.39028190817
2.28308727668 9.08106644749 -8.39295491536
2.27717537573 9.11571509379 -8.39544986145
2.26806945852 9.14953052469 -8.39768362697
2.25668139443 9.18076547729 -8.39956740755
2.24339618865 9.20830672234 -8.40103280572
2.22800414442 9.23194116674 -8.40204963928
2.20983188713 9.25227262223 -8.4026269929
2.18803852227 9.27030043847 -8.4027964005
2.16199471094 9.28680414384 -8.40258406308
2.13163700248 9.30176341005 -8.4019844814
2.09769501703 9.31404661939 -8.40094852614
2.0617234696 9.32151905411 -8.39939427263
2.02592433561 9.3215791526 -8.39724040873
1.9928009824 9.31197677331 -8.39445271777
1.96472958396 9.29165529615 -8.39108753529
1.94355174546 9.2613309619 -8.38731486027

/group/RPA_008/18
18
posId 18
1.99639137855 9.28794757557 -8.52977236946
2.03672732779 9.27315577728 -8.53386033546
2.07165520204 9.25279663491 -8.53653231296
2.10062485933 9.22942956664 -8.53800354618
2.12451527355 9.20563716332 -8.53869702046
2.14522918892 9.18346785671 -8.53912123344
2.16503474481 9.16401350168 -8.53972716418
2.18583933218 9.14723646318 -8.54078419659
2.20859445037 9.13209270284 -8.54230886466
2.23298718161 9.11691517607 -8.54406464828
2.25748809454 9.0999496738 -8.54563043915
2.27972323325 9.07989426526 -8.54651592663
2.29704976267 9.05629557188 -8.54628975189
2.30716606378 9.02969917212 -8.54468434444
2.30859013638 9.00152392728 -8.54165012722
2.30089146294 8.97370905541 -8.53734822234
2.28464288147 8.948244918 -8.53208961162
2.26114395064 8.92672584387 -8.52624403948
2.23202935145 8.9100489242 -8.5201491971
2.19889707747 8.89833241298 -8.51404798846
2.16306738088 8.89105773557 -8.50807026225
2.12552522017 8.88737209539 -8.50225933589
2.08702765871 8.88644467516 -8.49662835033
2.04829816485 8.88776099921 -8.49122198716
2.01020215179 8.8912681397 -8.4861583491
1.97381108191 8.89733754222 -8.48163388595
1.94031062663 8.90657385732 -8.47788824192
1.91077412544 8.91954705435 -8.47514095527
1.88588215454 8.93654579096 -8.47352286783
1.86570051578 8.9574367189 -8.47302809456
1.84961987843 8.98167269741 -8.47350630631
1.83651192498 9.00843767718 -8.47470179011
1.825084113 9.03686652437 -8.47632962485
1.81434200228 9.06625135892 -8.47816574231
1.80401968044 9.0961513511 -8.4801213135
1.79483320726 9.12635869921 -8.48227520717
1.78845391046 9.15672761913 -8.4848505012
1.78717715698 9.18692706173 -8.48813852773
1.79335477984 9.2162126352 -8.49239121058
1.80873707169 9.24331591909 -8.4977139189
1.83390803506 9.26651749986 -8.50399282081
1.8679818025 9.28391263801 -8.5108818566
1.90866133909 9.29381336315 -8.5178573809

/group/RPA_008/21
21
posId 21
1.91281976177 9.28462820547 -8.65226970676
1.96113708105 9.28434402267 -8.66311072979
2.00730589302 9.27926691841 -8.67278901633
2.0486193896 9.2699729831 -8.68077658022
2.08340051006 9.25695521021 -8.68676556892
2.11124777464 9.24061784619 -8.69072282602
2.13298924583 9.22132552458 -8.69288648263
2.15035810817 9.19948045867 -8.69370383026
2.16547174669 9.17559308953 -8.69372401377
2.18024383184 9.15031452402 -8.69347022491
2.19587369472 9.1244118673 -8.69332121336
2.21253562662 9.0986863653 -8.69342972105
2.22933850848 9.07385359785 -8.69369642077
2.2445570665 9.05041908893 -8.69380437704
2.25606799089 9.02858733295 -8.6933043762
2.26187459657 9.00823572217 -8.69172938938
2.26058506369 8.98896868337 -8.68870994243
2.25172576312 8.97024574936 -8.68406281862
2.23581770777 8.95155619341 -8.67783301162
2.21420795315 8.93259816812 -8.67028112978
2.18871167947 8.91341633943 -8.66182228639
2.16116789543 8.89446029387 -8.6529343151
2.13303013253 8.87654473217 -8.64405995425
2.10509896592 8.86071697562 -8.63552784248
2.07746041815 8.84806125605 -8.62751092615
2.04963549339 8.83948628437 -8.62003004569
2.02088758176 8.83554803427 -8.61299806296
1.99059224117 8.83635184372 -8.60628927119
1.9585592036 8.84155859121 -8.59981278705
1.92521295128 8.85049366197 -8.59356865145
1.89158084352 8.86233131573 -8.58767127008
1.85909434736 8.87630763883 -8.58233481278
1.82926345406 8.89190758731 -8.57782638401
1.80332149432 8.90897778146 -8.57440201019
1.78194680521 8.92773521916 -8.57224519206
1.76514631606 8.9486682661 -8.57142666364
1.75233991348 8.97235350116 -8.57189744909
1.7426261935 8.99923332646 -8.57351721131
1.73515618575 9.02940929966 -8.57610914333
1.72950714893 9.06250243077 -8.5795243607
1.72594370522 9.09761526337 -8.58369533921
1.72548048585 9.13340572322 -8.58866048311
1.7297124671 9.16825585256 -8.594549816
1.74044262298 9.20049645876 -8.60153294644
1.75919433447 9.22863684524 -8.60974180011
1.78673226823 9.25154986768 -8.61918893139
1.82271975107 9.26857588001 -8.62970508582

/group/RPA_008/24
24
posId 24
1.8850861812 9.25629587777 -8.78527886728
1.92851050925 9.26166143315 -8.7990169437
1.9717114431 9.26009859214 -8.81154635228
2.01177439211 9.25168852447 -8.82201778288
2.04619433981 9.23701197509 -8.82978553976
2.07335507197 9.21696598242 -8.83451916479
2.09281138156 9.19253497901 -8.8362492206
2.10529550144 9.1645900588 -8.83533609225
2.11244227324 9.13377763292 -8.83237027796
2.11630379267 9.10052677494 -8.82802993921
2.11878148857 9.06516379185 -8.8229316943
2.12112521774 9.02808621529 -8.81751104689
2.12362880181 8.98992824695 -8.81195955048
2.12559555241 8.95165220659 -8.80622968467
2.12557217115 8.91452487493 -8.8001001864
2.1217768223 8.87997589739 -8.7932794058
2.11259784629 8.84937520193 -8.78551621593
2.09702689421 8.82379473684 -8.7766889259
2.07491645532 8.80382743338 -8.76685165256
2.04700752907 8.78952045745 -8.75623150387
2.01474085278 8.780445368 -8.74518427343
1.97992413686 8.77588558791 -8.73412686019
1.94436120857 8.77508502144 -8.72346849676
1.90954844322 8.7774824207 -8.71355954431
1.87651183022 8.78286046337 -8.70466784946
1.84580658273 8.79136523695 -8.69698184182
1.81764790382 8.8033925949 -8.69063049902
1.79210357196 8.81937982109 -8.68570599436
1.76926774995 8.83957093332 -8.68227643965
1.74935286981 8.86383226707 -8.6803826708
1.73267493405 8.89157900483 -8.68002178121
1.71955257485 8.92183803236 -8.68112760958
1.71017537814 8.95342902543 -8.68356162745
1.70450970645 8.98520774448 -8.68712518464
1.70229595487 9.01629517839 -8.69159648459
1.7031548353 9.04621994864 -8.69678552716
1.70677480563 9.07492818697 -8.70259121507
1.71311461929 9.10265658374 -8.7090403717
1.72253861341 9.12970747444 -8.71629069535
1.73581519392 9.15619612807 -8.72458863679
1.75394862477 9.18184997599 -8.73418650154
1.77786894819 9.20592433365 -8.74523677059
1.80805712941 9.22726394242 -8.75769129494

/group/RPA_008/27
27
posId 27
1.76636074096 9.14790958207 -8.87618287858
1.79673865196 9.17445835118 -8.89216786137
1.82715454412 9.19826220553 -8.90760555015
1.85568620798 9.21887951765 -8.92173732415
1.88130339817 9.23566436626 -8.9340730241
1.90395047873 9.24776813964 -8.9444200193
1.92435129763 9.25426407601 -8.95284078402
1.94361038736 9.25436142629 -8.95955794765
1.96274492657 9.24763859479 -8.96483914239
1.98229695829 9.23421196622 -8.96889662725
2.00214133704 9.21477455132 -8.97182839364
2.02153448239 9.19048074035 -8.9736115863
2.03936691772 9.16270600361 -8.97414125451
2.05451680048 9.13275492007 -8.97329367163
2.06617397183 9.10161142685 -8.97098802403
2.07402262666 9.06981371874 -8.967224389
2.07822752951 9.03749585995 -8.96208743829
2.07924268841 9.00458212247 -8.95571958831
2.07752594279 8.97106728443 -8.94827898494
2.07327529798 8.93728481285 -8.93990257664
2.06629212399 8.90406618343 -8.93069107488
2.05602711128 8.87272874033 -8.92072245606
2.04179543344 8.84488548035 -8.91008794228
2.02308329697 8.82212941902 -8.89893415162
1.99983236234 8.80568792487 -8.887491421
1.97259445894 8.79615417805 -8.87607277257
1.94249464629 8.79337963736 -8.86503911046
1.91100971369 8.79656072827 -8.85473989624
1.87963680461 8.80449168243 -8.84544954302
1.84956840914 8.81590381512 -8.83732367439
1.8214899588 8.82978639219 -8.83039425858
1.79557386341 8.84559345748 -8.82460976824
1.77167341884 8.86328082884 -8.81991016564
1.74964625571 8.88317402975 -8.81631241306
1.72968626614 8.90572198592 -8.81397560485
1.71253401876 8.9312249601 -8.81321858392
1.69947298704 8.9596278579 -8.81447642385
1.69209074713 8.99044197517 -8.81820140739
1.69186657563 9.02281024429 -8.82473293793
1.69971133367 9.05568042014 -8.83417289973
1.71560943837 9.08801519486 -8.84630405931

/group/RPA_008/30
30
posId 30
1.70879653121 9.1347653029 -8.99615549986
1.7363565804 9.16037933706 -9.01384361284
1.76370138962 9.18535152825 -9.03127308194
1.78969536172 9.20882709118 -9.04776979949
1.81374318908 9.2296483349 -9.06278683903
1.83580694017 9.2465128257 -9.07595422957
1.85630081221 9.25818304138 -9.08709527067
1.87589512156 9.26370081607 -9.09620891049
1.89528185329 9.26255736747 -9.10342508176
1.91496094821 9.25477949148 -9.1089452248
1.93509805283 9.2409122452 -9.11298232733
1.95548331159 9.22190317492 -9.11571334591
1.97559284253 9.19891661942 -9.1172524284
1.99472738156 9.1731228854 -9.1176472479
2.0121834147 9.14551205904 -9.11689467165
2.02740585928 9.11677471531 -9.1149675118
2.040079352 9.0872738548 -9.11184231907
2.05013490731 9.05710874623 -9.10751938151
2.05767443311 9.02624811398 -9.10202974041
2.06284006509 8.99469323566 -9.09542893687
2.06567167127 8.96262522158 -9.08778185026
2.06599963703 8.9304964415 -9.07914600256
2.06341014895 8.89904199919 -9.0695612074
2.05729942794 8.86920894255 -9.05905132124
2.04700751763 8.84202269133 -9.04763976248
2.03199854606 8.8184262282 -9.03537564773
2.0120395239 8.79913382567 -9.02236332456
1.98732800553 8.78453605133 -9.00878603341
1.95853101771 8.77467812285 -8.99491512023
1.92672045033 8.76931353355 -8.98109957465
1.89321751406 8.76801479982 -8.96773583798
1.85938346331 8.77030862906 -8.95522340641
1.82640879006 8.7757976158 -8.94391616586
1.79515426287 8.78423597237 -8.93408132164
1.76608396558 8.79554109766 -8.92587655223
1.73930622511 8.80974185829 -8.91935179542
1.71470938206 8.82688290035 -8.91447587014
1.69215347886 8.84691693834 -8.91118153233
1.6716631276 8.86962023971 -8.90941731551
1.6535654811 8.89455951975 -8.90919207678
1.63853095916 8.92112314296 -8.9105993214
1.62749975851 8.94861019993 -8.9138129619
1.62150763832 8.97635316451 -8.91905312394
1.6214520343 9.0038385639 -8.92652823932
1.6278569007 9.03078877617 -8.93636604235
1.64069711539 9.05717735077 -8.94854956342
1.65932998582 9.08316783613 -8.9628738472

/group/RPA_008/33
33
posId 33
1.71202665917 9.09621392138 -9.12110163044
1.74888900357 9.09102769751 -9.13465221028
1.78445341763 9.08445656641 -9.14709207402
1.81693198956 9.07623748035 -9.15755598549
1.84531958166 9.0655784463 -9.16529716855
1.86947922947 9.05153647294 -9.16987632436
1.8899267672 9.03342392409 -9.17123446189
1.90740568229 9.01110526417 -9.16963238348
1.92241968861 8.98509638921 -9.16549242718
1.93490280477 8.95645597333 -9.15921450745
1.94415077188 8.92653253706 -9.15104476787
1.94903536732 8.89667495962 -9.14104953805
1.94841399177 8.86801349798 -9.12920067696
1.94157261511 8.84137648827 -9.11552991944
1.92852894085 8.81734408207 -9.10027928027
1.91007833223 8.79638165802 -9.0839744739
1.88756576901 8.77896582736 -9.06737904958
1.8624737748 8.76562649782 -9.05133648219
1.83598759961 8.75687364519 -9.03655600696
1.80870739507 8.75303723777 -9.02342574378
1.78061940628 8.7540969835 -9.01193165198
1.75133660384 8.75959362042 -9.00172381404
1.72051295945 8.76868727062 -8.99231586923
1.68826589053 8.78036996843 -8.98335023264
1.65543547335 8.79377177384 -8.97483185547
1.62356959328 8.80845080624 -8.96723915481
1.5946283998 8.82454887515 -8.96146147109
1.57050947588 8.84273283192 -8.95857381183
1.55256551277 8.86391560572 -8.95951936145
1.54129169676 8.88883382547 -8.96480605971
1.53629788577 8.91761971545 -8.97432174957
1.53657423198 8.94951921432 -8.98733298779
1.5409484936 8.98286806312 -9.00266949362
1.54856090733 9.015355 -9.01903210156
1.55917589483 9.0445043511 -9.03532013636
1.57321185592 9.06823346526 -9.05086937715
1.59147759127 9.0853114414 -9.06552559735
1.61471593857 9.09557556782 -9.07953833875
1.64312953047 9.09984098268 -9.09332309533

/group/RPA_008/36
36
posId 36
1.79859634045 9.08805486683 -9.2838005715
1.82802068487 9.05878603356 -9.28198774376
1.85323663549 9.02939915652 -9.27798887403
1.87372256223 9.00050214769 -9.27188668497
1.8894589034 8.97209482821 -9.26367122542
1.90081836855 8.94374382381 -9.25328394858
1.90836808582 8.91488924946 -9.24069232593
1.91263840225 8.88519002875 -9.22596961981
1.91392278405 8.85480195261 -9.2093521028
1.91216484428 8.82450191061 -9.19125275357
1.90696419557 8.79561749875 -9.17222421232
1.89769951193 8.76977960851 -9.15288018359
1.88373445081 8.74856887559 -9.13379825934
1.86464929357 8.73315879666 -9.11543379857
1.84043469273 8.72405924242 -9.0980717649
1.81159531373 8.72103386378 -9.08183198784
1.77913675013 8.7232128995 -9.0667266633
1.7444411601 8.7293651299 -9.05275223861
1.70906624858 8.73824676915 -9.03998641195
1.67452031184 8.74892469969 -9.02865850195
1.64206845891 8.76098233073 -9.01916883114
1.61261206005 8.77455450344 -9.0120478572
1.58665975437 8.79019093641 -9.00786399498
1.56438171573 8.80859901078 -9.00710480989
1.54571748203 8.83035046283 -9.01006467606
1.53049753186 8.85564285422 -9.01677047704
1.51854205927 8.88418445902 -9.02696594156
1.50971477206 8.91522841016 -9.04015813114
1.50392928128 8.94773289518 -9.05571166838
1.50112359184 8.98058485819 -9.07296298335
1.50122818239 9.0128075422 -9.09132215135
1.50415206179 9.04368232569 -9.1103350905
1.50979992129 9.07274870589 -9.12969218864
1.51811662148 9.09969138386 -9.14918655326
1.52913934358 9.12416486249 -9.16864062008
1.54302910235 9.1456297017 -9.18782899274
1.56005577522 9.16327240701 -9.20642539151
1.5805242704 9.17605328277 -9.22399266459
1.60464987437 9.18288239553 -9.24001999316
1.63241139699 9.18287764737 -9.25399556605
1.6634241693 9.17562635345 -9.26549124118
1.69687588986 9.1613640008 -9.27423180075
1.7315552447 9.14100446586 -9.28012652901

/group/RPA_008/39
39
posId 39
1.81203612018 9.0278813962 -9.37915143474
1.78701540511 9.06032498424 -9.37953959043
1.76078673535 9.08791824954 -9.3765091544
1.73511051032 9.11020629458 -9.37101192893
1.71129056476 9.12740009911 -9.36404636737
1.68992296053 9.14028813031 -9.35643962916
1.67082780675 9.15001579458 -9.34868313346
1.65318244502 9.15777997897 -9.34085937396
1.63582069435 9.16450903578 -9.33267370693
1.61761842448 9.17060471108 -9.32357794744
1.59786249618 9.17580967777 -9.3129499554
1.5765043944 9.17923533772 -9.30028077095
1.55423063029 9.17954642953 -9.28532131708
1.53233103809 9.17526116994 -9.26815374288
1.51240033792 9.1650976278 -9.2491743041
1.49595323932 9.14828581787 -9.22899916574
1.48405684386 9.12477340757 -9.20832496192
1.47707979737 9.0952787965 -9.18778687946
1.47462659753 9.06118210558 -9.16785565016
1.47567590324 9.02428305108 -9.14880177208
1.47888681864 8.98648521902 -9.13073437579
1.48299160509 8.949481474 -9.11369939155
1.48716931718 8.91451171946 -9.09780351979
1.49129895264 8.88224338517 -9.08332212352
1.49602187231 8.85279263714 -9.07075297956
1.50259328834 8.82586896494 -9.06079287831
1.51255829816 8.80099659434 -9.05423622712
1.52733449914 8.77775032216 -9.05181793853
1.54780830661 8.75594439306 -9.05404046946
1.57404906214 8.73572990895 -9.06103185355
1.60521467431 8.71758380912 -9.07247571859
1.63967293409 8.70220284563 -9.08763687547
1.67530693472 8.69034087435 -9.10548156695
1.70992592758 8.68264062505 -9.12486636073
1.74167684786 8.6795088511 -9.14475073516
1.76935340215 8.68106760554 -9.16438087956
1.79252837227 8.68718941012 -9.18339838142
1.81148279389 8.69759772022 -9.20184594969
1.82695997196 8.71199405396 -9.2200684686
1.83981835236 8.73016526261 -9.23853472667
1.85068283019 8.75203096079 -9.2576260282
1.85969245274 8.77761023002 -9.27744702193
1.86641432052 8.80691283351 -9.29770895607
1.86994658635 8.83978570075 -9.31771738826
1.86918060303 8.87576276099 -9.33646976718
1.86314783587 8.91396990841 -9.35284011148
1.85135318749 8.95312530692 -9.36580553376

/group/RPA_008/42
42
posId 42
1.70654157466 9.04431621401 -9.41779651133
1.73512831848 9.01645774984 -9.43427487591
1.75979242924 8.9862601982 -9.44671429278
1.77933647555 8.95437428226 -9.45427558646
1.79298634046 8.92149264972 -9.45649471423
1.80046895686 8.8883727804 -9.45335604174
1.80201359781 8.8558286422 -9.44529104218
1.79827722722 8.82468374618 -9.43310073199
1.79020840668 8.7956923481 -9.41781622161
1.77887547565 8.76944830171 -9.40052506414
1.76529087189 8.74630831914 -9.38219845056
1.75026330634 8.7263555485 -9.36355392553
1.73430316819 8.70942025251 -9.34498022855
1.71759543542 8.69515929977 -9.32653699677
1.70004089737 8.68317938186 -9.30802566863
1.68135347185 8.67317524687 -9.28911282675
1.66119141572 8.66504793976 -9.26947683979
1.63929511377 8.65897122345 -9.24894519481
1.61560458844 8.65538650775 -9.22759381107
1.59033540595 8.65492464025 -9.20578957252
1.56400076629 8.65827196529 -9.18417062733
1.53737817054 8.66601288883 -9.16357237824
1.51142899409 8.67848764028 -9.14491746926
1.48718678121 8.69570012123 -9.12909339892
1.46563405505 8.71729763235 -9.11684102265
1.44758767761 8.74262541974 -9.10867197474
1.43360980828 8.77083952894 -9.10482486674
1.42395629759 8.80104671321 -9.10526139624
1.41856809171 8.83243409945 -9.10969638683
1.41710497714 8.86435552114 -9.11765163658
1.41901553262 8.89635457238 -9.12852256078
1.42363290428 8.92812274002 -9.14164824939
1.43028313692 8.95940926409 -9.1563783653
1.43839130543 8.98991257425 -9.17213284021
1.44757062357 9.01918767969 -9.18845157473
1.45768115714 9.04659867689 -9.20503108859
1.46884786406 9.07133227306 -9.22174389369
1.48143246081 9.09247082819 -9.23863544082
1.49595985846 9.10910689876 -9.25589407921
1.51300702283 9.12047025474 -9.27379238958
1.53306908463 9.12603578434 -9.29260349237
1.55642305283 9.12558704262 -9.31250250283
1.58301223001 9.11922331357 -9.33346944254
1.61237335098 9.10731391348 -9.35521356871
1.64362316887 9.09041735774 -9.37713854812

/group/RPA_008/45
45
posId 45
1.55650244719 9.13281295458 -9.41489222721
1.58419799602 9.12641271358 -9.44112840573
1.61090911029 9.11423059973 -9.46633136982
1.63592551789 9.09620328466 -9.48982446406
1.65858244357 9.07259591395 -9.51097981028
1.67828120456 9.04401506348 -9.52923811476
1.69450922149 9.01138137707 -9.54412724381
1.70685998653 8.97586349483 -9.55528011035
1.71505293126 8.93877989766 -9.56245192773
1.71895237086 8.90147955612 -9.56553623002
1.71858391863 8.86521522318 -9.56457836279
1.7141461247 8.83102445893 -9.55978456087
1.70601474227 8.79963283898 -9.55152438512
1.69473707358 8.77139133705 -9.5403242956
1.6810143501 8.74625587598 -9.52685054953
1.66567104557 8.72381199861 -9.51188042575
1.64961132523 8.70334214278 -9.49626192705
1.63376435875 8.68392779614 -9.4808634741
1.61902178019 8.6645745089 -9.46651651262
1.60617195835 8.6443448979 -9.45395522057
1.59583674254 8.62248374753 -9.44375843758
1.58841680229 8.59852023704 -9.43629938547
1.58405147467 8.57233509255 -9.43170860076
1.58259813319 8.54418473709 -9.42985471527
1.58363454821 8.51467976407 -9.43034634077
1.5864856518 8.48472063898 -9.43255645017
1.59027375338 8.45539874666 -9.43566848406
1.59398882844 8.42787510163 -9.43874117623
1.5965732924 8.40325170461 -9.44078703401
1.59701393684 8.38245133284 -9.44085777241
1.59443266058 8.36612039847 -9.43812898848
1.58816742082 8.35456654905 -9.43197611501
1.57783551303 8.34773829153 -9.42203426964
1.56337281859 8.3452486504 -9.40823598261
1.54504489409 8.34643938252 -9.39082282018
1.5234284907 8.35047725337 -9.37032941887
1.49936500276 8.35646995559 -9.34754114835
1.4738901419 8.36358690566 -9.3234292423
1.44814651329 8.37116967284 -9.29906949259
1.42328747666 8.37881822394 -9.27555224857
1.40038151869 8.38644231608 -9.25389231903
1.38032625429 8.39427182961 -9.23494734528
1.36378012547 8.40282503461 -9.21935230312
1.35111799451 8.41283906603 -9.20747609959
1.34241434022 8.42517157876 -9.19940394239
1.33745493514 8.44068607674 -9.19494652636
1.3357750152 8.46013532456 -9.19367438674
1.3367193586 8.48405732803 -9.19497330267
1.33951763902 8.51269661864 -9.19811465295
1.34336711502 8.54596023491 -9.20233333105
1.34751428165 8.58341330221 -9.20690533631
1.35132755927 8.62431405472 -9.21121750036
1.35435434869 8.66768317148 -9.21482291816
1.35635767406 8.71239804805 -9.21747738074
1.35732993144 8.75729963586 -9.2191542421
1.35748369474 8.80129812553 -9.22003744415
1.35722182805 8.84346418803 -9.22049461641
1.35709107028 8.88309464673 -9.2210340268
1.3577246069 8.91974503806 -9.22225050252
1.3597798106 8.95322605122 -9.22476615075
1.36387729122 8.98356571887 -9.229171751
1.37054670311 9.010943818 -9.23597410966
1.38018354607 9.03560863204 -9.24555357576
1.39301964868 9.05778853765 -9.25813448454
1.40910835286 9.07761150978 -9.27376971713
1.42832383799 9.09504450421 -9.29233904233
1.45037271439 9.10986192623 -9.31355961596
1.474815116 9.12164838791 -9.33700608993
1.50109209744 9.12983622021 -9.36213729997

/group/RPA_008/48
48
posId 48
1.37597282144 8.9793867526 -9.45609757403
1.40167315249 9.00557286327 -9.4762510563
1.43030070597 9.02195191541 -9.50036389038
1.45956495999 9.02765648479 -9.52644913788
1.4870378582 9.02306540349 -9.5522316428
1.51064758682 9.0095977823 -9.57562748873
1.52905218329 8.98933254115 -9.59513599534
1.54180642248 8.96456023208 -9.61005101491
1.54929397704 8.93737847606 -9.62045137465
1.55246077366 8.90941785665 -9.62699209732
1.55243740417 8.88174008474 -9.63057150298
1.55016459045 8.85489826022 -9.63198002171
1.54612948249 8.8291049557 -9.63163658293
1.54028436844 8.80442960858 -9.62948841406
1.53216377536 8.78094820226 -9.6250989171
1.52115676159 8.75879371965 -9.61789072301
1.50684513094 8.73809670288 -9.60746347578
1.48929829486 8.7188484422 -9.59388194001
1.46922723985 8.70075128082 -9.57783662257
1.44794033878 8.6831310681 -9.56061465313
1.42710139801 8.66497207799 -9.54387343605
1.40834923795 8.6450984126 -9.5292683084
1.3928816219 8.62247829277 -9.51803152767
1.38112189864 8.59658270575 -9.51062001374
1.37256929914 8.56770144688 -9.50653699506
1.36588745197 8.53711731148 -9.50439049125
1.3592224266 8.50706566724 -9.50219013233
1.35067841283 8.4804564253 -9.49781939905
1.33883325172 8.46039626077 -9.48957038359
1.32316034881 8.44960484539 -9.47660651684
1.30424301699 8.4498544215 -9.45923197326
1.28371764177 8.4615665901 -9.43889202603
1.26395053759 8.48367081796 -9.41789521964
1.2475222309 8.51377182431 -9.3989188203
1.23664404499 8.54860114615 -9.38441523436
1.23265158478 8.58465947639 -9.37606410375
1.23570243644 8.61890820377 -9.3744052103
1.24475516895 8.64935354926 -9.37874323072
1.25783626435 8.67538925287 -9.38734785641
1.27252899212 8.69781898288 -9.39789904366
1.286562208 8.71855432782 -9.40806607348
1.29835207028 8.74006022628 -9.41607630745
1.30736215257 8.76467842983 -9.42113333
1.31419408733 8.79398680939 -9.42358339709
1.32038954729 8.82834162247 -9.42479345695
1.32799726318 8.86670432607 -9.42677675387
1.33901711228 8.90678581365 -9.43166444284

/group/RPA_008/51
51
posId 51
1.24747877414 9.07218823184 -9.57980506252
1.28252751979 9.09635142314 -9.60247743232
1.31841717124 9.11680886134 -9.62655540215
1.35215205332 9.131094538 -9.65018169868
1.38162927678 9.13712917742 -9.67212257079
1.40602740007 9.13398518846 -9.69191928106
1.42573224016 9.12219789696 -9.70976725462
1.44186127301 9.10351762481 -9.72619234515
1.45559694963 9.08023842773 -9.7416621215
1.46759931459 9.05441285385 -9.75628236246
1.47771865321 9.02729518241 -9.76968328445
1.48509378742 8.99923750053 -9.78111764695
1.48855954525 8.97004871266 -9.78970863551
1.48716552448 8.93961247599 -9.79473310644
1.48057611937 8.90844160834 -9.79582433696
1.46918851467 8.87787676355 -9.79302476344
1.45393858004 8.84980348233 -9.78669040195
1.43590458474 8.82599097882 -9.77731251109
1.41590435946 8.80734604155 -9.76535117452
1.39427681337 8.79343931382 -9.75115892926
1.3709475313 8.78256555844 -9.73502017518
1.34574240815 8.77238000261 -9.7172695904
1.3187942003 8.76090038134 -9.69841000564
1.29083831158 8.74748704816 -9.67914768274
1.26323886466 8.73339104556 -9.66030259935
1.23770569872 8.72160862088 -9.64261540303
1.21580539396 8.71604497908 -9.6265314585
1.19847153228 8.72026476909 -9.61206738575
1.18573414848 8.73627965858 -9.59884231389
1.17680571898 8.76382172854 -9.58629151516
1.17051327172 8.80037288841 -9.57399991046
1.16591476372 8.84193463665 -9.56203146352
1.16284784091 8.88424281554 -9.55111599157
1.16217143268 8.92396979694 -9.54259722683
1.16557421631 8.95947534897 -9.5381313982
1.17499508567 8.99085737407 -9.53922181141
1.19186047353 9.01933594078 -9.54674361591

/group/RPA_008/54
54
posId 54
1.33505265486 8.96821381938 -9.88821789927
1.33505265486 9.02176976373 -9.87571209132
1.32644290566 9.06403327053 -9.86096133204
1.31016365572 9.0909432699 -9.84544705189
1.28789435824 9.10398030835 -9.82977580139
1.26170299578 9.10821020028 -9.8139372391
1.2336391387 9.10879701631 -9.79788763989
1.20538485056 9.10811723351 -9.78202582631
1.1780654189 9.10507196004 -9.76724645246
1.15227267524 9.09671874027 -9.75457218509
1.12827825639 9.08090045632 -9.74466075278
1.10633943112 9.05804802603 -9.73755740695
1.08695949303 9.03104215234 -9.73287485089
1.07098151918 9.00340711178 -9.7302681691
1.05946690488 8.97722371862 -9.72985329719
1.05340871075 8.95225626251 -9.73224835401
1.05340871075 8.92685791853 -9.73817910205
1.05946690488 8.89992448371 -9.74790338291
1.07098151918 8.87241625284 -9.76085574523
1.08695949303 8.8472838617 -9.77578410997
1.10633943112 8.82779460869 -9.79132370781
1.12827825639 8.81544820974 -9.80664630556
1.15227267524 8.8090467188 -9.82174626066
1.1780654189 8.8057441839 -9.83714225446
1.20538485056 8.80351764144 -9.85315264605
1.2336391387 8.80340891158 -9.86919858462
1.26170299578 8.80986332442 -9.88360399182
1.28789435824 8.82862039988 -9.89407488478
1.31016365572 8.8632014803 -9.89862686446

/group/RPA_008/57
57
posId 57
1.29263880222 9.01494052132 -10.0197139895
1.2822525339 9.05870197235 -10.0065419126
1.26665854984 9.09466542267 -9.99379130044
1.24752065773 9.11978501555 -9.98263564867
1.2254964126 9.13475681954 -9.97308990969
1.20003728767 9.142895989 -9.964221241
1.17019091854 9.1478033218 -9.95491914194
1.13596486566 9.15119213423 -9.94478091101
1.09934800294 9.15206129486 -9.93458567108
1.06420644714 9.14753655203 -9.92606721637
1.0349384195 9.13471813278 -9.92111054045
1.01457702618 9.1123698085 -9.92083519706
1.00344824388 9.08152957343 -9.92508489794
0.999228594656 9.04489506268 -9.93258844044
0.99843854228 9.00559981109 -9.94165624361
0.998544199325 8.96625954587 -9.95097905075
0.999459702254 8.92880789331 -9.96007662483
1.00358813937 8.89496405963 -9.96919842677
1.01440045834 8.86668777452 -9.97882843084
1.03439931363 8.84602860059 -9.98916521646
1.06363385102 8.83431832836 -9.99990756149
1.09954601709 8.83127660851 -10.0104238028
1.1381047744 8.83482127949 -10.0201060851
1.17544884696 8.84198972499 -10.0286008717
1.2090578364 8.85061254635 -10.035733053
1.23789095153 8.86075596756 -10.0412030327
1.2616573133 8.87492888043 -10.0443387366
1.27991893811 8.89671601546 -10.0441737946
1.29173695063 8.92846961229 -10.0398963531

/group/RPA_008/60
60
posId 60
1.25408102939 9.02586968795 -10.153010158
1.25066204014 9.08164869664 -10.1419575853
1.24361971382 9.1280949131 -10.1324605869
1.23359950921 9.16136356408 -10.1253096908
1.21954581045 9.18269123873 -10.1201912723
1.19972704933 9.19675182021 -10.116078037
1.173182867 9.20849472619 -10.111943267
1.14075338457 9.22023540414 -10.1073969092
1.10511648212 9.23054446788 -10.1029035356
1.0698379638 9.23541052476 -10.0994904231
1.03799339379 9.23085949467 -10.0981432943
1.01113449763 9.21543789811 -10.0992525518
0.989136850381 9.19113294268 -10.1024242483
0.970932110429 9.16228041597 -10.1067430634
0.955618721775 9.1332084077 -10.1113068453
0.943257875369 9.10607542267 -10.115701434
0.934896447791 9.08018292042 -10.1201355375
0.931861832812 9.05310537852 -10.1251722914
0.934833120232 9.02286338444 -10.131242963
0.943327550346 8.98974291172 -10.1382583167
0.955968968808 8.95660715992 -10.1455669558
0.971393486892 8.927501652 -10.1522891393
0.989212799821 8.9054338858 -10.1578146547
1.01037214843 8.89075213398 -10.1621421611
1.03657348391 8.88121118704 -10.1658260613
1.06899794546 8.8737837654 -10.1695359077
1.10702212046 8.86716743188 -10.1734805443
1.14769641485 8.86342394213 -10.177053787
1.18637792888 8.86760614669 -10.1789510581
1.21828457287 8.8853634978 -10.1777423797
1.24021426484 8.91972350752 -10.1726166716

/group/RPA_008/63
63
posId 63
1.25474310728 9.04218772129 -10.2925978732
1.25397865531 9.09938609599 -10.2869033895
1.252182685 9.1535114868 -10.2815302361
1.25049708025 9.20215778135 -10.2767020307
1.24893629059 9.24442711783 -10.2725081263
1.24645381659 9.28068051957 -10.2689275311
1.24135105994 9.31196069373 -10.2658806153
1.231886009 9.33930781684 -10.2632886248
1.21688008267 9.36320787024 -10.261119999
1.19612991299 9.38335038791 -10.2594086253
1.17050233394 9.39875279177 -10.2582400733
1.14169973059 9.40817512028 -10.2577135943
1.11179156379 9.41064872931 -10.2578961074
1.08267973127 9.40590948989 -10.2587866625
1.05567738003 9.39456974627 -10.2603053323
1.03133092214 9.37796610655 -10.26231095
1.00952277314 9.35774363698 -10.2646411101
0.989791364675 9.33533605831 -10.2671594255
0.971731093565 9.31154029214 -10.269792226
0.95531345879 9.2863484246 -10.2725407098
0.941007915507 9.25910395207 -10.2754636246
0.929662048127 9.22892724762 -10.2786365471
0.922195096247 9.19525220131 -10.2821027526
0.919231707349 9.15827003976 -10.2858342015
0.920827147522 9.11910521055 -10.2897179384
0.92640190724 9.07964282326 -10.2935742439
0.934924579171 9.04205442556 -10.2972013121
0.945285811532 9.00818337378 -10.3004311928
0.956728432324 8.97901085927 -10.3031768807
0.96916881536 8.95440549827 -10.3054526815
0.983274830547 8.93326721199 -10.3073587408
1.00024737833 8.91404019949 -10.3090330119
1.02135789326 8.8954366472 -10.3105857042
1.04738637112 8.87712919013 -10.3120382772
1.07815009414 8.86016676865 -10.313288723
1.11229440874 8.84694912858 -10.3141171129
1.14743781377 8.84073474751 -10.3142325985
1.18064947648 8.84480975644 -10.3133494573
1.20912608079 8.86156047838 -10.3112698912
1.23086447026 8.89173051917 -10.3079484764
1.24512159604 8.9340912307 -10.3035184335

/group/RPA_008/66
66
posId 66
1.11366501483 9.17671508706 -10.4400244867
1.16709853277 9.17291684834 -10.4412735455
1.21127163013 9.16057647519 -10.4418026621
1.2408909674 9.14366657738 -10.4416849015
1.25814893176 9.12414122282 -10.4410869729
1.26955585585 9.10113708923 -10.4401391425
1.28055017443 9.07239527631 -10.4388660804
1.29174478903 9.03689583536 -10.4372286836
1.29918124253 8.9967736411 -10.4352358476
1.29790103234 8.95705372222 -10.4330273582
1.28581982767 8.92329012484 -10.4308503171
1.26496982932 8.89870172256 -10.4289362796
1.23945745325 8.88277512779 -10.4273691165
1.21211541855 8.87227549803 -10.4260490447
1.18275908535 8.86391921238 -10.4247913412
1.14951080479 8.85683564802 -10.4234971673
1.11202945672 8.85317106547 -10.4222746714
1.07379460975 8.85656183719 -10.4214177192
1.0412293864 8.86969646547 -10.4212485646
1.01995914199 8.8927152718 -10.4219282664
1.0109422656 8.92342936256 -10.4233631736
1.00961097131 8.95891413078 -10.425268699
1.00908362016 8.99705082751 -10.4273412655
1.00543217019 9.03677808276 -10.4294156906
1.0012293401 9.07697940182 -10.431501024
1.00457728421 9.11512578284 -10.4336797835
1.02393998065 9.14705652693 -10.4359550617

/group/RPA_008/69
69
posId 69
1.1941816817 9.17099618012 -10.610207065
1.23311182528 9.1467675099 -10.6104386181
1.25952631888 9.11835607869 -10.6076584143
1.27379174557 9.08642733121 -10.6020878751
1.279583137 9.05101105921 -10.5943173293
1.28133947691 9.01245369478 -10.5851359886
1.28153141585 8.97245616016 -10.5753531231
1.27926333183 8.93443066559 -10.5656638275
1.27095042488 8.90276179901 -10.5565751467
1.25262711347 8.88120693456 -10.548379832
1.2225342232 8.87123852055 -10.5411600641
1.18251118349 8.87126651587 -10.534817543
1.13743835734 8.87727371224 -10.5291408918
1.09310299874 8.88465434718 -10.5239182054
1.05374189021 8.89037647853 -10.5190777402
1.02064347548 8.89437361722 -10.5148075863
0.992517191628 8.89944611732 -10.5115900657
0.967273540031 8.90972320525 -10.5101067909
0.944041129987 8.92848390471 -10.5110240234
0.924155318483 8.95645173897 -10.5147311236
0.910527937854 8.99139609648 -10.5211427585
0.90583173607 9.0291574397 -10.5296624074
0.910682828162 9.06546571717 -10.5393401644
0.923022696943 9.09755064304 -10.5491697752
0.939171593089 9.12473586004 -10.5584015292
0.955983366426 9.14783153917 -10.5667350842
0.972808111074 9.16782097329 -10.5743085861
0.992012735928 9.18468832562 -10.5814936436
1.01761750426 9.19707480797 -10.588594669
1.05271777082 9.20290096185 -10.5955925286
1.09712191039 9.20049779927 -10.6020473396

/group/RPA_008/72
72
posId 72
1.00431566164 9.08106471003 -10.7025194847
1.03839506337 9.08807723774 -10.7148142174
1.07339010462 9.09628070521 -10.7278367177
1.10856776794 9.10270515147 -10.740204943
1.14297035628 9.1045886941 -10.7505566107
1.17549745281 9.09989652113 -10.7577778265
1.20499928484 9.08766704062 -10.7611663751
1.23037244301 9.0681287847 -10.7605047897
1.25065095451 9.04258508462 -10.7560400601
1.26508686509 9.01311340687 -10.7483869378
1.27321448601 8.98216105877 -10.7383855978
1.27489177507 8.95213163527 -10.7269492459
1.27031194115 8.92504596142 -10.7149329457
1.25997941676 8.90233219325 -10.7030436987
1.24464763272 8.88476132638 -10.6917975053
1.22522163764 8.87250747272 -10.6815160728
1.20263573256 8.86528644587 -10.6723475909
1.17772335399 8.86251719235 -10.664294401
1.15110144788 8.86345900086 -10.6572351082
1.12309268107 8.86729876072 -10.6509374553
1.09370490177 8.87318886126 -10.6450676131
1.06267830182 8.88025862809 -10.6392078814
1.0295980745 8.88763315813 -10.6328956088
0.994056451271 8.89448955596 -10.6256907267
0.955835901483 8.90016326006 -10.6172690481
0.91507796019 8.90429218096 -10.6075265446
0.872401732243 8.90696225642 -10.5966701348
0.828943297733 8.90880340685 -10.5852667253
0.786301003558 8.91098588408 -10.5742264897
0.746389392077 8.91508529035 -10.5647085753
0.711222671056 8.92281652127 -10.5579551756
0.682663303409 8.93567450237 -10.5550789147
0.662179260472 8.95455240355 -10.556843722
0.650652900643 8.97942604805 -10.5634863614
0.648275302625 9.00918982077 -10.5746218791
0.654544050854 9.0417032434 -10.5892614488
0.668363234554 9.07406330285 -10.605948251
0.688225774065 9.10306549305 -10.6229911488
0.712443920192 9.12576902135 -10.6387531082
0.739386635888 9.14005096688 -10.6519371599
0.767683697008 9.1450289611 -10.6618109469
0.796365064379 9.14125479925 -10.6683223905
0.824918134288 9.13062802319 -10.6720814153
0.853261635007 9.1160386675 -10.6742110344
0.88164977036 9.10080816151 -10.6760989424
0.910530870136 9.08804273937 -10.6791017221
0.940389624355 9.08003379748 -10.6842630796

/group/RPA_008/75
75
posId 75
0.97891372556 8.86833898314 -10.7572693453
0.952134908602 8.9078806128 -10.7666536152
0.933688917796 8.94856995519 -10.7797562243
0.925410185678 8.9859337249 -10.7950635213
0.926917834925 9.01748567577 -10.8112044898
0.935999388723 9.04323440686 -10.8273464886
0.949853285006 9.06487111843 -10.8432644037
0.966493619643 9.08417534477 -10.8590852419
0.985531765892 9.10159435497 -10.8748827269
1.00791259255 9.11580749007 -10.890362525
1.03478934031 9.12447609456 -10.9048067459
1.06622014674 9.12566932879 -10.9172845234
1.10047166387 9.1190656641 -10.9269815338
1.1343619148 9.10618526781 -10.9334443651
1.16447059255 9.08951065892 -10.9366043697
1.1885406365 9.07103832613 -10.936593053
1.20628186756 9.05116070161 -10.9334943157
1.21912974498 9.02859041868 -10.9272158229
1.22910985571 9.00141590991 -10.9175804206
1.23746476648 8.96868853661 -10.9045899712
1.24382308289 8.93159850899 -10.8886913535
1.24636414245 8.89351011328 -10.870856143
1.2428505755 8.85877856347 -10.8523873099
1.23190591898 8.8309823089 -10.8345301394
1.21379235851 8.81155710141 -10.8180923398
1.19025988279 8.799599262 -10.8032898965
1.16360007348 8.79293628569 -10.789917499
1.1355099119 8.78982926021 -10.7777589
1.10647348885 8.79030088497 -10.7670084125
1.07604321316 8.79629430346 -10.7584556608
1.04384314769 8.81054328878 -10.7533075441

/group/RPA_008/78
78
posId 78
1.0753954907 8.74177578205 -10.9108423866
1.11683700123 8.74597742488 -10.9317032781
1.14871881792 8.75515137202 -10.9508930435
1.16995983436 8.77141240037 -10.9690434165
1.18167323806 8.79561270895 -10.9871056119
1.18621514705 8.8266136041 -11.0055373889
1.18594265064 8.86145288009 -11.0238329271
1.18224209591 8.89633520744 -11.0406093452
1.17521040456 8.92797447484 -11.0541730038
1.16403185397 8.95465552979 -11.0632502746
1.14776423844 8.97653498711 -11.0675001658
1.12608995604 8.99508465346 -11.06755791
1.0996634393 9.01199941455 -11.064613876
1.06993862283 9.02813388562 -11.059773818
1.03864473999 9.04298285922 -11.0535484318
1.00724417133 9.0549154294 -11.0457332768
0.976673165476 9.06197741951 -11.0357163677
0.947467048072 9.06279858082 -11.0230140899
0.920127730122 9.05712003444 -11.0077153353
0.895445120023 9.04569484468 -10.990573505
0.874519129706 9.02967498411 -10.9726923207
0.858424438577 9.00988317195 -10.954990092
0.847702137612 8.98642370294 -10.9377653286
0.842006978789 8.95888392184 -10.92064459
0.840192929591 8.92702960131 -10.9029885847
0.84089465969 8.89159558122 -10.8845716913
0.843372912921 8.8546868455 -10.8661742244
0.848196266426 8.81948909672 -10.8497360708
0.857348873045 8.7893503196 -10.8379196101
0.873594825241 8.76664500318 -10.833223377
0.899287323029 8.75198075036 -10.8370270142
0.935109141307 8.74416531211 -10.8490073281
0.97931426575 8.74098411077 -10.8672082358

/group/RPA_008/81
81
posId 81
0.914005020004 8.95902209376 -11.141486977
0.965619131083 8.94545244344 -11.1619459754
1.01251641092 8.93061502538 -11.1792346665
1.05032249066 8.91586597964 -11.1917260061
1.07772970839 8.89999493243 -11.1980956301
1.09601768224 8.88039107328 -11.197671204
1.10762585106 8.85493925511 -11.1906553314
1.11461991456 8.82358105061 -11.1781181771
1.11781869158 8.7887067757 -11.1617356288
1.11687444645 8.7542258844 -11.1433499734
1.11102876324 8.72389769025 -11.1245068488
1.0999307558 8.69987679048 -11.1061367526
1.08397653584 8.6822423578 -11.0884917673
1.06402692235 8.66966843794 -11.071342808
1.04081079976 8.66072619353 -11.0543371457
1.01453248215 8.65497981031 -11.0373576017
0.985042845574 8.65322556477 -11.0207377008
0.952515372287 8.65679608234 -11.0052609946
0.91816829067 8.66644958877 -10.991969708
0.88446531566 8.68161914755 -10.9818823166
0.854503453258 8.70055501737 -10.9757412398
0.830805924807 8.72130571924 -10.9738785972
0.8141708517 8.74291570801 -10.9762240056
0.803297834823 8.76602829468 -10.982418336
0.795544586258 8.79240457974 -10.9919673033
0.788538300679 8.82352454907 -11.0043743919
0.781833785666 8.85903665485 -11.019220112
0.777692581293 8.8959970963 -11.0361825346
0.780452612269 8.92946067696 -11.0550079173
0.794675673266 8.95424780883 -11.0754402197
0.822918700148 8.96703188264 -11.0971163461

/group/RPA_008/84
84
posId 84
0.845193097993 8.85108214706 -11.2469478653
0.897744580152 8.8476015617 -11.279556901
0.944627599012 8.83913190671 -11.3060912001
0.97770933823 8.8236218514 -11.3202695239
0.99481312833 8.79933008736 -11.3198423719
0.99974943939 8.76640734919 -11.3073663718
0.998953633592 8.72768086536 -11.288385755
0.997144345443 8.68807945118 -11.26832716
0.994855164314 8.65293201035 -11.2500789285
0.989164569936 8.62603994234 -11.2335481685
0.976642878643 8.60854160723 -11.2170410961
0.95613288252 8.5990942215 -11.199162976
0.929417694508 8.59512989449 -11.1798523943
0.899641012537 8.59438980074 -11.1600824985
0.869076166426 8.59591858625 -11.1408802682
0.838178127011 8.60015336026 -11.122750764
0.806617405264 8.60831319018 -11.106060283
0.775240431978 8.62160578089 -11.0919365109
0.747065961457 8.64067710374 -11.0826558948
0.726198929367 8.66540185552 -11.0808354879
0.715315630828 8.69485342255 -11.0877787407
0.713715387112 8.72729383399 -11.1022002225
0.717709334173 8.76022381021 -11.1205030058
0.723399928552 8.79068717628 -11.1387362741
0.72996523722 8.81593324224 -11.1550527449
0.740921937351 8.83423572539 -11.1709226554
0.762101785153 8.84540011472 -11.1900561086

/group/RPA_008/87
87
posId 87
0.77005878345 8.81151064116 -11.3939670368
0.805957501369 8.79993259951 -11.4181512694
0.835878229245 8.7792253617 -11.433829004
0.855659014153 8.74886873085 -11.4374419206
0.864389793812 8.71192863485 -11.4295000269
0.864261434766 8.67376131609 -11.4139353049
0.85885087636 8.63932163543 -11.3956320003
0.850993870777 8.61096775797 -11.377826284
0.841542862449 8.58820130492 -11.3610019119
0.829602820179 8.56931322176 -11.3437466489
0.813820934844 8.55353642788 -11.3246616459
0.79369544895 8.54204424307 -11.3038186321
0.770042847373 8.5371290234 -11.2828029594
0.744509867327 8.54034821679 -11.2635700682
0.71872952265 8.55120860219 -11.2472336403
0.693870379692 8.5674832916 -11.233831484
0.670859558231 8.58691079818 -11.2231931885
0.650904449418 8.60887524841 -11.2160404077
0.635655465602 8.63462626637 -11.2142068396
0.62667886756 8.66572198845 -11.2195834737
0.62457043894 8.70181340785 -11.2325081358
0.628472099881 8.73951383364 -11.2509187059
0.6365545165 8.77339060348 -11.2711430363
0.647300290965 8.79856613564 -11.289984741
0.660712801721 8.81317266748 -11.3066899116
0.678468913037 8.81892204163 -11.3233007657
0.702687540776 8.81935758077 -11.3429570045

/group/RPA_008/90
90
posId 90
0.62144237445 8.67397043293 -11.4635563978
0.594042454375 8.68483651428 -11.4402562592
0.56166073065 8.6905959469 -11.4105004358
0.556678927 8.68548929817 -11.4040447511
0.554188025175 8.64398332444 -11.3886107817

/group/RPA_008/93
93
posId 93
0.543046341608 8.63702926631 -11.6487509246
0.51850288995 8.67797042811 -11.6322529925
0.492075442942 8.68874457396 -11.6061542761
0.469213373108 8.68138378641 -11.5794027662
0.451202103654 8.6717972383 -11.5573796287
0.436658490056 8.66062578528 -11.5387381812
0.425756806564 8.63751328949 -11.5210771138
0.42143975138 8.60042808558 -11.5070943562
0.425978971826 8.56207958679 -11.5024450255
0.437555780395 8.53478023391 -11.5082282153
0.451593988074 8.51556249241 -11.5187153544
0.465325170912 8.49265737759 -11.5279453569
0.47986878451 8.46419751507 -11.536670713
0.497451200977 8.4428560913 -11.5504881451
0.517605599611 8.44001293261 -11.5717363494
0.537019565324 8.45191483853 -11.5958671419
0.552460469262 8.46745541814 -11.6165794408
0.562388309482 8.486326486 -11.6321181985
0.565524833669 8.52072573614 -11.644142639

/group/RPA_008/96
96
posId 96
0.383033752801 8.69188205139 -11.7171589017
0.418825671263 8.67958087348 -11.7562804026
0.447645084579 8.66170092642 -11.7861150673
0.466187869276 8.64180258702 -11.8035578523
0.477069656315 8.61959148818 -11.8115939865
0.485478025764 8.59291766932 -11.8158169647
0.494219852379 8.56122432405 -11.8193799645
0.501249480198 8.52737424852 -11.8204981185
0.501604792465 8.49634213376 -11.8144305349
0.491959452343 8.47202057809 -11.7981156846
0.473859297553 8.45495634659 -11.7734683726
0.452917571325 8.44291204195 -11.7465596479
0.434711947316 8.43361761786 -11.7234123082
0.420876764765 8.42718719313 -11.7059538823
0.408606206368 8.42606968479 -11.6914276159
0.393795101266 8.43268363454 -11.675556911
0.3749691868 8.44699866888 -11.6566181891
0.354634584163 8.46637059094 -11.6369783289
0.337083773437 8.48785890744 -11.6210230915
0.324857670282 8.5109036153 -11.6115951952
0.317181848943 8.53774560257 -11.60826062
0.311802250904 8.57086782675 -11.608912415
0.308447807153 8.60942531928 -11.6130583539
0.310520176504 8.64776435587 -11.6234798679
0.32306379389 8.67762515492 -11.6443276004

/group/RPA_008/99
99
posId 99
0.327199053188 8.70690104209 -11.7891136133
0.357592415061 8.68857749536 -11.8232978667
0.383684957135 8.66479013583 -11.8512475649
0.402215607538 8.63901075001 -11.869556039
0.413147085959 8.61271910486 -11.8784341026
0.419095475085 8.58517295147 -11.8809689424
0.423073111256 8.55490832062 -11.8806096836
0.426125948671 8.52188954174 -11.8786359182
0.426528151927 8.48872775161 -11.8733789584
0.4210845185 8.46002320834 -11.8617088229
0.407587411918 8.44021123146 -11.8416809271
0.38666723823 8.43135081702 -11.8144273214
0.361739383473 8.43232923556 -11.7839535119
0.337130272331 8.43995314242 -11.7550240839
0.315744933756 8.45109400069 -11.7306675584
0.297896588994 8.46439058667 -11.7110328917
0.282002802734 8.48043406403 -11.6942773439
0.266474716941 8.50051683894 -11.6786718988
0.251315421751 8.52503883913 -11.6642897161
0.238275084441 8.55279938585 -11.6530740161
0.22958595156 8.58160871659 -11.6473890923
0.226394680949 8.60958099143 -11.6483174478
0.228185089733 8.63596035021 -11.6550934538
0.233628723161 8.66076673763 -11.6660875164
0.242103276464 8.68356733357 -11.6804595784
0.254533626437 8.70246262036 -11.6990171383
0.272714779756 8.71428437036 -11.7234172969

