/group/RPA_014/0
0
posId 0
2.03457881042 7.78095325375 -9.1542357278
2.04299041858 7.76452435235 -9.12319775087
2.05101260535 7.74897852998 -9.09064664655
2.05838136877 7.73487436336 -9.05652219268
2.06479720289 7.72283617119 -9.02098191511
2.06996105615 7.71347791824 -8.98440965052
2.0736108507 7.70732755505 -8.94738516218
2.07555267838 7.70476393575 -8.91062087622
2.07568177316 7.70597616726 -8.87487700298
2.07399013361 7.71095137057 -8.84086961778
2.07055993559 7.71949202138 -8.80918719543
2.0655442652 7.7312590705 -8.78022949853
2.05913882198 7.74583273754 -8.75417888562
2.05154974742 7.76277992853 -8.73100865341
2.04296337397 7.78171613593 -8.71052683651
2.03352335642 7.80235062869 -8.69244794993
2.02331938708 7.82450659118 -8.67648042757
2.01238970569 7.84811217755 -8.6624147466
2.00073721074 7.87316352556 -8.65019688773
1.98835654949 7.89966580258 -8.6399739377
1.97526750528 7.92756251192 -8.63210297135
1.96154865895 7.95666587206 -8.62712019066
1.94736491192 7.98660163374 -8.62567373532
1.93298311266 8.01678007172 -8.62842960178
1.9187716523 8.04640127479 -8.6359647554
1.90518226178 8.07449776758 -8.64866403861
1.89271500307 8.10001168609 -8.66663743501
1.88187018195 8.12189807764 -8.68967160592
1.87309319468 8.13924128622 -8.71722473696
1.86671978932 8.15136855654 -8.74846733248
1.86292962507 8.15794443137 -8.7823646349
1.86171525488 8.15903138172 -8.81778988368
1.86287181765 8.1551061894 -8.85365266228
1.86601004811 8.14702735383 -8.88902389415
1.87059206827 8.13595541631 -8.92323908694
1.87598626265 8.12323463859 -8.95596422733
1.88153481743 8.11024998959 -8.98721391823
1.88662562455 8.09827706997 -9.01731818289
1.89075949539 8.08834388523 -9.04684183934
1.8936041206 8.0811220519 -9.07646736769
1.8950278931 8.07686125211 -9.10685770537
1.89510935167 8.07537505827 -9.1385185797
1.89412123377 8.07607943012 -9.17168033295
1.89249149157 8.07807820295 -9.20621663817
1.89074665146 8.08028372425 -9.24161240009
1.88944515763 8.08155632153 -9.2769862181
1.88910952281 8.08084411505 -9.31116506091
1.89016605561 8.07730510876 -9.342801391
1.89289966873 8.07039640878 -9.37051696024
1.89742899087 8.05992037855 -9.39305375131
1.90370405078 8.04602380273 -9.40941160151
1.91152560816 8.02915277517 -9.41895404106
1.92058223702 8.00997208914 -9.42146850069
1.93049894509 7.9892625259 -9.41717360103
1.94088975941 7.96781197687 -9.40667375817
1.95140649616 7.94631647428 -9.39086871866
1.96177686396 7.92530498855 -9.37083179886
1.9718269561 7.90509766711 -9.34767466149
1.98148575884 7.88580171363 -9.32241785438
1.99077213862 7.86734319502 -9.29588489911
1.99976743567 7.84952761596 -9.26863371245
2.00857888729 7.83211793304 -9.24093321142
2.01730032712 7.81491639258 -9.21278601319

/group/RPA_014/3
3
posId 3
2.03083545289 7.78120037928 -9.15502067263
2.03862094155 7.76590864363 -9.12441354638
2.04620099466 7.75105631586 -9.09265876336
2.0534375252 7.73693005668 -9.05945839973
2.0601014397 7.72399890248 -9.02467479763
2.06590196324 7.71285324992 -8.98840136592
2.07052586352 7.7041244625 -8.95099092828
2.07367952436 7.6983995207 -8.91303800287
2.07512667349 7.69614529119 -8.87531916041
2.07471566449 7.69765463373 -8.83870252598
2.07239232712 7.70302216815 -8.80404243888
2.06819714397 7.71215189634 -8.77207747076
2.06224839324 7.72479302231 -8.74334909956
2.05471540862 7.74059527025 -8.7181545288
2.04578780805 7.75917164735 -8.69654109558
2.03564713962 7.7801555174 -8.67834245789
2.02444678243 7.8032402268 -8.66324952084
2.01230423395 7.82819310895 -8.65090307053
1.99930741546 7.85484085257 -8.64099134131
1.98553377829 7.88302903706 -8.6333348779
1.97107830485 7.91256407233 -8.62794321535
1.95608446136 7.94314984134 -8.62503273053
1.9407711557 7.97433326293 -8.62500171025
1.92544899814 8.00547235933 -8.62836611429
1.91052065411 8.03573724815 -8.6356664348
1.89646260296 8.06414924133 -8.6473612928
1.88378877669 8.08965674997 -8.66372606902
1.87299983035 8.11124002663 -8.68477446012
1.86452463728 8.1280310542 -8.71021741243
1.85866250929 8.13943111562 -8.73946794445
1.85553525591 8.14520746693 -8.77169287998
1.8550573597 8.14555238335 -8.80590469583
1.85693033262 8.141092479 -8.84107982992
1.86066403052 8.13284298333 -8.87628504553
1.8656238214 8.12210959429 -8.91079161973
1.87109861788 8.11034841404 -8.94415856859
1.87638150012 8.09900107649 -8.9762706572
1.88085249874 8.08932644106 -9.00732388339
1.88405243738 8.08225143888 -9.03775938745
1.88573768873 8.07826156305 -9.068155015
1.88590816301 8.07734634664 -9.09909071912
1.88480447802 8.07900769737 -9.13100850032
1.88287452516 8.08233024798 -9.16408889688
1.88071391562 8.08610422613 -9.19816390632
1.87898842845 8.08898403722 -9.23268093979
1.87834904508 8.0896608783 -9.26672478455
1.87935107812 8.08702598288 -9.29909575509
1.8823881539 8.08030277834 -9.32843361883
1.88764951134 8.0691310436 -9.35336983251
1.89510559097 8.0535933407 -9.37268622609
1.90452274181 8.0341824554 -9.38545721255
1.91550369957 8.01171703749 -9.39115505147
1.92754691315 7.9872198118 -9.38970326729
1.94011534284 7.96177758397 -9.38147114607
1.95270436778 7.93640410925 -9.36721108321
1.96489903641 7.91192552346 -9.34794904921
1.9764129385 7.8889037454 -9.32484526365
1.98710411771 7.86760678999 -9.29904627514
1.99696716338 7.84802734243 -9.27155042537
2.00610432492 7.82994344802 -9.24310604993
2.01468160471 7.81300893646 -9.2141561941

/group/RPA_014/6
6
posId 6
1.94888824176 7.91265482041 -9.06017181703
1.95111041232 7.90808934004 -9.02906041295
1.95483466686 7.90060840705 -9.00232812843
1.96029263116 7.88975660467 -8.97977963755
1.96757812685 7.87534644534 -8.96088633773
1.97664656107 7.85746004598 -8.94485767646
1.98732354438 7.83643284522 -8.93073238183
1.99932105092 7.81282260506 -8.91748034089
2.01225902588 7.78736773782 -8.90410515482
2.02569019216 7.76093930045 -8.88973769961
2.03912590243 7.73449082273 -8.87371228104
2.05206118546 7.7090095553 -8.85561903997
2.06399758977 7.68547185197 -8.83532890482
2.07446295931 7.66480437734 -8.81299031107
2.08302780976 7.6478518033 -8.78899980176
2.08931843903 7.63535076442 -8.76395118252
2.09302724334 7.62790919243 -8.73856987021
2.09392088504 7.62598981525 -8.71364025335
2.09184695722 7.62989661078 -8.68993417353
2.08673962618 7.63976332264 -8.66814803537
2.07862444219 7.65554370515 -8.64885465243
2.06762214742 7.67700386097 -8.63247391685
2.05395094113 7.70371774097 -8.61926398465
2.03792635585 7.73506746019 -8.60933217743
2.01995771443 7.77025042861 -8.60266249879
2.00054012243 7.80829531313 -8.59915481053
1.98024112863 7.84808848985 -8.59866951004
1.95968155593 7.888411918 -8.60107112527
1.93951053894 7.92799232291 -8.60626462919
1.92037545016 7.96556031711 -8.61421941552
1.90288808303 7.99991675469 -8.62497762496
1.88758910513 8.03000236437 -8.63864565247
1.87491331332 8.05496570463 -8.65536994216
1.86515854019 8.07422387681 -8.67530031349
1.85846111775 8.08751033236 -8.69854580289
1.85478056806 8.09490458138 -8.72512913816
1.85389565854 8.09683965508 -8.75494634708
1.85541316207 8.09408473556 -8.787737583
1.85878965989 8.08770232332 -8.82307406646
1.86336560565 8.07898149541 -8.86036422239
1.86840973605 8.06935101351 -8.8988798406
1.87317087958 8.06027805155 -8.93780065867
1.87693338771 8.05315991882 -8.97627344407
1.87907188457 8.04921717718 -9.01347970812
1.87910086856 8.04939686076 -9.04870485492
1.87671493477 8.05429404139 -9.08140102307
1.87181601611 8.06409875162 -9.11123620193
1.86452501938 8.07857336798 -9.13812338472
1.85517648019 8.09706312277 -9.16222545146
1.84429627081 8.11853966568 -9.18393395928
1.83256384012 8.14167478177 -9.20382279863
1.82076181223 8.16493874908 -9.2225804507
1.80971689448 8.18671563249 -9.24092705132
1.80023683748 8.20542626975 -9.25952435138
1.79304857441 8.21964895957 -9.27888774384
1.78874260178 8.22822798954 -9.29930966588
1.78772815378 8.23036113623 -9.32080284228
1.79020280971 8.22565904752 -9.34307007898
1.7961389418 8.21417181542 -9.36550480831
1.80528797109 8.19638085048 -9.38722357577
1.81720188355 8.1731571182 -9.40712844802
1.83127000473 8.14568962755 -9.42399424226
1.84676777108 8.11539051454 -9.43657284992
1.86291328088 8.08378492414 -9.44370503101
1.87892683932 8.05239500097 -9.44442909605
1.89408857575 8.02262756837 -9.43807597983
1.90778950869 7.99567449895 -9.42434135098
1.91957212875 7.97243343239 -9.40332748668
1.92915758707 7.95345452047 -9.37555047178
1.93645781401 7.93891647609 -9.34191157388
1.94157222972 7.92863260481 -9.30363507249
1.94477001869 7.92208494999 -9.26217803644
1.94646010512 7.91848241729 -9.219120226
1.94715188412 7.91683695654 -9.1760441765
1.94741036242 7.91605071129 -9.13441641094

/group/RPA_014/9
9
posId 9
1.92926361535 7.89465629629 -9.02004634241
1.92408873631 7.90547867634 -9.05260709081
1.9206993102 7.91305967974 -9.08850471895
1.91873411924 7.91806586497 -9.12738332333
1.91771403779 7.92137571938 -9.16860376978
1.91707805414 7.9240128283 -9.21126854997
1.91622652795 7.92706620373 -9.25426890118
1.91456847824 7.9316036811 -9.29635085037
1.91156926851 7.93858503776 -9.33619510412
1.9067949248 7.94878168935 -9.372504398
1.89994950607 7.96270944886 -9.40409116663
1.8909024365 7.98057990896 -9.42995827517
1.87970346828 8.00227459967 -9.44936608
1.86658391104 8.0273442943 -9.4618802178
1.8519438585 8.05503383574 -9.46739615783
1.8363262728 8.08433079994 -9.46613854546
1.82037985479 8.11403438062 -9.45863553501
1.80481354324 8.14283923423 -9.44567045975
1.79034616745 8.169427808 -9.42821512169
1.77765516953 8.19256399181 -9.40735052806
1.76732837845 8.21118084351 -9.38418191703
1.75982255606 8.22445564423 -9.35975531304
1.75543186701 8.23186659838 -9.33498260023
1.75426860175 8.23322700947 -9.31058123064
1.75625747648 8.2286946041 -9.28703327678
1.76114373318 8.2187556829 -9.2645667317
1.76851416237 8.20418577609 -9.24315992426
1.7778291637 8.18599030369 -9.22256784277
1.78846312991 8.16533023438 -9.20236723849
1.7997498535 8.14343878361 -9.18201578621
1.81102935877 8.12153571168 -9.1609194541
1.82169257035 8.100745747 -9.13850167497
1.83122053522 8.08202708717 -9.11426795698
1.83921548133 8.06611488814 -9.08786020626
1.84542176536 8.05348324531 -9.05909618485
1.84973566027 8.04432753538 -9.02799107418
1.85220387691 8.03856727574 -8.99475990063
1.85301161821 8.03586802162 -8.95980142948
1.85246175178 8.03567940088 -8.92366586766
1.85094729282 8.03728529729 -8.88701016965
1.84891976859 8.03986151481 -8.85054578005
1.84685616733 8.0425360273 -8.81498418064
1.84522705925 8.04444713286 -8.78098559794
1.84446814183 8.04479544495 -8.74911568577
1.84495695034 8.04288657846 -8.71981399143
1.84699584782 8.03816252019 -8.6933766576
1.85080173527 8.030220886 -8.66995424817
1.85650227179 8.01882243524 -8.64956398047
1.86413783019 8.00388822306 -8.63211416173
1.8736679877 7.98548853003 -8.61743741663
1.8849810991 7.96382615539 -8.6053284733
1.89790543501 7.93921676916 -8.59558192771
1.91222048601 7.91206880213 -8.58802555897
1.92766730744 7.88286485958 -8.58254539758
1.94395716758 7.85214594977 -8.57909978405
1.96077821093 7.82049902078 -8.57772098114
1.97780029843 7.78854750257 -8.57850437703
1.99467858051 7.75694386074 -8.58158677951
2.01105664702 7.72636267095 -8.58711659574
2.02657024274 7.69749248428 -8.59521967886
2.04085251931 7.67102480692 -8.60596519356
2.05354161351 7.64763886033 -8.61933594342
2.06429101737 7.62798138399 -8.63520719887
2.07278277451 7.61264152359 -8.65333720242
2.07874304999 7.60212172069 -8.6733712938
2.08195913696 7.59680637909 -8.69486011647
2.08229654343 7.59693081938 -8.71729079114
2.0797145015 7.60255354651 -8.74012843665
2.07427810638 7.61353506706 -8.76286414352
2.06616534969 7.6295263541 -8.78506459987
2.05566757122 7.64996955505 -8.80641813681
2.0431823018 7.67411269919 -8.82677205814
2.02919807353 7.70103904858 -8.84615675195
2.01427147972 7.72971044753 -8.86479320009
1.99899751084 7.75902267907 -8.88308200536
1.98397490077 7.78786956594 -8.90157380737
1.96976881771 7.81521148839 -8.92092278646
1.95687365967 7.84014324939 -8.9418266849
1.94567891563 7.86195589042 -8.96495823095

/group/RPA_014/12
12
posId 12
1.87125843365 7.93554597161 -9.09524483326
1.87658267004 7.92947215685 -9.14995790829
1.88039751419 7.9261774391 -9.20589765489
1.88232977555 7.9259681614 -9.25733895004
1.88213418423 7.92905738082 -9.30070466971
1.87969607278 7.935589089 -9.3350251385
1.87500084817 7.94566935298 -9.36156607574
1.8680917828 7.95937911053 -9.38283509146
1.85903952112 7.97675190904 -9.40136515788
1.84793904063 7.99771592265 -9.41871051715
1.83493607023 8.02201668601 -9.43497202519
1.82027083262 8.04914829791 -9.44894750604
1.8043181134 8.07832176102 -9.45876594938
1.78760253242 8.10848903374 -9.46270104179
1.77077646164 8.13842391398 -9.45982596745
1.75456182071 8.16684252523 -9.45027159072
1.73967048537 8.19253375054 -9.43503608326
1.72672592338 8.21446800803 -9.41548643959
1.71620785169 8.23186182737 -9.39281259629
1.70843257937 8.24419212572 -9.36769642189
1.70356795784 8.25117148439 -9.34034394522
1.70166903624 8.25270741647 -9.31085085293
1.7027137867 8.24887023194 -9.27970608081
1.70662036979 8.23988530156 -9.2481585876
1.71323755126 8.22615009195 -9.21821549344
1.72231397256 8.2082607503 -9.19219218207
1.7334642175 8.18702385386 -9.17193674739
1.74615476378 8.16343033573 -9.1580190984
1.75972837435 8.13858054639 -9.14923571932
1.77347244791 8.11356768107 -9.14270095427
1.78671991828 8.08934449983 -9.13459612261
1.79895683461 8.06660842961 -9.12139897117
1.80990449982 8.04573841954 -9.10121153415
1.8195488846 8.02680330486 -9.07472605488
1.8281048376 8.00964033635 -9.04545407824
1.8359225399 7.99398122192 -9.01907112562
1.84336186139 7.97958897007 -9.00202281837
1.85067040186 7.96636692241 -8.9997951145
1.85789947643 7.95441214395 -9.01537885539

/group/RPA_014/15
15
posId 15
1.82248637516 7.94408321923 -9.13120651858
1.83736708296 7.92187123826 -9.16261712567
1.84644022375 7.91024338409 -9.20191272034
1.84972494106 7.9087826594 -9.24504866337
1.84840838931 7.91507784958 -9.28780850676
1.844234238 7.92585554193 -9.32681917054
1.83872952198 7.93834709535 -9.36015816615
1.83260536504 7.95130748557 -9.38739613855
1.82557807034 7.9652758694 -9.40915097959
1.81666224311 7.9820146306 -9.42640855998
1.80477707733 8.00342528303 -9.4399187805
1.78937585338 8.0304537035 -9.44989277284
1.77081369481 8.06247258761 -9.45605765311
1.75030264147 8.09738584682 -9.45795435237
1.72949993709 8.13235746956 -9.45527076988
1.70994175058 8.1647877001 -9.44802325899
1.69259385189 8.19306977811 -9.4365131409
1.67771883996 8.2167956815 -9.42112593236
1.66509482267 8.2363669841 -9.40213325858
1.65444478471 8.25226397258 -9.37965286569
1.64583482697 8.26438798017 -9.35382428123
1.63982138494 8.27184163814 -9.32511956694
1.63726062422 8.27327661189 -9.29460593946
1.63887139065 8.26763595069 -9.26396954267
1.64477792985 8.25489938169 -9.23520989019
1.6542820121 8.23641589422 -9.21007937377
1.66601157569 8.2145958173 -9.18949206418
1.6784113082 8.19204763204 -9.17318244119
1.69036624984 8.17053282729 -9.15981950548
1.70166793968 8.15023276137 -9.14759806948
1.7130871642 8.12970867716 -9.13511383465
1.7259876224 8.10663350769 -9.12217946522
1.74162487484 8.07901742461 -9.11022850604
1.7604278808 8.04640368486 -9.1020968308
1.78158331608 8.01049559523 -9.10121344815

/group/RPA_014/18
18
posId 18
1.78415712514 7.92173787277 -9.13398153726
1.79874370683 7.90227365587 -9.16246430148
1.80673488 7.89404423141 -9.19680297558
1.80817494065 7.89661327974 -9.23418056837
1.80450274423 7.90733531746 -9.27182244749
1.79797591741 7.92234394764 -9.30756481465
1.79079996328 7.93796782368 -9.34010807243
1.78430334593 7.95202844698 -9.36892267935
1.7784826701 7.9645190164 -9.39391478236
1.77209400838 7.97740934565 -9.41504098531
1.76324750592 7.9936688136 -9.43205609421
1.75026193969 8.01590666263 -9.4444931327
1.73243540922 8.04517276648 -9.45185333708
1.71042780784 8.08038600244 -9.45388145339
1.6861124188 8.11859569888 -9.45076410171
1.6619701347 8.15594388678 -9.44313151399
1.64028110124 8.18892132622 -9.43184428265
1.62244139668 8.21540921449 -9.41765886225
1.60866907195 8.23510804862 -9.4009353183
1.59819380964 8.24922428664 -9.38154383843
1.58982084745 8.25959794147 -9.35904290325
1.58260854456 8.26767821977 -9.33307697153
1.57636236561 8.27379802749 -9.30383053783
1.57173892972 8.27704796323 -9.27233010484
1.56993065883 8.27577537849 -9.24043077229
1.57208696385 8.26845545787 -9.21044584361
1.5787416845 8.25452009185 -9.18452799513
1.58951012815 8.23475547268 -9.16402632987
1.60319623678 8.21107830959 -9.14907383923
1.61826526866 8.18578511552 -9.1385869526
1.6334710729 8.16061349725 -9.13070774202
1.64835278587 8.13605002963 -9.12354798448
1.66336725878 8.11122150842 -9.11597087763
1.67958007015 8.08445455177 -9.10812142268
1.69803304584 8.05428990832 -9.10150248689
1.71905556304 8.02052207598 -9.09855851299
1.74182460332 7.98479843445 -9.10190936138

/group/RPA_014/21
21
posId 21
1.7428965866 7.89701552911 -9.1348229744
1.75740954529 7.88044667535 -9.16364595772
1.76377152487 7.87624699218 -9.19436516327
1.76326059793 7.88244620447 -9.22650150472
1.75835702195 7.89534004401 -9.25982945411
1.75180398457 7.91081147755 -9.29398105102
1.74564076527 7.92569987116 -9.32809220768
1.74055607103 7.93873503654 -9.36067410068
1.73578390251 7.95072299408 -9.38980114245
1.7295587583 7.96395145654 -9.41357330932
1.71993908414 7.9810695595 -9.43068796471
1.70567551621 8.00388162935 -9.44089508176
1.68679223904 8.03251157918 -9.44513714459
1.6646668365 8.06523994596 -9.44528389214
1.64159007254 8.09905136785 -9.44352306504
1.61998637863 8.13065869678 -9.44160432238
1.60160237743 8.15759438815 -9.44020140643
1.5869771293 8.17894554158 -9.43862887455
1.57539307911 8.19545853041 -9.43503172912
1.56531653421 8.20899211679 -9.42700042614
1.55514519694 8.22155472784 -9.41241030365
1.54396198002 8.23432215105 -9.39020024423
1.53199453343 8.24703448772 -9.36082236465
1.5205979598 8.25801588607 -9.32620768823
1.51176768673 8.26480909854 -9.28926163972
1.50737626613 8.26516850115 -9.25306674338
1.50843883787 8.25800798023 -9.22006900518
1.5147033296 8.24391279358 -9.19152383088
1.52473578084 8.22499353218 -9.16737843058
1.53647668391 8.20412072544 -9.14660789007
1.54805629743 8.18382907088 -9.12786062676
1.55854903317 8.16532200654 -9.11016457271
1.56836247421 8.14798268783 -9.09343474164
1.57909132846 8.12961252308 -9.07860701967
1.59287050148 8.10734163538 -9.06736804237
1.61145704953 8.07889195351 -9.06160106114
1.63538278871 8.0437248145 -9.06276657172
1.66350354248 8.0036303977 -9.07144882718
1.69313135881 7.96250990009 -9.08722364052

/group/RPA_014/24
24
posId 24
1.67803920849 7.90160892645 -9.1163753927
1.69601837863 7.8844543422 -9.15277124274
1.70620197282 7.87934794047 -9.19356606742
1.70903378528 7.88495300433 -9.23566059488
1.70627582115 7.89812042371 -9.27619624373
1.70027512357 7.91504181034 -9.31305632531
1.69307200754 7.93254779087 -9.34501931763
1.68569718203 7.94906660573 -9.37159647337
1.67792197129 7.96490581698 -9.39271609123
1.66853568601 7.98179721048 -9.40845136625
1.65600936508 8.00193369387 -9.41892039317
1.63925685219 8.02690784471 -9.42435922486
1.61818260618 8.05696587107 -9.42525314451
1.59381414314 8.09082762838 -9.42237008417
1.56800243178 8.12607340011 -9.41659586548
1.54285173514 8.15987400998 -9.4085946337
1.52013475361 8.18973583526 -9.39844337291
1.50092446777 8.21398000006 -9.38544657837
1.48555121024 8.23183777413 -9.36828765189
1.4738360064 8.24323489741 -9.34553174245
1.46543469559 8.24846343346 -9.31632320319
1.46010322559 8.24794678634 -9.2810020575
1.45776684097 8.24220038561 -9.24136093346
1.45840133907 8.23194138566 -9.2003889334
1.46184529413 8.21819082376 -9.16155443765
1.46770001231 8.20220336751 -9.12787722661
1.47541950891 8.18516027936 -9.10114243788
1.48457483517 8.16771831437 -9.08156501999
1.49515845027 8.14963504733 -9.06803705255
1.50774045049 8.12971348782 -9.05885406466
1.52333411405 8.106199429 -9.05262060219
1.54295871811 8.07756377405 -9.04896377722
1.56704386022 8.0433997449 -9.04876688137
1.59492517343 8.00506128978 -9.05383687423
1.62467920955 7.96572522949 -9.06615255074

/group/RPA_014/27
27
posId 27
1.63819710905 7.88417009286 -9.14832495296
1.65023662008 7.87846067585 -9.18429184522
1.65677040334 7.88089732766 -9.2215751098
1.65773312759 7.89086707482 -9.25791289185
1.65368397929 7.90680162149 -9.29079353675
1.64558759044 7.92667359085 -9.31806033259
1.63451213592 7.9485942914 -9.33846857075
1.62134921773 7.97130447703 -9.35199742942
1.60664705311 7.99439228395 -9.3597971971
1.59060303708 8.01817493077 -9.36377606768
1.57320141001 8.04330456258 -9.36595594407
1.55442917017 8.07025786042 -9.36780803805
1.53447782334 8.09890736933 -9.36978686897
1.51384881064 8.12833668869 -9.37121255452
1.49332159164 8.15696635465 -9.37053088827
1.47379888936 8.18293914069 -9.36585206228
1.45609189671 8.20461732829 -9.35557800683
1.44073086156 8.22100601062 -9.33890678493
1.42787517004 8.23194906836 -9.31605608247
1.41735682137 8.23803431255 -9.28815482139
1.40883816547 8.24025606828 -9.2568715642
1.40201987822 8.2395740034 -9.22393647125
1.39681593795 8.23654192205 -9.19073899722
1.39342622971 8.23114707345 -9.15813957355
1.39227873055 8.22291327788 -9.12653986976
1.39386563205 8.21121467988 -9.09615075828
1.39854048184 8.19566321617 -9.06732107704
1.40635946802 8.17640476491 -9.04077237389
1.41703274654 8.15419731915 -9.01763031121
1.43000770438 8.13023413698 -8.99923255433
1.44465238248 8.10578017448 -8.98678907346
1.46046512343 8.08176929965 -8.98103483466
1.47722286348 8.05853084524 -8.98202091115
1.49500150211 8.0357675311 -8.98913548169
1.51405018766 8.01280965345 -9.00135272442
1.53455906575 7.98905981553 -9.01761281262
1.55640493825 7.96446144998 -9.03717865668
1.57897366921 7.9398054083 -9.05981902509
1.6011356049 7.91674108564 -9.0857334081

/group/RPA_014/30
30
posId 30
1.57906579224 7.893919737 -9.16125234767
1.58592991314 7.90047067878 -9.20009967108
1.58724564358 7.91304061549 -9.23432609662
1.58311572052 7.93052643441 -9.26166998676
1.57425167301 7.9516020527 -9.28141216461
1.56178278936 7.97501377855 -9.29442540168
1.54697306097 7.99979562358 -9.30272150749
1.53093790683 8.02534312002 -9.30866276264
1.51444736445 8.05133936856 -9.31411762344
1.49786755908 8.07758155059 -9.3198510516
1.48124126499 8.10378963694 -9.32534569108
1.46446035267 8.12947965386 -9.32908830893
1.44745522316 8.15395258638 -9.32918770758
1.43032812919 8.17639998292 -9.32407804711
1.41338633694 8.19607868351 -9.31304518335
1.39707491511 8.2124790012 -9.29639618975
1.38184986822 8.22541395488 -9.27523915174
1.36805440194 8.23499010832 -9.25099338063
1.35585622708 8.24146980745 -9.22485013859
1.34527475122 8.24508029908 -9.19741330042
1.33628614361 8.24584891198 -9.16866651439
1.328958564 8.2435353797 -9.13827286447
1.32355411669 8.23769521866 -9.10607158011
1.32054507057 8.22785613749 -9.07255074292
1.32052554692 8.21374309353 -9.03907967254
1.32404295447 8.19546532893 -9.00777841888
1.33140862974 8.17358989863 -8.98104787464
1.34255987791 8.14906732639 -8.96092467358
1.35702995846 8.12303083156 -8.9485039081
1.37404368471 8.09653978186 -8.94365698763
1.39270869602 8.07036147175 -8.94516554887
1.41223446297 8.04487334579 -8.95123475898
1.43209785064 8.02012410038 -8.96020094233
1.45209159384 7.99603258773 -8.97116721552
1.47223465708 7.97265029584 -8.98431993677
1.49257572015 7.95038654062 -9.00079346802
1.51296342423 7.93010587173 -9.02211944302
1.5328732552 7.91305133132 -9.04945643683
1.55136421184 7.90060925685 -9.08288591789

/group/RPA_014/33
33
posId 33
1.81009049593 7.51511168413 -9.25116886237
1.79514191067 7.54922650617 -9.2714017046
1.7846640294 7.57838969297 -9.29481482588
1.77913087199 7.6010334427 -9.31991223475
1.77846909779 7.6166517464 -9.34560941261
1.782102188 7.62582413419 -9.37139251457
1.78910670171 7.62996175664 -9.39728738623
1.798438405 7.63085046453 -9.42365746298
1.80916778698 7.63012315131 -9.45090227044
1.82066347684 7.62881173184 -9.47915742053
1.83267841351 7.62710262759 -9.5080938395
1.8453222255 7.6243570034 -9.53687991679
1.85893553966 7.61937765514 -9.56431654241
1.8739083521 7.61083262502 -9.58909895901
1.89049764873 7.5977028849 -9.6101189299
1.90869586425 7.57962004037 -9.62670871791
1.92818333685 7.55699927063 -9.63874839319
1.94837088949 7.5309393969 -9.64660335652
1.96851165392 7.50293462948 -9.65091487718
1.98784249673 7.47449838921 -9.65231475612
2.00571023661 7.44682166932 -9.65116027799
2.02164709667 7.42057079432 -9.64737926332
2.03537974418 7.39587897785 -9.64047925917
2.04677980327 7.37251994423 -9.62972120095
2.05578295487 7.35019189819 -9.61440355424
2.06231243692 7.32880572983 -9.59416559958
2.0662383967 7.30867330296 -9.56921037784
2.06738905568 7.29052873036 -9.54037177249
2.06560869568 7.27537490604 -9.508998871
2.06083853764 7.26420918892 -9.47668873701
2.0531864114 7.25772528386 -9.4449475398
2.04295345507 7.25609843619 -9.414883912
2.03060039404 7.25893436734 -9.38702953486
2.0166575352 7.26540744683 -9.36134276537
2.0016041365 7.2745484209 -9.33739376498
1.98575671945 7.28558827044 -9.31467207639
1.96920693737 7.29824073889 -9.29291812462
1.95183667729 7.31282062298 -9.27237131595
1.93341467253 7.33014446804 -9.25385230196
1.91375217409 7.35122974967 -9.23864799374
1.89287373035 7.37687601202 -9.22822922385
1.87115010532 7.40725492242 -9.22388343113
1.84934739754 7.44164105425 -9.22637196513

/group/RPA_014/36
36
posId 36
1.77378377275 7.52885048875 -9.32724865145
1.76684223501 7.55733512613 -9.34962812544
1.76331615976 7.5826774313 -9.37522422464
1.76348979025 7.60385825143 -9.4033132246
1.76738172165 7.6201118949 -9.43293306918
1.77477779444 7.63100282018 -9.46305430224
1.78530499502 7.63643841619 -9.49275536024
1.79852080515 7.63662113044 -9.52135164613
1.81399033651 7.63195826404 -9.54844299835
1.83132987753 7.62295689884 -9.57386963477
1.85020797836 7.61013237611 -9.59759471928
1.87030991019 7.59395165539 -9.61955398366
1.89128366671 7.57482021087 -9.63952271575
1.9126918288 7.55310687142 -9.65704498028
1.93399171782 7.52918951002 -9.67145082114
1.95455692825 7.50349910394 -9.68196011962
1.97373946368 7.47654184574 -9.68784485333
1.99095762347 7.44888777447 -9.688602798
2.00578493673 7.42112688224 -9.68409091607
2.01801301974 7.39380578457 -9.67457735903
2.02766722977 7.36736590676 -9.66069416895
2.03496684416 7.3421051432 -9.6433016633
2.04023753094 7.31817862897 -9.62330163272
2.04379836555 7.29564244443 -9.60145210278
2.045854195 7.27453032411 -9.57823675795
2.04642401402 7.25494201941 -9.55382688622
2.04532694978 7.23711652722 -9.52814713093
2.04223182056 7.22146588246 -9.50102604841
2.03675837926 7.20855521402 -9.4723872485
2.02860335915 7.19902960153 -9.4424241385
2.01765667012 7.19350373028 -9.41170485238
2.00407492157 7.19244189604 -9.38117298759
1.98829053869 7.19606004099 -9.35203897378
1.97095211614 7.20427675489 -9.3255879715
1.95281051504 7.21672763536 -9.30295426159
1.93458028284 7.2328404262 -9.28492221669
1.91681301112 7.25195164968 -9.27180718554
1.89981622814 7.27343374534 -9.26344782973
1.88363915116 7.2967984176 -9.25931078926
1.86812849105 7.32174805204 -9.25867770401
1.85303853874 7.34816110713 -9.26086231076
1.83816521527 7.37601551244 -9.26539783623
1.82346761423 7.40527131998 -9.27214423305
1.80914441389 7.43574539935 -9.28128816787
1.79564517891 7.46701363816 -9.29323929477

/group/RPA_014/39
39
posId 39
1.75335730796 7.48385212394 -9.354056618
1.74702053444 7.51639415172 -9.37429903579
1.74381625351 7.54584556209 -9.39712293796
1.7442330573 7.57099247853 -9.42222213353
1.74839413753 7.59101250623 -9.44901929912
1.75607798185 7.6055426304 -9.47676857988
1.76682542456 7.61464089478 -9.50470899506
1.78009208405 7.61866374811 -9.5322169367
1.79539331558 7.61810256317 -9.55890580162
1.81239376944 7.61343055967 -9.58463711196
1.83091366637 7.60500354574 -9.60943554178
1.85085260167 7.5930375218 -9.63333161411
1.87206005933 7.57765990688 -9.65618086599
1.89420094418 7.55900719942 -9.67751912322
1.9166682086 7.53732762376 -9.69650642118
1.93858160871 7.51304699535 -9.71198858845
1.95888546665 7.48676955775 -9.72267205028
1.97652681919 7.45920850503 -9.72737359315
1.99066807456 7.43106596183 -9.72528258989
2.00087379612 7.40290130968 -9.71616588915
2.007214374 7.37503364217 -9.70045784314
2.01024986414 7.34751622849 -9.67920681053
2.01088971729 7.32020013708 -9.65388713442
2.01015936159 7.29287661257 -9.62612162368
2.00893244828 7.26546169323 -9.59738383712
2.00769972146 7.23817001209 -9.56875507289
2.00643797885 7.21162324328 -9.54079619225
2.00461706587 7.1868534067 -9.51356326832
2.0013460993 7.16518861664 -9.4867571639
1.99562227056 7.14804139451 -9.45996129921
1.98661721418 7.13664815251 -9.43289898036
1.97392507581 7.13182456994 -9.40563795604
1.95770625149 7.13380032632 -9.37868616017
1.93868868657 7.14217785127 -9.35295406848
1.91802693329 7.1560282005 -9.3295967216
1.89705727519 7.17410135551 -9.30978160363
1.87701461117 7.19509798804 -9.29444799731
1.85878597139 7.21793341841 -9.28412397394
1.84276416689 7.24192671486 -9.27884908778
1.82883657021 7.26686809763 -9.27821969631
1.81650655615 7.29295051317 -9.28153881729
1.80510926125 7.32058746767 -9.28802368071
1.79405899349 7.35016906094 -9.29700975076
1.78305935276 7.38182357822 -9.30809376558
1.77222019648 7.4152489896 -9.32117869723

/group/RPA_014/42
42
posId 42
1.73309287304 7.42954090324 -9.38643507034
1.73084623376 7.46251651024 -9.40689075693
1.73104745478 7.49378113027 -9.42985000814
1.73355827861 7.52210405756 -9.45420974537
1.73826600248 7.54647950285 -9.47906892201
1.74512286258 7.56625527346 -9.50388197856
1.75415916871 7.58116972598 -9.52850570038
1.76546381149 7.59129536506 -9.55312854668
1.77913399157 7.59691294734 -9.57810256489
1.79520438271 7.59835785969 -9.60372376843
1.81357226904 7.59588613494 -9.63002058583
1.83393775166 7.58959947587 -9.65660810566
1.8557760582 7.57944959001 -9.6826488737
1.87835261192 7.56531755461 -9.70693343692
1.90078222359 7.54714088895 -9.72806292316
1.92212372861 7.52504609605 -9.74468978517
1.9414930087 7.4994419407 -9.75575821087
1.95817265507 7.47103945636 -9.76068631203
1.97169671363 7.44078569512 -9.75944771528
1.98189399701 7.40972369327 -9.75253633705
1.98888217306 7.37881382852 -9.74082791528
1.99301518864 7.34876515484 -9.72537741182
1.99479613934 7.31992534841 -9.70720604009
1.9947742635 7.2922641505 -9.68713175574
1.99344690646 7.26546102981 -9.66568285568
1.99118475135 7.23907954087 -9.64310996777
1.98819217655 7.21278614009 -9.61948396529
1.98450601288 7.18655688046 -9.59484381894
1.98002740776 7.16081564942 -9.56934547734
1.97457500624 7.13646283357 -9.54336395776
1.96794463887 7.11477988834 -9.51751547862
1.9599616024 7.09722656098 -9.49259049153
1.9505158389 7.08517539528 -9.46941512185
1.9395764404 7.07964531488 -9.44868032711
1.92718810695 7.08109790621 -9.43078888551
1.91345674547 7.08934580083 -9.41576699627
1.89853317209 7.10359574237 -9.40327056006
1.88260258776 7.12261625122 -9.39269056044
1.8658837652 7.14498955096 -9.38333434381
1.84863703536 7.16938727247 -9.37463758268
1.83117581151 7.19480448837 -9.36635145843
1.81387396689 7.22069802271 -9.35865414981
1.79716170924 7.24699969812 -9.35215412203
1.78150564455 7.27400679675 -9.34778027877
1.7673736166 7.30218239159 -9.34658353368
1.75519017304 7.33191963705 -9.34949793658
1.74529249446 7.36333130211 -9.35712079602

/group/RPA_014/45
45
posId 45
1.73395801428 7.37673787042 -9.46307864361
1.72895352928 7.41365180477 -9.47746939922
1.7279877559 7.44811802642 -9.49603856179
1.73094259168 7.47890110391 -9.51790906432
1.73736851703 7.50511986416 -9.54194955672
1.74662712158 7.52630284513 -9.56700377912
1.75807396079 7.54235404437 -9.59212396799
1.7712215506 7.55344556833 -9.61673454135
1.78582836563 7.55987407823 -9.6406724168
1.80188425292 7.56192604678 -9.66408899213
1.81949764591 7.55979057131 -9.68724362293
1.8387236313 7.55354038319 -9.71025459067
1.85939286247 7.54317811331 -9.73288893277
1.88100231724 7.52872378962 -9.75446171791
1.90270944644 7.51030781013 -9.7738816417
1.92343773803 7.48823471347 -9.78983402528
1.94206526949 7.46299593955 -9.80104926034
1.95764056827 7.43522941717 -9.8065783549
1.96956106501 7.40564305794 -9.80599583765
1.97766148083 7.3749312968 -9.79947393843
1.98218843596 7.3437146755 -9.78771253626
1.98367360202 7.312522203 -9.77175333447
1.98274881641 7.281818922 -9.7527397842
1.97996257344 7.25206330483 -9.73169614267
1.97565332714 7.22376741341 -9.70938679064
1.96991305665 7.19753149765 -9.68628576695
1.96264258503 7.17403432965 -9.66264778176
1.9536694164 7.15397751953 -9.63863921612
1.94287984375 7.13800005254 -9.6144716821
1.93031591249 7.12659159036 -9.59048620717
1.91620424209 7.12003495382 -9.56715992184
1.9009112692 7.11839865868 -9.54503977673
1.88484792318 7.12158258899 -9.52463693304
1.86836570206 7.12940014967 -9.50633031453
1.85168876932 7.14166572943 -9.49032310216
1.83491220256 7.15825256222 -9.47667372774
1.81807029783 7.1790949578 -9.4653917383
1.80125056581 7.20412779522 -9.45656069221
1.78470925746 7.23317890215 -9.45043596147
1.7689404665 7.26584867471 -9.44747088595
1.75466490769 7.30141933207 -9.44824882436

/group/RPA_014/48
48
posId 48
1.73662183337 7.35270695358 -9.55939859961
1.73174696681 7.39107488607 -9.57152131552
1.73271116973 7.42558680631 -9.58936168829
1.73905070654 7.45471884196 -9.61158587537
1.74959404018 7.47772870429 -9.63631797145
1.76292604857 7.49466259883 -9.66174525994
1.77787343148 7.50614813578 -9.68664806975
1.79381830873 7.51304672499 -9.71063930823
1.8107257243 7.51608553083 -9.73402320266
1.82889420485 7.51559242362 -9.75734444936
1.84855453896 7.51141674544 -9.7808298796
1.869502306 7.50304999665 -9.80396999045
1.8909301776 7.48988991115 -9.82542844022
1.91153633754 7.47154493158 -9.84332899534
1.92986466433 7.44806976343 -9.85580986311
1.9447323634 7.42005641255 -9.86162194619
1.95556389272 7.38856349494 -9.86052784847
1.96249137975 7.35492567726 -9.85334047798
1.96618286801 7.32052223617 -9.84158908634
1.96747680377 7.28658660238 -9.82695376994
1.96698371449 7.2541097329 -9.81070253373
1.96482856021 7.22384437437 -9.79335925882
1.96064442428 7.19637557006 -9.77472941477
1.95381715006 7.17220247767 -9.75425659986
1.94386919167 7.15178432936 -9.73154235712
1.93080765782 7.13553275607 -9.70679377814
1.91527424338 7.12376773653 -9.68099673714
1.89841891846 7.11667721356 -9.65573269637
1.88153951449 7.11431945337 -9.63271250701
1.86563435977 7.11668275738 -9.61322503479
1.85105930423 7.12378112242 -9.5977384234
1.83744353675 7.13573511892 -9.58582981709
1.8239144471 7.15278071994 -9.5764811737
1.80955306156 7.1751713379 -9.56862271677
1.79390199125 7.20298283997 -9.5616978397
1.7773196539 7.23587977273 -9.55601003245
1.76103075102 7.27293180894 -9.55270009764

/group/RPA_014/51
51
posId 51
1.70525655424 7.33156530651 -9.61224491806
1.70881634051 7.3789331476 -9.63618688834
1.71638861549 7.41808288462 -9.66173324381
1.72752540851 7.44596827328 -9.68707185913
1.74174262481 7.46218495393 -9.71143410077
1.75852800745 7.46883588507 -9.73504928935
1.77731429224 7.46954173453 -9.75870360962
1.79744988104 7.467979519 -9.78310157955
1.8181998355 7.46650791107 -9.80830093293
1.83879387398 7.46539214735 -9.83345298432
1.85851303869 7.46289572937 -9.85694819177
1.87678452449 7.45616112723 -9.87689692741
1.89324538173 7.44249725123 -9.89173912053
1.90774508186 7.42054856755 -9.9007291068
1.92028087772 7.39089243271 -9.90410133203
1.93088840341 7.35586193685 -9.90286131115
1.93953055004 7.31871337152 -9.89830443772
1.94603084925 7.28251612217 -9.89147578868
1.95008116738 7.2492339362 -9.88280118922
1.95132364367 7.21935842711 -9.87203812407
1.94947567475 7.19220099955 -9.85855144311
1.9444474873 7.16666116414 -9.84177611459
1.93640297343 7.14209180768 -9.82164936148
1.92573618661 7.11885790088 -9.79881161005
1.91296979276 7.09834040237 -9.77448180712
1.89861414375 7.08239978287 -9.75006113706
1.88304310549 7.0725656183 -9.72664472004
1.86643780659 7.06934757468 -9.7046677911
1.84882360834 7.07201085033 -9.68385916334
1.83018889846 7.07894770031 -9.66354202802
1.81064134799 7.08849874334 -9.64316664944
1.79054120958 7.09985690796 -9.62284855348
1.77055849725 7.11362392707 -9.60366890664
1.75162856948 7.13171795216 -9.58758121542
1.73481773895 7.15660178039 -9.5769262332
1.72114248247 7.19010154725 -9.57372043989
1.71140039944 7.23228641897 -9.57898426365

/group/RPA_014/54
54
posId 54
1.6747852839 7.25084158334 -9.64451128829
1.67785634713 7.28898935011 -9.66200505487
1.68612274104 7.31978945936 -9.68317335892
1.69811887576 7.34244591301 -9.70594519176
1.71210064304 7.35868318806 -9.72881936587
1.72655283143 7.37163632743 -9.75108194684
1.74058610509 7.38425289748 -9.77271324356
1.75407170517 7.39791806134 -9.79405599444
1.76747372838 7.41188111521 -9.81540442648
1.78146638119 7.42367651324 -9.836690175
1.7965102585 7.43027786294 -9.85738262441
1.81256967304 7.42940960522 -9.87661780114
1.82908062652 7.42040729526 -9.89346959147
1.84516088031 7.40426880356 -9.90722391147
1.85994457683 7.38294695485 -9.91753095956
1.8728734759 7.35829999234 -9.92438127547
1.88380655206 7.33126527819 -9.92794119561
1.89290338959 7.30168645465 -9.92834859302
1.90034898458 7.26887560199 -9.92558059959
1.90606488861 7.23260348851 -9.91945906674
1.90955803313 7.19397554788 -9.90978241196
1.90999195016 7.15568741465 -9.8965044544
1.90645793275 7.12144860972 -9.87985667322
1.89832735556 7.09477660608 -9.86034222608
1.88552675993 7.07769564559 -9.83860160779
1.86861300929 7.06995987928 -9.81522400853
1.84861949135 7.06920827188 -9.79061596057
1.82675103006 7.07204027862 -9.76501784423
1.80407375299 7.07556858165 -9.73868627441
1.78134373319 7.07876225494 -9.71216984111
1.75904585842 7.08296074834 -9.68654175807
1.73760678793 7.09129418919 -9.66345005271
1.71765504771 7.1072324228 -9.64491097127
1.70017190538 7.13288366013 -9.63287914789
1.68642447911 7.16779025143 -9.62873195525

/group/RPA_014/57
57
posId 57
1.67839220735 7.2358928136 -9.74306442149
1.68641117493 7.27662918569 -9.76588409248
1.69985040305 7.30196734152 -9.79036722965
1.71330569974 7.31698261079 -9.81156121402
1.72530367814 7.33076466029 -9.83058570047
1.73805270295 7.34776041612 -9.85155461881
1.75392489827 7.36402482136 -9.87609145113
1.77222870834 7.37088764898 -9.90057525617
1.78935603082 7.36232733254 -9.91868327527
1.80211069184 7.33964471065 -9.92694124957
1.81095081284 7.3098780065 -9.92816283023
1.81982076764 7.28002860596 -9.92939422625
1.83232324798 7.25256781499 -9.93581367136
1.84747136063 7.22602482303 -9.94574823712
1.85899287713 7.19944749648 -9.95125657026
1.8593242745 7.17584292864 -9.9440942416
1.84536949763 7.16073375773 -9.92226206363
1.82132658577 7.15678489509 -9.89172513542
1.79605764255 7.15963192071 -9.86187379973
1.77689098647 7.15959413934 -9.8385270958
1.76472413031 7.14897321609 -9.82031021937
1.75430352685 7.12935821732 -9.80133652982
1.73936699117 7.11254014052 -9.77776135949
1.71841165179 7.11336406205 -9.75251320423
1.69643566001 7.13940310185 -9.73410445612

/group/RPA_014/60
60
posId 60
1.64112125337 7.20427334674 -9.78844960993
1.64305061612 7.24579077598 -9.80283223422
1.65011108158 7.27370835204 -9.81973933911
1.65714523259 7.29586390225 -9.83495349525
1.6653386372 7.31884726099 -9.85186161084
1.67841058281 7.33866567444 -9.8739831684
1.69643743696 7.34640763949 -9.89884684676
1.71558678862 7.33870227499 -9.92066983495
1.73263058335 7.3194178989 -9.93651356471
1.74672519982 7.2934870745 -9.94673979823
1.75629987565 7.26379964016 -9.95020888174
1.75728293507 7.23446603894 -9.94299279948
1.74731004744 7.21190664398 -9.92397261055
1.73085110033 7.19831952752 -9.8993936418
1.71683285139 7.18605253101 -9.87825935813
1.70958575011 7.1642887599 -9.86289069766
1.70389611423 7.13384917543 -9.84697818694
1.69125913651 7.1120312736 -9.82482674032
1.67061539 7.11832616334 -9.80072115723

/group/RPA_014/63
63
posId 63
1.59999870573 7.18670222103 -9.83178053498
1.62299847915 7.25534780931 -9.87953271337
1.65018002956 7.23032559716 -9.90919623259
1.65436180654 7.21581962598 -9.91107229258
1.65645269504 7.17888095442 -9.90452355289

/group/RPA_014/69
69
posId 69
0.785450558134 7.33263153115 -8.85716765206
0.761984228324 7.37789802258 -8.83009605763
0.715051568704 7.38766828568 -8.76401235935

/group/RPA_014/93
93
posId 93
0.53042649507 7.2822454127 -9.04928870849
0.491062987293 7.30804899679 -9.01517758364
0.478761891112 7.31989645202 -9.00509036567
0.476301671876 7.35051857931 -9.00734765252
0.456619917987 7.33314968967 -8.98571202176

/group/RPA_014/96
96
posId 96
1.51506253348 7.10746065141 -9.98647320699
1.52746557182 7.16281136705 -10.0068672503
1.54482982549 7.16366658972 -10.0234903252
1.54979104082 7.18984033804 -10.0322757628
1.56715529449 7.17052825039 -10.0457597362

/group/RPA_014/99
99
posId 99
1.52144118466 7.10849593305 -9.99499861226
1.52519167311 7.15329718172 -10.0056628437
1.53644313845 7.16677482844 -10.0183279013
1.55519558069 7.18923757299 -10.0394363305
1.58144899983 7.18037671561 -10.0625455859
1.60020144206 7.1625307604 -10.0772114696
1.58144899983 7.14006801585 -10.0561030404

