/group/RPA_007/0
0
posId 0
2.66728840535 7.18057934815 -8.18662432859
2.69412034479 7.21516532582 -8.18916062362
2.71701695282 7.2471528234 -8.19737915485
2.73525743425 7.27551491082 -8.21097238158
2.74886417844 7.2999933482 -8.2292398774
2.75834114659 7.32081793002 -8.25120200326
2.76433072835 7.33835390862 -8.27578704525
2.76732500827 7.35281973263 -8.30202393929
2.76752723056 7.36416739534 -8.32917335109
2.76488581789 7.37213695189 -8.35675699575
2.75924941529 7.37642136342 -8.38448663405
2.7505479702 7.37683920252 -8.41213264412
2.73890783306 7.37342456055 -8.43939185823
2.72465325797 7.36639653404 -8.46580830336
2.7082095074 7.35603782461 -8.49077259828
2.68997378314 7.34256083607 -8.51358919682
2.67023558982 7.32604710821 -8.53357184143
2.64920105798 7.30650855341 -8.55011899097
2.62711931493 7.28405444079 -8.56273578377
2.60445026927 7.25908722447 -8.57099987169
2.58198096734 7.23242315946 -8.57450055916
2.56080936019 7.20525563479 -8.57279874584
2.54216755977 7.17894361396 -8.56545001023
2.52712977111 7.15468787344 -8.55210598429
2.51631095753 7.13321834687 -8.53267125803
2.50968225794 7.11462778733 -8.50746110701
2.50659582049 7.09844072122 -8.47729424224
2.50603511513 7.08391753894 -8.44347105761
2.50701623671 7.07049614134 -8.40762650008
2.50899813679 7.0582079689 -8.3714929349
2.51214445092 7.04790053479 -8.33664358707
2.51732580118 7.041160206 -8.30429653916
2.52584368417 7.03993568961 -8.27523819959
2.53896074628 7.04597439378 -8.24988125982
2.55739728414 7.06025734054 -8.22842244735
2.58097054139 7.08262453878 -8.21102943198
2.60850462298 7.11171850132 -8.19797824278

/group/RPA_007/3
3
posId 3
2.6826776442 7.16803442785 -8.19138541201
2.71020313994 7.20376620281 -8.19356673598
2.7332142476 7.23629414109 -8.2017790094
2.75082628714 7.26430647901 -8.215559316
2.76326216447 7.28768566504 -8.23394670066
2.77152649123 7.30720869172 -8.25575304243
2.77685948793 7.32399272695 -8.27989143921
2.78019066256 7.33890504985 -8.30561942897
2.78179813639 7.35215496262 -8.33259412851
2.78128524919 7.36320153885 -8.3607215537
2.77785273315 7.37098105871 -8.38987544235
2.77072790508 7.3743350643 -8.41962079844
2.75955893046 7.37245241368 -8.44907738078
2.7446113268 7.36515032891 -8.47699770952
2.72669950661 7.35290069705 -8.50203861707
2.70690490471 7.33662108976 -8.52311631971
2.68622231646 7.31734596012 -8.53969175341
2.66529957177 7.2959326971 -8.5518557447
2.64438447398 7.27292612765 -8.56016459173
2.62349169266 7.24862106752 -8.56528268589
2.60269726216 7.2232655605 -8.5675752156
2.58240695456 7.19728196965 -8.56682329685
2.56345492374 7.17137841938 -8.56219184121
2.54696667923 7.14648061455 -8.55248251709
2.53403142965 7.12350674773 -8.53658938047
2.52532347022 7.10309267723 -8.51398995298
2.52084710928 7.08541044187 -8.48508487602
2.51993657607 7.07019131463 -8.45125363522
2.5215372372 7.05697613902 -8.41460094557
2.524670881 7.04550801495 -8.37748541384
2.52889902855 7.03610338813 -8.34200226592
2.53458434634 7.02982490209 -8.30960364148
2.54282077868 7.02834354519 -8.28097964891
2.55503197718 7.03349643463 -8.25621671901
2.57237350941 7.04667323098 -8.23514086747
2.5951612377 7.06824623296 -8.21768637875
2.62254899055 7.09726042353 -8.20413113496

/group/RPA_007/6
6
posId 6
2.79712844741 7.25334207647 -8.25479034602
2.80967197933 7.28189482924 -8.28397652157
2.81944898439 7.30762438628 -8.31488651336
2.82522357383 7.32836867715 -8.3461742716
2.82578463909 7.34216317701 -8.37688293859
2.82047898192 7.34791978555 -8.40642936759
2.80958216061 7.34584860552 -8.43447484543
2.79433219756 7.33742554827 -8.46074719405
2.77659162007 7.32489478339 -8.48489273493
2.75826189856 7.31049117126 -8.50641830595
2.74068339957 7.29569028042 -8.52474182323
2.72426605015 7.28078889767 -8.53932237228
2.70850432374 7.26498685034 -8.54980714749
2.69237216728 7.24693517385 -8.55612633258
2.67493490715 7.22552164748 -8.55849023628
2.65592277774 7.20056398353 -8.55728541412
2.636024073 7.17311666095 -8.55291004014
2.61677050303 7.14525594787 -8.54561517299
2.60005611749 7.11942398192 -8.53541695588
2.5874840871 7.0975972448 -8.52211622373
2.57980887214 7.08062052103 -8.50541874349
2.57670396283 7.06798250897 -8.48510959807
2.57695253007 7.05813002288 -8.46121544009
2.57898483663 7.0491980001 -8.43409618128
2.58154393318 7.03986287389 -8.4044390194
2.5842088352 7.02997696794 -8.37316852459
2.58756342077 7.02073133715 -8.34131904456
2.5929448257 7.01428603682 -8.30992610851
2.60187652975 7.01302053426 -8.27997784551
2.61541770229 7.01870491008 -8.25243325288
2.63369006863 7.03191495518 -8.22827722433
2.65576560842 7.05190443138 -8.20855966524
2.6799467557 7.07695392612 -8.19436868785
2.7043097011 7.10502045114 -8.18671562907
2.72727826368 7.1343969819 -8.18635109253
2.74799274452 7.16410307834 -8.19356849972
2.76633462114 7.1938586742 -8.20806793922

/group/RPA_007/9
9
posId 9
2.65019451011 7.00392755792 -8.40767693657
2.64498505509 7.01954561117 -8.45872005125
2.64441523903 7.03842345183 -8.50329946262
2.64962469405 7.05990743308 -8.5365243109
2.66094858867 7.08357964526 -8.55644362843
2.67758191239 7.10897954413 -8.5644175136
2.69769829473 7.13539672913 -8.56429133829
2.71899462017 7.16185882711 -8.56074042034
2.7394366518 7.18732167622 -8.557473372
2.75788524945 7.21095246704 -8.55600347023
2.77433280762 7.23234015108 -8.55541985371
2.78965318492 7.25150045076 -8.55314634171
2.80498629096 7.2686492666 -8.54626620371
2.82104067702 7.28384480805 -8.53279384737
2.83762970636 7.29668057953 -8.51236386157
2.85364503054 7.30620410454 -8.4861256956
2.86746759324 7.31113851758 -8.45601849372
2.87761571133 7.31033932627 -8.42387145546
2.88332452756 7.3032953432 -8.39080964118
2.88478901002 7.29044242155 -8.3572402388
2.88296461449 7.27312563725 -8.32336247337
2.87902909285 7.25319440863 -8.28985663287
2.8737675548 7.23238053954 -8.25830944809
2.86717697357 7.21171569761 -8.23107313991
2.85848077664 7.19124119888 -8.21056265772
2.84654934791 7.17014666528 -8.19831375897
2.83053013463 7.14729364862 -8.19428895301
2.81039185312 7.12191408279 -8.19683727476
2.78712726501 7.09419474089 -8.20341565099
2.76251881858 7.06550291267 -8.21180194854
2.73857548921 7.03815639858 -8.2212558104
2.716901179 7.01482816114 -8.23305427115
2.69828354291 6.99782150086 -8.2500744653
2.6826839692 6.98849399822 -8.27551520352
2.66961607989 6.98703289996 -8.31125551294

/group/RPA_007/12
12
posId 12
2.73451950643 6.95102834203 -8.36692708249
2.72575977004 6.95877385504 -8.40940240672
2.72009260976 6.97061446163 -8.45160686341
2.71773857362 6.98527768246 -8.49014798364
2.71900897902 7.00197043877 -8.5223998074
2.72414211311 7.02043046347 -8.54709571269
2.73314480148 7.04076268723 -8.56444184832
2.7457034112 7.06314266715 -8.57573959452
2.76119567384 7.08751178133 -8.58269360467
2.77879263675 7.11338247547 -8.58669191702
2.79760644354 7.1398213827 -8.58833471192
2.81682760183 7.1656056042 -8.58736734265
2.83580799126 7.18948230546 -8.58299577832
2.85407538222 7.21042894231 -8.57440493614
2.87129706287 7.2278213946 -8.56122821114
2.88722955524 7.24146264494 -8.54375726982
2.90169006764 7.25148403813 -8.52281316516
2.9145650662 7.25817890236 -8.49936239754
2.92584301478 7.26184541089 -8.47408178188
2.93563676289 7.262697475 -8.44710045356
2.94415812706 7.26086036631 -8.41806522496
2.95162614009 7.25642296701 -8.38652321783
2.95812393992 7.24949256439 -8.35246111048
2.96345238268 7.24020291341 -8.31675326912
2.96704501165 7.22865893474 -8.28129272163
2.96799888015 7.21484541517 -8.2487036159
2.96523980288 7.19855995921 -8.22171040483
2.95779118112 7.17943411769 -8.20239237343
2.94507174962 7.15707600642 -8.19161499961
2.92712773793 7.1313137466 -8.18887167615
2.90471883387 7.10246453343 -8.19261087995
2.87922182668 7.07152421669 -8.20092844569
2.85237551148 7.04018336784 -8.21235283324
2.8259434837 7.01062784113 -8.2264073699
2.80139798878 6.9851572573 -8.24371797269
2.77971803017 6.96572503661 -8.2656155207
2.76135235076 6.95354027419 -8.29338641585

/group/RPA_007/15
15
posId 15
2.80527754717 6.93711085219 -8.44641690726
2.80040912086 6.95403080923 -8.49373613127
2.8003674852 6.97549424258 -8.53617960868
2.80544121955 7.0001072182 -8.57017145566
2.81532088214 7.02641910108 -8.59373809663
2.82915382875 7.05315450833 -8.60680852911
2.84572892495 7.07934783297 -8.61095014988
2.86373355382 7.10435844421 -8.60866206318
2.88200737304 7.12779002778 -8.60248867812
2.89972432694 7.1493693966 -8.59425902935
2.91646252495 7.16884703889 -8.58469037195
2.9321598125 7.18596250756 -8.57344728025
2.94698747584 7.20048176099 -8.5595772826
2.9611941303 7.21227651828 -8.54211480938
2.97497131284 7.22139345459 -8.52060289457
2.98837425353 7.22806317801 -8.49533797158
3.00130459251 7.23262477704 -8.46727062578
3.0135377418 7.23538072706 -8.43764105412
3.02476536623 7.23643275424 -8.40753363855
3.0346266638 7.23556631696 -8.37755949333
3.04271760631 7.23224123279 -8.34781149561
3.04858676901 7.22571093448 -8.31811140211
3.05174009024 7.2152453303 -8.28843566874
3.05167786406 7.20039029764 -8.25932111834
3.04797427142 7.18117716577 -8.23205006187
3.04038800078 7.15820697618 -8.20849937935
3.02897155372 7.13257412487 -8.19067664413
3.01413665053 7.10564858268 -8.18010320592
2.9966398918 7.07878562313 -8.1772828965
2.97747596861 7.05305845059 -8.18148088756
2.95769780995 7.02910205897 -8.19093130723
2.93821230763 7.00711795177 -8.20343206487
2.91961492433 6.98703254382 -8.21713127187
2.90211951808 6.96874745752 -8.23122195082
2.88561177837 6.95238720601 -8.24627728161
2.86981436209 6.9384507412 -8.26407610976
2.85451285237 6.92780764861 -8.28694777356
2.83976801179 6.92153495491 -8.31684191674
2.82604057048 6.92064668977 -8.35443752449

/group/RPA_007/18
18
posId 18
2.87726306952 6.91848318269 -8.47148950602
2.87848181641 6.94222189727 -8.50994829896
2.88210469928 6.96829672987 -8.54595485439
2.88856743997 6.99561249197 -8.57639161639
2.89833260857 7.02339074608 -8.59862528789
2.91169081035 7.05114268582 -8.61100194677
2.92856936441 7.07852874363 -8.61312231582
2.94841639718 7.1051767501 -8.60583815408
2.97021082847 7.13054452307 -8.59098310976
2.99261142955 7.15389210486 -8.57091685075
3.01421276316 7.17438179917 -8.54800231845
3.03383788474 7.19126936388 -8.52414306492
3.05078092153 7.20410899865 -8.50048172998
3.06492393567 7.21288457691 -8.47731195306
3.07668914114 7.2180045617 -8.45419989421
3.08683801428 7.22014914662 -8.43026368481
3.09617654992 7.22001596356 -8.40453059566
3.10525504038 7.21805283227 -8.37628635033
3.11415171666 7.21427576717 -8.34534553063
3.12240237191 7.20824322417 -8.31219840552
3.12909214438 7.19920283491 -8.27801861172
3.13307647584 7.18636470908 -8.24454091807
3.13326194096 7.16920893783 -8.21383571658
3.12886522169 7.14772168619 -8.18801748535
3.11958240982 7.12247938535 -8.16893071323
3.10563443818 7.09455486083 -8.15786061117
3.08769490381 7.06528266342 -8.15531710842
3.06673967429 7.0359699171 -8.16093651297
3.04387311642 7.00765561097 -8.17353227902
3.02018050766 6.98099960098 -8.19130260682
2.99663500147 6.95633117954 -8.21216996745
2.9740606662 6.93382554222 -8.23419265337
2.95313192633 6.91372809941 -8.25596115298
2.93438205954 6.89652945885 -8.27688296645
2.91820070114 6.88301419444 -8.29727526577
2.90481741314 6.87415615695 -8.31822547786
2.89428599315 6.87089296346 -8.34123716904
2.88649305453 6.87385958129 -8.36773765293
2.88120933606 6.88317773139 -8.39856718359

/group/RPA_007/21
21
posId 21
2.93765295834 6.88922459161 -8.47608998457
2.93490703951 6.91192770134 -8.51865552827
2.9375110803 6.93923110593 -8.55489215841
2.94595054987 6.96968064013 -8.58128966622
2.96003542981 7.0016312134 -8.59574856669
2.97881249373 7.03330639849 -8.59789566573
3.00067305999 7.06291404783 -8.58899261087
3.02364536727 7.08883723384 -8.57149516527
3.04580206573 7.10988074296 -8.54840817367
3.06567335625 7.12551349534 -8.52261983655
3.08254890916 7.13602423902 -8.49638153399
3.09658042807 7.14251415435 -8.47103655013
3.10865346125 7.14668773913 -8.44701659611
3.12006442631 7.15046276545 -8.42404768536
3.13209577958 7.15548230224 -8.4014602645
3.14561100315 7.16265499773 -8.37849349916
3.16078279411 7.17185696978 -8.3545158213
3.17702557212 7.18189379953 -8.32913618985
3.19314099568 7.19075215359 -8.30223037656
3.20762256327 7.19608729742 -8.273934508
3.21902208758 7.19582088823 -8.24465494574
3.22626959042 7.18868617891 -8.21511360368
3.22886092975 7.17456815275 -8.18640646226
3.22687512607 7.15454238661 -8.16002066386
3.22083911081 7.13060228346 -8.13774906903
3.21150287139 7.10515383241 -8.12146700357
3.19960859817 7.08042297751 -8.11278710564
3.1857283902 7.0579430643 -8.11266620768
3.17021168723 7.03826240149 -8.12107969473
3.15323929757 7.02094399083 -8.13688429144
3.13494218821 7.00484260464 -8.15795194468
3.11552371575 6.98856556646 -8.18158316135
3.0953296849 6.97097634637 -8.2051195995
3.07483795853 6.95159715835 -8.22660191018
3.05457676347 6.93080642909 -8.24528633372
3.03501324854 6.90979429972 -8.26185704936
3.01646829568 6.89031142219 -8.27824780732
2.99910408645 6.87430044552 -8.29709533732
2.98300077367 6.8635204792 -8.32095614169
2.96829922153 6.85925930769 -8.35149366566
2.95535355643 6.86218543691 -8.38885997645

/group/RPA_007/24
24
posId 24
2.98482757461 6.86977391477 -8.50524752563
2.979425553 6.89088159184 -8.54757795196
2.98002487472 6.91676777676 -8.58296540248
2.98733471907 6.94625575638 -8.60811664774
3.00118686019 6.97774201815 -8.62113952413
3.0204403805 7.00915616031 -8.62170398071
3.04311256844 7.03807508079 -8.61090479025
3.06672446055 7.06201966286 -8.5908923935
3.08879082952 7.07889692837 -8.56437987776
3.10734139618 7.08748871952 -8.53414459942
3.12134531607 7.08785049288 -8.50262343135
3.13092975245 7.08148544053 -8.47166001525
3.13733165661 7.0712032681 -8.44241453179
3.14258756464 7.06065003134 -8.41540567786
3.14903211772 7.05358526839 -8.39063136057
3.15872463367 7.05305993018 -8.367713112
3.17294140435 7.06069008034 -8.34602614447
3.19185455691 7.07621278254 -8.32480333566
3.21447082976 7.09745129451 -8.30322585803
3.23883819445 7.1207201655 -8.28052575693
3.26246228183 7.14159153282 -8.25612149112
3.28282530054 7.15585068152 -8.22978776954
3.29787999439 7.16041710322 -8.20183349668
3.30640446683 7.15401159338 -8.17323736803
3.30814557023 7.13741024156 -8.14568052425
3.3037366203 7.1132273595 -8.12142654234
3.29443312907 7.08528529528 -8.10303109854
3.2817524656 7.0577295713 -8.09290976214
3.26711931566 7.03410692757 -8.09283984929
3.25160581882 7.01662691078 -8.10350633128
3.23581890995 7.00577495571 -8.12421012318
3.21993964752 7.00035156438 -8.15283375213
3.20387480243 6.99790372999 -8.18610721087
3.18745262096 6.99541998102 -8.22014710128
3.170589916 6.99010349786 -8.25117222946
3.15337644123 6.98003175347 -8.27624728545
3.13605758134 6.96455481902 -8.29388803534
3.11893565137 6.94436319113 -8.30438342021
3.10224046346 6.92124624323 -8.30974864387
3.08603131753 6.89763880342 -8.313305515
3.07018142923 6.8760959023 -8.31897221008
3.05446561253 6.85883523097 -8.33041298309
3.03873264079 6.84744708463 -8.3502319975
3.02310818656 6.84280758426 -8.37938586279
3.00815479916 6.84516410925 -8.41693898969

/group/RPA_007/27
27
posId 27
3.02357860032 6.8062909406 -8.47638689382
3.04557142148 6.80719529632 -8.43305095958
3.06874618892 6.81652968344 -8.39852312942
3.09068375404 6.83340553757 -8.37652171003
3.11146924314 6.85675417935 -8.36545427193
3.13247628832 6.88467182534 -8.36000936477
3.15407064869 6.91390371651 -8.35512143004
3.17416146282 6.94037162859 -8.34960560264
3.18890273439 6.96084206927 -8.34695380158
3.19516482351 6.97476411877 -8.35277180376
3.1929396975 6.98486168258 -8.37069534871
3.18575471466 6.99570609341 -8.39965548704
3.17856823902 7.01085825358 -8.4343427018
3.17449417295 7.03029056691 -8.46841436542
3.17265125391 7.04981266753 -8.4980870446
3.16871749257 7.06302622957 -8.52361122178
3.1578784059 7.06469734146 -8.54778197859
3.1381577777 7.05348504746 -8.57281951119
3.11185230251 7.03237474472 -8.59803972499
3.08415140135 7.0066655241 -8.61997486103
3.06001487241 6.98092298675 -8.63464752239
3.04155494798 6.95687563912 -8.64007703672
3.02769363496 6.93346105221 -8.63703471108
3.01613110551 6.90871278238 -8.62756495086
3.0059730776 6.88200144377 -8.61264244944
2.99896574083 6.85508472086 -8.59106657813
2.99843144628 6.83142366778 -8.56070823073

/group/RPA_007/30
30
posId 30
3.06333624921 6.77010678891 -8.47645165968
3.04148049069 6.77218368671 -8.51855267748
3.031808408 6.78733638688 -8.5556391056
3.03211124202 6.8107546368 -8.5854566866
3.03751225898 6.83648125233 -8.60907470482
3.04403336297 6.86067450008 -8.62868495909
3.05106196097 6.88310216328 -8.64509092942
3.06110721583 6.90601463826 -8.65668615769
3.07724127505 6.93141968741 -8.66053447306
3.10024921245 6.9588435237 -8.65460600509
3.12759462732 6.98517181325 -8.63943616084
3.15484867833 7.00653880561 -8.61799833894
3.17836950145 7.02071521575 -8.5939687454
3.19715811177 7.02815934602 -8.56974287696
3.21256370043 7.03101025685 -8.54566146662
3.22624081131 7.03092518228 -8.52088993915
3.23811513048 7.02753879395 -8.49508861286
3.24605072838 7.01878834786 -8.46943427443
3.24749848247 7.00283914518 -8.44614441821
3.24176334759 6.98004524632 -8.42693134874
3.23096057491 6.95331421883 -8.41175094541
3.21871308356 6.92648085538 -8.39904283003
3.20744101401 6.90188672805 -8.3874792775
3.19631661891 6.87906730776 -8.37795050161
3.18161410892 6.85568243307 -8.37414027408
3.15946410919 6.8301281305 -8.38094579222
3.1291809058 6.80391189676 -8.40155805712

/group/RPA_007/33
33
posId 33
3.20314567422 6.8358147533 -8.44212097464
3.22443755792 6.87328847233 -8.45314099122
3.23600179024 6.9038094065 -8.47249500925
3.23941844434 6.9282793492 -8.49853013818
3.23761623544 6.94878626168 -8.52873025363
3.23265862463 6.96579582137 -8.56000066363
3.22456926127 6.97710632035 -8.58940407739
3.21184733842 6.97928395457 -8.61512189816
3.19310704965 6.97037476854 -8.63707463778
3.1685597248 6.95173969317 -8.65667199837
3.14031132164 6.92757027858 -8.67564172032
3.11141055188 6.90243987435 -8.69451989616
3.08449146329 6.87874107419 -8.71172029611
3.06103648586 6.8559169407 -8.72384750457
3.04166092843 6.83198383951 -8.72718805001
3.02693384184 6.80606416455 -8.71956576818
3.01783058144 6.77987454137 -8.70148547265
3.01529223804 6.75695042567 -8.67590493002
3.01922472591 6.74019280455 -8.64680738068
3.02788571637 6.72970119368 -8.61745372477
3.03843605164 6.72272200569 -8.5893240335
3.04854983038 6.71595403738 -8.56225631849
3.05804742529 6.70859608061 -8.53551984808
3.06929119569 6.70381689783 -8.5090369816
3.08581870561 6.70735753827 -8.48400088997
3.10991129966 6.72402555241 -8.46263415198
3.14063030853 6.75441221293 -8.44740047254

/group/RPA_007/36
36
posId 36
3.2452465768 6.80598915542 -8.46392891749
3.26654935192 6.84556192374 -8.47580709322
3.27830361364 6.87726968648 -8.49594933638
3.28145834957 6.90105074392 -8.52237354269
3.27898247142 6.91944271388 -8.55263701367
3.27355295234 6.93434434998 -8.58400138404
3.26580746757 6.94476202777 -8.61382426055
3.25430900943 6.94725693695 -8.64024545525
3.23711565087 6.93869266643 -8.66283040486
3.21372850837 6.91910274633 -8.68262260962
3.18599931941 6.89239800736 -8.70130280876
3.15741111175 6.86427926642 -8.71975416798
3.13134821264 6.83885517437 -8.73686579474
3.10964799675 6.81646481779 -8.74943117355
3.09240661843 6.79430928155 -8.75340579038
3.078988236 6.76938283248 -8.74592385886
3.06927369516 6.74146412545 -8.72691893997
3.06407923835 6.7138940123 -8.6993574094
3.06443211304 6.69155827805 -8.66791017677
3.07038597067 6.67763067129 -8.63683817138
3.08048781151 6.67159024163 -8.60832917117
3.0925106082 6.6700693618 -8.58220034146
3.10501690387 6.66992678297 -8.55700194096
3.11854672025 6.67120539476 -8.53171340761
3.13536990598 6.67765076674 -8.50695214991
3.15775566843 6.69424763197 -8.48504238052
3.18585828842 6.72346077972 -8.46906807802

/group/RPA_007/39
39
posId 39
3.29484345201 6.77371673927 -8.48404028341
3.31386196635 6.81381436863 -8.49776364853
3.32546509226 6.84819722035 -8.52080906663
3.32983150264 6.87459993543 -8.54939732001
3.32830102802 6.89258748046 -8.57967321089
3.32246974541 6.90300479614 -8.60906063503
3.31347780333 6.9071746097 -8.63678313286
3.30181507451 6.90625629526 -8.66338138282
3.28762060339 6.90099091779 -8.68961826718
3.27116081653 6.89179333884 -8.71546880103
3.25310699164 6.87897353838 -8.73978239352
3.23441671567 6.86286738651 -8.76076044113
3.21592543058 6.84380417933 -8.7768874088
3.19797246535 6.82201395501 -8.78769016689
3.18037757353 6.7976512616 -8.79382939023
3.16285117983 6.77102855763 -8.79646140631
3.14561172703 6.74296828199 -8.79627914072
3.12979894442 6.71502977489 -8.79285713711
3.11734380081 6.68936704054 -8.78475289385
3.1102597023 6.66815414984 -8.7703559823
3.10968292875 6.65278549961 -8.74900523018
3.11519247297 6.64325529562 -8.72170125918
3.12484290781 6.6381068723 -8.69095273324
3.13598174396 6.63509356929 -8.65979464715
3.14648732789 6.63232340762 -8.63051417931
3.15580057225 6.62936701424 -8.60381638367
3.16519245606 6.62776362495 -8.57893144781
3.17708646138 6.63060944021 -8.55462996919
3.19374418388 6.64134339712 -8.53057757818
3.21595969826 6.66224135982 -8.50823726723
3.2424100561 6.69328573536 -8.49075424053

/group/RPA_007/42
42
posId 42
3.32212074806 6.68403122059 -8.51968755662
3.34695783899 6.72669558146 -8.51463297693
3.36700744988 6.7653561352 -8.51741129179
3.38020466436 6.79587046746 -8.52747509848
3.38619144679 6.81741073546 -8.54455136955
3.38604813117 6.83184282214 -8.56843669427
3.38156738549 6.84179115537 -8.59802681506
3.37444319493 6.84869824757 -8.63059213134
3.36568949208 6.85205462717 -8.66226753396
3.35543989148 6.85008890579 -8.68977381578
3.34312396583 6.8412261263 -8.71225987313
3.32792153221 6.82522324945 -8.73178743401
3.30934847566 6.80329020295 -8.75177305049
3.28778908095 6.77733256163 -8.77416273092
3.26476280332 6.74905886818 -8.79718202356
3.24274869813 6.71965359662 -8.81533038796
3.22453582586 6.69012637494 -8.82189453865
3.21229834168 6.66183111166 -8.812562594
3.20679405038 6.63651998772 -8.78791243361
3.2071095651 6.6157542175 -8.75321736383
3.21115560128 6.60014218076 -8.71572429863
3.21673441779 6.58914985255 -8.6811483004
3.2226651349 6.58185153765 -8.65152200859
3.22937326503 6.57821405787 -8.62551694231
3.23860369454 6.57994261563 -8.60067797656
3.25237758222 6.59005712228 -8.57585921217
3.27172449448 6.61119414709 -8.55226187873

/group/RPA_007/45
45
posId 45
3.39334544386 6.73499852652 -8.74648890323
3.42357023663 6.78148456742 -8.71708618763
3.44653877589 6.81256813432 -8.68722114608
3.45841009443 6.82099910422 -8.65824982133
3.46152804508 6.8106060095 -8.62828864624
3.46141319525 6.79201543543 -8.59575397481
3.46168226004 6.77367471686 -8.56224195866
3.46140022951 6.75628345287 -8.53245206213
3.45687684995 6.73505310443 -8.51154694013
3.44575458136 6.70665700761 -8.50235056821
3.42937383451 6.67367540205 -8.50447855988
3.4114430975 6.64247618635 -8.51550087611
3.39476554549 6.61733397539 -8.53262552348
3.37945970631 6.59719633483 -8.55354812031
3.36425074663 6.57839671318 -8.57648450287
3.34909984387 6.56020817068 -8.60028949329
3.33614314056 6.54711770747 -8.62501537199
3.32789820524 6.54517772707 -8.6520786403
3.32478893719 6.55612762968 -8.68299486834
3.32491014313 6.57554718055 -8.71697573295
3.32659331944 6.5972948525 -8.74930555081
3.33115641959 6.61987310346 -8.77245344463
3.34261779011 6.64796157973 -8.77984990005

/group/RPA_007/48
48
posId 48
3.53977907127 6.75952717852 -8.69132038836
3.52903356247 6.76034660926 -8.73851921563
3.51787885791 6.7526017073 -8.77196521307
3.50670247324 6.73656153136 -8.79049646311
3.49535129271 6.71377554203 -8.79756752131
3.48349301216 6.68663755435 -8.79892281638
3.47106037987 6.65765724885 -8.79938873284
3.4585459551 6.62878306397 -8.80039461541
3.44697466344 6.60107657356 -8.79950044762
3.43755718177 6.57486551022 -8.79214834782
3.43122247762 6.55028201095 -8.77462510495
3.42831221112 6.52791324672 -8.74653938922
3.42862314851 6.50922455496 -8.71140679436
3.43175774326 6.4964962869 -8.67504405295
3.43753509968 6.49222738308 -8.64274161409
3.44616771527 6.49822115558 -8.61685778747
3.45805954753 6.51475807899 -8.59618135663
3.47332923691 6.54026475597 -8.57736113587
3.49134475515 6.57167781899 -8.55754412763
3.5105576577 6.60536578197 -8.53674841216
3.52875568244 6.63818618742 -8.51870096036
3.54362792688 6.66818458574 -8.50969763086
3.5533921849 6.69463642182 -8.51600996481
3.55723379887 6.71748892599 -8.54100842919
3.55541769391 6.73657608977 -8.58326558324

/group/RPA_007/51
51
posId 51
3.63949420441 6.7193630293 -8.70955912605
3.62960042619 6.72170066129 -8.75979644635
3.61961229919 6.71533657935 -8.79552676896
3.60991210799 6.69966853968 -8.81392960468
3.60006361569 6.67594177796 -8.81918202642
3.58932600306 6.64702628392 -8.81967505203
3.57730242301 6.61628973419 -8.82304765531
3.56434788636 6.58621749421 -8.83191064995
3.55152743397 6.55762454773 -8.84268835547
3.5401922264 6.52994838343 -8.84810214114
3.53145369449 6.50242605338 -8.84164903596
3.52585955847 6.47538474648 -8.8213322451
3.52341191913 6.45078995229 -8.79051826575
3.52383693592 6.43166168024 -8.75567418837
3.52687254213 6.42069197688 -8.72264872503
3.53237131184 6.4189122558 -8.69390237881
3.54018384232 6.4252350753 -8.66826512542
3.54996548608 6.43714793748 -8.64303112792
3.56110688017 6.45211901496 -8.61669804252
3.57288656636 6.46884575457 -8.59039885548
3.58475841642 6.48760518962 -8.56716085506
3.59655625709 6.50955529805 -8.54974954013
3.60842612794 6.53549973535 -8.53886315996
3.62047573778 6.5649360811 -8.53313546449
3.63234365018 6.59597437787 -8.53100844923
3.64298726207 6.62611051831 -8.5330513987
3.65088838519 6.65327781503 -8.54280683433
3.65462717359 6.67645163165 -8.56514787409
3.65353179646 6.69543346663 -8.60287219109

/group/RPA_007/54
54
posId 54
3.73667840699 6.63269956642 -8.65168921305
3.73498668651 6.65585802391 -8.69397728444
3.7297927346 6.66629628961 -8.73501265827
3.72233243378 6.66499321114 -8.77009962435
3.71370800459 6.65496239936 -8.79818374541
3.70450575145 6.6396837134 -8.82145141632
3.69476916269 6.62167173104 -8.84336779846
3.68429211157 6.60184138554 -8.86629430997
3.67302083573 6.57983878204 -8.88997952201
3.66131017402 6.55497594528 -8.91165679624
3.64988742272 6.52713720371 -8.92755027186
3.6395655771 6.49714157239 -8.93482730534
3.63090107531 6.46644760608 -8.93286362921
3.62401822089 6.43651198264 -8.92317511264
3.6187101243 6.40830011132 -8.90820084267
3.61474591797 6.38229436048 -8.88979173922
3.61217850874 6.35896633059 -8.86837576985
3.61144107527 6.33932771779 -8.8432857835
3.61314964888 6.32508435642 -8.81396396519
3.61771599725 6.31815827315 -8.78118186967
3.62500505227 6.31976966918 -8.74739539523
3.63426146381 6.32961464816 -8.71590535804
3.64438034964 6.34570364757 -8.68927838551
3.65439260227 6.3650929079 -8.66801107698
3.66389617104 6.38522247844 -8.650349906
3.67317767879 6.40517130368 -8.63352532584
3.6829327947 6.42610538626 -8.61579441057
3.6937194388 6.45057846583 -8.59812866443
3.70543698599 6.48095374286 -8.58448629892
3.71712398993 6.51771724009 -8.58034640265
3.72720280316 6.55856184903 -8.59015514715

/group/RPA_007/57
57
posId 57
3.82046491615 6.61733223083 -8.71950875263
3.81429995571 6.63303721147 -8.76610479863
3.80812631494 6.64063188333 -8.80491704863
3.80225611058 6.63972472668 -8.83397599921
3.79586681139 6.63035772881 -8.85751659457
3.78800457341 6.61357819022 -8.88141372273
3.77866858171 6.59158680735 -8.90779564883
3.76912235415 6.56700807391 -8.93275234453
3.76118724663 6.54160734865 -8.94869990454
3.75606299961 6.51540261227 -8.94953772378
3.753586732 6.48701949863 -8.93476986195
3.75250667964 6.45529712232 -8.90965908366
3.75156686447 6.4211565726 -8.88149916128
3.75057022366 6.38836499582 -8.85493104279
3.75059338923 6.36243143028 -8.82978186517
3.75316763711 6.34810517684 -8.80282705505
3.75903385228 6.34696473314 -8.77181210552
3.76742063669 6.35664138446 -8.73838440537
3.7764174822 6.37222699688 -8.70754908014
3.78419544663 6.38902239315 -8.68409700263
3.79018056923 6.40493503181 -8.66893531133
3.79530179517 6.42110337646 -8.65842578427
3.80111202182 6.44050755837 -8.64752599135
3.80841832494 6.4655986331 -8.63448608399
3.81643123194 6.49648964573 -8.62344101206
3.82307130784 6.53071552087 -8.62261536436
3.82622697019 6.56443911672 -8.63907334585

/group/RPA_007/60
60
posId 60
3.88986902306 6.59809683732 -8.77606349018
3.89813498166 6.56951216605 -8.72570165312
3.89872557579 6.53245283805 -8.71205901613
3.89793493288 6.49068549111 -8.70411126188
3.89833025433 6.45242291748 -8.69111952003
3.89449496015 6.42879031759 -8.70390356362
3.88573604377 6.41457821126 -8.74450394638
3.87796304296 6.40644119264 -8.78181801336
3.87412774878 6.41970409761 -8.80518523184
3.87334188198 6.45743870181 -8.82001760266
3.87413252489 6.49920604875 -8.82796535691
3.87393247611 6.53679334617 -8.83976736494
3.87333710587 6.57574771236 -8.85397793992

/group/RPA_007/63
63
posId 63
3.97102240796 6.64350512505 -8.71371449426
3.98112618916 6.6095481714 -8.67377387518
3.98758563256 6.57055873711 -8.6534872654
3.98962587606 6.53121391794 -8.65528820668
3.98866871856 6.49386145044 -8.67139217314
3.9869663609 6.45906425911 -8.69042651752
3.98573559313 6.42760566932 -8.70610144789
3.98432176158 6.40191728795 -8.72093455064
3.98102007965 6.38548692539 -8.74234566978
3.97478050249 6.38067480383 -8.77484061409
3.96631142518 6.38686069232 -8.81508441754
3.95766153638 6.40064396658 -8.85392030482
3.95068777834 6.41808435503 -8.88330906619
3.94575741732 6.43720553708 -8.90202422069
3.94178616753 6.45872617412 -8.91524039737
3.93752085484 6.48447175597 -8.92863609243
3.93288880679 6.5148809362 -8.94243954192
3.92920365254 6.54776331631 -8.95078238383
3.92805479689 6.57935131827 -8.94690360593
3.92989324187 6.60668216553 -8.92945982538
3.93360905398 6.62918715794 -8.90414418685
3.93751841311 6.64806455994 -8.87896755481
3.94090677696 6.66397170723 -8.85728420131
3.94473354252 6.67509553151 -8.83487300743
3.95079162676 6.67741626433 -8.80403734582

/group/RPA_007/66
66
posId 66
4.04181310308 6.57514232912 -8.72274449437
4.03160423 6.61789121201 -8.74320068526
4.02071437953 6.65115656842 -8.77297744294
4.01030744576 6.67430741752 -8.80700605498
4.00113238494 6.68938557064 -8.84044600254
3.993473913 6.69834640027 -8.87069659845
3.98723045631 6.70139320143 -8.89810458495
3.98207209273 6.69745416524 -8.92491343433
3.97764552321 6.68604035904 -8.95310064672
3.97378918569 6.66865685421 -8.98245554957
3.97069200874 6.64841326303 -9.01008362178
3.9689087895 6.62806441214 -9.0315979006
3.96917868349 6.6081081908 -9.0431997969
3.97208892412 6.58663298926 -9.04335957172
3.97773430557 6.5612538282 -9.03316955153
3.98556488733 6.53175208377 -9.01535801413
3.99453971365 6.50131733887 -8.99276500905
4.00353850316 6.47521445174 -8.96726524272
4.01182200435 6.45763163415 -8.93963524778
4.01928208561 6.44895469686 -8.91013489777
4.02632880977 6.4455795875 -8.87915959166
4.03346868329 6.44262747724 -8.84747322022
4.04081193511 6.43779529451 -8.816042665
4.04779305037 6.43362780349 -8.78588710615
4.05326851863 6.43647834572 -8.75828846881
4.0559432975 6.45268233694 -8.7352531421
4.05490164715 6.48440793193 -8.71969089605

/group/RPA_007/69
69
posId 69
4.08106083039 6.61483518255 -8.81381365564
4.09578978626 6.57814397828 -8.77336378185
4.10603072587 6.53832363272 -8.75438044529
4.10887838444 6.50879725015 -8.76089062655
4.10699179975 6.48829565467 -8.78217108192
4.10386414214 6.4714224575 -8.80651696851
4.09940403344 6.46142685614 -8.83224896445
4.0917645254 6.46510200085 -8.86303884544
4.08143220761 6.48088792484 -8.8977725018
4.07100264717 6.50112065095 -8.93008720654
4.06190553783 6.52357032094 -8.95520592137
4.05398603077 6.55140833202 -8.9717743405
4.04810795722 6.581748668 -8.97788912609
4.04640412891 6.60416624928 -8.97095871216
4.04918831686 6.6143014312 -8.95240714223
4.05407740896 6.62029432628 -8.92737141282
4.05967548348 6.62894473004 -8.89756264934

/group/RPA_007/72
72
posId 72
4.14419885003 6.65027187496 -8.81198394768
4.16098867706 6.63517377365 -8.75056041397
4.16908894384 6.60833140673 -8.72745872383
4.16851784624 6.57112968349 -8.74214430778
4.16792879816 6.52620834898 -8.7594791779
4.16820447906 6.49238816911 -8.76968323054
4.1630331283 6.48342306741 -8.79314930739
4.15319894637 6.48501301625 -8.83154896414
4.14611448521 6.47803767574 -8.86192394209
4.1426155174 6.47106947731 -8.87810260646
4.13730087236 6.484331789 -8.89471234698
4.13037765596 6.51534134356 -8.91176266276
4.12686792762 6.5471965752 -8.91501752687
4.12643293433 6.57778403402 -8.90652382231
4.12619235399 6.61313258979 -8.89567036388

/group/RPA_007/75
75
posId 75
4.21169164872 6.56597614112 -8.82067545009
4.22387233935 6.57042086018 -8.7752864497
4.22828716946 6.58613194008 -8.75785176589
4.22861269462 6.62619315918 -8.75385224787
4.22339573744 6.65149866104 -8.77139403755
4.2177660309 6.66854842428 -8.79103929773
4.212581 6.69396754235 -8.8084550068
4.20217901192 6.69585270174 -8.84681970142
4.19598547926 6.67381174339 -8.871278691
4.19743865666 6.64008040275 -8.86825390325
4.19554080363 6.5894553871 -8.87880933664

/group/RPA_007/78
78
posId 78
4.17406448902 6.88434953024 -9.19795531926
4.18075638452 6.90292799269 -9.17612566899
4.18521764819 6.92885367359 -9.16291845494
4.18075638452 6.94354811051 -9.18016332738
4.17406448902 6.96558976589 -9.20603063604
4.16960322534 6.98028420281 -9.22327550849
4.16291132984 6.96170574036 -9.24510515876
4.15845006616 6.93578005946 -9.25831237281
4.15175817066 6.91720159701 -9.28014202308

/group/RPA_007/81
81
posId 81
4.2089915451 6.75282610808 -9.25850216832
4.20753406887 6.78672271868 -9.27077778145
4.2031616402 6.80858935074 -9.29047430008
4.19004435419 6.79436604718 -9.33243353518
4.18567192551 6.77632107937 -9.34356489342
4.18421444929 6.73039449023 -9.33871018577
4.18567192551 6.69649787963 -9.32643457264

/group/RPA_007/84
84
posId 84
4.23535451393 6.59729246756 -9.27168981288
4.23535451393 6.67566311772 -9.29456403979
4.22330152765 6.70392126519 -9.34343935901

/group/RPA_007/87
87
posId 87
4.37137711222 5.92401233014 -8.67597345405
4.38821832307 5.94750234522 -8.62676788655
4.4008687976 5.95249398201 -8.58560043068
4.40661751165 5.93557495073 -8.56051465383
4.40849995362 5.90686172904 -8.54459712965
4.41180323909 5.88115636049 -8.52486935797
4.41777623617 5.86449120051 -8.49910868709
4.42169908256 5.85079461324 -8.48127537068
4.41780078216 5.83206532478 -8.48824671525
4.40573672173 5.81000099283 -8.52175369833
4.39138206031 5.79537969965 -8.56548943661
4.38095424852 5.79572269308 -8.60090563393
4.37492288074 5.80553837971 -8.62458703892
4.36835743189 5.81082270909 -8.64857022033
4.35712465023 5.8033829011 -8.68412442604
4.34293250816 5.78939201799 -8.72751953166
4.33180886377 5.78305719032 -8.76307157836
4.32813918404 5.79279990845 -8.77873349892
4.33112361302 5.81499575287 -8.77600830104
4.33721033688 5.84078443937 -8.76397495125
4.34491394017 5.86635375097 -8.74639491477

/group/RPA_007/93
93
posId 93
4.30221492922 6.68303849199 -9.15619749868
4.3075847292 6.74178725739 -9.14831077054
4.30193992548 6.76395860334 -9.1698769601
4.29568129943 6.77709758242 -9.19197822076
4.28918451315 6.79605914883 -9.21576241432
4.27755608712 6.7907683898 -9.25212792196
4.27054613687 6.76435893503 -9.27037723642
4.27133430458 6.72880984486 -9.26223265409
4.27082114061 6.68343882368 -9.25669777499
4.27092179897 6.64710016937 -9.25062782479
4.27741858525 6.62813860297 -9.22684363124

/group/RPA_007/96
96
posId 96
4.48478238114 6.773048873 -8.57233011463
4.48783504923 6.81500965967 -8.57168725511
4.48478238114 6.85274201925 -8.59005543211
4.49394038542 6.87900794644 -8.56597020671
4.5030983897 6.88535058706 -8.53745365194
4.51225639398 6.87176994112 -8.5045057678
4.50920372589 6.82980915445 -8.50514862731

/group/RPA_007/99
99
posId 99
4.47981104675 6.7788234908 -8.57442454696
4.48285794366 6.82078938752 -8.57456458196
4.47981104675 6.85817129731 -8.59363678471
4.4889517375 6.88488422933 -8.57004159253
4.49809242825 6.89176020972 -8.54164334092
4.50723311901 6.87879923848 -8.50844202987
4.50418622209 6.83683334176 -8.50830199487

