/group/RPA_015/0
0
posId 0
1.6449669747 6.82715577106 -11.1762967862
1.63407847282 6.86032815988 -11.1635135925
1.62833931544 6.89436738262 -11.1573794227
1.62777274465 6.92801574344 -11.1578782844
1.63172872585 6.96008057892 -11.1641313293
1.63917453217 6.98946323363 -11.1747713401
1.64910554298 7.01523272834 -11.1884733326
1.66090924894 7.03673911258 -11.2044264722
1.67453264447 7.05372327685 -11.2225531931
1.69038277443 7.06636007811 -11.2433829641
1.70899996521 7.07518325938 -11.2676296206
1.73063810456 7.08088263513 -11.2956445867
1.75492694725 7.08402035894 -11.3269725595
1.7807607014 7.08475930356 -11.3601984262
1.80646734561 7.08271019517 -11.39315928
1.83020084932 7.07697487921 -11.4234500389
1.85040954185 7.06639827815 -11.4490345343
1.86620439711 7.04996424829 -11.468733227
1.87749247156 7.02721067267 -11.4824098246
1.88483546905 6.99852170341 -11.4908001798
1.88910207166 6.96518952784 -11.4950677534
1.89106076753 6.92921379356 -11.496273044
1.89107623454 6.89289680358 -11.4949686502
1.88902179186 6.85836345748 -11.4910692574
1.88442572568 6.82716006766 -11.4840250521
1.87677107149 6.80005620561 -11.4731997457
1.86580794513 6.77710011623 -11.4582739714
1.85173926278 6.75788884078 -11.4394938032
1.83520231462 6.74194229474 -11.4176607158
1.81706229746 6.72904192306 -11.393878603
1.79811837633 6.71941769329 -11.3691828562
1.77886136508 6.71373059237 -11.3442283221
1.75939810333 6.71287524385 -11.3191849217
1.7395817147 6.71768871723 -11.2938944276
1.71929242588 6.7286752122 -11.2682213046
1.69874205615 6.74583659933 -11.2424378293
1.67865856731 6.76864788261 -11.2174603611

/group/RPA_015/3
3
posId 3
1.61201267845 6.87579230502 -11.160690801
1.60742899011 6.9212792506 -11.1566954903
1.60844389368 6.96586979813 -11.1597276433
1.61485294732 7.00527188567 -11.1693607309
1.62576276597 7.03621934207 -11.1843394199
1.64001201602 7.05735761932 -11.2031454594
1.65665112557 7.0695042367 -11.2246130731
1.67524221012 7.07516973826 -11.2482884976
1.69583051909 7.07751056513 -11.2743528235
1.71860234823 7.07910648642 -11.3031424171
1.74340343005 7.08101984717 -11.3345044049
1.76936919128 7.08247571734 -11.367317674
1.79487486817 7.08125218577 -11.3994452756
1.8178672825 7.07459416015 -11.4281888644
1.83645836704 7.0602758237 -11.4510791781
1.84952869182 7.03740906142 -11.4666691526
1.85707082043 7.00672945328 -11.4749783059
1.86010883823 6.97032080478 -11.4773803991
1.86021525935 6.93096027608 -11.4759682819
1.85882605756 6.89138655233 -11.4726610453
1.85664647457 6.85377195307 -11.4684337035
1.85340171679 6.81954113258 -11.4629955724
1.84803434016 6.78949989306 -11.4550443333
1.83925278561 6.76410559241 -11.4429686396
1.82618246083 6.74368357547 -11.4256779662
1.80883080223 6.72847380859 -11.4031911218
1.78816774673 6.71852629939 -11.3767336564
1.7658004065 6.71357523739 -11.3483225154
1.74340343005 6.71304721974 -11.3200477573
1.72217113301 6.71628270117 -11.2933901119
1.70253764052 6.72291174122 -11.2688826984
1.68427869038 6.73320081034 -11.2462530767
1.66692703179 6.74814988083 -11.2249510914
1.65028792223 6.76920051679 -11.2047877078
1.63479924624 6.79758856495 -11.186363875

/group/RPA_015/6
6
posId 6
1.53506174042 6.92193644829 -11.1322441538
1.54411474955 6.96429123505 -11.1452142061
1.55586563212 7.0018287976 -11.1613043856
1.56956366546 7.03211278606 -11.1794851149
1.58487143513 7.05436275947 -11.1993070874
1.60180707075 7.06925126845 -11.2208213867
1.62051974423 7.07823522538 -11.2442741551
1.64100052404 7.08273208376 -11.2697149395
1.66285646012 7.08349007511 -11.2966912786
1.68524826151 7.08039446018 -11.3241635942
1.70702274784 7.07274875281 -11.3506804916
1.72698933472 7.05986032321 -11.3747446298
1.74422929084 7.04163331832 -11.3952193033
1.7583124667 7.01888053694 -11.4116089499
1.76933425123 6.9932027055 -11.4240995525
1.77775953705 6.9664861295 -11.4333448183
1.7841394592 6.94024768532 -11.4400889909
1.78881776586 6.9151306398 -11.4447833248
1.79174593563 6.89079241634 -11.4473533668
1.79247921372 6.86625275481 -11.4472089446
1.79034980459 6.8405629766 -11.4434862708
1.78474065752 6.81350576123 -11.4354153619
1.77534404568 6.78600812031 -11.4226564576
1.76229940101 6.76006308035 -11.4054665971
1.74615945179 6.73816249183 -11.384633642
1.72770869711 6.72245712273 -11.3612166082
1.70772126537 6.71398855444 -11.3362143392
1.68676924079 6.71232261572 -11.3103135503
1.66516748353 6.71575815929 -11.2838297224
1.64307786239 6.72204990434 -11.2568664821
1.62072214334 6.72936668359 -11.2296189893
1.59860068975 6.73709822449 -11.2026780183
1.5776066868 6.74617220356 -11.1771843192
1.55896682026 6.75873201222 -11.1547417196
1.54401232337 6.77727952497 -11.1370982488
1.53385828435 6.80360349235 -11.125705006
1.52911242022 6.83790478431 -11.1213197653

/group/RPA_015/9
9
posId 9
1.60499775433 7.05966746493 -11.3176764417
1.62980646128 7.04375486502 -11.3466325496
1.65194575723 7.02283389128 -11.3721573107
1.67059050167 6.99799627918 -11.3933140619
1.68531305055 6.97036120889 -11.4096433536
1.69605290905 6.9409162094 -11.4211191409
1.70301169781 6.91044974881 -11.4280198607
1.70651190737 6.87957987969 -11.4307606629
1.70686346701 6.84885061554 -11.4297381802
1.70427475907 6.81884588772 -11.4252293377
1.69882734684 6.79026667564 -11.4173647177
1.69051210167 6.76393134252 -11.4061718303
1.67930534202 6.74068758468 -11.3916621393
1.66525271032 6.72125753704 -11.3739242125
1.64852876882 6.70606469876 -11.3531869462
1.62945110691 6.69510339442 -11.3298303248
1.60844524974 6.68790395351 -11.3043417698
1.58597494188 6.68362117044 -11.2772368234
1.5624653749 6.68123708449 -11.2489767535
1.53825028359 6.67983251157 -11.2199179663
1.5135662905 6.67885633707 -11.1903178841
1.48860167666 6.67831567564 -11.1604022704
1.46358699376 6.67882643938 -11.1304760961
1.4388980042 6.68149893208 -11.1010414157
1.41513307533 6.68767749011 -11.0728778022
1.39313062447 6.69859455478 -11.0470469855
1.37390721719 6.71502598686 -11.0248025466
1.35851957256 6.73703793041 -11.0074128056
1.34787758824 6.76389440193 -10.9959326157
1.34255342688 6.79415423022 -10.9909793351
1.34263796462 6.82593675766 -10.9925734323
1.34768791004 6.85729118909 -11.0000925207
1.3567861012 6.88657686158 -11.0123614145
1.36870907327 6.91275866654 -11.0278666342
1.382167532 6.93554430754 -11.0450507737
1.39606472928 6.95533193469 -11.0626193946
1.40971084602 6.97298655064 -11.0797872046
1.42294063361 6.98950789338 -11.0964033105
1.43610468243 7.00567936745 -11.1129242733
1.44993586243 7.02179005147 -11.130241139
1.46532354603 7.03749970427 -11.1494027748
1.48305098155 7.05187662997 -11.1713032031
1.50355966457 7.06359165476 -11.1964085945
1.52679664102 7.07121124457 -11.2245882114
1.55217867394 7.07350974533 -11.2550861711

/group/RPA_015/12
12
posId 12
1.55653606159 6.97801709552 -11.3671504762
1.57568577526 6.9487404446 -11.3876838509
1.59066248403 6.91646938802 -11.4032518887
1.60092315819 6.88234071045 -11.4132883754
1.60616502153 6.84765678336 -11.4175126108
1.60634254631 6.81380071331 -11.4159445493
1.60166077759 6.7821256777 -11.4088913137
1.59254695042 6.75382682744 -11.3969077827
1.579604627 6.7298099814 -11.3807368678
1.56355612927 6.71057570414 -11.3612371097
1.54517976221 6.69613892532 -11.3393061316
1.52524823166 6.6860021529 -11.3158082753
1.50447388768 6.67919438079 -11.2915135431
1.48346516787 6.67437862981 -11.2670530368
1.46269710069 6.67002007134 -11.2428937723
1.4424971632 6.66459577106 -11.2193333644
1.42304633329 6.65681832742 -11.1965129488
1.40439393222 6.64584089857 -11.1744450198
1.38648386345 6.6314115159 -11.1530517447
1.36918911815 6.61395047627 -11.1322087771
1.35235092107 6.59453527777 -11.1117895752
1.33581862091 6.57479138392 -11.0917056488
1.31948639293 6.55670178499 -11.0719388808
1.30332305004 6.54236134999 -11.0525630165
1.2873917886 6.53371103163 -11.0337525008
1.27185756019 6.5322904633 -11.0157780192
1.2569809514 6.53904471137 -10.9989893272
1.24309891133 6.55421236479 -10.9837871834
1.23059425876 6.57730923599 -10.9705873594
1.21985743739 6.60720694847 -10.9597806846
1.21124523726 6.64229117753 -10.9516937663
1.20504193271 6.68067273883 -10.9465552608
1.20142831521 6.72041795194 -10.9444722514
1.20046332796 6.75976370581 -10.945420346
1.20208146467 6.7972873226 -10.9492495738
1.20610693961 6.83201055999 -10.9557061581
1.21228315542 6.8634290497 -10.9644680141
1.22031356042 6.89147090521 -10.9751896613
1.22990799468 6.91639896017 -10.9875505094
1.24082743185 6.93867840025 -11.0012994843
1.25291987822 6.9588344616 -11.0162889436
1.26614118281 6.97732331629 -11.0324918962
1.28055654531 6.99443401528 -11.0499986057
1.29632130927 7.01023180425 -11.0689914908
1.313642782 7.02454495197 -11.0897004404
1.33272784098 7.03699005217 -11.1123437653
1.35372348726 7.04702579483 -11.1370625132
1.37665889322 7.05402305489 -11.1638573601
1.40139762617 7.05733972928 -11.1925374754
1.42760756878 7.05639138363 -11.2226895605
1.45475376699 7.05071237934 -11.2536728076
1.48211635939 7.04000558075 -11.2846421626
1.5088323442 7.02418103721 -11.3145984781

/group/RPA_015/15
15
posId 15
1.46819100187 6.93039700596 -11.3836761175
1.4819325064 6.89735063252 -11.396737523
1.48912408493 6.86231307939 -11.4025190979
1.4895834671 6.82753363036 -11.4009551788
1.48368948902 6.79516417016 -11.3925878166
1.47231558862 6.76693943516 -11.3784750664
1.45669750186 6.74391359715 -11.3600306801
1.43825835149 6.72630237138 -11.3388234825
1.41842046246 6.71346200156 -11.316370366
1.39843394565 6.70401223416 -11.2939561742
1.37924743872 6.6960843358 -11.2725071067
1.36143747995 6.68765233194 -11.252533177
1.34520169468 6.67689037578 -11.2341419929
1.33040955585 6.66249444528 -11.2171133693
1.31669511601 6.64391330736 -11.2010144397
1.30357046002 6.62145053709 -11.1853297639
1.29053752654 6.59622303155 -11.1695811264
1.27717925786 6.569987317 -11.1534168787
1.26321773534 6.54486805408 -11.136659374
1.24853537669 6.52303916815 -11.1193092004
1.23316348782 6.50641411529 -11.1015142625
1.21724872165 6.49639711148 -11.0835183299
1.20101107835 6.49373301218 -11.0656061964
1.18470655165 6.49847307519 -11.0480608047
1.16860379422 6.51005135394 -11.0311422714
1.15297837587 6.52744647898 -11.01509122
1.13812191593 6.54938992774 -11.0001511394
1.12435822324 6.57457693852 -10.9865985604
1.11205589402 6.60184047295 -10.9747671658
1.10162729022 6.63026062065 -10.9650531719
1.09350735603 6.65919855595 -10.9578941849
1.08811146704 6.68826172329 -10.9537210457
1.08577801801 6.71722146411 -10.952890163
1.08670707636 6.7459127635 -10.9556104826
1.09090964751 6.77414662343 -10.9618828096
1.09818191874 6.80165897897 -10.971468612
1.10811503877 6.82810796333 -10.9839005515
1.12014416898 6.85311681839 -10.998538664
1.13363206982 6.87634644801 -11.0146660613
1.14797418497 6.89757278902 -11.0316084243
1.1627059548 6.91674200455 -11.0488546158
1.17759047897 6.93398157449 -11.066153188
1.19266650237 6.94955652505 -11.0835622483
1.20824294346 6.96377468615 -11.1014378488
1.224835799 6.97685948151 -11.1203574417
1.24305445656 6.98881974127 -11.1409878419
1.26345501661 6.99935050952 -11.1639189597
1.28638598868 7.00779534204 -11.189492849
1.31185497699 7.01318947473 -11.2176605088
1.33944285636 7.01438658185 -11.2478955757
1.36828464816 7.010253081 -11.2791849578
1.3971250666 6.99989716059 -11.3101031733
1.42444355656 6.98288874583 -11.3389621323

/group/RPA_015/18
18
posId 18
1.27899818171 6.82073989335 -11.2990500447
1.27611969921 6.85619372462 -11.2985822064
1.26725633815 6.88961656763 -11.2919120835
1.25259578088 6.91907916417 -11.2790965807
1.23302626829 6.94277602094 -11.2609107414
1.20998986272 6.9593422641 -11.2387209934
1.18522540006 6.96810347603 -11.2142420352
1.16045599531 6.96920160162 -11.1892290043
1.13708808633 6.96356681732 -11.1651706971
1.11598594706 6.95273929802 -11.1430488689
1.09736814102 6.93857814232 -11.1232132559
1.08084465424 6.92291952955 -11.105395586
1.06558194192 6.90725671231 -11.08885466
1.05055516075 6.89250833174 -11.0726158415
1.03482881874 6.87892037246 -11.0557485568
1.0178029098 6.86611599547 -11.0376190443
0.999371922319 6.85327393774 -11.0180637311
0.979966106038 6.83938806627 -10.9974489511
0.960472537024 6.82354451651 -10.9766101267
0.942061006529 6.80515215019 -10.9566913226
0.925960093296 6.78407657227 -10.9389276835
0.913237389864 6.76065372614 -10.924423764
0.904633145928 6.73558956271 -10.9139781001
0.900480266186 6.7097798781 -10.9079897365
0.900720155901 6.68410243328 -10.9064599242
0.904999464865 6.65923771791 -10.9090777377
0.912813520693 6.63556451792 -10.9153581478
0.923652857966 6.61315473668 -10.9247900829
0.937111793395 6.59186448528 -10.9369526936
0.952931409478 6.57149243371 -10.9515698231
0.970969740966 6.55195848099 -10.9684921452
0.991113795415 6.53345049751 -10.9876181809
1.01316536912 6.51649548624 -11.0087835551
1.03674076543 6.50193169837 -11.0316574965
1.06122125305 6.49078474706 -11.0556841035
1.08577721491 6.48407669347 -11.080093624
1.1094680628 6.48261567127 -11.1039891336
1.13139766648 6.48681996994 -11.1264918241
1.1508872908 6.49662283148 -11.146909598
1.1676197989 6.51148433776 -11.1648839519
1.18171273718 6.53050963587 -11.1804721666
1.19369335545 6.55264524697 -11.1941355586
1.20437209905 6.57690439591 -11.2066268973
1.21463692092 6.60256365242 -11.2187956408
1.22521239819 6.62927915106 -11.23135197
1.23643944188 6.65709005385 -11.2446438965
1.2481299883 6.68630512184 -11.2585022483
1.25953626838 6.7172983503 -11.2721954336
1.26944918661 6.75026407421 -11.2845121807

/group/RPA_015/21
21
posId 21
1.13845180168 6.7343515553 -11.2811094914
1.13275382829 6.78327008696 -11.2800266513
1.12350559555 6.82843208124 -11.2754358899
1.11090598376 6.86692703735 -11.2672754427
1.09531174536 6.89659751581 -11.2556880306
1.07722247991 6.91637688936 -11.2410352802
1.05723973197 6.92640937352 -11.2238708237
1.03600567352 6.92792627876 -11.2048748415
1.01413283544 6.92291150382 -11.184763102
0.992139828941 6.91363955034 -11.1641908469
0.970407779856 6.90219764642 -11.1436740128
0.949168088933 6.89010281612 -11.12354652
0.928525006427 6.87809574807 -11.1039635427
0.908508111961 6.86614453466 -11.0849490771
0.889142281332 6.85363637451 -11.066474812
0.870518092545 6.8396890717 -11.0485493076
0.852845151012 6.823488697 -11.0312939595
0.836474700202 6.80456103726 -11.014985823
0.821885185408 6.78291076344 -11.00005613
0.809633310493 6.75900497629 -10.9870448537
0.800281315834 6.73362404441 -10.9765228774
0.794316648111 6.70763906211 -10.9690012398
0.792081567252 6.68179184247 -10.9648495385
0.793727303106 6.65654630683 -10.9642423496
0.799201020568 6.63205271597 -10.9671445293
0.808265826206 6.60822760864 -10.9733358455
0.820546471418 6.58491480172 -10.9824654575
0.83558818546 6.56206789705 -10.9941199995
0.852914396963 6.53988980625 -11.0078871054
0.872071154516 6.5188809096 -11.0233993956
0.892651001988 6.49977911401 -11.0403510167
0.914295335636 6.48341197783 -11.0584875264
0.936680043374 6.47051132589 -11.0775776203
0.959492949189 6.46155455787 -11.0973796873
0.982412405155 6.4566894493 -11.117616309
1.00509434645 6.45577257819 -11.1379657821
1.02717114911 6.45851362295 -11.1580730317
1.04826113253 6.4646804596 -11.1775751403
1.06798402188 6.47429522143 -11.196131498
1.08597622531 6.48774777676 -11.2134469494
1.10190075325 6.50577275753 -11.2292788261
1.11544955311 6.52927459004 -11.243424569
1.12633983286 6.55903132438 -11.255693908
1.1343091891 6.59534892689 -11.2658758661
1.13911580124 6.63776060932 -11.2737140521

/group/RPA_015/24
24
posId 24
1.29907141434 6.89797465948 -11.5328787749
1.35483423487 6.90411043058 -11.5774291262
1.37873527945 6.87268937571 -11.5931188326
1.38898863438 6.85801821722 -11.5997303994
1.40799037881 6.83341704823 -11.6122419032
1.40799037881 6.79213544178 -11.6081133111
1.38970594171 6.77630599596 -11.5921235049
1.36071339506 6.77485121967 -11.5691341692
1.32610424093 6.78002927546 -11.5423827417
1.31049683122 6.80188776871 -11.5322714101
1.29684914157 6.81930160293 -11.5232596711

/group/RPA_015/27
27
posId 27
1.23688483114 6.88238947756 -11.5645934075
1.27028418285 6.91983963398 -11.5921485114
1.29957795323 6.93564085384 -11.6142605004
1.32085243627 6.9290866744 -11.6281445861
1.34010571126 6.91237985743 -11.6394099322
1.36354157337 6.89722513196 -11.6537475299
1.38891974908 6.88360939124 -11.6696105125
1.40752007543 6.86239375696 -11.6798816398
1.41361635308 6.82779643403 -11.6799137487
1.40995294249 6.78539350575 -11.6722723909
1.40308172957 6.74728000968 -11.6629357392
1.39476129958 6.72090503103 -11.6540152936
1.380159037 6.70453174864 -11.6419681477
1.35507496536 6.69345079634 -11.6233292406
1.32319668661 6.68811511002 -11.6006968206
1.29407517426 6.69375683099 -11.58128999
1.2736508057 6.7122882958 -11.5694369321
1.25851197723 6.73738525204 -11.5620216068
1.24121548495 6.76006285453 -11.5528261675
1.22104127119 6.7788748139 -11.5411794921
1.20761525212 6.80211563929 -11.5347217436

/group/RPA_015/33
33
posId 33
1.52513445742 6.97863890662 -11.8698593663
1.50362937985 7.03694923813 -11.868057768
1.50721355944 7.08086023388 -11.8776421491
1.52155027782 7.09561606388 -11.8881273294
1.56097625337 7.09597255813 -11.9099984892
1.59323386973 7.08895113738 -11.9266270588
1.6147389473 7.07086284413 -11.9353917432
1.61115476771 7.02695184837 -11.9258073621
1.6147389473 6.99041876762 -11.9214655711

/group/RPA_015/36
36
posId 36
1.50835341916 6.9714408649 -11.9091041211
1.48465573121 7.02086443648 -11.9068478237
1.50624653087 7.0488293177 -11.9239066943
1.52318897163 7.06150707562 -11.9353882824
1.54083370849 7.08000314615 -11.9484336789
1.57844736165 7.08022239542 -11.9681838078
1.61384548094 7.070020846 -11.9846313827
1.6314902178 7.054542977 -11.9906938159
1.6341112225 7.01074855531 -11.9830654558
1.62927468393 6.97016381551 -11.9721899474
1.61768289817 6.95770646568 -11.9635567663

/group/RPA_015/39
39
posId 39
1.52924623781 6.95354339759 -11.9730099636
1.49650447277 7.00309701901 -11.9677588993
1.50441303109 7.0462055197 -11.9823732288
1.52373696061 7.06760754079 -11.9977449749
1.53632640756 7.08157754801 -12.0077660615
1.55787348265 7.09665750135 -12.0227777392
1.59535906357 7.10068263318 -12.0435120287
1.62875498952 7.08777675485 -12.0579880577
1.64826238689 7.06914849202 -12.0637567332
1.66682924671 7.04960664786 -12.0688082728
1.68483846958 7.02175505606 -12.0715523343
1.68423076229 6.98877866991 -12.0632414658
1.66576987736 6.96499730878 -12.0477480973
1.64931507343 6.950755486 -12.0356236855
1.63132488158 6.93591282467 -12.0225443685

/group/RPA_015/42
42
posId 42
1.50238681592 6.93960015299 -12.0188450726
1.47728212629 6.98038801127 -12.0163033747
1.4814088681 7.02751334114 -12.0317536625
1.49812177096 7.05129050976 -12.047668573
1.51382231156 7.06086048382 -12.0590541939
1.53614904915 7.07410602896 -12.0751435037
1.57006844358 7.08122287509 -12.0959547553
1.60316086003 7.06766808509 -12.110534351
1.62620091168 7.04417535441 -12.1167600646
1.64362354477 7.02558934571 -12.1212385917
1.65431496911 7.00641693913 -12.1218178291
1.64714810227 6.98186361644 -12.1109838138
1.62376550513 6.96500846819 -12.0933005368
1.60012073501 6.9603419927 -12.0788755485
1.57838344167 6.95087756067 -12.064169261

/group/RPA_015/45
45
posId 45
1.43392325366 6.50696091973 -11.9077930094
1.44235727129 6.54450657583 -11.9239575368
1.45823911399 6.57633469733 -11.9426461097
1.47865513851 6.59934899846 -11.9612592578
1.5015685206 6.61262768495 -11.9783554251
1.52643337143 6.61759117689 -11.9940522963
1.55389692945 6.61726276468 -12.0096332785
1.58481510457 6.61491129146 -12.0265751435
1.6191538579 6.61264331859 -12.0454952197
1.6553867662 6.61054055792 -12.0655466989
1.69071619621 6.60670011808 -12.0845570808
1.72199768709 6.59813937865 -12.0998294689
1.74687369534 6.58215649403 -12.1092011267
1.76451991544 6.55755954381 -12.1118411301
1.77562527447 6.52526574981 -12.1084200744
1.78164487792 6.48807369499 -12.1006146928
1.78375747408 6.44977603033 -12.0902444154
1.78211428892 6.41403706552 -12.0785032168
1.77580069119 6.38350086282 -12.0656681266
1.76353455371 6.35942414295 -12.0513869936
1.74470934712 6.34184972457 -12.0353264643
1.72018186013 6.33009794135 -12.0177702737
1.69232126368 6.32326764596 -11.999798699
1.66422274297 6.32052673088 -11.9829274029
1.63844422955 6.32116135946 -11.9684010548
1.61590676178 6.32452144192 -11.9565490129
1.59555179968 6.33004727802 -11.9465977224
1.57498651857 6.33746637718 -11.9370986385
1.55185041227 6.3470765771 -11.926794065
1.525257697 6.35989726022 -11.9154864002
1.49660775731 6.37747166159 -11.9044411023
1.46934832477 6.40125974934 -11.8960679585
1.44778031617 6.43179916803 -11.892985084

/group/RPA_015/48
48
posId 48
1.41724167144 6.981242756 -12.0937856753
1.40380371846 7.04679264471 -12.1063163808
1.41724167144 7.05926210665 -12.1178307101
1.45755553038 7.05766081713 -12.1403511804
1.488910754 7.04774655299 -12.1551954312
1.51130734231 7.02951931422 -12.1623634625
1.50682802465 6.98635315159 -12.1465028354

/group/RPA_015/51
51
posId 51
1.07305585573 6.78023562809 -11.8881892436
1.03101262345 6.79964615225 -11.8706177421
1.01900027137 6.76885503265 -11.8548093328
1.01299409532 6.76324250691 -11.8498095844
0.98296321512 6.75474594632 -11.8306197548

/group/RPA_015/54
54
posId 54
1.04698978842 6.78790489571 -11.930329488
1.01301326288 6.82918616332 -11.9236355748
0.981534849716 6.82750486729 -11.9066326142
0.968269811257 6.80369443407 -11.8932179767
0.96091387596 6.77652354956 -11.8820006675
0.944556439194 6.75076482274 -11.8664333075
0.932391954001 6.73325536888 -11.8553017792
0.941464040887 6.71747053428 -11.8558008176
0.963984961866 6.6901077551 -11.8602377954
0.987148057296 6.6667270433 -11.866089598
1.01225649372 6.66850967677 -11.8797712895
1.03938335132 6.68118362414 -11.8974603959
1.05926886832 6.69313114466 -11.911146231

/group/RPA_015/57
57
posId 57
1.0578650421 6.82713021528 -11.9996122025
1.08338940638 6.78015529336 -12.0010967391
1.09138581582 6.73745426021 -11.9950469133
1.08563685816 6.70468435492 -11.9846204141
1.0732375648 6.68121127008 -11.9731221112
1.05608843596 6.66413268654 -11.9608011414
1.0307290241 6.65241753319 -11.9457335658
0.995960333893 6.6475738973 -11.9276870261
0.958240840419 6.65147181984 -11.9102396583
0.927629811674 6.66443081661 -11.8983608246
0.908634454757 6.68525616151 -11.8939656559
0.896783421976 6.71209917289 -11.8944479523
0.885249647263 6.74249154422 -11.8959109373
0.873947661669 6.77292256929 -11.8974957128
0.87035974816 6.79971072567 -11.9019861855
0.880888760331 6.82136899924 -11.9121518879
0.902764168746 6.83995548386 -11.9271237759
0.926196172126 6.85886286372 -11.9429278302
0.944697540622 6.87807984278 -11.9564046461
0.961829883755 6.89147334785 -11.9678595453
0.986402321729 6.88970326833 -11.9794047473

/group/RPA_015/60
60
posId 60
1.08167641343 6.75542350073 -12.0497289576
1.06818968827 6.80094934165 -12.0523286274
1.05184507683 6.83895415784 -12.0522519544
1.0324282081 6.86376099457 -12.0483370929
1.00765040542 6.87547461652 -12.0395926438
0.976179460341 6.87899294557 -12.0263507635
0.940227744806 6.87963085571 -12.010587912
0.905363309518 6.8787294083 -11.9950160349
0.877508350044 6.87268321588 -11.9815737098
0.859471530227 6.85610999074 -11.9704899998
0.849795791483 6.82660201532 -11.9606686076
0.84480651446 6.78730686849 -11.9510778329
0.842112333967 6.74541096689 -11.9420121032
0.842660569154 6.70788348914 -11.9351999753
0.849731771475 6.67787180938 -11.9326823688
0.865856001057 6.65434050261 -11.9353823779
0.890331356541 6.6347345796 -11.9425096354
0.919408728399 6.61806943316 -11.952222774
0.948858988226 6.60585175884 -11.9629366726
0.976612291997 6.60043569735 -11.9741794405
1.0031911029 6.60275330554 -11.9863570975
1.02967753132 6.61174837603 -11.9997491555
1.05516534029 6.62602155666 -12.0136922098
1.07610369816 6.64590734087 -12.0266804497
1.08824786484 6.67361447345 -12.0372538268

/group/RPA_015/63
63
posId 63
1.01997053282 6.75446360804 -12.0809677926
0.988360942754 6.78997735279 -12.07353674
0.955167737262 6.79389671939 -12.0607491458
0.916958277446 6.79026458921 -12.0448127989
0.879220249483 6.79156516549 -12.0298030692
0.859479877541 6.77810753006 -12.0198401713
0.859171321201 6.73735565649 -12.0136296818
0.860592061112 6.68919853266 -12.007009941
0.860429185599 6.65600793658 -12.0019873992
0.877243417787 6.63711694974 -12.0059402326
0.916565061174 6.62631221137 -12.0201685524
0.95812627497 6.62617860669 -12.0368928583
0.987772453015 6.63396931858 -12.0500002867
1.01282799096 6.64145530274 -12.0612127193
1.03544868503 6.65713922819 -12.0726685369

/group/RPA_015/66
66
posId 66
0.731461489124 7.0148634906 -12.0640448891
0.758701632324 7.0596222441 -12.0797365415
0.769948776344 7.10167468939 -12.0891060586
0.761343435009 7.13152416663 -12.0895432855
0.738265417214 7.1495237668 -12.0831065577
0.7106890674 7.16296346251 -12.07442578
0.685083509859 7.17805172379 -12.0666853347
0.660227770002 7.19424926872 -12.0593617678
0.630602880183 7.20561238435 -12.04965905
0.593869478758 7.20694878917 -12.0360642378
0.55518877805 7.19838998548 -12.0205266172
0.52432271175 7.1842471811 -12.007231251
0.508370060348 7.16807617239 -11.9992730688
0.506950436882 7.14949136571 -11.9964623097
0.513979797939 7.12596559134 -11.9962102586
0.523752202403 7.0972991518 -11.996355236
0.535243380271 7.06755411292 -11.9970117219
0.550920176536 7.0420519845 -11.9997562566
0.572170195184 7.02254856641 -12.0053238861
0.596713221419 7.00603402748 -12.0124914519
0.620815509216 6.98907271736 -12.0194391498
0.643627944456 6.97362479842 -12.0260893117
0.668387678979 6.96807208799 -12.034682282

/group/RPA_015/69
69
posId 69
0.731263950079 6.98752528555 -12.1219542156
0.76517327554 7.02203571447 -12.1375522639
0.783104732184 7.0573081923 -12.1475802172
0.784299274625 7.08916614821 -12.1513330565
0.77286259136 7.11639230892 -12.150135295
0.754285832371 7.13931956152 -12.1459633987
0.73210423432 7.15824314808 -12.1400982888
0.706858146459 7.17299353969 -12.1327133097
0.67750648675 7.18356558084 -12.1234397968
0.643655127496 7.1906125388 -12.1122066799
0.606746897334 7.1948833621 -12.0996024373
0.569631758412 7.19597587059 -12.086592769
0.535395416168 7.19177486599 -12.0740476535
0.506682367819 7.17957598152 -12.0626194665
0.485853139582 7.15837751795 -12.0530381698
0.475199625266 7.13051199699 -12.0463580181
0.476298068235 7.10098767377 -12.0436599358
0.488604947254 7.07464713458 -12.0452579812
0.508589160925 7.05315228632 -12.0500772966
0.530758937061 7.03421666828 -12.0559369685
0.550560680265 7.01392542127 -12.0608175878
0.567354166708 6.99057259076 -12.0643144304
0.585099204407 6.96713379787 -12.0681387541
0.609753782433 6.95039210454 -12.0751064039
0.644802585884 6.94719663108 -12.0871655726

/group/RPA_015/72
72
posId 72
0.710132474747 6.97957598058 -12.1751362421
0.741388344942 7.01143536848 -12.1886796882
0.760540759689 7.04799945779 -12.1985691822
0.765592781351 7.08382494118 -12.2036213692
0.758489513953 7.11549280845 -12.2041749212
0.74310275763 7.14168824104 -12.2014164588
0.722428510765 7.16215879443 -12.1963355856
0.697065830409 7.17679484536 -12.1891246548
0.665968826557 7.18558584909 -12.1794289908
0.628685339 7.18912645496 -12.1671511861
0.587220424554 7.18874018785 -12.1530928262
0.546081916472 7.18571563002 -12.1388986062
0.51054931625 7.18017284551 -12.1263651162
0.484513720822 7.17067639208 -12.1166742442
0.469363853504 7.15523399689 -12.1101096721
0.464379152659 7.13311118502 -12.1063591743
0.467899644134 7.1060237409 -12.1050215334
0.478180701025 7.07759502287 -12.1058449458
0.493492755809 7.05132344634 -12.1085710394
0.51195353504 7.0285966856 -12.1126927974
0.531846727449 7.00838553671 -12.1175337505
0.552529152497 6.98897885971 -12.122716685
0.575120591825 6.97046251773 -12.1286282948
0.601971688861 6.95595279012 -12.1363543579
0.634765380468 6.95047140191 -12.1469326948

/group/RPA_015/75
75
posId 75
0.623170238057 6.51226225825 -12.1659023259
0.605155090422 6.55953368082 -12.1641778868
0.576386583322 6.59083154107 -12.1575251101
0.546203870119 6.6033097393 -12.1487490407
0.520364175694 6.60309590582 -12.1402743403
0.49773821405 6.59926580483 -12.132532236
0.473348370004 6.59596828929 -12.1242599067
0.444782754774 6.58970559892 -12.114359465
0.416014247674 6.5739426354 -12.1035543961
0.395198204189 6.54640658862 -12.0943129392
0.388615305449 6.51212526514 -12.0891340127
0.396267495219 6.47954271306 -12.0887632919
0.41274385822 6.45368313421 -12.0918733957
0.431942803732 6.43291039358 -12.0963232671
0.451008722994 6.41205609713 -12.1007224108
0.470305050481 6.38848392886 -12.1049571493
0.490542953205 6.36513856531 -12.1095200223
0.510801319096 6.34804066787 -12.1146408209
0.529589371441 6.34133309506 -12.1201972352
0.547268600955 6.34509477596 -12.126314524
0.566334520217 6.3577471946 -12.1336700476
0.58833436158 6.37971255788 -12.1428073778
0.610221639858 6.41355540592 -12.1529558523

/group/RPA_015/78
78
posId 78
0.599863375633 6.48074411098 -12.2145135327
0.595941649151 6.52878714159 -12.2175449129
0.573708413338 6.55506669024 -12.2127680835
0.541874931249 6.5625460751 -12.2032380709
0.51551198639 6.55963314182 -12.194533011
0.495279406287 6.55063756872 -12.1872488955
0.468916461427 6.5369754472 -12.17758451
0.435412237392 6.52082216161 -12.1654101638
0.413179001579 6.50272523942 -12.1566728974
0.416419727404 6.47931567848 -12.1556218124
0.434853167933 6.44862627166 -12.1587878539
0.448705054455 6.41593547692 -12.1603076263
0.456634558784 6.38949459803 -12.1604880081
0.474616154352 6.37170925498 -12.164660946
0.509360448503 6.36041415626 -12.1747828681
0.547675382242 6.3591274581 -12.18694182
0.575049241522 6.37862539623 -12.1974508664

/group/RPA_015/81
81
posId 81
1.22731141948 6.35876323819 -12.4548111005
1.26970811188 6.37496925325 -12.4698250461
1.30387540796 6.37358100764 -12.4805294554
1.32567047821 6.35268078956 -12.485424962
1.3364485888 6.31685322408 -12.4853842042
1.34102602644 6.27547042828 -12.4828400312
1.34415746668 6.23819464842 -12.4802337651
1.34784122877 6.21025670951 -12.4787044334
1.35097514744 6.19026411783 -12.4777679409
1.35118010613 6.17178782421 -12.4760487552
1.34716940233 6.14770736047 -12.4724511086
1.33982229961 6.11467944157 -12.4669310677
1.3312119459 6.07512875327 -12.4603804163
1.32243270616 6.03577949803 -12.4537956431
1.31202720105 6.00389013386 -12.44741537
1.29644060409 5.98365802736 -12.440517271
1.27247082438 5.97494194458 -12.4320719477
1.24015090457 5.97479371251 -12.4218051855
1.20398916698 5.98043393063 -12.4108787049
1.17142468476 5.99147313831 -12.4016147019
1.14916802385 6.0098712337 -12.3963311478
1.13959582239 6.03781289411 -12.3959929222
1.13951626824 6.07517104121 -12.3995752544
1.1422463296 6.1185069232 -12.4046260986
1.1418737241 6.16243787401 -12.4087501864
1.13713699158 6.20247984543 -12.4111143486
1.13249794283 6.23735195149 -12.413010259
1.13565671233 6.26901890928 -12.4170702628
1.15293863939 6.30028487418 -12.4255716582

/group/RPA_015/84
84
posId 84
1.21002049174 6.35276208813 -12.494933596
1.25636199847 6.37130366912 -12.5114741813
1.29445484311 6.37061509661 -12.5234086444
1.31714299368 6.3487752189 -12.5282810776
1.32431581571 6.31186808476 -12.5266913544
1.32166679394 6.26944286814 -12.5214302344
1.31676085387 6.2281270794 -12.5155735127
1.31502878343 6.18858406072 -12.5109020994
1.31769926388 6.14791970089 -12.5075013165
1.32204538571 6.10493020482 -12.5043860915
1.323055243 6.06330528192 -12.5003616899
1.31546885882 6.02993717634 -12.4944893071
1.29567645155 6.0099508273 -12.4861658739
1.26334079786 6.00300570712 -12.4752495754
1.22235220993 6.00426015596 -12.4624614543
1.18031457751 6.00918881001 -12.4497260166
1.14603683167 6.01793619132 -12.4398347851
1.12571223999 6.03520641916 -12.4352305628
1.11980522737 6.06560330128 -12.4365400413
1.12285648085 6.10843469101 -12.4419703145
1.12688043998 6.15664832128 -12.4482686949
1.12659257292 6.2011079783 -12.4528164025
1.12314216665 6.23677844337 -12.4554503555
1.12369448375 6.2655901892 -12.4586303432
1.13686304345 6.29343617737 -12.4656860272

/group/RPA_015/87
87
posId 87
0.588790163903 6.41422170128 -12.3482851292
0.536826065192 6.43629355245 -12.3344487478
0.520587284345 6.44699453439 -12.3305471927
0.517339528176 6.47753440991 -12.3329201601
0.49135747882 6.45814210786 -12.3226234568

/group/RPA_015/90
90
posId 90
0.55552689931 6.44926687528 -12.3782092952
0.594402386957 6.40744577906 -12.3854465028
0.574470990408 6.38677501277 -12.37681398
0.555845582706 6.36898331334 -12.3689252926
0.535276819363 6.34743015053 -12.3599908435
0.497271990947 6.35048625693 -12.3484944098
0.47713855722 6.37057715078 -12.3445630221
0.457759136506 6.39142495662 -12.3409552759
0.438698399188 6.41349798914 -12.3375901287
0.45732380689 6.43128968857 -12.3454788162
0.477892570233 6.45284285139 -12.3544132653

/group/RPA_015/93
93
posId 93
0.578724995627 6.42761646959 -12.4113107301
0.570554693228 6.47088235233 -12.4140528894
0.549117574912 6.49192142737 -12.4099628375
0.521309506919 6.50406539305 -12.4028088704
0.493284011366 6.50705010258 -12.394469737
0.468114877134 6.49424100184 -12.3850904332
0.44720267538 6.47127095136 -12.3757932488
0.432661423304 6.44550280291 -12.3681331337
0.427347482226 6.4130088106 -12.3625178561
0.432661423304 6.37404553669 -12.359413671
0.44720267538 6.34313400787 -12.3601575357
0.468114877134 6.32705156705 -12.3646894001
0.493284011366 6.31404357463 -12.3709184129
0.521309506919 6.30229019619 -12.378187563
0.549117574912 6.3148728301 -12.3883587553

/group/RPA_015/96
96
posId 96
1.11553727742 6.43002713154 -12.5968389321
1.15148624895 6.47324004339 -12.6134300865
1.1885192146 6.48760105359 -12.6267043583
1.21897864715 6.4762305998 -12.6346878445
1.24401810906 6.4578817207 -12.6401112635
1.26571477357 6.43986084987 -12.644542088
1.28076833665 6.41363938612 -12.6458797538
1.28477325346 6.37583524864 -12.6423332567
1.27853078007 6.33835387454 -12.635657522
1.26571477357 6.31259164603 -12.6284316936
1.24658672535 6.29572850087 -12.6203796874
1.21897864715 6.28124286704 -12.6100052883
1.1849361725 6.27368255599 -12.5985170113
1.15148624895 6.28152214578 -12.5891614429
1.12394773907 6.3011424102 -12.5831258663
1.10305233063 6.32152662885 -12.5792420801
1.09063695217 6.34349028895 -12.5781815785

/group/RPA_015/99
99
posId 99
1.09061477583 6.41144357412 -12.5949385623
1.11286509365 6.46191105008 -12.6084364111
1.14882929742 6.4848117088 -12.6225293266
1.18587795462 6.48166831749 -12.6335275527
1.21635029339 6.47026372466 -12.6414124848
1.24140036497 6.45932442641 -12.6476884585
1.26310622276 6.44128561834 -12.6519996581
1.27816616432 6.40973277183 -12.652484583
1.28217277808 6.3719474957 -12.648744256
1.27592765964 6.3391398046 -12.6425014046
1.26310622276 6.31341158447 -12.6351648783
1.24397006964 6.29194423072 -12.6264441854
1.21635029339 6.27750548344 -12.6160356162
1.18229339432 6.27532412132 -12.6052579276
1.14882929742 6.28320419048 -12.5959874394
1.12127911897 6.29541745732 -12.5891090801
1.10037485676 6.31581700295 -12.5853555892

