/group/femoral_right/0
0
posId 0
3.62093944715 -4.67894111745 -60.7735913742
3.63657437903 -4.66599161337 -60.7202301521
3.64996842314 -4.6522580385 -60.6712803977
3.66113240137 -4.63730231993 -60.626179113
3.67105321481 -4.6219237269 -60.5835399876
3.68138813901 -4.60804198512 -60.5417430529
3.69395921946 -4.5982637461 -60.4996154229
3.71018446194 -4.59524820207 -60.4570173382
3.73060367222 -4.60104202901 -60.4151636792
3.7546325414 -4.61655968914 -60.3765764462
3.78061554617 -4.64134154548 -60.3446613893
3.80616471078 -4.67364286834 -60.3230049193
3.82869167353 -4.710815491 -60.314566326
3.8459880036 -4.74986731235 -60.3209723439
3.85669830336 -4.78804455242 -60.342096666
3.86056463699 -4.82328760552 -60.3760327568
3.85838836467 -4.85445927487 -60.4194651604
3.85173591811 -4.88131745336 -60.4683414332
3.84248447836 -4.90427940561 -60.5186724382
3.83234194646 -4.92407882928 -60.5672628279
3.82247301885 -4.94143470764 -60.6122015886
3.8133223159 -4.95682969238 -60.6530144131
3.80466061113 -4.97044510807 -60.6904731817
3.7958122926 -4.98223841424 -60.7261455715
3.78597229409 -4.99209847191 -60.7618255377
3.77450333288 -4.99999109181 -60.7989990982
3.76112293363 -5.0060189377 -60.838469368
3.74593625902 -5.01036065816 -60.8802032245
3.72932835576 -5.01310871464 -60.9233908425
3.71177821628 -5.0140735338 -60.9666513966
3.69368080468 -5.01264523012 -61.008290248
3.67525453731 -5.0077934799 -61.0465206113
3.6565744733 -4.99824329098 -61.0795994612
3.63771927195 -4.982802916 -61.1058771944
3.61897156316 -4.96076062382 -61.1238036445
3.60098430283 -4.93223045251 -61.1319531059
3.5848303305 -4.89832770904 -61.129120668
3.57188831378 -4.86109542755 -61.1145055142
3.56357431354 -4.82317279263 -61.0879480197
3.56098578979 -4.78727507165 -61.050145702
3.56456416876 -4.75561740528 -61.0027558414
3.57388858168 -4.72944122382 -60.9483094221
3.58768281698 -4.70878195826 -60.889909691

/group/femoral_right/3
3
posId 3
3.67693415343 -4.6710394212 -60.8548198694
3.69352219217 -4.66258473688 -60.8041081845
3.70916316005 -4.65202342838 -60.7533011514
3.72412505085 -4.64037827489 -60.7029185464
3.7390836451 -4.62992737719 -60.6539234357
3.75485656045 -4.62362811416 -60.6077133305
3.77208046946 -4.62434573956 -60.5660259903
3.79092279617 -4.6340959197 -60.5307762191
3.81091337504 -4.65350413759 -60.503847021
3.83095033272 -4.68162138489 -60.4868622067
3.8494863936 -4.71613422846 -60.480969135
3.86485072641 -4.75389828021 -60.4866604073
3.87562229265 -4.79163904911 -60.5036617586
3.88095501243 -4.82662691564 -60.5309089953
3.88076763074 -4.85715244862 -60.5666283098
3.8757483321 -4.88269619081 -60.6085209902
3.86717506722 -4.90378091238 -60.6540362871
3.85660242288 -4.92158483914 -60.7006976384
3.84550038525 -4.9374545408 -60.7464317491
3.83493998076 -4.95246966541 -60.7898418404
3.82540352009 -4.96717749637 -60.8303694653
3.81675898411 -4.98154741329 -60.868305139
3.80839092226 -4.99511782157 -60.9046349261
3.79943824353 -5.00724698264 -60.9407431747
3.78906448242 -5.0173538668 -60.9780235649
3.77668480212 -5.02505235104 -61.0174737623
3.76209499334 -5.03013384569 -61.0593569257
3.74548308145 -5.03242013699 -61.10300309
3.72734186732 -5.03156538218 -61.1467963597
3.70832870781 -5.02691278811 -61.1883554972
3.68912877023 -5.01749721381 -61.2248744768
3.67036786492 -5.0022337176 -61.2535554232
3.65259551778 -4.98026100922 -61.2720470802
3.63632791203 -4.95134251298 -61.2788020372
3.62211503131 -4.91619030389 -61.2732851337
3.61058584876 -4.87658375379 -61.2559989492
3.60243349465 -4.83520631357 -61.2283318994
3.59832618683 -4.79520637287 -61.1922708962
3.59876087783 -4.7595764848 -61.1500456195
3.60390382262 -4.73051109031 -61.1037802426
3.61347538329 -4.70892372059 -61.0552201569
3.62672968545 -4.69427125719 -61.005579211
3.64255416493 -4.68475263063 -60.9555234808

/group/femoral_right/6
6
posId 6
3.84858454577 -4.75886235955 -61.0654747681
3.87421509438 -4.79671677146 -61.0388319752
3.89500597453 -4.83837628705 -61.02864553
3.9089765714 -4.880314294 -61.0363469276
3.91527125705 -4.91919225721 -61.0606612245
3.91427080578 -4.95246221086 -61.0979480584
3.90739571669 -4.9787741398 -61.1431340655
3.89667284948 -4.99810067699 -61.1909611015
3.88419952833 -5.01156531128 -61.2371897276
3.87165861326 -5.02103398788 -61.2794243763
3.86001025964 -5.02858357457 -61.3173541881
3.8494226384 -5.03598097179 -61.3523883979
3.83942707156 -5.04429083271 -61.3868468559
3.82921820714 -5.05368561943 -61.4229873924
3.8179868837 -5.06347416848 -61.4621767766
3.80518022376 -5.07231142686 -61.5044384228
3.79062428492 -5.07851663228 -61.5484678424
3.77450212749 -5.08041676806 -61.592047507
3.75723261677 -5.07664488233 -61.6326707479
3.73932412594 -5.06635018291 -61.6681383843
3.72127376752 -5.04930698634 -61.6969323712
3.70355063489 -5.0259323117 -61.7182773916
3.68665528274 -4.99723181557 -61.7319309907
3.67120683279 -4.96469179903 -61.7378461768
3.65799072531 -4.93012720034 -61.7358896496
3.64791235642 -4.89548976544 -61.7257613159
3.64184064717 -4.86264303583 -61.7071631831
3.64037621888 -4.8331226913 -61.6801475027
3.64362116771 -4.80791776403 -61.6454825597
3.65104344876 -4.78732185476 -61.6048473776
3.66150966302 -4.7709046654 -61.5607174276
3.6735094963 -4.75763725561 -61.5159162045
3.68552914005 -4.7461702038 -61.4729419092
3.69647250762 -4.73522026902 -61.4332839951
3.70599966714 -4.72398138786 -61.3969786921
3.71466448531 -4.71245412043 -61.3625975269
3.72378698887 -4.70159422125 -61.3277316306
3.73507519832 -4.69321802955 -61.2898687715
3.75009138671 -4.6896623086 -61.2474156476
3.76971255817 -4.69326332061 -61.2005465291
3.79374540878 -4.70577486985 -61.1515896477

/group/femoral_right/9
9
posId 9
3.94534051935 -4.83840440613 -61.5914165851
3.95907491554 -4.88137597625 -61.5894177433
3.96889371468 -4.92686219184 -61.6004253323
3.97414380329 -4.971505088 -61.6234272159
3.97459379771 -5.01208099068 -61.6563516272
3.97047139269 -5.04601645576 -61.6963978691
3.96242832928 -5.07179697883 -61.7404779736
3.95143563284 -5.08918117525 -61.7856884191
3.93862523902 -5.09917223332 -61.8297264902
3.92510531749 -5.10374980461 -61.8711780023
3.91178293365 -5.10541725836 -61.9096291086
3.89922747147 -5.10665918607 -61.9455891652
3.88760116385 -5.10942272834 -61.9802470501
3.87667035333 -5.11472938272 -62.0151128878
3.86589526698 -5.12249333573 -62.0516153921
3.85458044015 -5.13157563974 -62.0907292016
3.84205580253 -5.14005203119 -62.1326968927
3.82785244587 -5.14562796511 -62.1768897779
3.81183848301 -5.14610738666 -62.2218249422
3.79428881567 -5.13981712188 -62.265328684
3.77587615582 -5.12590608288 -62.3048134936
3.75758633033 -5.10447200702 -62.337620321
3.74057540724 -5.07650894539 -62.3613716477
3.72599657796 -5.04370604726 -62.374283413
3.71482910919 -5.00815398906 -62.3753933962
3.70773953985 -4.97202509336 -62.3646777729
3.70499755598 -4.93728682649 -62.3430437367
3.7064576449 -4.90549013989 -62.3122022421
3.71160527661 -4.87765073966 -62.2744395817
3.719655478 -4.85421988066 -62.2323186728
3.7296841291 -4.83512698087 -62.188349844
3.7407690473 -4.81987139909 -62.1446758118
3.75211885286 -4.80764384861 -62.1028155965
3.76317183551 -4.79746526005 -62.0635065546
3.77365322586 -4.78833760382 -62.0266721528
3.7835860402 -4.77940327289 -61.9915260538
3.79325693097 -4.77010552442 -61.9568022128
3.80314362089 -4.7603336132 -61.9210789094
3.81381435463 -4.75052660682 -61.8831457904
3.82581247365 -4.74170461234 -61.8423511435
3.8395408546 -4.73539970353 -61.7988650713
3.85516154302 -4.73347316329 -61.7538046575
3.87252522456 -4.73782913557 -61.709188911
3.89114281564 -4.7500622899 -61.6677210049
3.91020709065 -4.77110120137 -61.6324277672

/group/femoral_right/12
12
posId 12
4.01567707123 -4.99921146229 -62.1954061277
4.01459480491 -4.95595558539 -62.181799852
4.00841116638 -4.91568226978 -62.1855391239
3.99750675194 -4.88110867632 -62.2064876852
3.98286992779 -4.85400379362 -62.2422092586
3.96590260568 -4.83504993037 -62.2885286659
3.94813745998 -4.82392509442 -62.3404606663
3.93093632515 -4.81954237246 -62.3932602889
3.91524335682 -4.82036139996 -62.4433279632
3.90145063934 -4.82469568256 -62.4887565723
3.88940312146 -4.83096833702 -62.5294165345
3.87853307699 -4.83790242781 -62.5666045438
3.86808211045 -4.84465575961 -62.6023929249
3.85734968259 -4.85091535318 -62.6388790433
3.84590558128 -4.85695477355 -62.6775343747
3.83371874631 -4.86363732924 -62.7187974032
3.82118070841 -4.87233343747 -62.7619667753
3.80903031974 -4.88472288394 -62.8053620136
3.79820923726 -4.90247686217 -62.8466563865
3.78968919651 -4.92685530623 -62.8832658357
3.78431099534 -4.95829827766 -62.9126984435
3.78266391507 -4.99611833605 -62.9328154908
3.78501840587 -5.03839905459 -62.9420048661
3.79131021093 -5.08216727831 -62.9392992372
3.80116508702 -5.12383981614 -62.9244736252
3.81395133385 -5.15986682386 -62.8981322978
3.82885078621 -5.18742822837 -62.8617580277
3.84494400725 -5.20500871414 -62.8176685061
3.86130814187 -5.21269431066 -62.7688229722
3.8771238224 -5.21209834174 -62.7184541677
3.89178095213 -5.20592027721 -62.6695592612
3.90496511593 -5.19724106513 -62.6243483915
3.91670129181 -5.18873339016 -62.5837950564
3.92733358953 -5.18199212023 -62.547436625
3.93743076472 -5.17715997236 -62.5135264118
3.9476256559 -5.1729441105 -62.4795491822
3.95841755419 -5.16701365459 -62.4430041842
3.96998301331 -5.15666642018 -62.4022674667
3.98204629441 -5.13958458695 -62.3573001865
3.99385182281 -5.11448206789 -62.3099908934
4.00425840212 -5.0814840207 -62.2640063574

/group/femoral_right/15
15
posId 15
4.03349839059 -4.97271366779 -62.3867045431
4.03206799247 -4.92873612846 -62.4022747335
4.02498896006 -4.89412242162 -62.4314674957
4.01327568231 -4.87030838781 -62.4710212437
3.9985168635 -4.85672189313 -62.5165654718
3.98243223443 -4.85104052099 -62.5638145947
3.96641309681 -4.84992788239 -62.6096826239
3.95119926361 -4.85005066951 -62.6529363567
3.93679527811 -4.84908249846 -62.6941712346
3.92264273213 -4.84639562424 -62.7351401805
3.90797547225 -4.84323287542 -62.7776980165
3.89222388557 -4.84231126508 -62.822754864
3.87532472398 -4.84698333451 -62.8696139584
3.85783547798 -4.86021457901 -62.9159136475
3.84082860744 -4.88368261946 -62.9581638966
3.82562042938 -4.91725343642 -62.9926546157
3.81344207527 -4.95896290526 -63.0163966686
3.80516788324 -5.00547388929 -63.0277751079
3.80118081836 -5.05284356374 -63.0267314153
3.80139320665 -5.09736399229 -63.0144846922
3.80538122904 -5.13624729918 -62.9929698247
3.81255738155 -5.1680022781 -62.9642483198
3.82230780115 -5.19245794488 -62.930111432
3.83405547864 -5.21049100182 -62.8919715822
3.84725696571 -5.22357737646 -62.850989003
3.86137591009 -5.23330141502 -62.8082753851
3.87588467867 -5.24092915243 -62.765000853
3.89032250368 -5.24710675969 -62.7223073875
3.90439722328 -5.25170528632 -62.6810599582
3.91807940287 -5.25381176807 -62.6415810589
3.93162333486 -5.25186339788 -62.6035558724
3.94546937887 -5.24392262663 -62.566238188
3.96003057629 -5.22808082951 -62.5289519559
3.9754234825 -5.20294828274 -62.4917289807
3.99124281172 -5.1681446214 -62.4558218352
4.00648131404 -5.12466603911 -62.4238357975
4.01965477756 -5.07499762082 -62.3993438238

/group/femoral_right/18
18
posId 18
4.01955418984 -5.0305082036 -62.0932840705
4.03295531668 -4.97242839246 -62.1046560601
4.03352113541 -4.92442729987 -62.132993325
4.02332088959 -4.89130630021 -62.1716306163
4.00645815779 -4.87293095209 -62.2132554856
3.98733286384 -4.86497345367 -62.2525860765
3.96901762956 -4.86122455713 -62.2878830066
3.95242888263 -4.85640183388 -62.3207255363
3.9365531879 -4.84823867904 -62.3543261086
3.91948076916 -4.83805137752 -62.3913211272
3.89965300206 -4.82972551656 -62.4321428644
3.87670575544 -4.82776706562 -62.4746916915
3.85157291515 -4.83539825232 -62.5153140668
3.82593587669 -4.85351657478 -62.5504312076
3.80143547746 -4.88080366139 -62.5778926158
3.77913431973 -4.91467124483 -62.5973664287
3.75950912362 -4.95237662602 -62.6096709946
3.74289750782 -4.99168961612 -62.6155618787
3.7300310494 -5.03087886749 -62.6147796461
3.72222627872 -5.06825986578 -62.6059821298
3.72101345874 -5.10182559112 -62.5876392563
3.72734184286 -5.12940306046 -62.5593694353
3.74080234572 -5.14939558548 -62.5228863556
3.75937169461 -5.1617147534 -62.4818900378
3.77995120811 -5.16826153404 -62.440801713
3.79955637354 -5.17245484637 -62.4029085207
3.81662879229 -5.17778583847 -62.3688835608
3.83180449352 -5.18595267057 -62.3365421316
3.84767677273 -5.19548305577 -62.3021115329
3.86755597763 -5.20165635127 -62.2625135869
3.89373015505 -5.19799526574 -62.2175866518
3.92601540873 -5.17884996534 -62.1711174781
3.9612984447 -5.14201128754 -62.1300673348

/group/femoral_right/21
21
posId 21
3.9927283121 -4.99487099963 -61.7978501554
4.01325984151 -4.92963357876 -61.8193218268
4.00951203006 -4.88336256898 -61.8516181405
3.9885978235 -4.86027478333 -61.8854841772
3.96160178382 -4.8509115721 -61.9164758033
3.93681104009 -4.84096040942 -61.9457778494
3.91601765705 -4.82261321764 -61.9765803227
3.89579832915 -4.7997157812 -62.0096801693
3.87185193323 -4.78343137892 -62.0421375327
3.84263672537 -4.78287720899 -62.0697141737
3.80989107306 -4.79875335968 -62.0903539553
3.77663542671 -4.82468540188 -62.1052094758
3.74519978008 -4.85403875259 -62.1162388539
3.71715864519 -4.88548297418 -62.122802653
3.69469560531 -4.92231540271 -62.1208130029
3.68126394041 -4.96666195896 -62.1057277283
3.6800931433 -5.01452131346 -62.0770273617
3.69146794941 -5.05681870107 -62.0400953937
3.7114418897 -5.08593823591 -62.0033511188
3.73388223939 -5.10181367999 -61.9725521205
3.75488774161 -5.11159186386 -61.9468859983
3.77613055862 -5.12244374739 -61.9203303129
3.80393683426 -5.13348576418 -61.8875384315
3.84407185601 -5.13422694143 -61.8496669543
3.89581573127 -5.11185176815 -61.8153643458

/group/femoral_right/24
24
posId 24
3.94372709191 -4.9694051331 -61.6928446839
3.95290579398 -4.89948006168 -61.7260915048
3.94693434123 -4.8513755383 -61.7544807029
3.93063239704 -4.82383324391 -61.7765203596
3.90295363349 -4.80663695107 -61.7981400156
3.86227074753 -4.79496262196 -61.8226484665
3.81374182727 -4.79362695393 -61.8451552613
3.7682782752 -4.80851619804 -61.8576147134
3.73327555218 -4.83719164785 -61.8580089967
3.70610808875 -4.87024741161 -61.8525437934
3.67895322731 -4.90107603616 -61.8482631384
3.65018260635 -4.93152618298 -61.8449103391
3.6290891945 -4.96653607676 -61.8356731384
3.62765126124 -5.00489358869 -61.8158202007
3.6479158466 -5.03831745467 -61.788857855
3.67921220804 -5.06064820494 -61.7628697253
3.70881519324 -5.07565994947 -61.7415534009
3.73457327288 -5.09246679414 -61.7210043964
3.7655837727 -5.11214475444 -61.6965623193
3.81016850444 -5.12103277291 -61.671790692
3.86437758764 -5.10047841163 -61.6584313637

/group/femoral_right/27
27
posId 27
5.00223067838 -4.92138717432 -61.5334538678
5.02515807538 -4.84515213958 -61.5641297972
5.05954917087 -4.81025216289 -61.5725661992
5.08247656787 -4.78698551177 -61.5781904672
5.14552690961 -4.77597060481 -61.5686055429
5.16845430661 -4.80567233731 -61.5491781495
5.17418615586 -4.85282405815 -61.5255325552
5.13979506036 -4.88772403483 -61.5170961532
5.11686766336 -4.91099068596 -61.5114718852

/group/femoral_right/30
30
posId 30
5.01423638816 -4.97998503631 -61.7956755026
5.02542348811 -5.04145607521 -61.7686779779
5.04892195454 -5.08729567319 -61.7467172353
5.08114919 -5.10867515117 -61.7339091155
5.11751908037 -5.10494191997 -61.7310791621
5.15359183526 -5.08260734401 -61.7360462067
5.18572690235 -5.05069161323 -61.7454858895
5.2115509779 -5.01578877437 -61.7569332473
5.2305089305 -4.97994226805 -61.7696026527
5.24426185126 -4.94206398184 -61.7837477148
5.25629939365 -4.90105352638 -61.7994065708
5.27036157126 -4.85787183336 -61.8157270973
5.28810386828 -4.81510983114 -61.8314285514
5.30728393738 -4.77488965574 -61.8458960137
5.3218461467 -4.73734610151 -61.8598037825
5.32434841197 -4.70134407361 -61.8745232589
5.30970290138 -4.6670193244 -61.8906115881
5.2781726552 -4.63791859244 -61.9065572102
5.23577186098 -4.62051947721 -61.9189318971
5.19165384485 -4.62085409491 -61.9241145933
5.15387467378 -4.64038610192 -61.9205227403
5.12592553552 -4.6742558411 -61.9097627924
5.10596040423 -4.71360222644 -61.8957546153
5.08899863161 -4.75078191586 -61.8822881426
5.07061999596 -4.78403238089 -61.8706320115
5.04990653568 -4.81822537236 -61.8588642932
5.03003917595 -4.86090824473 -61.8434522183

/group/femoral_right/33
33
posId 33
5.04223997908 -5.08448679453 -62.0415268262
5.05967746006 -5.1327948304 -62.0235126148
5.09228019253 -5.15391980534 -62.0142702558
5.1370063171 -5.15141180511 -62.0127121426
5.18331533871 -5.13275599702 -62.0167706125
5.21776764773 -5.10265256693 -62.0255200123
5.2330658817 -5.06219033497 -62.0389745292
5.23398504848 -5.01292619517 -62.0563233884
5.23418749913 -4.96036061851 -62.0748774096
5.24525934803 -4.91248113836 -62.091182481
5.26634001811 -4.87447697629 -62.1034528991
5.28315921312 -4.84505703388 -62.1129243988
5.27821623691 -4.81875105921 -62.1224852194
5.24475586771 -4.79290622472 -62.1334413982
5.1936286151 -4.77302440653 -62.143256901
5.14726611509 -4.77060209178 -62.1466457138
5.12491724189 -4.79385408934 -62.1396547537
5.13005337532 -4.83846909194 -62.1236170057
5.14906661901 -4.88675555682 -62.1055243112
5.16160912334 -4.91752971845 -62.0939701716
5.15429707354 -4.92040062461 -62.0933557653
5.1277950384 -4.90386718351 -62.1006431396
5.09338598827 -4.89065526721 -62.1071894679
5.06355153924 -4.90310946572 -62.1044210894
5.04485215428 -4.94887191224 -62.0892804882

/group/femoral_right/36
36
posId 36
4.98179976902 -5.12944226728 -62.3000959478
5.0097716549 -5.06148757158 -62.3190922646
5.0387307087 -5.00098534053 -62.3359517319
5.0620253404 -4.95794379391 -62.3479100574
5.08071567874 -4.93521294789 -62.354141038
5.10043020897 -4.92759686686 -62.3560510706
5.12564360327 -4.92599383307 -62.3561748661
5.15610494121 -4.92381229279 -62.3563942059
5.18774116291 -4.92112080068 -62.3567433534
5.21635862245 -4.92366653099 -62.3556398667
5.24036847186 -4.9377770915 -62.3513014851
5.26020276682 -4.96518976436 -62.3432274092
5.27551469322 -5.00167071607 -62.332628782
5.28342661873 -5.04014221089 -62.321560633
5.2800138553 -5.07553404016 -62.3115197155
5.26392448622 -5.10749684023 -62.3026234485
5.23864291348 -5.13914885793 -62.2939371665
5.21076197504 -5.17330814756 -62.2845706943
5.18515515261 -5.20943936772 -62.2746122212
5.16103936879 -5.24351594385 -62.2652195876
5.13267810517 -5.27030958784 -62.2579585284
5.09480475139 -5.28573236032 -62.2540635939
5.04871331377 -5.28734038754 -62.2542141491
5.00393655979 -5.27330212714 -62.2588062324
4.97360567927 -5.24183307648 -62.2681749458

/group/femoral_right/39
39
posId 39
5.07445389913 -5.15886900368 -62.5499912971
5.12679905871 -5.15820036399 -62.5508310496
5.15728111799 -5.1332121934 -62.5570748696
5.18437188246 -5.0944348898 -62.5665003409
5.22020150723 -5.07927621754 -62.5705143907
5.24644998721 -5.10491266643 -62.5648594823
5.24156756509 -5.15029695098 -62.5541782427
5.21531908511 -5.18989689967 -62.5445713117
5.19445006969 -5.22427396851 -62.536256481
5.18200657159 -5.26391388982 -62.5268204121
5.15491580712 -5.29972498482 -62.5180888754
5.10257064754 -5.3108705369 -62.514798084
5.0448460234 -5.29513584675 -62.5177256115
5.00410207743 -5.2704254535 -62.522974645
4.97984176719 -5.24673081655 -62.528201227
4.96519450082 -5.2173415444 -62.534885541
4.97110290689 -5.18246820592 -62.543121173

/group/femoral_right/42
42
posId 42
5.07395313255 -5.31615114351 -62.7718106532
5.02849367268 -5.25108284963 -62.7839981186
5.01035443357 -5.20228473405 -62.7934982461
5.03630893094 -5.18671366996 -62.7972461787
5.06193112873 -5.15339619736 -62.8045904281
5.06882655325 -5.09542276521 -62.8165189209
5.09231108113 -5.06831491095 -62.8225539105
5.12390886971 -5.09703979533 -62.8174339145
5.12479440631 -5.15436021464 -62.8058136701
5.12247232405 -5.20924535786 -62.7946155594
5.15447323445 -5.24451677843 -62.7881752378
5.17972660756 -5.26555292875 -62.7844734046
5.15804745002 -5.29783895692 -62.7774276197

/group/femoral_right/45
45
posId 45
4.09661798806 -5.09308281058 -63.0578564512
4.12674585242 -5.02285860282 -63.071911628
4.13551128351 -4.96377166187 -63.0834694833
4.11898232642 -4.92103159216 -63.0914598843
4.08350114626 -4.89069030643 -63.0967482103
4.04216968454 -4.86718866085 -63.1006204405
4.00584372441 -4.85012995368 -63.1033287992
3.97622294739 -4.84386835373 -63.104059515
3.9468932433 -4.85130989169 -63.1021473788
3.91103839798 -4.8692560722 -63.0981001231
3.86868426241 -4.89071263277 -63.0932695155
3.82719778067 -4.9119620956 -63.088492954
3.79530367547 -4.93682325031 -63.0831737279
3.77672722269 -4.97305298301 -63.075873394
3.7692699734 -5.02384014586 -63.0659402826
3.76936531793 -5.08266795568 -63.0545758049
3.77686147395 -5.13689571003 -63.0442197945
3.79509011254 -5.17693519763 -63.0367786584
3.82653387167 -5.20228291639 -63.0323898309
3.86901424208 -5.21864175627 -63.0299162319
3.91656456832 -5.22914713442 -63.02865557
3.96397082521 -5.22865758695 -63.0295168886
4.00989897996 -5.20721179289 -63.0344032212

/group/femoral_right/48
48
posId 48
4.1567528817 -5.03932662321 -63.3326567854
4.16689443756 -4.97437067906 -63.3458241201
4.16023450021 -4.92528867202 -63.3554902901
4.13111102925 -4.89447578937 -63.3610651572
4.08207355962 -4.87891939938 -63.3632005461
4.0235583445 -4.87374011921 -63.3630769391
3.96796256856 -4.87565479722 -63.3615949632
3.92255478286 -4.88415983962 -63.3589989296
3.88658355192 -4.90027350237 -63.355070706
3.85452592976 -4.92448785922 -63.3496028117
3.82249760959 -4.95578077708 -63.3427224512
3.79249299979 -4.99220364119 -63.3348580657
3.77119969518 -5.0320396629 -63.326484656
3.76477041716 -5.07418145331 -63.3179449922
3.77418282605 -5.11738972599 -63.3095058042
3.7950169106 -5.15938494025 -63.3015347076
3.82148737746 -5.196990172 -63.2945514492
3.85092956853 -5.22749165269 -63.2890450499
3.8847751786 -5.25001219727 -63.2852189373
3.92538481911 -5.26538224335 -63.2829540328
3.97189009736 -5.27420536254 -63.2821126714
4.01905565327 -5.27458600992 -63.2829696854
4.06035680581 -5.26170711298 -63.2863576075
4.0925215762 -5.23028087792 -63.2932672804
4.11728281869 -5.1786142386 -63.3040709577

/group/femoral_right/51
51
posId 51
4.15143228187 -5.08827308528 -63.579114189
4.16592248139 -5.01670633478 -63.5954585646
4.1673219517 -4.95715541443 -63.6085910865
4.15236650218 -4.91667769806 -63.6168194605
4.1198174518 -4.89327896548 -63.6205270521
4.07256797737 -4.87955960629 -63.6214649938
4.01758173637 -4.8697294044 -63.6212097841
3.96329320929 -4.86435374948 -63.6200074418
3.91605194934 -4.86916424812 -63.6168785385
3.87799096359 -4.88922094993 -63.6108060202
3.8476607156 -4.92351409217 -63.6019479163
3.82271012397 -4.96459581258 -63.5918358237
3.80245994094 -5.00352723358 -63.5824019721
3.78851612855 -5.03598706544 -63.5746653339
3.78328603002 -5.06452843957 -63.5681711484
3.78792824425 -5.09531042233 -63.5616183747
3.80153751733 -5.13223461399 -63.554110908
3.82211623723 -5.17336808772 -63.545985357
3.84827163091 -5.21229264502 -63.5385893652
3.88000621867 -5.2426825759 -63.5333115027
3.9178782965 -5.26181248397 -63.5307744786
3.96133051142 -5.27003865481 -63.5308756326
4.00773969958 -5.26726101801 -63.5335218208
4.05306846544 -5.25032036417 -63.5392293053
4.09352904324 -5.2145035783 -63.5488663765

/group/femoral_right/54
54
posId 54
4.12871752003 -5.12865729896 -63.8210327256
4.15559194799 -5.06834178964 -63.838589544
4.16438844345 -5.01226032457 -63.853498909
4.15512328496 -4.96254173573 -63.8652254702
4.13121297925 -4.92055396029 -63.8737228848
4.09682879688 -4.88854158929 -63.8787897268
4.05545043022 -4.86940787845 -63.8799980533
4.01017145872 -4.86482832344 -63.877195751
3.96454713596 -4.87356120796 -63.8710066118
3.92245803398 -4.89176873189 -63.8627374453
3.8867555047 -4.91540162355 -63.8536584372
3.85800261736 -4.94278610493 -63.8442408287
3.83484645344 -4.97521070651 -63.8340414904
3.81613329956 -5.01491174055 -63.8223957235
3.80308259546 -5.06206142397 -63.8093666737
3.79940768064 -5.11326505442 -63.7961348112
3.80880882764 -5.16285412669 -63.7844527911
3.83158418039 -5.20592284049 -63.7755836384
3.86318834713 -5.24058292074 -63.769606241
3.89631225131 -5.26757824811 -63.7656942801
3.92531319559 -5.28766112729 -63.7631649409
3.9497867321 -5.29907242187 -63.7624264342
3.97448077773 -5.29743208964 -63.764998092
4.00540536249 -5.2783497508 -63.7725121508
4.04484909183 -5.24078322543 -63.7854313958

/group/femoral_right/57
57
posId 57
4.16900291087 -5.08975493561 -64.0970316854
4.18565113222 -5.02263420119 -64.1193340335
4.18786731457 -4.96723410859 -64.1360653478
4.17062739662 -4.92671372949 -64.1455590683
4.13439803475 -4.89875806017 -64.1485687614
4.08666273431 -4.88061626048 -64.1469978615
4.03790441237 -4.87254576962 -64.1422951233
3.99520875377 -4.87674369726 -64.1348405786
3.95900708343 -4.89360486661 -64.1245800321
3.9256418048 -4.91971974809 -64.11199126
3.89307003947 -4.94996248811 -64.098295297
3.86425504643 -4.98158171382 -64.0847381511
3.8452320981 -5.01599635862 -64.0717775327
3.84002597105 -5.05627502705 -64.0590900593
3.84748178487 -5.102694714 -64.0464256815
3.86295160467 -5.15079486973 -64.0344294067
3.88290287414 -5.19386467583 -64.0245750078
3.90775398596 -5.2273180951 -64.0182816858
3.94023421551 -5.25050272274 -64.0161397181
3.98115977595 -5.26416645544 -64.0180463246
4.02703344246 -5.26641550913 -64.0240536641
4.0718408154 -5.25183107405 -64.0348917834
4.11101867696 -5.2154546029 -64.0513655157

/group/femoral_right/60
60
posId 60
4.1836739798 -5.10220174429 -64.3867859203
4.20503415732 -5.04980428533 -64.4091718891
4.20281538279 -5.00110350504 -64.425650785
4.18122443848 -4.95761252916 -64.4365219325
4.1499678969 -4.92057672211 -64.443256013
4.11811247445 -4.89160189221 -64.4470730654
4.08939360826 -4.87235111629 -64.4481279175
4.06180712754 -4.8637289699 -64.4457134429
4.0311150428 -4.8653509091 -64.439132238
3.99523700814 -4.87578393706 -64.4284740868
3.95625231539 -4.89334884944 -64.4147298762
3.91890160483 -4.91679150631 -64.3992646864
3.88726437894 -4.94526343002 -64.383173078
3.86253824971 -4.97768682957 -64.3670641913
3.84367957391 -5.01217806085 -64.3513875912
3.83011754806 -5.04623861889 -64.3368990972
3.82392439843 -5.077811549 -64.3247194048
3.82921567626 -5.10649826484 -64.3157938943
3.84888561241 -5.133892626 -64.3101364945
3.8811933706 -5.16246037631 -64.3065495131
3.91921503644 -5.19340790929 -64.3032563706
3.95421698794 -5.22482964829 -64.2992064493
3.98097516943 -5.25144618755 -64.2952090057
4.00127683654 -5.26635006643 -64.2940134564
4.02278403686 -5.26392436277 -64.2990729002
4.05359021634 -5.24233176929 -64.3126123489
4.09594310798 -5.20421628143 -64.3341542548

/group/femoral_right/63
63
posId 63
4.18577685094 -5.15017736852 -64.6875274782
4.20663026818 -5.08898989811 -64.7174945319
4.21426550216 -5.0317848581 -64.7426797068
4.20888313128 -4.98424785766 -64.7608088878
4.1895781157 -4.94693159474 -64.7714403015
4.15619443544 -4.91786013293 -64.7753436733
4.11190829206 -4.89635816937 -64.7735530223
4.06361516965 -4.88474218409 -64.766768397
4.01900788282 -4.88645544294 -64.7554200074
3.98229899588 -4.90236292078 -64.7401602262
3.95210202646 -4.9285783118 -64.7222452345
3.92350804503 -4.95796219237 -64.7034189015
3.89298411849 -4.98435172978 -64.685354737
3.86224727599 -5.00626246216 -64.6690688848
3.8379169565 -5.02718877583 -64.6547144398
3.82710121451 -5.05236883539 -64.6418489825
3.83239058017 -5.08464798409 -64.6299288914
3.85024666948 -5.12257838285 -64.618700776
3.87402242971 -5.16181264972 -64.6083533119
3.8991011595 -5.19806417733 -64.5995350419
3.92598528396 -5.22882790262 -64.5933889708
3.95893389104 -5.25253244427 -64.591573583
4.00141426979 -5.26640990532 -64.5960469997
4.05213422588 -5.26571843592 -64.608437314
4.10475097279 -5.24577977752 -64.6291409659

/group/femoral_right/66
66
posId 66
4.11306419466 -5.2588033442 -64.960206221
4.15665922221 -5.2148474123 -64.9935623921
4.18652800513 -5.17146127517 -65.0228553418
4.20499509071 -5.13568912553 -65.0453081985
4.21757811963 -5.10850113186 -65.0619723736
4.22861062473 -5.08515109791 -65.0763464481
4.23793196406 -5.05881584002 -65.0916970182
4.24077152764 -5.02531471024 -65.1087366278
4.23084174 -4.98606878918 -65.1250411184
4.20456877192 -4.94757669662 -65.1364711384
4.16369108126 -4.91784581161 -65.1396207474
4.11457864693 -4.90205646072 -65.1337335394
4.06480331946 -4.90010870143 -65.1209468973
4.01927218146 -4.90741490903 -65.1048406841
3.97845081148 -4.91822242277 -65.0883347893
3.93973390338 -4.92922452559 -65.0723150402
3.90087043081 -4.9411922901 -65.0557862754
3.86296871093 -4.95778181835 -65.0372801483
3.83091889632 -4.98255171932 -65.0164189349
3.81086129517 -5.01631259504 -64.9945032543
3.80638743497 -5.05654194912 -64.9737479478
3.8160907401 -5.09905953492 -64.9557934185
3.83423995548 -5.14056047929 -64.9406622268
3.85427469124 -5.18005227162 -64.9270261338
3.87289668816 -5.21810590414 -64.9136981604
3.89205083618 -5.2544958825 -64.9013242737
3.91740707108 -5.28609107288 -64.8929880346
3.95422655655 -5.30683562646 -64.8930794364
4.00323547547 -5.31028579625 -64.9049256087

/group/femoral_right/69
69
posId 69
4.09314123951 -5.31840366857 -65.268090056
4.13868309857 -5.29908569393 -65.293335581
4.1726706207 -5.26905729748 -65.3209726605
4.19629711146 -5.23334688548 -65.3485442482
4.21353677222 -5.19668015484 -65.3746407528
4.22800996182 -5.16167496751 -65.3989286966
4.24042577262 -5.12821805001 -65.4216955005
4.24811105598 -5.09435958555 -65.4431969027
4.24677856308 -5.05818196672 -65.4631615249
4.23329501006 -5.01954328254 -65.4806813223
4.20766349949 -4.98070312728 -65.4944840729
4.1730462211 -4.94553284668 -65.5033855332
4.13397911844 -4.91785589421 -65.5066616256
4.09407931774 -4.89993620681 -65.5041772774
4.05477507478 -4.89196079818 -65.4962774793
4.01578607777 -4.89268751288 -65.4835737518
3.97682852096 -4.90070090818 -65.4667741548
3.93918147517 -4.91540074057 -65.4466202284
3.90589489098 -4.9371146626 -65.4238890813
3.88043091375 -4.96636710939 -65.3993769181
3.86469720516 -5.00290390017 -65.3738284961
3.85793144818 -5.04519104447 -65.3478677854
3.85736097489 -5.09071978826 -65.3220340845
3.86033348201 -5.13684883766 -65.2969793272
3.86652696699 -5.1815306282 -65.2737557069
3.87866360249 -5.22337430792 -65.254005291
3.90104652482 -5.26101894105 -65.2398518095
3.93665834106 -5.29235417823 -65.2334248625
3.98457822098 -5.31431892504 -65.2361589053

/group/femoral_right/72
72
posId 72
4.01187139469 -5.34376445953 -65.5417231018
4.05851482432 -5.34990045223 -65.5551923055
4.0997705858 -5.34267460061 -65.5746128807
4.13379127788 -5.32553765778 -65.5972598087
4.16137561063 -5.30252374026 -65.6210326028
4.18478843801 -5.27654126649 -65.6450364713
4.2059174178 -5.24837908867 -65.6694958129
4.2248049008 -5.21690440146 -65.695098264
4.23936992965 -5.1803133806 -65.7221507098
4.2464526095 -5.13775570438 -65.7499985401
4.24356242175 -5.09047720158 -65.7769890249
4.23032166769 -5.04189875708 -65.8009539821
4.20878431416 -4.9966169308 -65.8199196764
4.18246397143 -4.95886087298 -65.8326657854
4.15464200861 -4.93118035785 -65.8388831814
4.12692378803 -4.91396069434 -65.8389321365
4.09884539965 -4.90588565126 -65.8334234084
4.06871092185 -4.90497785363 -65.8229080898
4.03512959958 -4.90960685513 -65.8078433795
3.99833699087 -4.9189768312 -65.7887878529
3.96054117228 -4.93298316442 -65.7666135463
3.92513081689 -4.95171409141 -65.7425111406
3.89525674388 -4.97503626001 -65.7177155371
3.87265144301 -5.00255974145 -65.6930935948
3.85737708827 -5.03394284642 -65.6688708468
3.84860264205 -5.0692034226 -65.644731863
3.84586421698 -5.10865504078 -65.6203204368
3.84995293765 -5.15232796997 -65.5959088093
3.86279293877 -5.19911951928 -65.5728570254
3.88629362404 -5.24619602884 -65.5535467218
3.9208148537 -5.28914028793 -65.5407306643

/group/femoral_right/75
75
posId 75
4.13110469469 -5.36247368798 -65.8633989268
4.18898172514 -5.34721100218 -65.8965824035
4.22490841156 -5.31573088132 -65.929648471
4.24081859888 -5.2749480595 -65.9594993414
4.24478009343 -5.23357557755 -65.9846187925
4.24493965976 -5.19751735321 -66.0051156141
4.24467746948 -5.16696164099 -66.0223161298
4.24184186876 -5.13723888088 -66.0379537626
4.23185887621 -5.10293086879 -66.0531591726
4.21189873522 -5.06243564644 -66.0676403269
4.18295157773 -5.01986050152 -66.0794899514
4.14865528452 -4.98298965736 -66.0858400442
4.11235420758 -4.95881120591 -66.0841492223
4.07509281034 -4.9497282298 -66.0734987806
4.03620513996 -4.95297391801 -66.0551739633
3.9958013518 -4.96339187319 -66.0321428818
3.95674474129 -4.97737765131 -66.0076615307
3.92407257462 -4.99510680993 -65.9837659317
3.90197987366 -5.01960962759 -65.9605176742
3.89071142003 -5.05364800297 -65.936455747
3.88613042961 -5.09689611215 -65.9100110117
3.88286022021 -5.14551465 -65.8810792912
3.87905711943 -5.19424128723 -65.8518604133
3.87925828208 -5.23916564126 -65.8264933168
3.89273827547 -5.27892850315 -65.8096799123
3.927865593 -5.31347991527 -65.8049962211
3.98593172647 -5.34161575019 -65.8136719661

/group/femoral_right/78
78
posId 78
4.09951212078 -5.40428711863 -66.090415117
4.15235154748 -5.41274003039 -66.111536228
4.19843162458 -5.40794789919 -66.1359391253
4.23335348379 -5.38895778526 -66.1619880882
4.25543514798 -5.35736530934 -66.188093502
4.26594430072 -5.31702392934 -66.2129662335
4.26807866814 -5.27270687757 -66.2357880552
4.26522806414 -5.22836971003 -66.2562348738
4.25940100092 -5.18592087703 -66.2743287811
4.25057383051 -5.14515683514 -66.2901585918
4.23719977174 -5.10488347532 -66.3035717115
4.21749394323 -5.06458032374 -66.3139702558
4.19073144344 -5.02564774033 -66.3203185458
4.15785543129 -4.99149716712 -66.3213896291
4.12113490492 -4.96638417072 -66.3161756112
4.08316782105 -4.95358740066 -66.3043065482
4.04587204479 -4.95390907599 -66.2863053486
4.01005642067 -4.96530564506 -66.2635642536
3.97576780549 -4.98384643179 -66.2380392815
3.94311935603 -5.00548730503 -66.2117739811
3.91301962943 -5.02773084876 -66.1864315656
3.88730787455 -5.05034623843 -66.1630055127
3.86819570517 -5.07486744534 -66.1417992977
3.85736859213 -5.10325661414 -66.1226540497
3.85532764565 -5.136531474 -66.1053088617
3.86140809174 -5.17409287936 -66.0897404292
3.8744799939 -5.21401392943 -66.0763560627
3.89388366581 -5.25396477125 -66.0659862716
3.91996269563 -5.29210043964 -66.0597030205
3.95376423166 -5.32733015886 -66.0585438645
3.9959732547 -5.35884265436 -66.0632355974

/group/femoral_right/81
81
posId 81
4.13688198381 -5.43525366661 -66.3895683005
4.19307052416 -5.43815015682 -66.4173540084
4.2353517039 -5.42215866964 -66.4460215711
4.25905077598 -5.38752218439 -66.4730526325
4.26495605906 -5.33899632556 -66.4968236925
4.25852162068 -5.28417102022 -66.5169109395
4.24699481675 -5.23050938159 -66.5338709823
4.23594054962 -5.18259347347 -66.5486216354
4.22691519231 -5.1409736554 -66.5617317899
4.21738593078 -5.10315663738 -66.5729578471
4.20276988669 -5.06611106666 -66.5812270641
4.17936225693 -5.028861789 -66.5850422318
4.14653416142 -4.99373245094 -66.5830863085
4.10709324409 -4.96557875445 -66.574736083
4.06578785397 -4.9494831746 -66.560273924
4.02696211584 -4.94821999142 -66.5407590252
3.99275838663 -4.96088595115 -66.5176836526
3.96282824802 -4.98339977077 -66.492610576
3.93555002729 -5.01051705732 -66.4669415585
3.9098521534 -5.03819502111 -66.4418494095
3.88643866475 -5.06502399165 -66.4182997178
3.86766338015 -5.09205692028 -66.3970586618
3.85620131913 -5.12132675886 -66.3786398598
3.85344967923 -5.1540708823 -66.3632366257
3.858765854 -5.18976211555 -66.3507421473
3.87010492612 -5.22645659806 -66.3409302243
3.88568982307 -5.26209165078 -66.33376374
3.90561559528 -5.29575115825 -66.3296829773
3.93222926169 -5.32794456612 -66.3296826825
3.96881168965 -5.35960286499 -66.3350599518
4.01713413286 -5.39037496352 -66.3468795919

/group/femoral_right/84
84
posId 84
4.10240856738 -5.49479544191 -66.6646980709
4.15766251437 -5.49104309784 -66.6960009059
4.20101878622 -5.47136634084 -66.7270728836
4.22944795824 -5.43814458532 -66.7553521142
4.24398561985 -5.39667719483 -66.7793362872
4.24871779212 -5.3534124481 -66.7987236824
4.24866369135 -5.31354252477 -66.8142052719
4.24755037831 -5.27907867262 -66.8270116208
4.24646812451 -5.24834751431 -66.8383825951
4.24392231308 -5.21719553416 -66.8491268063
4.23710433382 -5.18136945476 -66.8593819798
4.22363874166 -5.13896233405 -66.8686069892
4.20289935734 -5.09177088622 -66.8757646454
4.17628398508 -5.0449262775 -66.8796137069
4.14642103698 -5.0049855226 -66.879022887
4.11583765101 -4.97739702693 -66.8732374881
4.08586114981 -4.96452648171 -66.8620540687
4.05634244769 -4.96512246117 -66.8458789556
4.02629821742 -4.9753791747 -66.8256616341
3.99504575598 -4.99098456017 -66.8027109159
3.96313717489 -5.00910709443 -66.7784265631
3.93252972539 -5.02937710088 -66.754009518
3.90587925822 -5.05348323688 -66.7302372764
3.88536066115 -5.08372557724 -66.7073897
3.87171157704 -5.12136836998 -66.6853733577
3.86409386388 -5.16567031703 -66.6640239542
3.86091673384 -5.21404251579 -66.6434894687
3.86120640341 -5.26314141131 -66.6245447151
3.86574755809 -5.31020013798 -66.6086899158
3.87727266422 -5.35380637824 -66.5979503366
3.89943248367 -5.39369108145 -66.5944024493
3.93492192623 -5.42969521901 -66.5995636612
3.98362840973 -5.46059117358 -66.6138507526

/group/femoral_right/87
87
posId 87
4.08973118835 -5.52613798092 -66.9450347481
4.14444316505 -5.5310677437 -66.9735214435
4.19162990093 -5.52194433623 -67.0030524989
4.22582388291 -5.49972316295 -67.030243901
4.24559527479 -5.46689848361 -67.0533779489
4.25380783159 -5.4264561479 -67.0729336172
4.25596813785 -5.38084556863 -67.0910532966
4.25745865474 -5.33149920623 -67.1101879159
4.26098069527 -5.2791201811 -67.1315733904
4.26541283226 -5.22453158352 -67.1542829532
4.26657801463 -5.1695617613 -67.1753237491
4.25947142271 -5.1174009154 -67.1907389768
4.24080493433 -5.0721320753 -67.1971917912
4.2106162725 -5.03757848135 -67.1932845772
4.17221067259 -5.01599143479 -67.1800134681
4.13056989723 -5.00722532957 -67.1601928688
4.09012662774 -5.00883908395 -67.1371846183
4.05307477701 -5.01712479741 -67.113580081
4.01904369551 -5.02861475406 -67.0904604899
3.98620415036 -5.04138445943 -67.0675263074
3.9531071069 -5.05557085221 -67.0439238194
3.92018809769 -5.07290978163 -67.0192503103
3.89008727279 -5.09557035627 -66.9941638868
3.86661075038 -5.12488766138 -66.970278159
3.85292182093 -5.16061026987 -66.9494391834
3.84998581136 -5.20098526671 -66.9328322203
3.85616250279 -5.24355912176 -66.9204587492
3.86821220668 -5.28620990558 -66.9113109563
3.88319310089 -5.32783058634 -66.9041695219
3.90020640266 -5.36829778387 -66.89858221
3.92098306383 -5.40776579405 -66.8954508889
3.94889656169 -5.44570384694 -66.8968417222
3.98682923185 -5.48024417141 -66.9050447938

/group/femoral_right/90
90
posId 90
4.03158983902 -5.53104682636 -67.1631158779
4.07351132478 -5.54801212107 -67.1801444672
4.11035293974 -5.55085606446 -67.1996613653
4.14255737849 -5.54081897009 -67.2214460711
4.17162886784 -5.52071753457 -67.2452766512
4.19880212339 -5.4939289811 -67.2705690898
4.22405673976 -5.46330313638 -67.2962368795
4.24593934077 -5.43042229029 -67.3208708453
4.26221668371 -5.39547148203 -67.3431530819
4.27095521436 -5.35771956675 -67.362278804
4.27142549224 -5.31636188217 -67.3781439077
4.26435678675 -5.27134643638 -67.3911755761
4.25143978408 -5.22384570314 -67.4018763696
4.23438849789 -5.17621472815 -67.4103157579
4.21410420296 -5.13150249873 -67.4158472018
4.19041350918 -5.09275295419 -67.4172254654
4.16252250893 -5.06237679719 -67.4130974124
4.12992171537 -5.04179325001 -67.4026428996
4.09321572732 -5.03139015576 -67.3860535061
4.05438156499 -5.0307145803 -67.3646050056
4.01626769101 -5.03874777035 -67.3402736537
3.98156772907 -5.05415072183 -67.315069986
3.95180995631 -5.07545040502 -67.2904038191
3.92692431075 -5.10120778779 -67.2667788752
3.90566188121 -5.13021797731 -67.2439517203
3.8866912966 -5.16173517974 -67.2214596392
3.86981753651 -5.19563293862 -67.1992413465
3.85666592417 -5.23236700216 -67.1780332592
3.85041240743 -5.27265008991 -67.1593414538
3.85460896759 -5.31687192407 -67.1450040128
3.8716162497 -5.3644483166 -67.1365606232
3.90137718586 -5.41337743047 -67.1347345887
3.94112734764 -5.46025459994 -67.1392653628

/group/femoral_right/93
93
posId 93
4.01112159957 -5.54331151951 -67.32408335
4.05967245104 -5.55724081088 -67.3458989237
4.10317593941 -5.55639648955 -67.3706917287
4.13923173302 -5.54336366642 -67.3960945935
4.16802412844 -5.52208877909 -67.4206577462
4.19162442996 -5.49631490361 -67.4440724593
4.21253417002 -5.46824776658 -67.4668770382
4.23217893933 -5.43802955213 -67.4898170753
4.25006446686 -5.40422536972 -67.5131794607
4.2639625954 -5.36506174643 -67.5364094547
4.27098156196 -5.31981920389 -67.5581643226
4.26895102262 -5.269729704 -67.5767388329
4.25742603156 -5.21798189848 -67.5906276924
4.23783927572 -5.16886338944 -67.5989487658
4.21278171128 -5.12646027624 -67.6015504866
4.18483151349 -5.09350587428 -67.5988065843
4.1555557543 -5.07085338571 -67.5912623308
4.12518212396 -5.05771695559 -67.5793550759
4.09305774318 -5.05245815006 -67.5633626487
4.05858708145 -5.05347399936 -67.5435811639
4.02209764862 -5.05976574109 -67.5205879012
3.98514525446 -5.07099996569 -67.4953888735
3.95009888387 -5.08717463217 -67.4693168801
3.91925529099 -5.10820288746 -67.4436974913
3.89399942269 -5.13372379091 -67.4194514867
3.87450201204 -5.16325579503 -67.39686441
3.86014174278 -5.19654856954 -67.375685452
3.85042081261 -5.23382131346 -67.3555484353
3.84583955993 -5.27560788658 -67.3365245445
3.84818022061 -5.32215319202 -67.319519469
3.85994215208 -5.37260026866 -67.306275825
3.88312515936 -5.42440344228 -67.2989200591
3.91793586539 -5.47337382988 -67.2992171748

/group/femoral_right/96
96
posId 96
4.03122257603 -5.536240838 -67.4538675889
4.0824354977 -5.55306905253 -67.4758900046
4.12617524819 -5.5528983961 -67.5007717171
4.16006701312 -5.53739227085 -67.5264710686
4.18507972187 -5.51107769982 -67.5516472944
4.2045558026 -5.47944366461 -67.5759042575
4.22226214324 -5.44683377983 -67.5995648627
4.24038476511 -5.41507259885 -67.6231071976
4.25839584015 -5.38339004634 -67.6465534267
4.27328139759 -5.34957789917 -67.6691160363
4.28095497904 -5.31173809823 -67.6892696503
4.27812715182 -5.26974205786 -67.7052021015
4.26372289214 -5.22571733255 -67.7154151927
4.23921258697 -5.18339648115 -67.7191843484
4.2077932888 -5.14673021426 -67.7166733133
4.17292577216 -5.11849700517 -67.7086849188
4.13701249217 -5.09958087115 -67.696212764
4.10086307196 -5.0891911412 -67.6800462546
4.0641293707 -5.08578786862 -67.6606309574
4.02636002609 -5.08812820233 -67.6382298297
3.98800992587 -5.09583987925 -67.6132563446
3.95080422284 -5.1092473445 -67.5865535786
3.91725276364 -5.12863529816 -67.5594263057
3.88961352703 -5.15347240113 -67.5333771904
3.86893165176 -5.18214346752 -67.5096735261
3.85474966057 -5.21243542437 -67.4889799414
3.84570755488 -5.24255871418 -67.4712722794
3.84073308518 -5.27212370792 -67.4561050282
3.84014975992 -5.30244454485 -67.4431129403
3.84601790821 -5.33585685803 -67.4324893929
3.8613967698 -5.37425948955 -67.4251767672
3.8887888715 -5.41754943916 -67.422637579
3.92850186765 -5.46276038372 -67.4262849997

/group/femoral_right/99
99
posId 99
3.98098012346 -5.51053895333 -67.5377696641
4.03363625803 -5.53656644038 -67.5559744733
4.07890817206 -5.54370556013 -67.5787908715
4.11479824946 -5.53511496517 -67.6035788997
4.1434539935 -5.51680882779 -67.6287524479
4.16893880586 -5.49481866917 -67.6538248831
4.19441365311 -5.47269534765 -67.6789541655
4.2202701794 -5.4504969714 -67.7043393951
4.24409205839 -5.42559897471 -67.7298176003
4.26222380793 -5.39473505401 -67.7548111407
4.27184293176 -5.35612437246 -67.7785255367
4.27225653021 -5.31062626056 -67.8001561782
4.26473679587 -5.2614910292 -67.8189103792
4.25117529889 -5.21305763774 -67.8338416906
4.23257088115 -5.16924264438 -67.8436861499
4.20842600325 -5.13262482721 -67.8469436697
4.17749029175 -5.10443718246 -67.8423116652
4.13936699298 -5.08517275276 -67.8293289518
4.09587518197 -5.07517499539 -67.8088857062
4.05114300773 -5.07470784373 -67.7832444341
4.01016692039 -5.08347465065 -67.7554331942
3.97655700319 -5.10004444518 -67.7282118653
3.95079080059 -5.12180533621 -67.7030845438
3.93011948718 -5.14576700801 -67.6798679931
3.91037216331 -5.16994701518 -67.6570829733
3.88878617273 -5.19457269508 -67.6330254304
3.86630835111 -5.22226083422 -67.6070124402
3.84799075577 -5.25680234448 -67.5801823906
3.84108473966 -5.3009535236 -67.5554315805
3.85169274671 -5.35428246261 -67.5364910693
3.88166711457 -5.41224106649 -67.526570091

