/group/splenic_branch1/0
0
posId 0
-4.95489990092 2.4816217825 7.61697823405
-4.98391458929 2.45813477696 7.62380669093
-5.01322980907 2.43361094911 7.62945174671
-5.04163912207 2.40940222484 7.63422264863
-5.06804497743 2.38657903252 7.63814868995
-5.09159120725 2.36578009702 7.64094250958
-5.11175621961 2.3471379705 7.64202355634
-5.12838989451 2.33029601771 7.64060081783
-5.14168771081 2.31451545701 7.63580280029
-5.1521075342 2.29885379953 7.6268334974
-5.16024540517 2.28238206982 7.61312754838
-5.16669439602 2.26440035725 7.59447711342
-5.1719136072 2.24461116581 7.57110741072
-5.17613205134 2.22321778537 7.54368659989
-5.1793050117 2.20092901779 7.51326714872
-5.18112992224 2.17886929917 7.48116784239
-5.18111703561 2.1584110896 7.44881592873
-5.17869949466 2.14096086384 7.41757561703
-5.17336002324 2.1277383289 7.38859104534
-5.16474873615 2.1195890685 7.36266862451
-5.15276900128 2.11686367265 7.34021606563
-5.13761527277 2.11938309507 7.32124493513
-5.11975684031 2.12649323826 7.30543230734
-5.09987239498 2.13719497455 7.29222714027
-5.07874993832 2.15032228411 7.28098020256
-5.0571729202 2.16473350252 7.27107386015
-5.03581536542 2.17948014606 7.26203004146
-5.0151658828 2.19392425393 7.25358058552
-4.99549358496 2.20778706211 7.24569254645
-4.97685964708 2.22112645457 7.23855006477
-4.95916853974 2.23425489657 7.23250226899
-4.94224495848 2.24762050482 7.22799184009
-4.92591780588 2.26167941622 7.22548050657
-4.91009216554 2.27678678279 7.22538578807
-4.89479400235 2.29312704097 7.22803849828
-4.88017937441 2.3106933253 7.23366416304
-4.86650859311 2.329313606 7.24238518956
-4.85409403878 2.34871016943 7.25423582822
-4.84323636176 2.36857189304 7.26917976244
-4.83416622683 2.38861693878 7.28712095245
-4.8270070682 2.40862729733 7.30790181552
-4.82176891752 2.42844505253 7.33128797368
-4.81837549818 2.44793122955 7.35694425583
-4.81671825871 2.46689897585 7.38441093864
-4.81672382313 2.48504094908 7.41309115447
-4.81841716916 2.50187411486 7.44225934307
-4.82196274906 2.5167227389 7.47109665645
-4.82766988822 2.52875255909 7.49875314198
-4.83595633481 2.53705756464 7.52442967903
-4.84727320767 2.54078802742 7.54746664216
-4.8620037661 2.53929732761 7.56742261612
-4.88035535952 2.5322783196 7.58412624975
-4.90226699205 2.51985925907 7.59768785133

/group/splenic_branch1/3
3
posId 3
-4.84649766801 2.42300763221 7.5222058038
-4.86458900673 2.42296488535 7.55341291993
-4.88287140033 2.4200744625 7.58016168839
-4.90060226343 2.41464740363 7.601691264
-4.91756416257 2.40692811161 7.618036705
-4.93402335982 2.39707335371 7.62992198581
-4.95056374757 2.38517184284 7.6385058068
-4.96784183562 2.3712941533 7.64504191807
-4.98632805051 2.35555420571 7.65053523272
-5.00610260557 2.33816054652 7.6554751287
-5.0267598772 2.31943891271 7.65970806512
-5.04744719915 2.29981619813 7.6624776933
-5.06702932302 2.27976757181 7.66262027437
-5.08433722537 2.25973996203 7.65886618428
-5.0984377015 2.24007323611 7.65017348306
-5.1088539408 2.22094283555 7.63601281324
-5.11567870801 2.20234349069 7.61653569878
-5.11954811731 2.1841237796 7.59258731641
-5.12147878637 2.16606809093 7.56556277256
-5.12260574618 2.14800933655 7.53714350119
-5.12388420506 2.1299459986 7.50897845618
-5.12582861196 2.11213349036 7.48238659825
-5.12835469989 2.09512359948 7.45815012403
-5.13076605512 2.07973638251 7.4364439826
-5.13189205741 2.06696398579 7.41691263163
-5.13034722808 2.05782197372 7.39886842948
-5.12485213859 2.05317698387 7.38155665341
-5.11454045261 2.0535866085 7.36441710329
-5.0991793038 2.05918642578 7.34727515425
-5.07925050247 2.06965005616 7.33041498961
-5.05587314163 2.08423290641 7.31451935074
-5.030586015 2.10189228525 7.3004953364
-5.00504166701 2.12145993668 7.28923556399
-4.9806847391 2.14183157669 7.28138077297
-4.95849049913 2.16213439855 7.27714943375
-4.93882428907 2.18183857921 7.27628224973
-4.92145283892 2.20079140394 7.27811910289
-4.90570128047 2.21916981914 7.28179073491
-4.89071433255 2.23736506177 7.28647631515
-4.87575514447 2.25582742576 7.2916590839
-4.86046672844 2.2749069855 7.29731051502
-4.84503078751 2.29472557634 7.30394964298
-4.8301845301 2.31510686495 7.31255454008
-4.81709133732 2.33557711057 7.32433998702
-4.80709719972 2.35543270336 7.34044993742
-4.80143280257 2.37385569324 7.3616367126
-4.80093418726 2.39004871409 7.38800492898
-4.80584993432 2.40335807488 7.41888511818
-4.81578114711 2.41335865124 7.45287271618

/group/splenic_branch1/6
6
posId 6
-4.75740721547 2.30799296419 7.62863239919
-4.77221600757 2.30765113621 7.65970117028
-4.7874645771 2.30481527183 7.68703197125
-4.80284660296 2.29942824535 7.70986168737
-4.81825962858 2.29140212736 7.72780594198
-4.83374464677 2.28067426103 7.74083494758
-4.84939713549 2.26727232411 7.74920508462
-4.86527347735 2.25137029779 7.75336353399
-4.88131692313 2.23331849822 7.75384609157
-4.89732189868 2.21363622185 7.75118693852
-4.91294577316 2.19296398053 7.74585421737
-4.92776542993 2.17198190409 7.73821806287
-4.94136480105 2.15130950087 7.72854995643
-4.9534315043 2.1314075831 7.717045634
-4.96383772675 2.11250438428 7.70385965332
-4.9726832868 2.09456425064 7.68913885746
-4.98028684913 2.07730936405 7.6730443229
-4.9871228522 2.06029429008 7.65575617972
-4.99371430945 2.04302192592 7.6374616244
-5.00050246207 2.02508002449 7.61833197235
-5.00772083026 2.00627195326 7.59849831172
-5.0153019486 1.98671501452 7.57803627776
-5.02283963403 1.96688475804 7.55696840275
-5.0296190103 1.94759338551 7.53528788692
-5.03471283094 1.92990273885 7.51300159154
-5.0371287379 1.91498504251 7.49018406966
-5.03598090787 1.9039549903 7.46703005051
-5.03065349988 1.897702803 7.44389118972
-5.02092381471 1.89675826879 7.42128468459
-5.00702015015 1.90121037305 7.39986635767
-4.98960165353 1.91069695036 7.38036809858
-4.96966259217 1.92446583243 7.36350761217
-4.94837832707 1.9414957636 7.3498854801
-4.92692184978 1.96065449741 7.33988895334
-4.90628564097 1.98086507949 7.33362250093
-4.88714259636 2.00125056716 7.33088155314
-4.86977201634 2.02123239332 7.33117858716
-4.85406372707 2.04056717144 7.33382101038
-4.83959790914 2.05931896614 7.33803006816
-4.82578329594 2.07777643574 7.34308129975
-4.81202507927 2.09633432699 7.34844171901
-4.79788839205 2.11536462929 7.35387812227
-4.78322468137 2.13510325095 7.35951505716
-4.76823627149 2.15557344167 7.36582938628
-4.75346724319 2.1765584978 7.37357954276
-4.7397237433 2.19762549517 7.38367941942
-4.72794089855 2.218191222 7.39703710344
-4.71902378655 2.23761333508 7.41438538673
-4.71369438104 2.2552856566 7.43613283852
-4.71237424477 2.27071717554 7.46226084849
-4.71512458018 2.28357937973 7.49228406822
-4.72165289874 2.2937147415 7.52528061428
-4.73138170629 2.30110857793 7.55998634463

/group/splenic_branch1/9
9
posId 9
-4.52231559007 2.20728837302 7.5537790623
-4.52287867339 2.2178109117 7.58086904501
-4.52495137712 2.22615722602 7.60764309251
-4.52842978611 2.23234660342 7.63380965531
-4.53324762151 2.23642824742 7.65927136037
-4.53939097695 2.23843058909 7.68405124383
-4.54690069963 2.23832049119 7.70820256244
-4.55585899444 2.23598535777 7.73172229484
-4.56636027773 2.23124553357 7.75448614614
-4.57847024884 2.22389660753 7.77621703056
-4.59218063619 2.21377320822 7.7964910825
-4.60736920663 2.20081958762 7.81477707481
-4.62377475853 2.1851493518 7.8304984995
-4.64099473707 2.16707796628 7.84310384341
-4.658509105 2.14711700613 7.85213039425
-4.67572892457 2.1259274286 7.85725002147
-4.69206282197 2.1042385713 7.85829082092
-4.70699026263 2.08274795387 7.85523482221
-4.72012834521 2.06202229297 7.84819753634
-4.73127920937 2.04242107758 7.83739863077
-4.74044819562 2.0240602124 7.82313369715
-4.7478280761 2.00682531734 7.80575490743
-4.7537510034 1.99043390892 7.78566405627
-4.75861604211 1.97453511609 7.76331631861
-4.76280498757 1.95882712694 7.73922848984
-4.76660163581 1.94316813338 7.71398283804
-4.77012922119 1.92765719153 7.68821780633
-4.77331745116 1.91266710139 7.66259976366
-4.77590508808 1.89882098131 7.63777516579
-4.77747744941 1.88691566462 7.61430859028
-4.77753182884 1.87780594721 7.59261757065
-4.77555893041 1.8722717442 7.57291846519
-4.77112588579 1.8708936678 7.55519768846
-4.76394671598 1.87396070291 7.53921917198
-4.75392904011 1.88142696125 7.52457241257
-4.74119073249 1.89292441055 7.51075718412
-4.72604601478 1.90782718825 7.49729270483
-4.70896594191 1.92535303106 7.48383265043
-4.69052232227 1.94468059328 7.47026444908
-4.67132607776 1.96505933387 7.45677266091
-4.65197066352 1.98589152909 7.44385189508
-4.63298871153 2.00677302262 7.43226366987
-4.61482624869 2.02748887366 7.42294214378
-4.59783462642 2.04796991994 7.41686360688
-4.58227666186 2.06822425024 7.41490194716
-4.56834120079 2.08826198363 7.41769543079
-4.55615976456 2.10803174823 7.42554834206
-4.54582008544 2.12738303596 7.43838462241
-4.53737370276 2.14606134036 7.45576089532
-4.53083763938 2.16373448948 7.476935129
-4.5261926776 2.1800409249 7.50097692408

/group/splenic_branch1/12
12
posId 12
-4.4554106722 1.97332424341 7.85138130722
-4.47099468256 1.94374008565 7.84605469061
-4.48560582029 1.91531005445 7.83601299186
-4.49865816724 1.88921749141 7.82197421022
-4.50979006237 1.86624806611 7.80478407891
-4.51891245316 1.84668181681 7.78528171196
-4.52619645082 1.83030057289 7.76418580167
-4.53200265515 1.81650893889 7.74202271574
-4.53676841761 1.80454045926 7.71910782426
-4.5408791906 1.79370044474 7.69557927234
-4.54455412052 1.78358794089 7.67147193071
-4.54777310348 1.77424361877 7.64681093422
-4.55026324903 1.76618707126 7.62170082823
-4.55154916933 1.76033234283 7.59638850837
-4.55105680021 1.75779872742 7.57128521174
-4.54824793417 1.75965846575 7.54694305029
-4.54275519303 1.76667827463 7.52399253203
-4.53448653921 1.77911405728 7.50305664321
-4.52367482275 1.79660701422 7.48466228228
-4.51085988777 1.81820713109 7.46917000883
-4.49680573079 1.84252164495 7.45673825733
-4.48236974484 1.86795799173 7.44732959141
-4.46835190906 1.89300928733 7.44075633374
-4.45535643562 1.91652048669 7.43675346114
-4.44369579262 1.93787728731 7.43506025606
-4.4333577486 1.95707675959 7.43549036352
-4.4240422035 1.97466481639 7.4379730365
-4.41525919552 1.99155510826 7.44255569013
-4.40646605015 2.00877012278 7.44936765162
-4.39721317079 2.02716229307 7.45855482721
-4.38726633677 2.04717697587 7.47020252063
-4.37667890652 2.068709376 7.48426698165
-4.36579873619 2.09108613205 7.5005345673
-4.35520931039 2.11317420733 7.51862099141
-4.34561921254 2.1335913155 7.53801347436
-4.33772534078 2.15096976529 7.55814794292
-4.33208068927 2.16421433357 7.57850430466
-4.32899589757 2.17269703216 7.59869745515
-4.32849556828 2.176346792 7.61854145601
-4.33033750057 2.17561658678 7.6380694555
-4.33408847177 2.17133869256 7.65750137902
-4.33923735802 2.16450416125 7.67716313432
-4.34531814987 2.15601939163 7.69737242646
-4.35201363905 2.14649712619 7.71831465855
-4.35921557947 2.13613036552 7.73993582092
-4.36702773869 2.1246777089 7.76187684202
-4.37571195125 2.11156219096 7.78346598649
-4.3855908572 2.09605894798 7.80377416595
-4.39693129605 2.07752621121 7.82172497998
-4.40983693679 2.05562400327 7.83623975602
-4.42417659469 2.03046782505 7.8463903351

/group/splenic_branch1/15
15
posId 15
-4.24482995842 1.93330758362 7.52994733962
-4.23205989595 1.95710973307 7.54981113559
-4.21973175084 1.97991257827 7.56975559197
-4.20793986725 2.00165097353 7.5891497885
-4.1967494713 2.02221933725 7.60782231713
-4.18623225708 2.04140151489 7.62602258293
-4.17649751628 2.05882705096 7.64430986421
-4.16771130413 2.07396576549 7.6633909795
-4.16009865109 2.08616502966 7.68393579003
-4.15392732249 2.09472561349 7.70640312504
-4.14947544153 2.09900401845 7.73090751867
-4.14698870764 2.09852330338 7.75714980322
-4.14663531481 2.09307170722 7.78442340106
-4.14846754448 2.08276944234 7.8116950332
-4.15239818502 2.06808878234 7.83774576986
-4.15819753417 2.04982023616 7.86134806961
-4.16551317871 2.02898688447 7.88144842738
-4.17391064305 2.00671823737 7.89732447489
-4.18292909052 1.98410260314 7.90868994278
-4.1921432614 1.9620415391 7.91572997274
-4.20122130674 1.94113059796 7.9190612658
-4.20996844039 1.92158706494 7.91962438097
-4.21834838799 1.90323820051 7.91852694187
-4.22647814793 1.88557380242 7.91686460944
-4.23459601643 1.8678562775 7.9155500676
-4.24300741758 1.84927165426 7.91517840761
-4.25201702865 1.8290977424 7.91595055737
-4.26185830428 1.80686222182 7.91766600404
-4.27263230122 1.7824644649 7.91978384877
-4.2842665097 1.75624026328 7.92153936072
-4.29650136846 1.72895751554 7.92209374162
-4.30890775287 1.70174190567 7.92068941295
-4.32093369038 1.67594287423 7.91678271597
-4.33197370696 1.6529598992 7.9101305111
-4.34145035367 1.6340556544 7.90081593252
-4.34889525691 1.62018490962 7.88920991791
-4.35401686595 1.61186568854 7.87587705587
-4.35674398404 1.60911258872 7.86144464129
-4.35723787032 1.61144237226 7.84646074507
-4.35587059284 1.61795056501 7.83126933773
-4.35317260494 1.62744671322 7.81592763141
-4.34975734694 1.63862694299 7.80018330004
-4.3462342574 1.65025699312 7.78351840668
-4.3431233354 1.66133779455 7.76525460919
-4.34078405151 1.67122906477 7.74470270105
-4.3393690333 1.67971364339 7.72133082918
-4.33880895537 1.68699515376 7.6949214009
-4.33883011291 1.69363236112 7.66568757943
-4.33900107068 1.70042351068 7.63432630017
-4.33880038423 1.70826134916 7.60199494664
-4.33769439146 1.71798329228 7.57021150006
-4.33521292775 1.73024077102 7.54069096443
-4.33101167012 1.74540736771 7.51514193964
-4.32491246952 1.76353780902 7.49505444575
-4.31691699363 1.7843806048 7.48151220903
-4.30719357249 1.80743776274 7.47505918994
-4.29604152658 1.83205720093 7.47564169146
-4.28384072315 1.85753854653 7.48263531803
-4.27099608773 1.88323174043 7.49495237036

/group/splenic_branch1/18
18
posId 18
-4.07297596575 1.86419249626 7.48445180603
-4.05358699449 1.8940694226 7.5007625675
-4.03531562769 1.92128936292 7.5188069828
-4.01926001326 1.94387346522 7.53848123377
-4.00625259662 1.96022539118 7.5599819995
-3.99670751549 1.96946329163 7.58365790344
-3.99056520274 1.97159589473 7.60979662371
-3.9873503055 1.96749215147 7.63840772025
-3.98632875612 1.95864847601 7.6690639731
-3.98672295486 1.94681212468 7.70084918765
-3.98792809043 1.93355842206 7.73243203413
-3.98967216967 1.91993228714 7.76225142283
-3.99207757365 1.90624711404 7.78876866171
-3.9956087263 1.89209124375 7.81072361103
-4.00092134784 1.87653588545 7.82733119306
-4.00865522117 1.85848405574 7.83837104082
-4.01922714802 1.83706291209 7.84415203471
-4.03267985243 1.81195190368 7.84536677033
-4.04862645222 1.78355887693 7.84287930885
-4.06630346349 1.75299974792 7.83750511975
-4.08471570791 1.72189208692 7.82984091179
-4.10283223994 1.6920234683 7.82018487682
-4.11978013219 1.66498768648 7.80856008416
-4.13498577534 1.64188730503 7.79482362381
-4.14823004483 1.62317866774 7.77882035735
-4.15960912721 1.60869253825 7.76052949081
-4.16941947419 1.59781277387 7.74015736028
-4.17800558843 1.58975165804 7.71814883677
-4.18561751921 1.58383613897 7.69511657375
-4.19231908834 1.57972075565 7.67171368144
-4.19797016139 1.57746926599 7.64849330577
-4.20228235394 1.57748947948 7.62580264093
-4.20492477089 1.58035145004 7.60374795195
-4.2056415901 1.58655420954 7.58224461439
-4.20434087203 1.59632021761 7.561138903
-4.2011244551 1.60948573252 7.54036464378
-4.19624879973 1.62552302337 7.52008519571
-4.19002988975 1.64368685442 7.50077360975
-4.18272450996 1.66323648483 7.48320079088
-4.17442932043 1.68365837711 7.46832822581
-4.16503511884 1.70481218417 7.45713048982
-4.15425749119 1.72694460002 7.45039475873
-4.14174141 1.75055601845 7.44855319917
-4.12721332968 1.77615165972 7.45159650946
-4.1106373124 1.80394773827 7.45909489784

/group/splenic_branch1/21
21
posId 21
-3.89615283718 1.74996379371 7.51853676514
-3.87628412569 1.76671338354 7.54142189279
-3.86013363844 1.77932504074 7.56565295935
-3.84817183755 1.78734990827 7.59098117999
-3.8403601229 1.7908629699 7.61721293007
-3.83624381244 1.79038721919 7.64408833063
-3.83513368619 1.7867184517 7.6711964692
-3.83632540135 1.78069879933 7.69795544347
-3.83929759887 1.77299982115 7.7236641063
-3.84383681117 1.76397240257 7.74760950996
-3.85005823609 1.7536019191 7.76919624885
-3.85832032946 1.74157818494 7.78805633839
-3.86906018101 1.72745841993 7.80410315781
-3.88259799151 1.71087623014 7.81750898588
-3.89896698703 1.69173716565 7.82860824512
-3.91781773006 1.67034510253 7.83775128041
-3.93842511351 1.64742247471 7.84514973986
-3.95979801952 1.62401618096 7.85075951869
-3.98086339438 1.60131205521 7.85423899776
-4.00067598883 1.58040575221 7.85500083855
-4.01859778705 1.56209004523 7.85234996711
-4.0343991411 1.5467145812 7.84567553433
-4.04825466672 1.53415513682 7.83464750862
-4.06063533637 1.52390045113 7.8193641567
-4.07212623836 1.51523353531 7.80040669155
-4.08321955683 1.50745933171 7.77877964319
-4.09413901442 1.5001184142 7.75574450858
-4.10474347084 1.49313034955 7.73258247612
-4.11453587153 1.48682931194 7.71034202251
-4.12277508522 1.48188346466 7.6896334584
-4.12866010184 1.47912073229 7.67052304607
-4.13153619464 1.479308538 7.65255618364
-4.13106640273 1.48294718629 7.63490798566
-4.12732082309 1.49013259462 7.61662818818
-4.12075832856 1.50052510308 7.59692362089
-4.1121045395 1.51343223559 7.57541156951
-4.10215832062 1.52798232298 7.55228377211
-4.091579055 1.54334117444 7.52834197926
-4.08071300224 1.55891217551 7.5048966417
-4.06950741915 1.57446450968 7.48355268372
-4.05753825239 1.59015352521 7.46593240414
-4.04414710675 1.60642644299 7.45339893985
-4.02865383115 1.62383780407 7.44684135723
-4.01059027687 1.64282390583 7.4465652901
-3.98989415994 1.66349726641 7.45230584305
-3.96701135776 1.68551766677 7.46334940416
-3.94287799902 1.70807667443 7.47872578195

/group/splenic_branch1/24
24
posId 24
-3.772536148 1.57898545697 7.76974168739
-3.80460737188 1.56434667818 7.78272930016
-3.83545987468 1.55013177647 7.79003929467
-3.86347975792 1.53708240899 7.79121386542
-3.88780491269 1.52560557253 7.78643210349
-3.90841642237 1.51572924357 7.77644366315
-3.92601227067 1.50715648181 7.76237893861
-3.94170450967 1.4994001396 7.74548872716
-3.95662780469 1.49195892933 7.72688348429
-3.97156863981 1.48448556138 7.7073397193
-3.986714934 1.47690157578 7.68721993678
-4.00158873493 1.46942994786 7.66651914768
-4.01517115698 1.46254060493 7.64501507415
-4.02617442799 1.45682861919 7.62247101697
-4.03337635093 1.45286298691 7.59882779331
-4.03591865928 1.45105051772 7.57432739195
-4.03348596506 1.451552834 7.54953373742
-4.02632106089 1.45427706882 7.52524814785
-4.01508315253 1.45893794691 7.50234902154
-4.00060283348 1.4651674527 7.48160753598
-3.98361723796 1.47263461644 7.46353724074
-3.96457223111 1.48113605523 7.44832379994
-3.94355505329 1.49062819349 7.4358555174
-3.92037793907 1.50119130057 7.42584353886
-3.89478410862 1.51293769311 7.41799243713
-3.86670725663 1.52589483818 7.41216582009
-3.83649665299 1.53990299228 7.40849257225
-3.80502824266 1.55456360395 7.40737714391
-3.77365549495 1.56925988422 7.40940665801
-3.74400239996 1.58324906133 7.41517971755
-3.7176504009 1.59580342315 7.42510695959
-3.695806209 1.60636110796 7.43924388487
-3.67904741868 1.61464275431 7.45720886642
-3.66722400775 1.62069830422 7.47821543629
-3.65955105595 1.62486736186 7.50121475201
-3.6548734133 1.62766115682 7.52511123504
-3.6520323906 1.62959722445 7.5489915168
-3.65023276453 1.63103260119 7.57230098934
-3.64930518335 1.63204316839 7.5949155297
-3.64978597736 1.63238495168 7.61708488327
-3.65278627228 1.63155082468 7.63926067414
-3.6596812837 1.62890939406 7.6618556548
-3.67170204528 1.62388939974 7.68500187453
-3.68954086933 1.61615946301 7.7083776815
-3.71308005373 1.60575340077 7.7311559469

/group/splenic_branch1/27
27
posId 27
-3.88277296708 1.3535855576 7.72156097971
-3.85754685329 1.3610148333 7.74371919025
-3.83153916791 1.36813696283 7.76232888375
-3.8045363067 1.37483305907 7.7761448303
-3.77637571185 1.38102987451 7.78435517007
-3.74709801651 1.38668534763 7.78668701338
-3.71704751733 1.39177048674 7.78340862011
-3.68689418162 1.39625298015 7.77523197282
-3.65757035868 1.40008710118 7.76314189534
-3.6301370944 1.40321246776 7.74819339016
-3.60561284165 1.40556158559 7.73132394863
-3.58480681019 1.40707357364 7.71322128211
-3.56819780741 1.40770972558 7.69427115967
-3.55588760727 1.40746606427 7.67458907786
-3.54763877325 1.40637891706 7.65411877617
-3.54298545029 1.4045215232 7.63276535197
-3.54138747817 1.40199222517 7.61052454871
-3.54238791258 1.39889718879 7.58757383817
-3.54573420041 1.39533218117 7.56430363589
-3.55143362254 1.39136827267 7.54128460281
-3.55973130047 1.38704532304 7.5191845722
-3.57101930437 1.38237503419 7.49866146865
-3.58570284829 1.37735276775 7.48026339162
-3.60405969843 1.37197493905 7.46436285933
-3.62612925812 1.36625726493 7.45114059986
-3.65165849136 1.36024888229 7.44061880618
-3.6801156427 1.35403844701 7.43272900154
-3.7107641458 1.34775047666 7.42738985182
-3.74277327926 1.34153283484 7.42456817923
-3.77533329028 1.33553865414 7.42430258854
-3.80774314592 1.32990750176 7.42668163158
-3.83944848804 1.32475079016 7.4317835802
-3.87002298351 1.32014525681 7.43959812752
-3.8991035987 1.31613609339 7.44995766271
-3.92630445122 1.31274859424 7.46250478306
-3.95114077359 1.31000475261 7.4767133924
-3.97299215264 1.30793973047 7.49196547182
-3.99112315973 1.30661298923 7.50766857509
-4.00476277014 1.30611015793 7.52338514223
-4.01322622294 1.3065341126 7.53893801368
-4.01604918952 1.30798662654 7.55445938616
-4.01309828477 1.31054456671 7.57036264983
-4.0046259312 1.31423626139 7.58723528443
-3.99125057628 1.31902389758 7.60567157787
-3.97386198346 1.32479654379 7.62608098432
-3.95347085693 1.33137594278 7.64851681378
-3.93103718015 1.33853420101 7.67256797559

/group/splenic_branch1/30
30
posId 30
-3.68269108693 1.17714759585 7.78547888814
-3.71892317245 1.17797577204 7.79110228204
-3.75224659965 1.17803223486 7.79252591689
-3.78124257625 1.17731810193 7.78970789694
-3.80558389426 1.17587158723 7.782840299
-3.82598605983 1.17377282546 7.77237316661
-3.84389449354 1.1711381507 7.75897355427
-3.86099617355 1.16810398655 7.74342343762
-3.87869014854 1.16480397579 7.72648030433
-3.89765970862 1.16134548183 7.70873783339
-3.91765779206 1.15779231134 7.6905268302
-3.9375557477 1.154159142 7.67188725368
-3.95563164363 1.15042002059 7.65262310469
-3.97000897958 1.14652929574 7.63242847603
-3.97911822707 1.14244962743 7.61105198573
-3.98205240928 1.13817938703 7.58845439783
-3.97872341884 1.13377156255 7.56491437535
-3.96978688059 1.12933834822 7.5410503407
-3.95637181223 1.1250394015 7.51774894623
-3.93970702419 1.12105625488 7.49601647573
-3.92076310328 1.11755930832 7.47679133685
-3.90001961207 1.11467606898 7.46076740465
-3.87742522642 1.11246917857 7.4482758923
-3.85255697526 1.11093026614 7.43925804678
-3.82492228119 1.10999144576 7.43333644371
-3.79430297213 1.10955149914 7.42996574753
-3.76102719932 1.10950976152 7.42862198448
-3.72607717493 1.10979858575 7.42897872323
-3.69099117004 1.11040559297 7.43102203392
-3.65758203498 1.11137964025 7.43507271613
-3.62755230726 1.11281879477 7.44170940402
-3.60212014195 1.11484339822 7.45161279022
-3.58177017602 1.11756122083 7.4653720184
-3.56620854603 1.12103368597 7.4833036485
-3.55454154864 1.12525168664 7.50532914438
-3.54563035069 1.13012679505 7.53094011147
-3.53851965034 1.13549948738 7.5592564647
-3.53281276627 1.14116155961 7.58915821599
-3.52887745016 1.14688642956 7.6194534701
-3.52781309125 1.15245943249 7.64903834144
-3.53117802396 1.15770088494 7.67701034528
-3.54054591944 1.16247732239 7.70271316968
-3.55701233523 1.16670006529 7.72571241667
-3.5807909732 1.17031399396 7.74572232799
-3.61101811166 1.17328202013 7.76251665645

/group/splenic_branch1/33
33
posId 33
-3.81585578483 0.970355361269 7.79944103404
-3.85275757487 0.971709081843 7.78413804433
-3.88682170302 0.972197736386 7.76676441572
-3.91655823086 0.971821470534 7.74817188879
-3.9408722208 0.970602320606 7.72907997969
-3.95920587629 0.968582211579 7.70998623992
-3.97157115223 0.965814067008 7.69110968963
-3.97846325256 0.962349388915 7.67238722931
-3.98067759955 0.958227806042 7.6535335926
-3.97907914574 0.953474132652 7.63416057412
-3.97438547439 0.948106265677 7.61393463293
-3.96702020218 0.942153425307 7.59273847645
-3.95707218737 0.93568007835 7.5707964546
-3.94436519399 0.928807845592 7.54872825345
-3.92861112113 0.921726965867 7.52751028626
-3.9095969657 0.914690949847 7.50834607732
-3.88734795192 0.90799248385 7.49247024555
-3.86221867848 0.901924207485 7.48092905717
-3.83488745832 0.89673300609 7.4743886038
-3.80625888319 0.892579314201 7.47301679089
-3.7773068561 0.889512586237 7.47646832668
-3.74890676134 0.887470454453 7.48397700071
-3.72170646042 0.886303062097 7.4945332175
-3.69607165616 0.885817292487 7.50710395302
-3.67211676854 0.885830051789 7.52084249929
-3.64980575775 0.886217044699 7.53523901821
-3.62908671794 0.886944450752 7.55017883312
-3.61001576753 0.888075346484 7.56589906349
-3.59283189394 0.889749400023 7.58285921768
-3.57796241797 0.892141413866 7.60156115427
-3.56596233298 0.89540973423 7.62236357306
-3.55741203206 0.899647888273 7.64533405141
-3.55280993006 0.904851474146 7.6701690879
-3.5524955172 0.910907802405 7.69619385257
-3.55662514765 0.917609461263 7.72243390678
-3.5652021887 0.924686711956 7.74773622675
-3.57814233774 0.931849178214 7.77090979981
-3.59534129304 0.938825824604 7.79085757402
-3.61671045043 0.945393937935 7.80667974365
-3.64215770304 0.951391991904 7.8177396167
-3.67151112776 0.956716457943 7.82369359893
-3.70440644195 0.961307179292 7.82449306801
-3.74017664011 0.965128511165 7.82036693431

/group/splenic_branch1/36
36
posId 36
-3.85618570985 0.784005149497 7.84658002624
-3.89263768591 0.790238156946 7.83233871464
-3.92643934565 0.795203334787 7.81627688654
-3.9562089259 0.79858597914 7.79865941077
-3.98085591242 0.800140258441 7.7797042275
-3.99968455154 0.799735785996 7.75964312911
-4.01243289193 0.797381563814 7.7387670448
-4.01924355081 0.793222019725 7.71744109326
-4.02057759143 0.787507089207 7.69608497039
-4.01709475325 0.780544828228 7.67512541059
-4.00952891012 0.772649154924 7.65493629574
-3.99858583364 0.764095953995 7.63578599665
-3.98488186039 0.755097839059 7.61780962405
-3.96892938895 0.745802225755 7.60101663348
-3.95116179442 0.7363106182 7.58533377011
-3.93197995969 0.726711034384 7.5706726719
-3.91179791254 0.717111943202 7.55700365757
-3.89106714509 0.707665927174 7.54441460291
-3.87026730733 0.698574545911 7.53313720559
-3.84986268111 0.690071630969 7.52353151803
-3.83023574756 0.682388870967 7.51603107469
-3.81161781819 0.67571317249 7.51106209462
-3.7940395778 0.670148296109 7.50895795598
-3.77732056506 0.665692764571 7.50989216304
-3.76110704071 0.662242082013 7.5138486311
-3.74495492309 0.659616905773 7.52063833209
-3.72844198492 0.657611683344 7.52995871326
-3.71128475698 0.656052346859 7.54148020889
-3.69343305301 0.654848595852 7.55493593813
-3.67511953941 0.65402700372 7.57018868738
-3.65685225209 0.653735564527 7.58725425966
-3.63935171553 0.6542172782 7.60627113184
-3.62344774303 0.655758165736 7.62742039075
-3.60996054648 0.658621680978 7.65081351482
-3.5995939214 0.66298510515 7.67637515041
-3.59286416427 0.668893195865 7.70375099822
-3.59007812336 0.676240157597 7.73226633882
-3.59136013274 0.684783967762 7.76094958796
-3.59671420599 0.694189037975 7.78862027618
-3.60609838661 0.704086191944 7.8140256997
-3.6194851512 0.714134805248 7.83599896014
-3.63688609493 0.724071735804 7.85360606116
-3.65832967934 0.733735410788 7.86625238467
-3.68379478686 0.743060128075 7.87372850364
-3.71311645202 0.752043512988 7.87618943302
-3.74588971792 0.760697079182 7.87407650365
-3.78140042651 0.768994154279 7.86800332947

/group/splenic_branch1/39
39
posId 39
-3.89446588139 0.626809860091 7.96671538204
-3.92501476003 0.636865722505 7.95551843684
-3.95430932075 0.644955383613 7.94041486247
-3.98093949617 0.650596268221 7.92186970814
-4.0036902607 0.653464178927 7.90054126229
-4.02171069419 0.653449996862 7.8772220368
-4.03461315386 0.650675904587 7.85275625619
-4.04248392696 0.645467227895 7.82794694343
-4.04580661308 0.638286277526 7.80346892596
-4.04531866125 0.629643364128 7.77980402845
-4.04183549624 0.620005337825 7.7572111764
-4.03608233957 0.609722320862 7.73573770039
-4.02857002905 0.598988692323 7.71527008421
-4.01953901957 0.587845978964 7.6956144325
-4.00897843057 0.576225155751 7.67659077159
-3.99670880101 0.564016430749 7.65812230949
-3.98250254545 0.551148161456 7.64030166094
-3.96620843257 0.537654660074 7.623420643
-3.94784739 0.523715713748 7.60795760273
-3.92765606149 0.509657878238 7.59452478534
-3.90606927555 0.49591719223 7.58378617147
-3.88364905371 0.482972531481 7.57636184496
-3.8609817529 0.471266025527 7.57273715868
-3.83857287201 0.461130041909 7.57319337929
-3.8167690181 0.452738478585 7.57777157649
-3.79572864647 0.446093969362 7.58627445637
-3.77544959893 0.441053651546 7.59830321964
-3.75584576093 0.437386608115 7.61332000349
-3.73685147059 0.434848346897 7.63072236392
-3.71852424543 0.43325362682 7.64991528496
-3.70111610742 0.432529567502 7.67036832981
-3.68509144101 0.432736095476 7.69165004573
-3.67108301599 0.434049083819 7.71343738054
-3.65979407131 0.436710939141 7.7355032737
-3.65186900153 0.440961524383 7.75768953139
-3.64776438377 0.446967145937 7.77987382067
-3.64765332967 0.454765678263 7.80193897569
-3.65138893077 0.464241677586 7.8237502647
-3.65853851393 0.475137623082 7.84514273677
-3.66848292991 0.48709817094 7.865917356
-3.68055849169 0.499735853129 7.88584232054
-3.69420765798 0.512701140453 7.90465535234
-3.7091011336 0.525738625495 7.92206389435
-3.72519979324 0.538714582542 7.93774258663
-3.7427385414 0.551608473131 7.9513302385
-3.76213272686 0.564470267866 7.96243075692
-3.78382662438 0.577354414926 7.9706232678
-3.80811820108 0.590247637107 7.97548552564
-3.83500126469 0.603009849524 7.97663175088

/group/splenic_branch1/42
42
posId 42
-3.90880208356 0.422736805668 8.03278843728
-3.93488429951 0.440613476983 8.03415836491
-3.96095831415 0.456980630518 8.03216097664
-3.98631460085 0.471374281912 8.02680898189
-4.01038172559 0.483476946688 8.01823842735
-4.0327643528 0.493127955418 8.00667546833
-4.05324204846 0.500301181957 7.99238828111
-4.07173241107 0.505058675796 7.97563789341
-4.08822986987 0.507494210056 7.95664249752
-4.10273647346 0.507682678687 7.93556672824
-4.11520208606 0.505649187192 7.91254108859
-4.12548845667 0.501366133382 7.88770866125
-4.133365399 0.494778951816 7.86128840543
-4.13853933302 0.485853380708 7.83363868054
-4.14070658574 0.474631037568 7.80530267956
-4.1396179691 0.461277284059 7.77701988813
-4.13513859536 0.446106569498 7.7496941809
-4.12728821521 0.42957545334 7.72431842241
-4.11625220847 0.412241186228 7.70186545196
-4.10236053629 0.394692280337 7.68316383759
-4.08603974519 0.377464879563 7.66878177427
-4.06774963137 0.36096313681 7.65894268534
-4.04791986631 0.345402069599 7.65349120534
-4.02690186085 0.330787289927 7.65191913349
-4.00494739709 0.316938391783 7.65344945912
-3.98221896236 0.303553273909 7.65716505154
-3.95882883963 0.29030139706 7.66215951296
-3.93489672247 0.27692704358 7.66768297232
-3.91061069004 0.263340695034 7.67325629866
-3.88627502029 0.24967843663 7.6787332388
-3.86233093114 0.236315547032 7.68430010479
-3.83934238497 0.223829846863 7.69041475629
-3.81794721715 0.212920941179 7.69769822651
-3.79878219267 0.204300901463 7.70680104445
-3.7823972073 0.198578122685 7.71827036449
-3.7691771488 0.196157685394 7.7324426955
-3.75928907336 0.197178179837 7.74938074491
-3.75266742777 0.201497326965 7.76886312704
-3.74904208606 0.208728511419 7.79042460393
-3.74800470869 0.218319743114 7.81343452323
-3.74910043119 0.229657881562 7.83719427708
-3.75192606845 0.24217605244 7.86103225217
-3.75621422121 0.255442078584 7.88437716715
-3.76188535031 0.269210394192 7.90679712679
-3.76905650325 0.283428224058 7.92800052358
-3.77800451771 0.29819690896 7.94780398381
-3.78909119791 0.31369889822 7.96607980338
-3.80266605125 0.330108004545 7.98269916571
-3.81896691297 0.347503525901 7.99748714693
-3.83803914902 0.36580722033 8.01020135198
-3.8596900512 0.384756354582 8.02053915966

/group/splenic_branch1/45
45
posId 45
-4.11537982121 0.335283265572 8.10295464584
-4.14524980593 0.353273730274 8.08801209701
-4.17297378642 0.367666459316 8.06999256825
-4.19723417375 0.377627999941 8.04948338551
-4.21708765685 0.382678013184 8.02711454459
-4.2320519295 0.38271897914 8.00347476112
-4.24210883043 0.378006672223 7.97905333536
-4.24762987292 0.369073544827 7.95422021633
-4.249245097 0.356624914615 7.92924691469
-4.24768613866 0.341430872292 7.90436056774
-4.24363747839 0.324234774175 7.87981490394
-4.23762560913 0.305692826663 7.85595709807
-4.22996551767 0.28635028327 7.83326972376
-4.22076984914 0.266650345514 7.81237225685
-4.21001159962 0.246964186127 7.79397578437
-4.19761936991 0.227626317801 7.77879573935
-4.18357766169 0.208959678674 7.76743813001
-4.16800474552 0.1912791252 7.76028243307
-4.15118712866 0.174869357393 7.75738722786
-4.13356101194 0.159941782713 7.75844191487
-4.11564468291 0.146582306722 7.76277984812
-4.09793840044 0.134706592694 7.76945643091
-4.08081705678 0.124039697752 7.77738254685
-4.06444369849 0.114132878232 7.78549185915
-4.04872812248 0.104422526478 7.79291253802
-4.0333450095 0.094326325475 7.79911165076
-4.01781252954 0.0833620062076 7.80398441961
-4.00161804924 0.0712668472828 7.80787017452
-3.98436571999 0.0580930997735 7.81149028556
-3.96591407834 0.0442568108189 7.81581801732
-3.94647200504 0.0305248987554 7.82190319362
-3.9266286504 0.0179365198216 7.83068319669
-3.90730588323 0.00766759788952 7.84281440667
-3.88963782751 0.000859252582624 7.85855418297
-3.87479775257 -0.00156075899676 7.8777136941
-3.86380460164 0.000968538482411 7.899688277
-3.8573471056 0.00854198456122 7.92355727365
-3.85566135226 0.020762921815 7.94823238146
-3.85848809091 0.0367985633105 7.97262500063
-3.86512075771 0.0555079379364 7.9958004944
-3.87453725221 0.0756205783964 8.01709109245
-3.8855915295 0.0959343458185 8.0361484614
-3.89722860151 0.11549690084 8.05292973487
-3.90868119128 0.133738160723 8.06762436825
-3.9196092487 0.150530129516 8.08054077517
-3.93015431259 0.166164025891 8.09197899997
-3.94089718745 0.181250044241 8.10211730674
-3.95272630825 0.196559386161 8.11093635718
-3.96664170134 0.212838640396 8.11819566138
-3.98353209058 0.230631198324 8.12346525214
-4.0039679156 0.250138365784 8.12620361685
-4.02804980412 0.271144683068 8.12586335901
-4.05534106801 0.29301940229 8.12200083013

/group/splenic_branch1/48
48
posId 48
-4.21194668967 0.148630621837 8.19883761559
-4.23612716988 0.171040043069 8.19403506666
-4.25991070695 0.190290388854 8.18501133338
-4.28231944526 0.205677289317 8.17227161451
-4.30260788007 0.216863804423 8.15650927589
-4.32034385386 0.223860796398 8.1384438855
-4.33541854572 0.22694273453 8.11867525949
-4.34798808776 0.226526878972 8.09759228902
-4.35836496634 0.223050191319 8.07535993164
-4.36688801517 0.216875604374 8.05198624941
-4.37380320529 0.208248558638 8.02744932638
-4.37918301693 0.197309096081 8.0018470284
-4.38290127893 0.184148584215 7.97552530959
-4.38466586615 0.168887669869 7.94914512785
-4.38409723661 0.151746607689 7.9236630623
-4.38083003045 0.133082042972 7.90022274519
-4.3746103985 0.113374773243 7.87997771883
-4.36536431642 0.0931680796468 7.86388532949
-4.3532209829 0.0729717661573 7.85252084046
-4.33848803949 0.0531587590499 7.84595843836
-4.32158840538 0.033885649167 7.84375155148
-4.30297856564 0.0150644063024 7.84502216508
-4.28307258507 -0.00359956363596 7.84864302985
-4.26219383324 -0.0225049154634 7.85347408566
-4.24056805609 -0.0420070774125 7.85860063458
-4.21835926681 -0.0622596576682 7.86351929304
-4.19573721611 -0.0830840924095 7.86822907749
-4.17295537053 -0.103903450202 7.87320656371
-4.15041409048 -0.12376340475 7.87927082822
-4.12868633914 -0.141443994073 7.88736946508
-4.10849227223 -0.155644394175 7.89833525641
-4.0906222788 -0.165204690293 7.91266968202
-4.07582213765 -0.169318064467 7.93040280588
-4.06466527577 -0.167686739053 7.95106078667
-4.05744261983 -0.160585774209 7.97374673247
-4.05409856596 -0.148818179574 7.99731398876
-4.05423233855 -0.133568438566 8.02058958322
-4.05716948419 -0.11618404287 8.04259451191
-4.06209184001 -0.0979307708465 8.06270937537
-4.0681999773 -0.0797734299157 8.08074797006
-4.07487339999 -0.0622281778369 8.0969242597
-4.08179294133 -0.0453165975294 8.11172406738
-4.08899726398 -0.0286290873351 8.12571553086
-4.09685955215 -0.0114810470396 8.13934639487
-4.10598817997 0.00687469714021 8.15277830432
-4.11707225549 0.0270272555019 8.16579809708
-4.13070547369 0.0492272808326 8.17782637053
-4.14722671368 0.0732847920841 8.18801931543
-4.16661209285 0.0985644757514 8.19543703385

/group/splenic_branch1/51
51
posId 51
-4.38338389342 0.0105541477895 8.27848488735
-4.41292262229 0.0333689765279 8.26241005524
-4.44064836809 0.0523599687295 8.2439185643
-4.46502593449 0.0666866242572 8.22433066561
-4.48527148827 0.0760712183476 8.20453307046
-4.50143492982 0.0807852095656 8.1848256985
-4.51425971068 0.0815070917763 8.16495039472
-4.52486448775 0.0790967944423 8.14429265145
-4.53434026794 0.0743528216784 8.12219674042
-4.54337890272 0.0678200046998 8.0983008562
-4.55203781773 0.059698026369 8.07279186984
-4.55970514282 0.0498693630392 8.04650136249
-4.56527090411 0.0380294774212 8.02080961189
-4.56745063567 0.0238725640624 7.99737932774
-4.565164745 0.00727144571462 7.97779036157
-4.55786245464 -0.0116056167484 7.96317610144
-4.54569702146 -0.0322770161973 7.95396322238
-4.52950365511 -0.054032655885 7.94978849224
-4.51058982216 -0.0760927589198 7.94961731527
-4.49040229816 -0.0977883733225 7.95203256261
-4.47017047057 -0.118704228764 7.95561495318
-4.45063088287 -0.138736055492 7.9593112259
-4.43191248345 -0.158041053537 7.96269060045
-4.41361325164 -0.176893892326 7.96602218204
-4.39504136942 -0.19549120433 7.97015668192
-4.37554494277 -0.21376561752 7.97625051307
-4.35482799267 -0.231270200084 7.98541337321
-4.33315478181 -0.247175412305 7.99837971752
-4.31137820933 -0.260388482754 8.01529487455
-4.29078100559 -0.26976884295 8.03567118285
-4.27277507016 -0.274383549637 8.05851903099
-4.25854768607 -0.273732435981 8.08260693405
-4.24876052653 -0.267878604484 8.10676854619
-4.24339305337 -0.257444558271 8.13016316598
-4.2417800747 -0.243471013361 8.15241282633
-4.24283602191 -0.227173882766 8.17357824848
-4.24540268997 -0.209664065969 8.19398592986
-4.24861925491 -0.191706035434 8.21396446578
-4.25220472372 -0.173581306062 8.23357621873
-4.25656648598 -0.155094269905 8.25243231602
-4.26269783765 -0.135718498268 8.26965411738
-4.2718881884 -0.114842498546 8.28400012391
-4.28532458163 -0.0920460858513 8.29412692582
-4.30369615716 -0.0673298473259 8.29891122724
-4.32691450254 -0.0412330887582 8.29773971083

/group/splenic_branch1/54
54
posId 54
-4.47948518521 -0.139964854981 8.44839423186
-4.50109435934 -0.117166110848 8.44470757962
-4.52220827103 -0.0952933317982 8.44056035824
-4.54235100512 -0.0747556872421 8.4361593339
-4.56113108069 -0.0559860523779 8.43154448603
-4.57827203873 -0.0394063756238 8.42658697886
-4.59363411818 -0.0253895290773 8.42100610765
-4.60722412676 -0.0142221523277 8.4144037442
-4.61919174968 -0.0060730597407 8.40631291149
-4.62981194226 -0.000971276885542 8.39625555924
-4.63945456601 0.00120324294909 8.38380356781
-4.64854387524 0.000714578288835 8.36863659878
-4.65751166968 -0.00204853689808 8.35059068612
-4.66674874948 -0.00660477727376 8.32969239518
-4.67655963456 -0.0124218425839 8.3061748661
-4.68712529103 -0.0189633581674 8.28047393862
-4.69847785616 -0.0257361506683 8.2532046201
-4.71049014594 -0.0323329205108 8.22512017929
-4.72288119645 -0.0384658428977 8.19705790566
-4.73523740206 -0.0439876572626 8.16987687957
-4.74704715975 -0.0488982264739 8.14439381731
-4.75774549672 -0.0533361895542 8.12132312187
-4.76676411083 -0.057556997174 8.10122669219
-4.77358170761 -0.061900108288 8.08447790284
-4.77776953431 -0.0667492628785 8.07124260394
-4.77902758533 -0.0724903986142 8.06147819276
-4.77720801493 -0.0794718779103 8.05494998157
-4.77232371708 -0.0879712349412 8.05126243022
-4.76454165256 -0.0981717066961 8.04990150383
-4.75416213419 -0.110150504668 8.05028357958
-4.74158673637 -0.123879283683 8.05180603043
-4.72727861482 -0.139235762374 8.05389485603
-4.71171968673 -0.156024133562 8.05604544896
-4.69536926778 -0.174000933242 8.0578536608
-4.67862838968 -0.192902528452 8.059035615
-4.66181318971 -0.212470390416 8.05943603259
-4.64513958596 -0.232470827183 8.05902603125
-4.62872007773 -0.252706781863 8.05789229198
-4.61257211009 -0.273020527698 8.05622006793
-4.5966361799 -0.293287442243 8.05427269805
-4.58080088307 -0.313402338629 8.05237009818
-4.56493151107 -0.333260900205 8.05086820289
-4.54889865314 -0.352739465576 8.05014062702
-4.5326035431 -0.37167665365 8.05056303687
-4.51599754952 -0.38986007337 8.05249999922
-4.49909414024 -0.407020665749 8.05629352975
-4.48197272462 -0.422836171642 8.06225227569
-4.46477484175 -0.436943949728 8.07064028179
-4.44769408286 -0.448962055727 8.08166459543
-4.43096179612 -0.458516312573 8.09546150918
-4.41483094824 -0.465270211074 8.11208192092
-4.3995604833 -0.468954002577 8.13147699198
-4.38540214923 -0.469389346135 8.15348587303
-4.37259112639 -0.466506356589 8.17782762842
-4.36134099613 -0.460350806922 8.20409953573
-4.35184275603 -0.451080452456 8.23178362362
-4.34426684996 -0.438950808695 8.2602626466
-4.33876664777 -0.4242920512 8.28884574072
-4.33548156234 -0.407479839013 8.31680286742
-4.3345380693 -0.388903642657 8.34340597644
-4.33604728694 -0.368936478054 8.36797375907
-4.3400984251 -0.347909762676 8.3899160744
-4.34674822495 -0.326096338802 8.40877374003
-4.35600736611 -0.303703633661 8.42424946757
-4.36782558071 -0.280877583361 8.43622631957
-4.38207776452 -0.257716508919 8.44477112938
-4.39855361578 -0.23429278477 8.45012176271
-4.41695320856 -0.210679059376 8.45265875739
-4.43689041161 -0.186975118173 8.45286357382

/group/splenic_branch1/57
57
posId 57
-4.5807205747 -0.282931087614 8.56801567
-4.59611667555 -0.257385910178 8.57995999495
-4.60989362836 -0.231869381915 8.59433077763
-4.62203978018 -0.206776250147 8.61059882046
-4.63267638415 -0.18251713284 8.62801050445
-4.64204398577 -0.159493146041 8.64564367981
-4.65048001591 -0.138070434012 8.66247708449
-4.65838932678 -0.118556825881 8.67746756498
-4.66620997101 -0.101182679359 8.68962874098
-4.67437690035 -0.086087623286 8.69810466553
-4.68328641738 -0.0733144065862 8.70223249198
-4.69326413825 -0.0628104458845 8.70158912605
-4.70453892375 -0.0544369917454 8.69601823167
-4.71722473504 -0.0479851638044 8.68563564904
-4.73131171275 -0.0431974975292 8.67081312789
-4.74666701907 -0.0397931541973 8.65214211497
-4.76304518624 -0.0374946150162 8.63038100573
-4.78010694889 -0.0360535401626 8.60639063117
-4.79744486589 -0.0352735370905 8.58106368588
-4.81461351486 -0.0350278449874 8.55525423536
-4.8311617128 -0.0352703812978 8.52971333456
-4.84666410405 -0.036039173698 8.50503616053
-4.86074956922 -0.0374518663169 8.48162496868
-4.87312423361 -0.039693683988 8.45967072442
-4.88358735982 -0.0429989017424 8.43915457217
-4.89203905084 -0.0476274401163 8.41986853107
-4.89847941081 -0.053838639452 8.40145311071
-4.90299954575 -0.0618645198408 8.38344806791
-4.90576547444 -0.0718848850225 8.36535140756
-4.90699659923 -0.0840064734912 8.34668106137
-4.90694081143 -0.0982480115376 8.32703351532
-4.90584853963 -0.114532511299 8.30613400857
-4.90394807667 -0.132687526821 8.28387375863
-4.90142434129 -0.152453387803 8.26033090149
-4.8984028651 -0.173498734945 8.23577335624
-4.89494027834 -0.195442043574 8.21064349401
-4.89102194932 -0.217877299511 8.18552615793
-4.8865667679 -0.240401628754 8.1611030947
-4.88143841469 -0.262642512183 8.13809808273
-4.87546188185 -0.284282253177 8.11721786751
-4.86844356044 -0.305077606283 8.09909436962
-4.86019292113 -0.324872897747 8.08423348309
-4.85054371431 -0.343605536637 8.07297514919
-4.83937270822 -0.361303478372 8.06546833045
-4.82661425875 -0.378074902662 8.06166312097
-4.81226943377 -0.394091043536 8.06132063914
-4.79640895688 -0.409563701338 8.06403970232
-4.77916983882 -0.424719423455 8.06929773182
-4.76074617164 -0.439772622461 8.07650202098
-4.74137511508 -0.454899983167 8.08504654006
-4.72131955447 -0.470218387065 8.09436893736
-4.70084921278 -0.485768265401 8.10400237312
-4.68022212884 -0.501503809197 8.11361729496
-4.65966835711 -0.517290859142 8.12304918879
-4.63937750782 -0.532912623969 8.13230963341
-4.61949135227 -0.548082692679 8.14157953429
-4.60010220378 -0.562464173698 8.1511850712
-4.58125719897 -0.575693268489 8.1615585145
-4.56296800275 -0.587405214033 8.17318749853
-4.54522489963 -0.597260340105 8.18655745488
-4.52801376923 -0.604967999112 8.20209260049
-4.51133411863 -0.61030633625 8.22010107944
-4.49521619267 -0.613136256077 8.24072955049
-4.47973522067 -0.613408472795 8.263931719
-4.46502108496 -0.611163157456 8.28945409949
-4.45126209373 -0.606522359551 8.31684076941
-4.43870207454 -0.599676023484 8.34545717119
-4.42763062754 -0.590862984783 8.37453128859
-4.41836703319 -0.580348766377 8.40320892174
-4.41123893809 -0.568402263313 8.43061845587
-4.40655748562 -0.555273481627 8.45593958445
-4.40459096455 -0.541174377399 8.47846999406
-4.40553927806 -0.526264536962 8.4976840921
-4.40951156349 -0.510642976877 8.51327845608
-4.41650911278 -0.494346764926 8.52519975854
-4.42641536623 -0.47735652359 8.53365238238
-4.43899420747 -0.459608233333 8.53908466354
-4.45389712067 -0.441010163012 8.54215453171
-4.47067903663 -0.421463272418 8.54367710586
-4.48882195723 -0.400883101146 8.54455838311
-4.50776477032 -0.379221008934 8.54572039727
-4.52693711 -0.356482679024 8.54802400828
-4.54579472958 -0.332742034301 8.55219574316

/group/splenic_branch1/60
60
posId 60
-5.00584393492 -0.289216299719 8.37422936554
-5.00006367365 -0.277781207129 8.40062084345
-4.99316434835 -0.267439193909 8.42688948705
-4.98522350843 -0.25832023484 8.45271831074
-4.97625566982 -0.250578696324 8.4778422338
-4.96622573739 -0.24438944645 8.50203496444
-4.9550706524 -0.239939514526 8.52509111677
-4.9427259204 -0.237415627193 8.54680784507
-4.92915293075 -0.236988624321 8.56697027826
-4.91436282687 -0.238796350272 8.58534431891
-4.89843315486 -0.242927027834 8.60167904658
-4.88151454678 -0.24940527785 8.61571924258
-4.86382613974 -0.258182806636 8.62722670113
-4.84564008998 -0.269135346298 8.63600730382
-4.82725717277 -0.28206674411 8.64193958059
-4.80897683044 -0.296720238417 8.64499987116
-4.79106593809 -0.312796040491 8.64527935013
-4.77373086418 -0.329973487808 8.64298908859
-4.75709705744 -0.347935364083 8.63845088187
-4.74119943173 -0.366391593904 8.63207356424
-4.72598537456 -0.385099478669 8.624316672
-4.71133046984 -0.403877964398 8.61564529557
-4.697065242 -0.422614090672 8.60648147923
-4.68300964606 -0.441260687482 8.59715834751
-4.66901087042 -0.459825450712 8.58788311645
-4.65497945158 -0.478352602626 8.57871426046
-4.64091880771 -0.496899292555 8.56955644978
-4.62694407197 -0.515509590258 8.56017465939
-4.61328744518 -0.534189276981 8.55022637
-4.6002890112 -0.552884597508 8.53930837317
-4.58837383296 -0.571467701908 8.52701268891
-4.57801791872 -0.589730730579 8.51298478683
-4.56970707537 -0.607389477131 8.49697686527
-4.56389355712 -0.624096428721 8.47888945847
-4.56095565554 -0.639461875402 8.45879605397
-4.56116493299 -0.653080837357 8.43694753126
-4.56466474414 -0.66456289764 8.41375579686
-4.57146216921 -0.673561726892 8.38975865155
-4.58143371239 -0.679801176726 8.36557032383
-4.59434334496 -0.683095280386 8.3418239201
-4.60986993806 -0.683360266075 8.31911303166
-4.6276400416 -0.680617655076 8.29793977189
-4.64726146505 -0.674988556051 8.27867559178
-4.6683532588 -0.666680245262 8.26153946841
-4.69056844726 -0.655966919256 8.24659572016
-4.71360710595 -0.643167029122 8.23377109388
-4.73721891588 -0.628619801085 8.22288824684
-4.76119594258 -0.612663409692 8.21371064861
-4.78535783758 -0.595616835315 8.20599253254
-4.80953274051 -0.577766783075 8.19952701186
-4.83353771788 -0.559360268068 8.19418589549
-4.8571625371 -0.54060269514 8.18994602195
-4.88015995611 -0.521660588014 8.18689888268
-4.9022446089 -0.502667639428 8.18524264936
-4.92310115609 -0.483732515549 8.18525812397
-4.9424008604 -0.464946869948 8.18727226144
-4.95982436754 -0.446392280394 8.19161448748
-4.97508743086 -0.428145256804 8.19857184198
-4.98796576897 -0.410279997257 8.20834893017
-4.99831527371 -0.392869096661 8.22103778859
-5.00608438813 -0.375982849165 8.23660121776
-5.01131656388 -0.359688058396 8.25487113647
-5.01414212429 -0.344047336165 8.27556137369
-5.01476039533 -0.329119722942 8.29829234144
-5.01341439437 -0.314963131167 8.32262350853

/group/splenic_branch1/63
63
posId 63
-4.82023003638 -0.530413064655 8.64468567089
-4.84366323698 -0.510431858748 8.65468978634
-4.86737628934 -0.490742737984 8.6637203487
-4.89112832408 -0.471586776116 8.67160102597
-4.9147329897 -0.453225053752 8.67804181388
-4.93804786344 -0.435927693009 8.68267569514
-4.96096099103 -0.419959134782 8.68510685348
-4.98337674447 -0.405562321381 8.68496204864
-5.00520296353 -0.392944589491 8.6819367625
-5.02634086751 -0.382267678419 8.67582918726
-5.04667859072 -0.373643403382 8.66655772941
-5.06608852427 -0.367135403752 8.65416094245
-5.08442805236 -0.362766173943 8.63878206781
-5.10154284276 -0.360527552534 8.62064305806
-5.11727164274 -0.360392183237 8.60001459753
-5.13145155124 -0.362323299721 8.57718894207
-5.1439229526 -0.366280561453 8.55246134172
-5.15453363824 -0.372220514392 8.52612361319
-5.1631420236 -0.380091413205 8.49847052774
-5.16961969906 -0.389823402186 8.4698166433
-5.17385376348 -0.401316168633 8.44051863113
-5.17574943404 -0.414426933703 8.41099654025
-5.17523330075 -0.428961872147 8.38174714289
-5.17225733156 -0.444673686291 8.35334360727
-5.16680339801 -0.46126714042 8.32641808363
-5.1588877629 -0.478413030998 8.30162696666
-5.14856473436 -0.495769547526 8.27960204457
-5.13592861107 -0.513008532534 8.26089382965
-5.12111315769 -0.52984303859 8.24591550044
-5.10428815632 -0.546052017773 8.2348966364
-5.0856530349 -0.561498089997 8.22785509249
-5.06542810095 -0.576135134581 8.22459301631
-5.04384441081 -0.590003831522 8.2247194973
-5.02113367897 -0.603215039775 8.22769821283
-4.9975197948 -0.615922764466 8.23291437994
-4.97321341142 -0.628290133147 8.23975202161
-4.94841069596 -0.640452997654 8.24767059186
-4.9232967229 -0.652486298239 8.25626974
-4.89805323677 -0.664378072305 8.26533252257
-4.87286972548 -0.676014986372 8.2748404819
-4.84795606058 -0.687181663455 8.28495822962
-4.82355449848 -0.69757411303 8.29598983441
-4.79994869016 -0.706825550724 8.30831366912
-4.77746756198 -0.714541132557 8.32230571519
-4.7564824973 -0.720336895904 8.33826310804
-4.73739710032 -0.723877682901 8.35633963813
-4.72062984403 -0.724909093205 8.37650300751
-4.70659094701 -0.723279517321 8.39852018716
-4.69565573155 -0.718949868678 8.42197278665
-4.68813734873 -0.71199050483 8.44629964979
-4.68426201105 -0.702566704298 8.47085968747
-4.68414970239 -0.690915650606 8.49500492125
-4.68780275369 -0.6773189281 8.51815231519
-4.69510375777 -0.662074907146 8.5398434217
-4.70582317457 -0.645475056642 8.55978305801
-4.7196358078 -0.627787254644 8.5778517774
-4.73614427914 -0.609247759801 8.59409120187
-4.75490683342 -0.590061910552 8.60866562237
-4.77546638397 -0.57041211215 8.62180694111

/group/splenic_branch1/66
66
posId 66
-4.81666959919 -0.751777732341 8.50409821367
-4.81053803907 -0.743060644297 8.53839777206
-4.80836362681 -0.733423689257 8.57089204506
-4.81075899139 -0.72302907052 8.60035541867
-4.81798105941 -0.712063852506 8.62590415577
-4.82987931144 -0.700729303388 8.64709046322
-4.84592267564 -0.6892284873 8.66390934385
-4.86529714588 -0.677754680509 8.67671956022
-4.88705020894 -0.666482970636 8.68609956045
-4.9102480987 -0.655566607102 8.69267353384
-4.93411009788 -0.645138498735 8.69694852236
-4.95809088696 -0.63531698881 8.69919945831
-4.98189551204 -0.626213989245 8.69942626419
-5.00542849205 -0.617942981293 8.69738896538
-5.02869471176 -0.610624429983 8.69270764272
-5.05168110512 -0.604386803269 8.68499867
-5.0742520037 -0.599362475656 8.67401073978
-5.096086571 -0.595679062793 8.6597254942
-5.11667520242 -0.593447868386 8.64239765044
-5.13537613079 -0.592751851554 8.62252568035
-5.15151772007 -0.593635666777 8.60076222185
-5.16452003146 -0.596099859048 8.57778887733
-5.17400418511 -0.600100333841 8.55418900773
-5.17986106077 -0.605553005535 8.53035235019
-5.18226118211 -0.612342359833 8.50643677732
-5.18160258307 -0.620331832202 8.48239748665
-5.17840926029 -0.629373606539 8.45807621137
-5.17320546162 -0.639315742865 8.43332719738
-5.16639733134 -0.650005365685 8.40814674826
-5.1581917155 -0.661287772488 8.38277165928
-5.14857262687 -0.673002466191 8.35771927012
-5.13734129354 -0.684977984459 8.33375633891
-5.1242095254 -0.697027770963 8.31180185992
-5.1089224113 -0.708949112632 8.29278580026
-5.09137859461 -0.720526406025 8.27749724358
-5.07171657948 -0.731538905197 8.26645863753
-5.05034372135 -0.741771921883 8.2598568488
-5.02789877295 -0.751029495579 8.25754793903
-5.00515558545 -0.759146069882 8.25913435926
-4.98289063613 -0.765994830087 8.26409513482
-4.96174667402 -0.771491054381 8.27193611197
-4.94212646701 -0.775589941812 8.28232189336
-4.92414386868 -0.778279635118 8.29515516308
-4.90764576253 -0.779571248446 8.31058180546
-4.89230117014 -0.779488370079 8.32891852058
-4.87773713893 -0.77805857437 8.35051908257
-4.86368905706 -0.775308927048 8.37561119617
-4.85012876659 -0.77126643668 8.40414414914
-4.83733838989 -0.765963143836 8.43568602156

/group/splenic_branch1/69
69
posId 69
-4.87419976396 -0.866089434825 8.54905037042
-4.87033221001 -0.859408769828 8.58735299699
-4.87036910325 -0.852236849533 8.62395214201
-4.87511361612 -0.844723696592 8.65721471663
-4.88503359412 -0.837013738561 8.68589805409
-4.90011095503 -0.82925423273 8.70926937775
-4.91981732978 -0.821594801882 8.72713445765
-4.94321972486 -0.814177136888 8.73977620033
-4.9691819119 -0.807118393386 8.74782215771
-4.99659999696 -0.800495043033 8.75207283176
-5.02460211859 -0.794334771852 8.75332757657
-5.05265479019 -0.788622059183 8.75224134725
-5.0805480976 -0.783318840915 8.74923511113
-5.10826977229 -0.77839644609 8.7444685771
-5.13581268323 -0.773870464792 8.73786979543
-5.16298112055 -0.769827895606 8.72920550241
-5.18926205967 -0.766436757567 8.71817093014
-5.21380804435 -0.763932333155 8.70447855669
-5.23554415254 -0.762580369587 8.68793067571
-5.25337286808 -0.762624223342 8.6684683481
-5.26641916354 -0.764228161492 8.64619659709
-5.27424329574 -0.76743122186 8.62139050168
-5.27695546559 -0.772124370742 8.59448816515
-5.27519303733 -0.778058435473 8.56607477209
-5.26995998514 -0.784882713486 8.53685859465
-5.26236840178 -0.792206251543 8.50763686561
-5.25335151304 -0.799667688907 8.47924864806
-5.24342785623 -0.806996968995 8.45251403723
-5.2325837872 -0.814053926936 8.42816381172
-5.22030950931 -0.82083438315 8.40676942591
-5.20578126656 -0.827442477369 8.38868774852
-5.18814125195 -0.834036444155 8.37403603894
-5.16679888306 -0.840761636224 8.36270901365
-5.14167043163 -0.847687624185 8.35444160758
-5.11329058388 -0.854764887972 8.34890984256
-5.08276475042 -0.861811379763 8.34585093355
-5.05157490941 -0.868531533873 8.34517568064
-5.02129203769 -0.874562206738 8.34704408178
-4.99327340449 -0.879533679003 8.3518803322
-4.96842612578 -0.883130836549 8.36031541055
-4.94709866829 -0.885140606425 8.3730618184
-4.92912521924 -0.885476193021 8.39074188792
-4.91400458694 -0.884175239373 8.41370413042
-4.90115791721 -0.881375816972 8.44186780421
-4.89018856099 -0.87727925921 8.47463237301

/group/splenic_branch1/72
72
posId 72
-4.89714775456 -1.03074230348 8.56689533814
-4.89612307887 -1.02587517193 8.60576372335
-4.90081333654 -1.01999702201 8.64306975348
-4.91109016923 -1.01338875537 8.67687497386
-4.92627556997 -1.00638472303 8.70572589333
-4.94526641797 -0.999324312684 8.72882158946
-4.96676696693 -0.992497587256 8.74605129461
-4.98956627684 -0.986098196074 8.75790333155
-5.01278360261 -0.980196108044 8.76527462657
-5.03601291621 -0.974738467947 8.76922922819
-5.05932590287 -0.969580041383 8.77076072586
-5.08313296437 -0.964537063055 8.77060660631
-5.10794246215 -0.959451914145 8.76914525781
-5.13408789484 -0.954252727735 8.76638386886
-5.16150236212 -0.948992765612 8.76202407837
-5.18960663047 -0.943859141526 8.7555772591
-5.2173450252 -0.939148010519 8.74649581547
-5.24336137044 -0.935211743395 8.73429095461
-5.26626729952 -0.932390649118 8.71861840967
-5.28492889491 -0.930945636713 8.69932718549
-5.29869233852 -0.931007824152 8.67647791222
-5.30748655473 -0.932556639393 8.65034337635
-5.31177571891 -0.935430642686 8.62140300119
-5.31237695611 -0.939367100241 8.59033670951
-5.31019639927 -0.944059427472 8.55801491265
-5.30595921424 -0.949217769157 8.52547432958
-5.30000990752 -0.954618095567 8.49386733415
-5.29223816773 -0.960129070985 8.46437713388
-5.28214887554 -0.965712383863 8.4381014378
-5.2690534037 -0.971399358396 8.41592025111
-5.2523249087 -0.977252528618 8.39837458577
-5.23164283335 -0.983323926538 8.38558782679
-5.20715615859 -0.989621450797 8.37725741542
-5.17951956698 -0.996091189471 8.37273117992
-5.14979422955 -1.0026181887 8.37116274197
-5.11924432223 -1.00904258877 8.37171896202
-5.08909009312 -1.01518395597 8.37379537039
-5.06028973247 -1.02086515801 8.37718826526
-5.03341226139 -1.02592854841 8.38217763771
-5.00863529771 -1.03024091569 8.38949297348
-4.98586340205 -1.03368829793 8.40016050482
-4.96492613162 -1.03616577419 8.41525928381
-4.94579081399 -1.03756936613 8.43563719732
-4.92872057172 -1.03779651828 8.46165041022
-4.91432464039 -1.03675845681 8.49298710201

/group/splenic_branch1/75
75
posId 75
-5.00433916584 -1.18205889413 8.69640965129
-5.02730999954 -1.17114500099 8.72029188807
-5.05236967089 -1.15995920816 8.73948520957
-5.07902166932 -1.14872123927 8.7536274453
-5.1068919147 -1.13754854798 8.76290361522
-5.13565153499 -1.12649956723 8.76790318842
-5.16492058154 -1.11563461329 8.76937565998
-5.19418849862 -1.1050736908 8.76795725961
-5.22278135689 -1.09503151185 8.76395168384
-5.24989057257 -1.08581722597 8.75723260548
-5.27465792726 -1.07779743469 8.74729960716
-5.29629346401 -1.07133259973 8.73347289927
-5.31419198999 -1.06670537746 8.71516976608
-5.32801383731 -1.06406212744 8.69218010603
-5.3377061882 -1.06338503387 8.66485757453
-5.34345925679 -1.06450315619 8.63416703541
-5.34561125268 -1.06713913563 8.60157096795
-5.34453117773 -1.07097781604 8.56878445156
-5.34051444406 -1.07573689084 8.53746618781
-5.33372130805 -1.08121968543 8.50893044122
-5.32417391705 -1.08733621268 8.48395685191
-5.31180898071 -1.09408870797 8.46274464752
-5.29656572575 -1.10152874347 8.44501453055
-5.27847836224 -1.1097013196 8.43021884146
-5.2577419995 -1.11859450188 8.41779142679
-5.23473072916 -1.12811035064 8.407361426
-5.20996312862 -1.1380651417 8.3988713605
-5.18402825561 -1.14821682169 8.39257356491
-5.15749844275 -1.15830860417 8.38891892593
-5.13085950524 -1.1681125391 8.38838520518
-5.10448290979 -1.17745739779 8.39130850212
-5.07864996789 -1.18623108528 8.39777599264
-5.0536199323 -1.19435703421 8.40761343535
-5.0297179655 -1.20175354873 8.42046578098
-5.00741061732 -1.20829164942 8.43593557471
-4.9873386101 -1.21376835933 8.45372308256
-4.97028894222 -1.21790799445 8.47371119909
-4.95710689301 -1.22039519436 8.49595753566
-4.9485676482 -1.22093294863 8.52058920135
-4.94524089108 -1.21931013222 8.54763155267
-4.94738540074 -1.21545895243 8.5768284513
-4.9549031189 -1.20948468838 8.60751913981
-4.96736547302 -1.20165770498 8.63862256645

/group/splenic_branch1/78
78
posId 78
-5.05307899031 -1.39710880579 8.61748452571
-5.05100341189 -1.39437670452 8.65402075541
-5.05291504064 -1.38901986393 8.68809246086
-5.05875396288 -1.38121849964 8.71852577759
-5.06833361376 -1.37117709971 8.74473348934
-5.08133345456 -1.35914289054 8.76660218137
-5.09729279371 -1.34543356747 8.78429251803
-5.11562031575 -1.33045491424 8.79802784022
-5.13563059562 -1.31469204795 8.80794014557
-5.15660917847 -1.29866837219 8.81401442558
-5.17789525474 -1.28288003251 8.81613321762
-5.19896054194 -1.26772546552 8.81418718197
-5.2194592524 -1.25345476211 8.8081968402
-5.23922932723 -1.24015957595 8.79839162879
-5.25823857344 -1.22781203707 8.78521346316
-5.27648695687 -1.2163445155 8.76924428714
-5.29389222643 -1.20574685336 8.75108805255
-5.31019454656 -1.19614938626 8.73125555265
-5.32491332595 -1.18786207724 8.71009894242
-5.33737590895 -1.18135231946 8.6878224765
-5.3468169264 -1.17716281715 8.66456489599
-5.35252522235 -1.17579040416 8.64051901748
-5.35399935637 -1.17756025475 8.61603709732
-5.35106804498 -1.18253298895 8.59167344734
-5.34394040651 -1.19047336254 8.5681381906
-5.33317021579 -1.20089113684 8.54617021153
-5.31954277911 -1.21314301534 8.52637081366
-5.30391506191 -1.22656612685 8.50905962045
-5.28705261458 -1.24060431144 8.4942124938
-5.26950678592 -1.25489133407 8.48151691886
-5.25156291125 -1.26926909464 8.47054077178
-5.23326879562 -1.28373933507 8.46096883008
-5.21452962456 -1.2983676476 8.45283237372
-5.19523751297 -1.31317232157 8.44665165515
-5.17539641558 -1.32803357025 8.44343220068
-5.15520772432 -1.34265040534 8.44449816616
-5.13509633408 -1.35655602125 8.45119630222
-5.11567603897 -1.36918370496 8.46454634842
-5.09767047444 -1.37996026202 8.48493393799
-5.08181611875 -1.38839745113 8.51193330756
-5.06877453276 -1.39415556902 8.54431153965

/group/splenic_branch1/81
81
posId 81
-5.2070303303 -1.5435911539 8.58354355884
-5.2260546356 -1.52752110009 8.55707341027
-5.2444371393 -1.51185769716 8.53234180819
-5.26157866612 -1.49705321195 8.51051859204
-5.27729920766 -1.48312534873 8.49269268909
-5.29179270312 -1.46973757343 8.47967212371
-5.30550290565 -1.45635509089 8.47183770119
-5.31895553229 -1.44243254571 8.46908999666
-5.33259070247 -1.42758394894 8.47090534736
-5.34663684071 -1.41169294208 8.47648791156
-5.3610538729 -1.39493987426 8.48497917291
-5.37555355534 -1.37774604062 8.49567048654
-5.38968368647 -1.36065818747 8.50816275453
-5.4029464687 -1.34421184665 8.52243067857
-5.41491374164 -1.32881613577 8.53877389401
-5.4253050018 -1.31469446322 8.55766716692
-5.43400688621 -1.30189762077 8.57954886364
-5.44103133598 -1.2903832302 8.60460389605
-5.44642863043 -1.28013487111 8.63259972434
-5.45018548288 -1.27128135043 8.66282101263
-5.45214343273 -1.2641752026 8.69412348206
-5.4519673961 -1.2594001529 8.72509688482
-5.44917991409 -1.2576970879 8.75429881203
-5.44325735735 -1.25982161605 8.78050261665
-5.43376552829 -1.26636700748 8.80289888922
-5.42049910707 -1.27759829625 8.82120165799
-5.4035860258 -1.29334303686 8.83563470542
-5.38352532105 -1.31297137051 8.84680375627
-5.36114352473 -1.3354758489 8.85548888061
-5.33747589346 -1.35963567573 8.86241086735
-5.31359904899 -1.38422753279 8.86803062336
-5.29045535646 -1.40823207586 8.87243064899
-5.2687127129 -1.43098521324 8.87530517457
-5.24869520473 -1.45223667103 8.87605669978
-5.23040225868 -1.47210180093 8.87396914967
-5.21361101325 -1.49092007413 8.86840888245
-5.19803466353 -1.50905805734 8.8589992196
-5.18349432219 -1.52670945332 8.84572323536
-5.17005762683 -1.54374603111 8.82893052481
-5.15810521962 -1.559660511 8.80925068896
-5.1483044395 -1.57361891762 8.787441898
-5.14149347559 -1.58461162232 8.76422015597
-5.13850267258 -1.59166658163 8.74011917108
-5.13995656105 -1.59407181431 8.71542100169
-5.14610608457 -1.59155121692 8.69017670574
-5.15673381611 -1.58434915992 8.66430994181
-5.17115736249 -1.5732019835 8.63777217621

/group/splenic_branch1/84
84
posId 84
-5.42208740209 -1.61390750441 8.52794182185
-5.44997150242 -1.58714960121 8.5171546314
-5.47673500201 -1.56072227557 8.51021784878
-5.50116605439 -1.53567097527 8.50813915281
-5.52230845848 -1.512816852 8.51173086722
-5.53954473398 -1.49270987899 8.52142716636
-5.55261495042 -1.47563762797 8.53715362683
-5.56157665672 -1.46167694679 8.55828205149
-5.56672333943 -1.45076693662 8.58368619819
-5.56848543884 -1.44277949871 8.6118921977
-5.56733789982 -1.43756841676 8.64129614949
-5.56373217175 -1.4349876765 8.67040575679
-5.55806069265 -1.43488136805 8.69805675454
-5.55065127315 -1.43705751116 8.72355989437
-5.54178050832 -1.44126351256 8.7467493082
-5.53169160454 -1.44718016034 8.76792468035
-5.52060357929 -1.45444438738 8.78770274942
-5.50870482305 -1.46270055684 8.80681285143
-5.49613232855 -1.4716689644 8.82588211913
-5.48294566093 -1.48121207833 8.84525624876
-5.46910931947 -1.4913764471 8.86489170993
-5.45449686655 -1.50239233354 8.88433764882
-5.43892489708 -1.51462319101 8.9028049909
-5.42221598574 -1.52847052904 8.91930142426
-5.40427976692 -1.54425287639 8.93279837567
-5.38519332813 -1.56208668779 8.94239235678
-5.36525877353 -1.5817993444 8.94742841111
-5.34501858259 -1.60289880254 8.94756580246
-5.32521802005 -1.62461199416 8.94278187386
-5.30671642937 -1.6459877101 8.93332488563
-5.29036261162 -1.66604351138 8.91963686933
-5.27686008303 -1.6839244271 8.90227088161
-5.26665278409 -1.69903702195 8.88182330752
-5.25985913286 -1.71112718497 8.85889282292
-5.25627241246 -1.72028276639 8.83406644066
-5.25543049802 -1.72685995791 8.80792331647
-5.25674140953 -1.73135072237 8.78104163768
-5.25963720872 -1.73422304562 8.75399444873
-5.26372091874 -1.73577265292 8.72732629536
-5.26887157741 -1.7360223315 8.70151197471
-5.27528136442 -1.73469369559 8.67690825494
-5.28341401095 -1.73125889283 8.65371584736
-5.29389181988 -1.72506065483 8.63196973842
-5.30733526857 -1.7154729318 8.61157043031
-5.32419033607 -1.70206503868 8.59235786437
-5.34458172449 -1.68473194294 8.57421666368
-5.36822435007 -1.66376192651 8.55718961698

/group/splenic_branch1/87
87
posId 87
-5.68105976873 -1.6219778367 8.74239444619
-5.67297415669 -1.61700913936 8.7825771465
-5.66236594839 -1.61507340174 8.81813721316
-5.64922116334 -1.61671742704 8.84706474553
-5.6333873553 -1.62229196422 8.86845342128
-5.61476136926 -1.6318333306 8.88244258459
-5.59349853447 -1.64498976221 8.88993466336
-5.57016165694 -1.66102123333 8.89219819195
-5.54574279121 -1.67888613381 8.89048518652
-5.52153100287 -1.69740583971 8.88576793213
-5.49885228469 -1.71547501917 8.87864575423
-5.47875546497 -1.73226871374 8.86940800573
-5.46174339806 -1.74739279504 8.85818820009
-5.44764198643 -1.76093492702 8.84512278305
-5.43566133845 -1.77339680687 8.83044159371
-5.42464502787 -1.7855191768 8.814457755
-5.41344353682 -1.79804034686 8.79747505787
-5.40130611425 -1.81144823417 8.7796704694
-5.3881755373 -1.82578935516 8.76102255835
-5.37479641015 -1.84058446967 8.74133827683
-5.36260180932 -1.85487333872 8.72038792638
-5.35340828976 -1.86737792043 8.69810816962
-5.34900495224 -1.87674354576 8.67479583252
-5.35075108042 -1.88179931584 8.65120686956
-5.3592902839 -1.88177675682 8.62850066378
-5.37445014919 -1.87643949161 8.60802236555
-5.39533845929 -1.86610163903 8.59097720235
-5.42058916852 -1.8515412145 8.57809821013
-5.44867188061 -1.83383889887 8.56942389797
-5.47816916972 -1.81418606085 8.56427685112
-5.50794789397 -1.793706429 8.56147415915
-5.53719442177 -1.77332495051 8.55972438723
-5.56533324 -1.7536999459 8.5580988173
-5.5918864131 -1.73521677049 8.55643027505
-5.61634535892 -1.7180281083 8.55550449429
-5.63811297774 -1.7021205739 8.55696521605
-5.65653981451 -1.68738921352 8.56293874383
-5.67103644976 -1.67370793696 8.57547028362
-5.68121164428 -1.66099088239 8.59592549531
-5.68697416546 -1.64924379947 8.62452634728
-5.68854986236 -1.63860426527 8.66015497659

/group/splenic_branch1/90
90
posId 90
-5.71541229064 -1.83382261221 8.89506735754
-5.74636108155 -1.83033913461 8.87413623671
-5.77267673298 -1.8286390068 8.85208425269
-5.79331413668 -1.82877495928 8.82983704535
-5.8079622124 -1.83065851482 8.80802134945
-5.81705136229 -1.83407246197 8.78691507011
-5.82161779939 -1.83870771007 8.76646626857
-5.82305402068 -1.8442171813 8.74637491615
-5.82279869346 -1.85027554825 8.72621890701
-5.82203159026 -1.85663223056 8.70559746755
-5.82143727337 -1.86314645469 8.68426245439
-5.82108550933 -1.86979706284 8.66221154119
-5.82045045583 -1.87666527495 8.63972607879
-5.81856032171 -1.88389453047 8.61734847725
-5.81424119598 -1.89163654438 8.59580664279
-5.80639923 -1.89999568497 8.57590358011
-5.79427852729 -1.90898405908 8.55839654235
-5.77763925308 -1.91849721939 8.54389088635
-5.75681977108 -1.92831575099 8.53276911976
-5.73267349742 -1.93813220495 8.52516676472
-5.70639943755 -1.94759722747 8.52099575307
-5.67930862483 -1.9563745442 8.52000564134
-5.65258173628 -1.96419262922 8.5218653184
-5.62707324942 -1.97088180869 8.52624468156
-5.60320486461 -1.97638898771 8.53287750988
-5.58096870905 -1.98076734342 8.54159283039
-5.56003438276 -1.9841440166 8.55231082656
-5.5399294364 -1.98667375954 8.56500856537
-5.52024607938 -1.98848955143 8.57966825485
-5.50082164441 -1.98966169566 8.59622461256
-5.48184768709 -1.99017478018 8.6145273565
-5.46388071033 -1.98992762566 8.6343300569
-5.44775198616 -1.98875596545 8.65530888126
-5.43439893023 -1.98647234188 8.67710611901
-5.42465999195 -1.98291377618 8.69938601771
-5.41908437968 -1.97798606732 8.72188632208
-5.41780486667 -1.97169447327 8.74444912383
-5.42050707973 -1.96415379761 8.76701927986
-5.42650551201 -1.95557576812 8.7896067111
-5.43491047453 -1.94623690924 8.81221845293
-5.44484748544 -1.93643463474 8.8347750575
-5.45567665833 -1.92644196496 8.85703163412
-5.46715795337 -1.91647148372 8.87852489612
-5.47951933407 -1.90665684737 8.89856354305
-5.49340655288 -1.89705588476 8.9162708253
-5.50972060964 -1.88767408567 8.93067696397
-5.52937563344 -1.87850229896 8.94084767978
-5.5530298188 -1.86955892554 8.9460260168
-5.5808503635 -1.86092563997 8.94576008558
-5.61236795071 -1.85276702368 8.93999050722
-5.64645814612 -1.84532815419 8.92907818208

/group/splenic_branch1/93
93
posId 93
-5.74294242282 -2.03943108953 8.98473783561
-5.77695537177 -2.03963664202 8.97226765733
-5.80780930881 -2.04143402229 8.95575842975
-5.83407157304 -2.04482814116 8.93569163303
-5.85479983408 -2.04971099674 8.91274282292
-5.86966254058 -2.05587258235 8.88770462744
-5.87892766531 -2.06303143047 8.86139211104
-5.8833249697 -2.07087778139 8.83455131418
-5.88381858672 -2.07911910151 8.80779134323
-5.88134864004 -2.08751707277 8.78155472578
-5.87660721036 -2.09590741679 8.75613122223
-5.86990360515 -2.10419843593 8.73170930198
-5.86114942751 -2.11234976442 8.70844988083
-5.84996191699 -2.12033804514 8.68656118362
-5.83585294362 -2.12811969307 8.6663532728
-5.8184490634 -2.13560165173 8.64825600723
-5.79768089837 -2.14262888283 8.6327936637
-5.77388951611 -2.14899281336 8.62052075668
-5.74782076557 -2.15445928515 8.61193383202
-5.72050931602 -2.15880921071 8.60738055461
-5.69308412834 -2.16188155215 8.6069885747
-5.66654822477 -2.16360736523 8.61063214216
-5.64159230472 -2.16402573251 8.61794540211
-5.61849228736 -2.16327691336 8.62838006109
-5.59711790352 -2.16157379218 8.64129451992
-5.57704928405 -2.15915820872 8.65605429175
-5.55776928227 -2.15625257358 8.67212134132
-5.5388789138 -2.15301832082 8.68911334139
-5.52027725995 -2.14953094414 8.70682176203
-5.50225703957 -2.14577709572 8.72518805442
-5.48549008308 -2.14167362927 8.74424725549
-5.47090685949 -2.13710301123 8.76405556235
-5.45950287977 -2.13195562247 8.78462105993
-5.45212444416 -2.12616811562 8.80585434452
-5.44929148953 -2.11974848379 8.8275491411
-5.45110479788 -2.11278237877 8.84939413018
-5.45726140794 -2.10542040613 8.8710085873
-5.4671721071 -2.09785120374 8.89198845313
-5.48014654751 -2.09026871407 8.91194766185
-5.495592589 -2.08284324042 8.93054232244
-5.51317216645 -2.07570435814 8.94747174498
-5.53286760151 -2.06893999417 8.9624583913
-5.55493680111 -2.06261106507 8.97521620094
-5.57976665175 -2.05677635928 8.98542120618
-5.60766279983 -2.05151918309 8.99269853958
-5.63863302864 -2.04696655449 8.9966357066
-5.67222531341 -2.04329364728 8.99682446408

/group/splenic_branch1/96
96
posId 96
-5.61324896831 -2.31829993018 8.72697203696
-5.6437697356 -2.32316410804 8.71192433053
-5.67454286539 -2.3266369543 8.7012661523
-5.70464143493 -2.32850058421 8.69567572771
-5.73332239821 -2.32865509948 8.69546099557
-5.76007772967 -2.32713912748 8.70049532999
-5.78464460287 -2.32412350719 8.71023754652
-5.80697428175 -2.31987904757 8.72383327047
-5.82716762899 -2.31472561859 8.7402748498
-5.84539155713 -2.30897440207 8.75858265538
-5.86179397008 -2.30287674705 8.77796554154
-5.87643413125 -2.2965913212 8.79792376219
-5.88924121629 -2.29017657565 8.81827233706
-5.90000714396 -2.28360915065 8.83908294699
-5.90841224322 -2.27682238937 8.86056273647
-5.91407564971 -2.26975425024 8.88290371585
-5.91661797806 -2.26239184662 8.90614291476
-5.91572260016 -2.25480108635 8.9300695053
-5.91118378949 -2.24713405833 8.95420196797
-5.90293432504 -2.2396127866 8.9778395805
-5.89105061559 -2.23249415667 9.00017306042
-5.87573856484 -2.22602559619 9.02042417796
-5.85730701331 -2.22040323782 9.03797742401
-5.83613694221 -2.21574329603 9.05246997197
-5.81265365052 -2.21207357997 9.06381817489
-5.78730639558 -2.20934651226 9.07217632141
-5.76055652696 -2.20746924513 9.07784156107
-5.73287206447 -2.20634201416 9.08113291633
-5.70472488604 -2.20589391724 9.08227843796
-5.67658664066 -2.20610633409 9.08134132012
-5.64892104876 -2.20701787689 9.07820421687
-5.6221727433 -2.2087100392 9.07261438796
-5.59675528503 -2.21127811794 9.06427527325
-5.57304250033 -2.21479603175 9.05295734493
-5.55136719244 -2.21928524351 9.03859608824
-5.53202943702 -2.22469669828 9.02134903352
-5.51531354106 -2.2309108886 9.0015957114
-5.50150924043 -2.23775592862 8.97988086292
-5.49092996494 -2.24503832412 8.95681758964
-5.48392002109 -2.25257742689 8.93297878037
-5.48084390789 -2.26023341217 8.90880879196
-5.48205463001 -2.26792036501 8.88458188407
-5.48784307445 -2.27560025717 8.8604207305
-5.49837602609 -2.28325910103 8.83637102138
-5.51363476161 -2.29087186785 8.81251149921
-5.53336809924 -2.29836636845 8.78906740364
-5.55707254572 -2.3055971701 8.76649252812

/group/splenic_branch1/99
99
posId 99
-5.57621468638 -2.4011102057 8.79622517084
-5.60045031503 -2.41022659246 8.77442979363
-5.62618630712 -2.41830899771 8.75624070665
-5.65276184923 -2.42507181098 8.74236703087
-5.67956555496 -2.43031853689 8.73325478588
-5.70609059199 -2.43396038891 8.72904395651
-5.7319742246 -2.43602091073 8.72956472002
-5.75701495391 -2.43662600973 8.73437292176
-5.78116420268 -2.43598110238 8.74281871501
-5.80449387419 -2.43433908483 8.75413720598
-5.82714531116 -2.43196420977 8.76754682665
-5.84926841486 -2.42909744243 8.78234049474
-5.87096135823 -2.42592841817 8.79795646462
-5.89222113387 -2.42257783157 8.81401972817
-5.91291315965 -2.41909220296 8.83035012742
-5.93276470677 -2.41545084247 8.84693900886
-5.95138266647 -2.41158284672 8.86390126871
-5.96829192427 -2.40739046464 8.88141315237
-5.98298714757 -2.4027743987 8.89964763371
-5.99498873447 -2.3976566666 8.91871846857
-6.0038933685 -2.39199747815 8.93864136401
-6.00941108312 -2.38580398312 8.95931675024
-6.01138363597 -2.37913042092 8.98053422107
-6.00978273349 -2.37207081854 9.00199469962
-6.00469048925 -2.36474663188 9.02334353924
-5.9962677035 -2.35729239104 9.04420656183
-5.98471751476 -2.34984240105 9.06422158875
-5.97025235583 -2.34252091506 9.08306008754
-5.95307092355 -2.33543711324 9.1004365918
-5.93334933874 -2.32868494592 9.1161068279
-5.91124738156 -2.32234672248 9.1298582523
-5.88692732676 -2.31649850343 9.14149836149
-5.86058016272 -2.31121505169 9.15084633978
-5.83245240909 -2.30657237013 9.15773235041
-5.80286665133 -2.30264661797 9.16200637653
-5.77223028371 -2.29950927026 9.16355556281
-5.74102948821 -2.29721950579 9.16232620881
-5.70980863335 -2.29581571168 9.15834460941
-5.67913838624 -2.29530845435 9.15173033571
-5.64957824074 -2.29567716162 9.14269651935
-5.62164036798 -2.29687208653 9.13153411425
-5.59576143937 -2.29882200698 9.11858050302
-5.57228740529 -2.30144678585 9.10417649187
-5.55147347996 -2.3046726619 9.08861889836
-5.53349835203 -2.30844724606 9.0721178497
-5.51848858873 -2.31275088404 9.05476806798
-5.50654697559 -2.31760142365 9.03654165441
-5.49777761725 -2.32305046448 9.01730641731
-5.49230123557 -2.3291707006 8.9968691986
-5.4902561456 -2.33603571542 8.97503877919
-5.49178347383 -2.34369521444 8.95169872228
-5.496998693 -2.35214985827 8.92687780355
-5.50595476557 -2.36133032719 8.90080508162
-5.51860444126 -2.37108488025 8.87393840623
-5.53477004744 -2.3811784904 8.84695903551

