/group/aneurysm_1/0
0
posId 0
-0.584784501044 3.45668815665 -0.961441490924
-0.582983846251 3.49773565402 -0.964349473935
-0.584299671583 3.53391662548 -0.969428384518
-0.589426621503 3.56358340736 -0.977100827447
-0.598701361889 3.58633366238 -0.987614754091
-0.611959475496 3.60296738284 -1.00091476959
-0.628504995968 3.61519189853 -1.01658361884
-0.647206460768 3.62514581771 -1.03387360109
-0.666701636564 3.63485315692 -1.05182455868
-0.685665019154 3.64573298291 -1.0694423085
-0.703074965191 3.65827456609 -1.08589477157
-0.71841540626 3.67194723694 -1.10067696253
-0.731761299195 3.68535781194 -1.1137021768
-0.743724058626 3.6966101998 -1.12529384978
-0.755266739347 3.70377551045 -1.13607657245
-0.767430553598 3.70535751945 -1.14678976551
-0.781036603435 3.70064289354 -1.15806733056
-0.796433905532 3.68985652009 -1.17023620122
-0.813354940066 3.6740915976 -1.18318355375
-0.830915258162 3.65503949359 -1.19632705932
-0.847759953999 3.63459215301 -1.20869853299
-0.862325099756 3.61441852242 -1.21912437909
-0.873154887202 3.59561941314 -1.22646284989
-0.879201808632 3.57854228828 -1.22984401574
-0.880040984424 3.56279487331 -1.22885697968
-0.875949808931 3.54744528966 -1.22364068375
-0.86783562371 3.53134961181 -1.2148568894
-0.857029570875 3.513517073 -1.20355128995
-0.844995652407 3.49341609693 -1.19093470023
-0.833022992192 3.47114235599 -1.17813467026
-0.821971950932 3.44740820887 -1.16597432243
-0.812130633366 3.4233611235 -1.15482823653
-0.803211055109 3.40028449048 -1.1445865587
-0.794480546976 3.37926569215 -1.13473274068
-0.784992084664 3.36092522379 -1.12451365229
-0.773854813265 3.34528465431 -1.11315964018
-0.760478348824 3.33181426691 -1.10010142196
-0.744733068244 3.31965275783 -1.0851329073
-0.726991106859 3.30794387356 -1.06848337181
-0.708043355468 3.29620071936 -1.05078518643
-0.688918666641 3.28459681628 -1.03294882853
-0.670655052174 3.27409736401 -1.01597889437
-0.654083124716 3.26638155985 -1.00077797654
-0.63967700207 3.2635583133 -0.987986512801
-0.627508867482 3.26773063095 -0.977895987949
-0.617315386517 3.28050505464 -0.970453087432
-0.608654465869 3.3025612301 -0.965348685687
-0.601107032387 3.33338773226 -0.962163946899
-0.59446670191 3.37125517589 -0.960531761971

/group/aneurysm_1/3
3
posId 3
-0.598175533107 3.47007780868 -0.945869772898
-0.606128183394 3.5064944418 -0.957038443373
-0.616669516457 3.53863412314 -0.969937906961
-0.629068760603 3.56588483355 -0.983864737992
-0.642562071043 3.58841673408 -0.998179305518
-0.656485045673 3.60697711414 -1.01239601313
-0.670393403075 3.62258598476 -1.02625158288
-0.684141826359 3.63621018997 -1.0397346709
-0.697898036687 3.64849428957 -1.05306624532
-0.712082781563 3.6596077127 -1.06662970681
-0.727243572689 3.66923520772 -1.08086070978
-0.743886546316 3.67670016366 -1.09611650404
-0.762302535232 3.68117768351 -1.11255087481
-0.782427147825 3.68193451922 -1.13002162617
-0.803769040775 3.67853064908 -1.14805243323
-0.825426621404 3.67093216864 -1.16586059789
-0.846194195662 3.65951251277 -1.18244887182
-0.864738537328 3.64495091796 -1.19674596767
-0.879810735191 3.6280646241 -1.2077697153
-0.890449838933 3.60962723381 -1.21478150026
-0.896136288998 3.59022597205 -1.21740192457
-0.896864049688 3.57019583303 -1.21566533124
-0.893118170124 3.54964348155 -1.21000324628
-0.885764957822 3.52854582209 -1.20116116191
-0.875880277101 3.50688555469 -1.19006624634
-0.864553500349 3.48477535085 -1.17767268155
-0.852707783811 3.462526569 -1.16481455149
-0.840971256028 3.44063640904 -1.15209307239
-0.829620268247 3.41969381629 -1.13981646791
-0.818598622632 3.40023151428 -1.12799910446
-0.807599966677 3.38257118106 -1.11641437271
-0.796188256465 3.3667148688 -1.10468590913
-0.783925945072 3.35232593769 -1.09239605942
-0.77048201298 3.33881917017 -1.07918982375
-0.755700793836 3.32554850134 -1.06485646788
-0.73962488838 3.31205049678 -1.04937806339
-0.722477732209 3.29828097122 -1.0329423715
-0.704620317541 3.28477731512 -1.01592463172
-0.686500064535 3.27269241935 -0.998847408336
-0.668607481698 3.26367495138 -0.982329021669
-0.65144935419 3.25960824478 -0.967029559263
-0.635538326204 3.2622567547 -0.953600131922
-0.621390939834 3.2728953229 -0.942637403647
-0.609522051558 3.29200521135 -0.93464287699
-0.60042444609 3.31910917103 -0.929985810756
-0.594528158459 3.35278805239 -0.928870048346
-0.592142696632 3.39088063239 -0.931307711623

/group/aneurysm_1/6
6
posId 6
-0.608022251113 3.51503165587 -0.884960165634
-0.620080014812 3.54587290634 -0.899351933562
-0.63406791959 3.57246645122 -0.914848911573
-0.649964681143 3.59381039029 -0.931302056608
-0.667731671979 3.60959207803 -0.948637358461
-0.687257849153 3.62014745304 -0.966803181923
-0.708314218916 3.626265508 -0.985705600264
-0.730527383185 3.62889636202 -1.00514755566
-0.753377701898 3.62884720807 -1.02478760182
-0.776222854766 3.62655202728 -1.044130111
-0.798343077396 3.6219780886 -1.06255196622
-0.819000891204 3.61469163256 -1.07936248777
-0.837506233279 3.60405859699 -1.09388562493
-0.853277635301 3.58951724722 -1.10554813382
-0.86589128322 3.57083933172 -1.11395583794
-0.87511198036 3.54830060853 -1.11894250277
-0.880902735819 3.52270886696 -1.12058173644
-0.883412465727 3.49527980499 -1.11916021805
-0.882943820847 3.46739591494 -1.11511857194
-0.879905279262 3.44031779879 -1.10897250554
-0.874753306971 3.41493112888 -1.10123005935
-0.867931558576 3.39160185569 -1.0923204376
-0.859814694027 3.37018044901 -1.08254625596
-0.850664292131 3.35015232895 -1.07206526695
-0.84060338133 3.33088900978 -1.06090123484
-0.829614161412 3.31192531777 -1.04897815232
-0.817560577549 3.29318085407 -1.03616854923
-0.804233773769 3.27506069655 -1.0223457141
-0.78941458758 3.25840616908 -1.00743100199
-0.772943836338 3.24431078338 -0.991430247232
-0.754788938742 3.23385614335 -0.974456580756
-0.735095045282 3.22784601842 -0.956739689356
-0.714210652899 3.22661704936 -0.938623136949
-0.692681550215 3.22998156453 -0.920551696552
-0.671212304751 3.23731851595 -0.90305010411
-0.650600391651 3.24778421924 -0.886693923597
-0.631653296347 3.26057849307 -0.872073002665
-0.61510237431 3.27518466119 -0.859748729247
-0.60152811109 3.29150889439 -0.850207954383
-0.59130941257 3.30987365108 -0.843818536546
-0.584605004377 3.33086308658 -0.84079317573
-0.581368831977 3.35506269332 -0.841168678616
-0.581394806829 3.38276808624 -0.844806428762
-0.584380709674 3.41374907334 -0.851416542352
-0.589997693058 3.44714143803 -0.86060350384

/group/aneurysm_1/9
9
posId 9
-0.665390955335 3.55214516795 -0.834494267131
-0.683979642869 3.57762521091 -0.854145416525
-0.704231811106 3.59790962599 -0.874448730459
-0.725621960156 3.61166945459 -0.894758596548
-0.747781527065 3.61826164995 -0.914664985218
-0.770426843379 3.61786088868 -0.933951412016
-0.793261149178 3.61140412737 -0.952503023427
-0.815891436327 3.60035760923 -0.97020107441
-0.83779377609 3.58636636638 -0.986841435507
-0.858342424812 3.5708799398 -1.00210406545
-0.876894715882 3.55485479011 -1.01558149154
-0.892903400904 3.53861150138 -1.02685364861
-0.906017531065 3.52187997854 -1.03558075033
-0.916135743839 3.50401178675 -1.0415802372
-0.92339108766 3.48429166992 -1.04485991607
-0.928069274738 3.46225399531 -1.04559495682
-0.930484970451 3.43791186083 -1.04405611437
-0.930855804437 3.41183568824 -1.04051372874
-0.929216037529 3.38506495536 -1.03515090798
-0.92540019297 3.35888674083 -1.02801676977
-0.919104944929 3.33455277044 -1.01903743618
-0.910012099964 3.31302150986 -1.00808292647
-0.897934816029 3.29479979456 -0.995068632711
-0.882940114324 3.27992418805 -0.980057221935
-0.865406489687 3.26807714807 -0.963325044488
-0.845994556966 3.25879163448 -0.94536733871
-0.825535418725 3.2516729049 -0.926835689258
-0.804867499942 3.24656518382 -0.908423302574
-0.784669722235 3.24361311699 -0.890731583817
-0.765341505093 3.24320542443 -0.874159283581
-0.746967068128 3.24582819055 -0.858850288971
-0.729376618722 3.25188449751 -0.844719202138
-0.712287744265 3.26154614428 -0.831550185599
-0.695485632522 3.27468937916 -0.819141411905
-0.678988235644 3.29093494155 -0.807452088147
-0.663146092994 3.30977423297 -0.796706406817
-0.648645230088 3.330731384 -0.787420007716
-0.636409726516 3.35349650348 -0.780336462826
-0.627429680875 3.3779738047 -0.776287430463
-0.622561626807 3.40421725332 -0.77601262817
-0.622355648684 3.43226653575 -0.779987862704
-0.626954559497 3.46193415737 -0.788307389643
-0.636088519137 3.49261731816 -0.800651474042

/group/aneurysm_1/12
12
posId 12
-0.716352077984 3.57145511918 -0.76260920645
-0.732033284117 3.59870117431 -0.780629841416
-0.750304690876 3.6213412512 -0.800037876942
-0.770537701651 3.63849262171 -0.820147491755
-0.792017216532 3.64979579333 -0.840290999001
-0.814062823306 3.65543303866 -0.859924603286
-0.836134572654 3.65603909693 -0.878702298751
-0.857895240511 3.6525270944 -0.896498161109
-0.879212453705 3.64587225472 -0.913370399779
-0.900100082173 3.63690499473 -0.929475669581
-0.920614756473 3.62616141644 -0.944955436564
-0.940735971914 3.61382401108 -0.959824202187
-0.960263643315 3.59976243291 -0.973889953911
-0.978763625693 3.58365920874 -0.986730015991
-0.995580275608 3.56518441849 -0.997732160539
-1.00991832837 3.54417183225 -1.00619461158
-1.02097835392 3.52074950842 -1.01146342754
-1.02811536597 3.49539021485 -1.01307547827
-1.03098259071 3.46886805449 -1.01087249891
-1.02962404862 3.44213203447 -1.00505734651
-1.02449031152 3.41612887176 -0.99617640671
-1.01636916785 3.39162065375 -0.985029117711
-1.00624287662 3.36904470973 -0.972522757429
-0.995101424567 3.34845274455 -0.959503843367
-0.983752389844 3.32954649858 -0.946603507227
-0.972669851749 3.31180287112 -0.934131513888
-0.961916681769 3.29465866615 -0.922042763498
-0.951158305083 3.27770961227 -0.909983665477
-0.939765397623 3.26087400093 -0.897407574186
-0.926982816632 3.24447932608 -0.883732818302
-0.91212709636 3.22924877307 -0.868507417383
-0.894768588545 3.21618876907 -0.851543542037
-0.87485822779 3.20640305995 -0.832992306383
-0.852771977141 3.20087691199 -0.813343707111
-0.829265107778 3.20028253466 -0.793353988796
-0.805349032379 3.20485178736 -0.773919234472
-0.782120586314 3.21434586622 -0.755925653333
-0.760583445348 3.22812797469 -0.740111188563
-0.741501614276 3.24531979433 -0.726968880563
-0.72531577198 3.26500210734 -0.716711109703
-0.712137124986 3.28640924604 -0.709298331269
-0.701814354898 3.30906881828 -0.704520095025
-0.694051928719 3.33285197269 -0.702103903711
-0.68854663827 3.35792193949 -0.701821740152
-0.685106377561 3.38459418142 -0.703566142812
-0.683721331521 3.4131438971 -0.707376835147
-0.684571172664 3.44361028876 -0.713412655257
-0.687969010406 3.47564853027 -0.721878304952
-0.694259311005 3.50846932201 -0.732927444942

/group/aneurysm_1/15
15
posId 15
-0.729895842242 3.58903009882 -0.662619855683
-0.736408068547 3.62073528044 -0.674994536785
-0.743863286206 3.64982412072 -0.687579515073
-0.752644148001 3.67597276141 -0.700622034229
-0.763179309562 3.69894351086 -0.714426514237
-0.775858301551 3.71858228738 -0.729283176295
-0.7909493544 3.73481621747 -0.745399157844
-0.808533140411 3.74765080309 -0.762842773939
-0.828462977743 3.75716547739 -0.781509437465
-0.850357966271 3.76350615519 -0.801114314421
-0.873630438691 3.76687361533 -0.821212609876
-0.897543813219 3.76750719964 -0.841244115921
-0.921292260681 3.76566426016 -0.860594973025
-0.944090281404 3.76159684896 -0.878667069821
-0.965258841661 3.75552810418 -0.894944514293
-0.984295362268 3.74763142894 -0.909047285146
-1.00091746783 3.73801571879 -0.920764383129
-1.01507456651 3.72671948006 -0.930062173048
-1.02692636691 3.71371570639 -0.937067583057
-1.03679254666 3.69892795745 -0.942029764498
-1.04508215711 3.68225641361 -0.945267084352
-1.05221429718 3.66361102343 -0.947108411267
-1.05854266468 3.64294749427 -0.94783825103
-1.06429565072 3.62030104695 -0.947654320948
-1.06954085983 3.5958127399 -0.946643812377
-1.07417878933 3.56974383743 -0.944781285856
-1.07796557404 3.54247509985 -0.941947435614
-1.08055998784 3.51448984162 -0.937964470367
-1.0815860563 3.48634187004 -0.932641162349
-1.08070028709 3.45861165594 -0.925819155303
-1.07765203264 3.43185596176 -0.917412123756
-1.07232691873 3.40655736642 -0.907430823016
-1.06476634706 3.38308047351 -0.895989702673
-1.05516028116 3.36164098309 -0.883294118588
-1.04381514467 3.34229230391 -0.869610691055
-1.03110292382 3.32493216868 -0.855226417109
-1.01740076127 3.30932908787 -0.840404226387
-1.00303192431 3.29516580115 -0.825343410297
-0.988218763768 3.28209453706 -0.810152616895
-0.973056196425 3.26979720604 -0.794841001003
-0.957510693573 3.25804287359 -0.779329994844
-0.941445334675 3.24673510405 -0.763484538277
-0.924666930124 3.23594300102 -0.747159089714
-0.906987295889 3.22591182817 -0.730250928403
-0.888288139758 3.21705168551 -0.712751645514
-0.868578145629 3.20990548395 -0.694787602278
-0.848031883293 3.20510002373 -0.676641561855
-0.82700297445 3.20328599718 -0.658750475651
-0.806008066467 3.20507394374 -0.641678097621
-0.78568293725 3.21097344607 -0.626065126947
-0.766716697474 3.22134217125 -0.612563291301
-0.74977380401 3.23634986238 -0.601762571531
-0.735415823421 3.25596031846 -0.594122165819
-0.724035202553 3.27993207702 -0.589915546196
-0.715811637399 3.30783627085 -0.589198082251
-0.710698226778 3.33908827105 -0.59180246682
-0.708439983852 3.3729884854 -0.597363067751
-0.70862218691 3.40876717724 -0.605365983941
-0.710741296014 3.44562841252 -0.615217681542
-0.714287511389 3.48278912047 -0.626322242174
-0.718826099082 3.51951057026 -0.638155921417

/group/aneurysm_1/18
18
posId 18
-0.751684256838 3.50205773087 -0.560332390432
-0.745536537202 3.53759287955 -0.566248139679
-0.740866182203 3.57222003818 -0.573074231767
-0.737801255742 3.60514790556 -0.580671831291
-0.736581833866 3.63573825968 -0.589038936893
-0.73752583691 3.66353030211 -0.598290349318
-0.740976268661 3.68824597058 -0.608616875189
-0.747239072762 3.70977691428 -0.620231383715
-0.756522489277 3.72815604862 -0.63331135746
-0.768888557192 3.74351836662 -0.647947925553
-0.784225309064 3.75605675235 -0.664110006144
-0.802244614607 3.76597879348 -0.681629375815
-0.822506182182 3.77347002091 -0.700208733828
-0.844463700992 3.77866773142 -0.719450801332
-0.867525294734 3.78164778754 -0.738902892396
-0.89111802574 3.78242481519 -0.758108835588
-0.914745561567 3.78096432824 -0.77665904271
-0.938029401381 3.77720376855 -0.794230083949
-0.960727030375 3.77107845889 -0.810607214437
-0.98272450426 3.76254813058 -0.82568651827
-1.00400553577 3.75162000552 -0.839457107326
-1.02460335659 3.73836528354 -0.851967456389
-1.04454471967 3.72292713008 -0.863282821962
-1.06379684001 3.70551965457 -0.873442270549
-1.08222758634 3.68641868672 -0.882423854389
-1.09958690843 3.66594620185 -0.890124919861
-1.11551371298 3.64445088359 -0.896361696246
-1.12956783989 3.6222874922 -0.900888700119
-1.14128223576 3.59979745849 -0.903434752787
-1.15022667245 3.57729255088 -0.90374921906
-1.15607208088 3.55504271387 -0.901650015224
-1.15864417552 3.53326841519 -0.897064384589
-1.15795662388 3.51213721326 -0.890054516753
-1.15421731257 3.49176386871 -0.880822619609
-1.14780572649 3.4722132145 -0.869693609277
-1.1392243305 3.45350514156 -0.857077544543
-1.12903129064 3.43562136635 -0.843417602813
-1.11776512728 3.41851400102 -0.829132120204
-1.10587338951 3.40211621376 -0.814560503407
-1.09365690978 3.38635533548 -0.79992241553
-1.08123871726 3.37116857305 -0.785297584008
-1.06856266763 3.35652102924 -0.770630205374
-1.0554219609 3.3424250696 -0.755757791407
-1.04151278945 3.32895934311 -0.740460114238
-1.02650421977 3.31628511709 -0.72452038262
-1.01011276079 3.30465719504 -0.707788530821
-0.992169355241 3.29442668833 -0.690235926518
-0.972667866218 3.28603339046 -0.671992023704
-0.951787285936 3.27998645808 -0.65335631513
-0.92988432804 3.2768334491 -0.634782915517
-0.907458022522 3.27711933986 -0.616839572776
-0.885092570783 3.28133871451 -0.600147114065
-0.86338825349 3.28988564348 -0.585308580193
-0.842892023565 3.30300661215 -0.572839038892
-0.824039261123 3.32076204999 -0.563107000335
-0.807116059953 3.34300145977 -0.55629649578
-0.792247733241 3.36935587844 -0.552395532434
-0.779414614795 3.39924954902 -0.55121236422
-0.768491491474 3.43193047767 -0.552416532689

/group/aneurysm_1/21
21
posId 21
-0.923180165308 3.37313699268 -0.555081920333
-0.956451664476 3.36481594667 -0.576654748387
-0.988858912595 3.36034445659 -0.59923099439
-1.01926893055 3.35932299358 -0.621782142543
-1.04684850214 3.36123451358 -0.643455728243
-1.07113492653 3.36553321188 -0.663667027945
-1.09205239707 3.37172861657 -0.682147635094
-1.10987224663 3.3794516597 -0.698943840936
-1.125124236 3.388492888 -0.714366011813
-1.13847380569 3.39880807629 -0.728898204187
-1.15058545755 3.410492259 -0.743083700988
-1.16199430952 3.42372857631 -0.757405887406
-1.17300608301 3.43872240359 -0.772184288646
-1.18364068042 3.45563331411 -0.787502630342
-1.19362699726 3.47451720414 -0.803180007601
-1.20244800316 3.49528849893 -0.818788701206
-1.2094269 3.51770826194 -0.833714197741
-1.21383871513 3.54139904793 -0.847245949668
-1.21502806893 3.56588241434 -0.858682555273
-1.21251360977 3.590631042 -0.86743314653
-1.20606267601 3.61512512123 -0.873098103655
-1.19572548501 3.63890241148 -0.875516448076
-1.18182547184 3.66159316377 -0.874773568584
-1.16490996619 3.68293450798 -0.871170123923
-1.14567186346 3.70276324814 -0.865159723225
-1.12485721403 3.72099041318 -0.857268107918
-1.10317505508 3.73756451339 -0.848009168136
-1.08122421764 3.75243255878 -0.837812829524
-1.0594476847 3.76550810724 -0.826976795022
-1.0381192411 3.77665390574 -0.815648980708
-1.01736080865 3.78568342022 -0.803841280088
-0.997183225256 3.7923813807 -0.791469236637
-0.977539351165 3.79653923698 -0.778407453299
-0.958376945711 3.79799798292 -0.764547999934
-0.939679938355 3.79668887177 -0.749849138795
-0.921490184701 3.79266252734 -0.734364301862
-0.903906773289 3.78609890524 -0.718245853979
-0.887065367999 3.77729413411 -0.701723811751
-0.871104794965 3.76662480627 -0.685065213384
-0.856131124138 3.75449492352 -0.66852412933
-0.842190211743 3.74127453111 -0.652294492285
-0.829257891976 3.72724131843 -0.636477547308
-0.817253074448 3.71253663703 -0.621072824368
-0.806073703588 3.69714537594 -0.605996663126
-0.795649947801 3.68090524029 -0.591126418789
-0.786004275275 3.66354586272 -0.576362714204
-0.777305261949 3.64475274484 -0.561697639917
-0.769901739766 3.62424626682 -0.547274576221
-0.76432641633 3.60186280799 -0.533425843242
-0.761263029629 3.57762401417 -0.520677681135
-0.761477608875 3.55178167398 -0.509717595791
-0.765721322029 3.52482933218 -0.501325907289
-0.774618405364 3.49747707919 -0.496280171336
-0.788556610976 3.4705920104 -0.495246728879
-0.807598636814 3.44511260095 -0.498676892563
-0.831430791026 3.42194968757 -0.506725519078
-0.859359941197 3.40188910216 -0.519206797049

/group/aneurysm_1/24
24
posId 24
-0.866459034899 3.46314554464 -0.471820637684
-0.894332104122 3.44073596968 -0.478415755962
-0.922890756055 3.42268267607 -0.487956155207
-0.951143794695 3.40927760279 -0.499920934667
-0.978346959081 3.40041949214 -0.513737226201
-1.00404522381 3.39566492809 -0.528838434061
-1.02806473536 3.39432978636 -0.544716183286
-1.05046090922 3.39562271551 -0.560960071919
-1.07143652957 3.39878695692 -0.577281377236
-1.09124795934 3.40322584265 -0.593519271376
-1.11011812194 3.40859081487 -0.60963047249
-1.1281718408 3.41481808125 -0.625665251058
-1.14540321544 3.42210964929 -0.641734080389
-1.16167729932 3.43086464046 -0.657969846432
-1.17676100386 3.44157557029 -0.674490430415
-1.19037239103 3.45471008614 -0.69136577954
-1.2022344622 3.4706004691 -0.708592494769
-1.21211973517 3.48936079973 -0.726077727191
-1.21987515863 3.51084564078 -0.74363300143
-1.2254224324 3.53465566875 -0.760977631142
-1.22873530129 3.56018658381 -0.777750730804
-1.22980139627 3.58670962387 -0.793530448509
-1.2285803541 3.61346662347 -0.807858869914
-1.2249713073 3.63976075608 -0.820270963632
-1.21880105886 3.66502610927 -0.830325848069
-1.20983968355 3.68886453241 -0.837638492794
-1.19784388822 3.7110455866 -0.841909719724
-1.18262159577 3.73147334444 -0.842952103189
-1.16410540416 3.75013058778 -0.840709198807
-1.14241914452 3.76701525496 -0.835265597693
-1.11792158366 3.78208495603 -0.826845727253
-1.09121459344 3.79522287099 -0.815800169568
-1.06310932757 3.80623296648 -0.802579524272
-1.03455196309 3.81486540028 -0.787697387194
-1.00651881642 3.82086576962 -0.771685641128
-0.979897465367 3.82403606485 -0.755046693079
-0.955374454587 3.82429208168 -0.738208262599
-0.933350311392 3.82170232857 -0.721486589853
-0.913898751166 3.8164971309 -0.705063346046
-0.896779686107 3.80904295676 -0.688980082711
-0.881506232744 3.79978466966 -0.673151889498
-0.867456063584 3.78916584209 -0.657399320999
-0.854009017936 3.77754284619 -0.64149498056
-0.840687504143 3.76511092756 -0.625218833054
-0.827274976083 3.75185922745 -0.608414749559
-0.813890978234 3.73756685991 -0.591040255787
-0.80100842067 3.72184453235 -0.573202099328
-0.789408615979 3.70421726306 -0.555172019693
-0.780080414208 3.68423524805 -0.537379766683
-0.7740795512 3.66159357729 -0.520383582694
-0.772371300856 3.63623863 -0.504821567671
-0.775682426887 3.60844027447 -0.491350092021
-0.784386749409 3.57881434196 -0.480577289851
-0.798442706519 3.54828832826 -0.473000365875
-0.81739221124 3.51801336471 -0.468954881968

/group/aneurysm_1/27
27
posId 27
-0.918956761084 3.4891649769 -0.447609603677
-0.947425547812 3.4695238475 -0.452521305128
-0.97682282628 3.45199803578 -0.459431686148
-1.0064915644 3.43680920141 -0.468072861101
-1.03584766338 3.42415882991 -0.478209636751
-1.06439807952 3.4142268568 -0.489650061482
-1.09174715392 3.40716517231 -0.502245097586
-1.11759339283 3.40308720091 -0.515879632329
-1.14171992041 3.40205581864 -0.53045837618
-1.16398201035 3.40407244544 -0.545890696442
-1.184294552 3.40907011035 -0.562078059835
-1.20262122751 3.41691263811 -0.578906641328
-1.21896587093 3.42740097308 -0.596246075153
-1.23336528379 3.4402862655 -0.613953638549
-1.24588198654 3.45528797413 -0.631881741515
-1.25659518551 3.47211416793 -0.64988575429
-1.26558867917 3.49048066153 -0.667829120152
-1.27293541596 3.51012571998 -0.685583393573
-1.27867971418 3.53081781813 -0.703022165679
-1.28281944866 3.55235521137 -0.720009505963
-1.28529146604 3.5745576357 -0.736385196423
-1.28596383341 3.59725201217 -0.751950289927
-1.28463809271 3.62025528113 -0.766457085328
-1.28106347962 3.64335818582 -0.779607306759
-1.27496323143 3.66631380928 -0.791061103637
-1.26607095645 3.68883392195 -0.800457627917
-1.25417295895 3.71059483521 -0.807445721434
-1.23915082047 3.73125271163 -0.811721074146
-1.22101777763 3.75046646859 -0.813064522487
-1.1999427257 3.76792486092 -0.81137530544
-1.17625705323 3.78337333482 -0.806693303879
-1.15044181592 3.79663600934 -0.79920558848
-1.12309565036 3.80762873057 -0.789234824743
-1.0948868499 3.81636047741 -0.777209885375
-1.06649566804 3.82292226061 -0.763621935444
-1.03855471283 3.82746473475 -0.748971779881
-1.01159591092 3.83016767656 -0.733715942095
-0.986011800527 3.83120593426 -0.718219455381
-0.962036931224 3.83071716122 -0.702722567929
-0.939752192414 3.82877648082 -0.687326580468
-0.919111418027 3.82538220595 -0.672001154534
-0.899986177683 3.82045502253 -0.656612110757
-0.882221820236 3.81385092819 -0.640965523609
-0.865696050833 3.80538605037 -0.624861344222
-0.850370892613 3.79486961612 -0.608148275145
-0.836329883044 3.78214011466 -0.590771431875
-0.823794622533 3.76709928207 -0.572805485965
-0.81311796203 3.74973899808 -0.554468297396
-0.804754674939 3.73015742327 -0.536113121621
-0.79921383697 3.70856249184 -0.518200806527
-0.796999803876 3.68526289375 -0.501256428445
-0.79855022581 3.66064858115 -0.485817064459
-0.804179754788 3.63516429784 -0.472378512938
-0.814036997836 3.6092804266 -0.461348606243
-0.828080068217 3.58346546807 -0.453013380478
-0.846073187232 3.55816374487 -0.447520051374
-0.867603684695 3.53378063003 -0.444877917583

/group/aneurysm_1/30
30
posId 30
-0.915189126096 3.59150909069 -0.439764643524
-0.935577057192 3.56666812526 -0.434585122037
-0.956951207183 3.54339345184 -0.431087651252
-0.978878264319 3.52188089758 -0.429150417925
-1.00115011592 3.50229193168 -0.428761988334
-1.02374301706 3.48479367622 -0.430024881652
-1.04673854575 3.46958389183 -0.433125851996
-1.07022563596 3.4568951232 -0.438280329248
-1.0942065198 3.44697746227 -0.445664262941
-1.11852813359 3.44006461812 -0.455349504125
-1.14285474301 3.43633203723 -0.467258230659
-1.16668843533 3.43585782755 -0.481147890872
-1.1894336067 3.43859677759 -0.496631540769
-1.21049182128 3.4443749335 -0.51323065682
-1.22936647149 3.45290761132 -0.530450159702
-1.24575399256 3.46383837221 -0.547860051924
-1.25960058281 3.47679153563 -0.565165926405
-1.27111006538 3.4914273455 -0.582252175042
-1.28069838623 3.50748772874 -0.599186788498
-1.28890130702 3.52482201826 -0.6161842398
-1.29625187535 3.54338583163 -0.633531592019
-1.30315117779 3.56321177194 -0.651490923923
-1.30975823535 3.58435665217 -0.670196785609
-1.31592211665 3.60683529287 -0.689569469325
-1.32117187158 3.63055446412 -0.709262880591
-1.32476911872 3.6552614358 -0.72865999239
-1.32581612133 3.68051957284 -0.746920290736
-1.32340129726 3.70571875702 -0.763073872183
-1.31675648016 3.73012196083 -0.776147794792
-1.30539741975 3.75294225537 -0.785303677907
-1.28922159414 3.77343826855 -0.789962713736
-1.2685449724 3.79101187373 -0.789895809919
-1.24407050373 3.80529057203 -0.785262308559
-1.21679370825 3.81617898088 -0.776589605462
-1.18786239657 3.82386878187 -0.764696395288
-1.15841601355 3.82880356002 -0.750572263648
-1.12943375679 3.83160290681 -0.735234072227
-1.10161875906 3.83295749938 -0.719583597129
-1.07533860455 3.83351223831 -0.704290442114
-1.05063162631 3.83375691095 -0.689719455653
-1.02727589163 3.83394277821 -0.675913651892
-1.00490593393 3.83403913451 -0.662633530177
-0.98315340319 3.83373704485 -0.649443605721
-0.96178356726 3.83249936607 -0.635828780834
-0.940800782465 3.82964828289 -0.621318394616
-0.92050238731 3.82447535776 -0.605595217835
-0.901470687173 3.8163556102 -0.588570322287
-0.884504777622 3.80484699115 -0.57041185646
-0.870505542523 3.78975975654 -0.551524865371
-0.860336021096 3.77118601943 -0.532488610049
-0.85468378065 3.74948704211 -0.513965577128
-0.853951153435 3.725243233 -0.49660107402
-0.858193420785 3.69917796805 -0.480933156525
-0.867115455915 3.67207016533 -0.467329584016
-0.880125899725 3.64467138711 -0.455962263838

/group/aneurysm_1/33
33
posId 33
-0.973206021368 3.58106162167 -0.378757591992
-1.00173692012 3.55873087696 -0.380473096935
-1.03163144622 3.53956317534 -0.385117369976
-1.06186932744 3.52406804097 -0.392434564112
-1.09159252033 3.51250770363 -0.402097618193
-1.1201482368 3.50489678415 -0.413733294603
-1.14708721295 3.50104463751 -0.426949657861
-1.17212683114 3.50063102896 -0.441365359191
-1.19509554424 3.5032982574 -0.456639016797
-1.21587707531 3.50873900042 -0.47249558514
-1.23436990648 3.51676001178 -0.48874544659
-1.25047074334 3.52730723841 -0.50529161008
-1.26408201521 3.54044673943 -0.522121272095
-1.27513551438 3.55630597678 -0.539280180864
-1.28361919116 3.57498925884 -0.556831458884
-1.28959327586 3.59648722051 -0.574804149012
-1.29318547264 3.62060180103 -0.593139908401
-1.29456191682 3.64690487168 -0.611648124143
-1.29387891569 3.67474124325 -0.629979617104
-1.29122779906 3.70327697309 -0.647626786368
-1.2865893177 3.73158395611 -0.663953773787
-1.27981358951 3.75874399147 -0.678254726734
-1.27063645109 3.78395160122 -0.689832584825
-1.25873434494 3.806595646 -0.698086212189
-1.24380969526 3.82630493648 -0.702591192611
-1.22568972301 3.84295126665 -0.703159858538
-1.20441627159 3.85661260379 -0.69986923255
-1.18030408962 3.86750737962 -0.693051011214
-1.15395051631 3.87591608998 -0.68324448977
-1.12618960259 3.88210764864 -0.671120079295
-1.09799614903 3.88628508323 -0.657386449536
-1.0703570401 3.88855912657 -0.642697252295
-1.0441357102 3.88895070184 -0.627573258166
-1.0199584212 3.887416182 -0.612352618825
-0.998147369896 3.88388438746 -0.597176509661
-0.978716104845 3.87829270052 -0.582010743229
-0.96142935503 3.87061164943 -0.566697422281
-0.945915146615 3.8608521386 -0.551025598908
-0.931805260056 3.84905572984 -0.534807159015
-0.918873403297 3.83527422482 -0.517944166895
-0.907140537393 3.81954860308 -0.500476500055
-0.896923638901 3.80189804245 -0.482603075917
-0.888816309255 3.78232705803 -0.464675276899
-0.883604324012 3.76085343011 -0.447166185972
-0.882133155327 3.73755298945 -0.430622982612
-0.885154591455 3.71261130403 -0.415611716579
-0.893183619764 3.6863685841 -0.402663540868
-0.906393947781 3.65934385699 -0.392229668506
-0.924571695681 3.63222795538 -0.384649479275

/group/aneurysm_1/36
36
posId 36
-1.01197892942 3.65040238198 -0.340559286638
-1.03790223917 3.62786159669 -0.341372873564
-1.06647726382 3.60891293185 -0.346044427707
-1.09661711488 3.59340929801 -0.353840832038
-1.12715180465 3.58118874097 -0.363970602117
-1.15692733645 3.57225312354 -0.37575650107
-1.18491060947 3.5668443789 -0.388746016497
-1.21028357966 3.56539452892 -0.402734727792
-1.23250986587 3.56836796236 -0.417704518163
-1.25136060599 3.57605056378 -0.433703813138
-1.2668934206 3.58835904119 -0.450713178848
-1.27938743995 3.60473937128 -0.468542127427
-1.28924644664 3.62419685861 -0.486791413581
-1.29688908587 3.64545978282 -0.504893227587
-1.30264802905 3.66723624489 -0.522216301345
-1.30669808768 3.68849259047 -0.538201843986
-1.3090268777 3.70867148634 -0.552485869355
-1.309452168 3.72778201497 -0.564967057642
-1.3076797313 3.746329377 -0.575795773662
-1.30338679472 3.7650979699 -0.58528429256
-1.29631111067 3.78484529818 -0.593763259916
-1.28632536924 3.8059923839 -0.601427294306
-1.27348109157 3.82840039433 -0.60821782874
-1.25801405815 3.85130130688 -0.613781925931
-1.24031269124 3.87340834528 -0.617524372121
-1.22085929904 3.89318137049 -0.618742990851
-1.20015969264 3.90917776731 -0.616811840302
-1.17867821808 3.92039352945 -0.61136132099
-1.15679260227 3.9264998934 -0.602403080809
-1.13477714417 3.92790820819 -0.590361651319
-1.11281538883 3.92564235095 -0.576000241835
-1.09103645105 3.92105095563 -0.560257913974
-1.06956428243 3.91543617598 -0.544040945559
-1.04856737418 3.90969914371 -0.528025136049
-1.02829773292 3.90409809183 -0.512523913774
-1.00911169167 3.89818445117 -0.497459670998
-0.991469916622 3.89093369743 -0.482447512884
-0.9759184166 3.88103491705 -0.46696942165
-0.963055346115 3.86726068053 -0.450591467368
-0.953489417381 3.84881851231 -0.433164307081
-0.947795006236 3.82559234788 -0.414951329736
-0.946467319834 3.79821441165 -0.396648302883
-0.949879304636 3.76795548009 -0.379287805087
-0.958241190154 3.73647085 -0.364052855932
-0.971564103478 3.70547659091 -0.352048319539

/group/aneurysm_1/39
39
posId 39
-1.10015699151 3.74041851515 -0.333034084841
-1.09289857859 3.75947886078 -0.340623799058
-1.08604286302 3.77992501081 -0.349312878567
-1.07911674119 3.80069350811 -0.358161120711
-1.07157243731 3.82069353674 -0.366167353818
-1.06283168681 3.83892251479 -0.372367371723
-1.05234367654 3.85457559285 -0.375936171557
-1.03965112032 3.86713490363 -0.376282378218
-1.02445682646 3.87642676905 -0.373123018449
-1.00668205673 3.88263905245 -0.366528662601
-0.986508106989 3.88629591753 -0.356932186927
-0.964393918444 3.8881927409 -0.345098633833
-0.941065031474 3.88929907957 -0.332058328269
-0.917472531293 3.89064171942 -0.31900993904
-0.894724381543 3.89318236644 -0.307203957031
-0.87399519959 3.89770514901 -0.297819591976
-0.856423588842 3.90472769922 -0.291849019823
-0.843008167097 3.91444637347 -0.290002107571
-0.834514101758 3.92672160352 -0.292642294331
-0.831401144524 3.94110406742 -0.299760526673
-0.833781910031 3.9568970616 -0.31098952011
-0.841415720129 3.97324586096 -0.325655745081
-0.853739156726 3.98924158736 -0.342862044019
-0.869930059774 4.00402559314 -0.361590251053
-0.888997640562 4.01688078242 -0.380811051645
-0.909888184737 4.02729854508 -0.399587840391
-0.931593916085 4.03501371932 -0.417162543256
-0.953252236118 4.04000467962 -0.4330140736
-0.97422379867 4.04246059271 -0.446883901653
-0.994140565936 4.04272239751 -0.458767606908
-1.01291877556 4.04120751756 -0.46887565782
-1.0307361374 4.03833024045 -0.477570444704
-1.04797700545 4.03442985735 -0.485289295423
-1.06515316554 4.02971706187 -0.492464504078
-1.08281074829 4.0242460289 -0.499451175047
-1.1014352641 4.01791550603 -0.506472016411
-1.12136669468 4.01049776993 -0.513585391767
-1.14273500095 4.00169008998 -0.520679393096
-1.16542355778 3.99118001768 -0.527490951952
-1.18906430179 3.97871386019 -0.533645594914
-1.21306428763 3.96415737227 -0.538710840103
-1.23665943495 3.94753904092 -0.542254762544
-1.25898801966 3.92906912267 -0.543901089797
-1.27917431942 3.90913139529 -0.543373293438
-1.29641200782 3.88824882366 -0.540522299544
-1.31003745987 3.86702837423 -0.535335286266
-1.31958494851 3.84609343475 -0.527926111298
-1.32481847825 3.82601422033 -0.518510737497
-1.3257382972 3.80724688189 -0.507373172449
-1.32256347552 3.79009072412 -0.494828592944
-1.31569487304 3.77467017827 -0.481190333552
-1.30566495201 3.76094437086 -0.466746306631
-1.29308196841 3.74874284917 -0.451748391411
-1.27857600158 3.73782191186 -0.436415727491
-1.26275313825 3.72793267113 -0.420950107568
-1.24616214651 3.71888995258 -0.40555924169
-1.22927550856 3.71063074489 -0.390481968313
-1.21248413907 3.70325222807 -0.376008811043
-1.19610290615 3.69702227164 -0.362491760607
-1.18038253542 3.69235930458 -0.35033875341
-1.16552284149 3.68978304607 -0.339990797964
-1.15168256942 3.68984208402 -0.331882698758
-1.1389823589 3.69302803372 -0.326391381815
-1.12749923664 3.6996884374 -0.323778451108
-1.11725326115 3.70995129248 -0.324135363302

/group/aneurysm_1/42
42
posId 42
-1.22783745344 3.74228650681 -0.298990722693
-1.24240172023 3.76092086042 -0.318957307585
-1.25711794867 3.77665632522 -0.337241422416
-1.27215094647 3.78896311816 -0.353616284143
-1.28763429183 3.79751440452 -0.367960772713
-1.30365864283 3.80220500035 -0.380263978869
-1.32026248705 3.80315764234 -0.390623589478
-1.33742588379 3.80071628649 -0.399238106368
-1.35506756777 3.79542668834 -0.406393270427
-1.37304557814 3.78800530125 -0.412443421004
-1.39116136351 3.77929825431 -0.417788838303
-1.40916710482 3.77023279201 -0.422850372901
-1.4267758082 3.76176403228 -0.428042844674
-1.44367355985 3.75482019727 -0.433748781365
-1.45953321485 3.7502495731 -0.44029405836
-1.47402871918 3.74877235236 -0.447926895897
-1.48684924229 3.75094021351 -0.456801473935
-1.49771232722 3.75710601339 -0.466967150172
-1.50637534453 3.76740534212 -0.478363930192
-1.51264465793 3.78175095564 -0.490824461542
-1.51638206573 3.79984030495 -0.504082429138
-1.51750826223 3.82117557566 -0.517786842747
-1.51600325446 3.84509488638 -0.531521352508
-1.51190385956 3.87081262003 -0.544827427843
-1.50529858428 3.89746631943 -0.557230007301
-1.49632033943 3.92416720272 -0.568264086071
-1.48513755837 3.9500511672 -0.577500662274
-1.4719443639 3.97432716303 -0.584570515243
-1.45695045769 3.99632002809 -0.58918443474
-1.44037138916 4.01550526712 -0.591148749557
-1.42241980026 4.03153380437 -0.590375302068
-1.40329814277 4.04424540311 -0.586885362459
-1.38319323416 4.05367018281 -0.580807350297
-1.36227286664 4.06001842679 -0.572368607621
-1.34068452242 4.06365961029 -0.561881823272
-1.31855608858 4.06509224335 -0.549727020237
-1.29599831869 4.06490667212 -0.53633026736
-1.27310866494 4.06374338257 -0.522140448972
-1.24997601371 4.06224957753 -0.507605511083
-1.22668580405 4.06103684009 -0.493149597011
-1.20332499639 4.06064255291 -0.479152390764
-1.17998638846 4.06149742815 -0.465931811016
-1.15677184288 4.06390103887 -0.453730955262
-1.13379409262 4.06800666482 -0.442709899875
-1.11117691655 4.0738161134 -0.432942637814
-1.08905361939 4.08118449656 -0.424419103388
-1.06756389738 4.08983428136 -0.417051915058
-1.04684931109 4.09937733283 -0.410687183299
-1.0270477106 4.10934316965 -0.405118499209
-1.00828705539 4.11921129042 -0.400103054805
-0.99067913463 4.12844522171 -0.395378757145
-0.974313718142 4.13652590104 -0.390681189507
-0.959253652009 4.14298213679 -0.385759342108
-0.945531355968 4.14741617181 -0.38038917541
-0.933147086766 4.14952279436 -0.374384279062
-0.922069208383 4.1491009573 -0.36760313332
-0.912236565542 4.14605744644 -0.359952748973
-0.903562901265 4.14040273781 -0.351388736426
-0.895943103826 4.13223975946 -0.341912114857
-0.889260924522 4.12174678367 -0.331563399725
-0.883397686021 4.10915608522 -0.320414685544
-0.878241410801 4.09473028089 -0.308560558716
-0.873695747544 4.07873839665 -0.296108724859
-0.869688064827 4.06143368237 -0.283171214093
-0.866176117459 4.04303501476 -0.269856938986
-0.863152769851 4.02371340879 -0.25626623108
-0.860648378217 4.00358472393 -0.242487785289
-0.858730581673 3.98270913352 -0.228598212575
-0.857501421932 3.96109736495 -0.21466415815
-0.857091890816 3.9387231546 -0.200746703884
-0.857654182133 3.91554083889 -0.186907558313
-0.859352087394 3.89150655873 -0.173216362381
-0.862350111889 3.86660122457 -0.159758317792
-0.866801989055 3.84085319746 -0.146641287471
-0.872839329276 3.81435860485 -0.134001529411
-0.880561149533 3.78729733234 -0.122007306132
-0.890024991122 3.75994300787 -0.110859757114
-0.901240245798 3.73266570454 -0.100790620987
-0.914164181082 3.70592660546 -0.0920566338608
-0.928700991138 3.68026446176 -0.0849306928408
-0.944704010826 3.65627429273 -0.0796901401904
-0.961981029441 3.63457938047 -0.0766027740481
-0.980302440308 3.615798157 -0.0759114069971
-0.999411775973 3.60050802855 -0.0778179573063
-1.01903801858 3.58920849693 -0.0824681558422
-1.03890895199 3.58228609528 -0.0899379754294
-1.05876474466 3.57998364076 -0.100222834866
-1.0783709256 3.58237611762 -0.113230498388
-1.0975299429 3.58935514857 -0.128778390055
-1.11609057242 3.60062351287 -0.146595783323
-1.13395457092 3.61570055557 -0.166331025204
-1.15108013339 3.63393864439 -0.187563631435
-1.1674819092 3.6545501134 -0.209820765425
-1.18322754378 3.67664343388 -0.232597311297
-1.19843092766 3.69926671933 -0.255378491106

/group/aneurysm_1/45
45
posId 45
-1.24688671104 3.60626272689 -0.138196936127
-1.26269769572 3.60856814075 -0.14890314879
-1.27755519301 3.61131973778 -0.159317017683
-1.29150328593 3.61428246826 -0.169322610672
-1.30460592773 3.61722960149 -0.178820723639
-1.31694233446 3.61995018387 -0.18773066874
-1.32860221007 3.62225601287 -0.195991671699
-1.33968098955 3.62398789866 -0.203563849717
-1.35027527681 3.62502100794 -0.210428750008
-1.3604786383 3.62526911449 -0.21658943787
-1.37037789227 3.62468761663 -0.222070132338
-1.38005000804 3.62327522211 -0.226915396654
-1.38955969956 3.62107424502 -0.231188899919
-1.39895776658 3.61816950464 -0.234971775033
-1.40828020301 3.61468586226 -0.238360606394
-1.4175480598 3.6107844765 -0.241465088437
-1.42676801837 3.60665789959 -0.244405402962
-1.43593360178 3.60252417446 -0.24730936909
-1.44502692657 3.59862012502 -0.250309424465
-1.45402087755 3.59519405704 -0.253539499979
-1.46288157376 3.59249810577 -0.257131852612
-1.47157098473 3.5907804761 -0.261213922045
-1.48004955406 3.59027782327 -0.265905276365
-1.48827869071 3.59120801566 -0.27131471055
-1.49622299885 3.59376350632 -0.277537558411
-1.50385213163 3.59810551856 -0.28465327446
-1.51114217541 3.6043592214 -0.292723336738
-1.5180764943 3.61261003707 -0.301789515137
-1.52464599284 3.62290118318 -0.311872542336
-1.530848783 3.63523251091 -0.322971216246
-1.53668927192 3.64956065647 -0.335061953982
-1.54217671506 3.66580047986 -0.348098808153
-1.54732330726 3.68382772243 -0.36201394666
-1.55214190773 3.70348277559 -0.376718587673
-1.55664351535 3.72457541765 -0.392104371976
-1.56083462564 3.74689034605 -0.408045145815
-1.56471461048 3.77019330878 -0.424399118832
-1.56827326497 3.79423762222 -0.441011353833
-1.57148866322 3.81877085427 -0.457716538225
-1.57432545567 3.84354145004 -0.474341981004
-1.57673372584 3.86830508472 -0.49071077449
-1.57864850359 3.89283054194 -0.506645056458
-1.57999000715 3.91690493732 -0.521969306199
-1.58066465718 3.94033813341 -0.536513607268
-1.58056687427 3.96296622459 -0.550116810292
-1.57958163855 3.98465400582 -0.562629531248
-1.57758775653 4.00529637724 -0.573916923979
-1.57446174833 4.02481867576 -0.583861170363
-1.57008223848 4.04317596337 -0.592363637366
-1.5643347079 4.06035133869 -0.599346657093
-1.55711644267 4.07635337207 -0.604754893752
-1.54834150028 4.09121279389 -0.608556269978
-1.53794550433 4.10497858974 -0.610742434078
-1.52589007656 4.11771367427 -0.611328759243
-1.51216672023 4.12949032635 -0.610353875454
-1.49679998059 4.1403855728 -0.60787874442
-1.47984972749 4.15047670441 -0.603985297325
-1.46141243052 4.15983709872 -0.598774664141
-1.4416213279 4.16853250713 -0.592365031624
-1.42064542604 4.17661794207 -0.584889174731
-1.39868730554 4.18413527305 -0.576491712796
-1.37597975042 4.19111160944 -0.567326147424
-1.35278125883 4.19755851452 -0.557551743373
-1.32937053458 4.20347206085 -0.547330316831
-1.30604009678 4.20883370219 -0.536822997217
-1.28308917989 4.21361190427 -0.52618702901
-1.26081612605 4.2177644457 -0.515572679107
-1.23951049469 4.22124127423 -0.50512031285
-1.21944513116 4.2239877809 -0.494957698205
-1.20086844412 4.22594833881 -0.485197592696
-1.18399714173 4.22706994308 -0.47593566172
-1.16900966853 4.22730578502 -0.467248769881
-1.15604056795 4.22661859697 -0.459193679199
-1.14517597116 4.22498361392 -0.451806179536
-1.13645038118 4.22239101443 -0.445100667664
-1.12984488328 4.21884772458 -0.43907018207
-1.12528686986 4.21437849523 -0.43368689124
-1.12265132137 4.20902619294 -0.428903023844
-1.12176363613 4.20285127707 -0.424652220217
-1.12240395294 4.19593046992 -0.42085127592
-1.12431286192 4.18835465994 -0.417402240251
-1.12719835406 4.1802261108 -0.414194825371
-1.13074381863 4.17165507875 -0.411109075505
-1.13461686245 4.16275596636 -0.408018240462
-1.13847869627 4.15364316238 -0.404791793716
-1.14199381345 4.14442673214 -0.401298532474
-1.14483967367 4.13520813272 -0.397409695622
-1.14671610202 4.12607612882 -0.393002035253
-1.1473541203 4.11710308125 -0.38796077854
-1.14652394265 4.10834176829 -0.38218241908
-1.14404189213 4.09982288266 -0.375577280447
-1.13977602688 4.09155332338 -0.368071799365
-1.13365030339 4.08351537319 -0.359610481738
-1.12564714895 4.07566681998 -0.350157491432
-1.11580836417 4.06794204551 -0.339697839206
-1.10423432744 4.06025406811 -0.328238147281
-1.09108152583 4.05249748933 -0.31580697365
-1.07655848759 4.0445522593 -0.302454689099
-1.06092024112 4.03628814246 -0.288252908894
-1.04446146916 4.02756973679 -0.273293490063
-1.02750856714 4.01826187547 -0.257687113869
-1.01041084632 4.00823522211 -0.241561481409
-0.993531147502 3.99737185928 -0.225059157937
-0.977236147168 3.98557066612 -0.208335108582
-0.961886644557 3.97275228399 -0.191553974208
-0.947828116438 3.95886347991 -0.17488714138
-0.935381814703 3.94388073532 -0.158509664453
-0.924836662065 3.92781291216 -0.14259710075
-0.916442173212 3.91070287805 -0.127322321527
-0.910402593917 3.89262800762 -0.112852361867
-0.906872410038 3.87369951477 -0.0993453719159
-0.905953333429 3.85406061172 -0.0869477298279
-0.907692824073 3.83388353157 -0.0757913736218
-0.912084158867 3.81336549171 -0.0659914047902
-0.919068009017 3.79272371395 -0.0576440111453
-0.928535441609 3.77218965185 -0.0508247500628
-0.940332218065 3.75200260587 -0.045587226154
-0.95426422431 3.73240293098 -0.0419621895894
-0.970103835686 3.71362505856 -0.0399570729653
-0.987596994969 3.69589056398 -0.0395559759118
-1.00647076501 3.67940151337 -0.0407200977608
-1.02644110887 3.66433431625 -0.0433886096923
-1.04722065008 3.65083429685 -0.0474799490401
-1.06852617376 3.63901117502 -0.0528935100291
-1.09008564495 3.6289356191 -0.0595116973092
-1.11164454372 3.62063699877 -0.0672023013928
-1.13297134544 3.61410242683 -0.0758211486495
-1.153862009 3.60927713626 -0.0852149729855
-1.17414337353 3.60606619452 -0.0952244518491
-1.19367540451 3.60433751234 -0.105687345855
-1.21235227119 3.60392606041 -0.11644167917

/group/aneurysm_1/48
48
posId 48
-1.4579321839 3.75490953887 -0.296888030244
-1.4532599563 3.76083713954 -0.29768080433
-1.44956214528 3.76624759121 -0.298738419755
-1.44700899239 3.77120246724 -0.300198033853
-1.44574784697 3.77578132274 -0.302194071022
-1.44589890584 3.78007988422 -0.304854629125
-1.44755144688 3.78420780831 -0.308297919169
-1.4507606727 3.78828606579 -0.312628840351
-1.45554526712 3.7924440174 -0.317935790732
-1.46188575068 3.79681625585 -0.32428780898
-1.46972370188 3.80153929502 -0.331732134777
-1.47896188884 3.80674819088 -0.34029226498
-1.48946533294 3.81257318041 -0.349966569655
-1.50106330077 3.81913642375 -0.360727517017
-1.51355219622 3.82654893179 -0.372521539662
-1.52669929961 3.83490775554 -0.385269556614
-1.54024727697 3.84429350651 -0.398868147243
-1.55391936111 3.85476826754 -0.413191354582
-1.56742508625 3.86637394256 -0.4280930775
-1.58046644153 3.87913108181 -0.443409994144
-1.59274429599 3.89303820562 -0.458964943566
-1.60396493814 3.90807163643 -0.474570678971
-1.61384656846 3.92418583516 -0.490033894919
-1.62212558277 3.94131422439 -0.505159422555
-1.6285624881 3.95937046861 -0.519754481632
-1.63294730103 3.97825016971 -0.533632876035
-1.63510429093 3.99783292595 -0.5466190207
-1.63489594676 4.0179846941 -0.558551692278
-1.63222606558 4.03856038745 -0.569287403449
-1.62704188372 4.0594066382 -0.57870331132
-1.61933519611 4.08036464978 -0.586699583389
-1.60914243561 4.10127306467 -0.593201159939
-1.5965437114 4.12197077511 -0.5981588688
-1.5816608327 4.14229960779 -0.601549866826
-1.5646543705 4.16210681975 -0.60337740155
-1.54571983529 4.18124735015 -0.603669905757
-1.52508307139 4.19958578134 -0.602479456638
-1.502994989 4.21699797312 -0.599879649076
-1.47972577172 4.23337234475 -0.5959629491
-1.45555871025 4.24861079073 -0.590837607983
-1.43078382199 4.2626292277 -0.584624229528
-1.40569142071 4.27535778131 -0.577452092441
-1.3805658001 4.28674063204 -0.569455335928
-1.35567919104 4.29673554895 -0.560769119794
-1.33128614297 4.30531314866 -0.551525870111
-1.30761846718 4.31245592365 -0.541851718064
-1.28488086317 4.31815708951 -0.531863232974
-1.2632473294 4.32241930415 -0.521664540939
-1.24285843729 4.32525331361 -0.511344908337
-1.22381952334 4.32667657883 -0.50097685493
-1.20619982828 4.32671193583 -0.490614845037
-1.19003258644 4.32538633757 -0.48029458757
-1.17531604258 4.32272972077 -0.470032957297
-1.16201534855 4.31877403382 -0.459828531027
-1.15006526912 4.31355245433 -0.449662714027
-1.13937360546 4.30709881587 -0.439501414519
-1.12982522658 4.29944725453 -0.429297207977
-1.12128658489 4.29063207638 -0.418991918743
-1.11361058062 4.28068783745 -0.408519534521
-1.1066416335 4.2696496195 -0.397809360019
-1.100220817 4.25755347642 -0.38678930957
-1.09419091212 4.2444370192 -0.37538923526
-1.08840124308 4.23034010188 -0.363544186892
-1.08271216649 4.21530556638 -0.351197503068
-1.0769990988 4.19938000174 -0.338303638662
-1.07115598212 4.18261447215 -0.324830642772
-1.06509810742 4.16506516908 -0.310762212553
-1.05876423419 4.14679394551 -0.296099261881
-1.05211796761 4.12786869389 -0.280860959034
-1.04514837626 4.10836353568 -0.26508520408
-1.03786985607 4.08835879669 -0.248828533973
-1.03032126764 4.0679407507 -0.232165460787
-1.02256439445 4.04720112223 -0.215187265701
-1.0146817877 4.02623634884 -0.198000287661
-1.0067740798 4.0051466122 -0.180723760579
-0.998956861176 3.98403465667 -0.16348726612
-0.991357225371 3.9630044226 -0.146427880127
-0.984110093613 3.94215952927 -0.129687099179
-0.977354432966 3.92160164947 -0.113407639559
-0.971229481554 3.90142882261 -0.0977302037065
-0.965871090164 3.88173375784 -0.0827903091644
-0.961408282102 3.86260218008 -0.0687152719193
-0.957960122869 3.84411127303 -0.0556214302326
-0.95563297823 3.82632827118 -0.0436116865764
-0.954518224305 3.80930925018 -0.0327734345369
-0.954690456676 3.79309815958 -0.0231769248301
-0.956206227995 3.77772613578 -0.0148741103353
-0.95910332556 3.76321112477 -0.00789799472925
-0.963400582617 3.74955783561 -0.00226249342147
-0.969098200079 3.73675803526 0.00203720047505
-0.976178539749 3.72479118505 0.0050237679182
-0.984607336205 3.7136254085 0.00673647083233
-0.994335262894 3.70321876926 0.00722946470992
-1.00529977891 3.69352082799 0.00656977892131
-1.01742717671 3.6844744377 0.00483503601174
-1.03063474772 3.67601772853 0.00211098812272
-1.04483298263 3.66808622649 -0.00151104708357
-1.05992772583 3.66061504499 -0.00593676710715
-1.07582220925 3.65354108495 -0.0110713992538
-1.09241889859 3.64680517754 -0.0168220705262
-1.10962109595 3.64035410431 -0.0230999605227
-1.12733425451 3.63414243213 -0.0298221738816
-1.14546697506 3.62813410463 -0.0369132795919
-1.16393166828 3.62230373871 -0.0443064768986
-1.18264488176 3.61663758268 -0.0519443611583
-1.20152730522 3.61113410198 -0.0597792773679
-1.22050348129 3.60580416981 -0.0677732637392
-1.2395012619 3.60067085107 -0.0758976021143
-1.25845106106 3.59576878078 -0.0841320057451
-1.2772849637 3.59114315001 -0.0924634875355
-1.29593575657 3.58684832493 -0.100884962845
-1.31433595101 3.58294613594 -0.109393650024
-1.33241686784 3.5795038842 -0.117989338679
-1.35010785314 3.57659212263 -0.126672600034
-1.36733568857 3.57428227576 -0.135443015529
-1.38402425241 3.57264416877 -0.144297498873
-1.40009447776 3.57174353983 -0.153228783229
-1.41546464237 3.57163961158 -0.162224139171
-1.4300510109 3.57238279674 -0.171264380607
-1.44376883582 3.57401261016 -0.180323205479
-1.45653370745 3.57655585429 -0.189366905881
-1.46826322847 3.58002513818 -0.198354468788
-1.47887897272 3.58441778075 -0.207238074316
-1.48830867443 3.58971513872 -0.215963983729
-1.496488581 3.59588238746 -0.224473794852
-1.50336589242 3.60286877012 -0.232706028584
-1.5089012016 3.61060831688 -0.240597997317
-1.51307084532 3.61902102241 -0.248087894672
-1.51586907228 3.62801445623 -0.255117036506
-1.51730993644 3.6374857674 -0.261632175915
-1.51742882716 3.64732403356 -0.26758781023
-1.51628355559 3.65741289335 -0.272948395959
-1.51395492652 3.66763339242 -0.277690388408
-1.51054673837 3.6778669665 -0.28180402624
-1.50618516941 3.68799847995 -0.285294787492
-1.50101752555 3.69791923579 -0.288184452413
-1.49521034443 3.70752987317 -0.290511719538
-1.48894686986 3.71674307052 -0.292332334531
-1.48242393116 3.72548597726 -0.293718705907
-1.47584828142 3.73370230383 -0.294758997548
-1.46943246763 3.74135400882 -0.295555704277

