/group/C_ant/0
0
posId 0
0.357188236647 3.73218821089 0.192221368887
0.367682123755 3.75890391763 0.16364291404
0.379528552558 3.78412025043 0.135084370817
0.392035369621 3.80602928105 0.108465041018
0.404973976634 3.82291815682 0.0852547901698
0.418579598259 3.83359839553 0.0661521787802
0.433407279498 3.83770677268 0.0509765092263
0.450087047668 3.83577292312 0.0388169310132
0.46905142446 3.82902597928 0.0283996322383
0.490315640994 3.81900077244 0.0185622101866
0.513373599303 3.80707281016 0.00868697251005
0.53723674875 3.79407636866 -0.00104463564001
0.560600282365 3.78013245261 -0.00965872468016
0.582084941955 3.76474210683 -0.0156561560432
0.600484201897 3.74710981592 -0.0174565199989
0.614950554566 3.72658259046 -0.0138791067204
0.625078460535 3.70305007978 -0.00451036830352
0.630876350908 3.67716369124 0.0101547480005
0.632653877333 3.65029411808 0.0288366114758
0.630872456468 3.62423599314 0.0498141331311
0.626010818036 3.60075508417 0.071373725994
0.618483119787 3.58112787207 0.0922210848129
0.60862177999 3.56582689377 0.111730950074
0.596710612496 3.55445670505 0.129968054187
0.58303605433 3.54596135226 0.147489877678
0.567921403235 3.53903352999 0.165012153462
0.551721283745 3.53258901369 0.183057911981
0.53477544712 3.5261499427 0.201707998707
0.517343256237 3.52001345425 0.220528176495
0.499553470543 3.51515623028 0.238681613049
0.481402334897 3.51291493302 0.255169874622
0.462816340152 3.51455649815 0.269103680433
0.443770145372 3.5208857175 0.279900713137
0.424424730991 3.53201966045 0.287341919127
0.405235990884 3.54739634877 0.291476411922
0.386986408292 3.56600109253 0.292426045957
0.370712917213 3.58671775736 0.290181084485
0.357536669048 3.60867062806 0.284482945658
0.348434556214 3.63142973592 0.274856767526
0.344016119204 3.65500547773 0.260797454563
0.3443739187 3.67963785335 0.242049668827

/group/C_ant/3
3
posId 3
0.369395146312 3.72013492819 0.176696574091
0.369196983359 3.75134558445 0.154135455604
0.369399549131 3.77871347181 0.134055685365
0.370129554313 3.80133616512 0.117014291616
0.372199961708 3.81884082913 0.102642228594
0.376859482036 3.83127890709 0.0899183667437
0.385381085335 3.83898464339 0.0775966242014
0.398628152835 3.84243963497 0.0646463240836
0.41674244077 3.84216792356 0.0505743633823
0.439052712168 3.83866591979 0.035548195258
0.464224059652 3.83235767227 0.0203107565472
0.490584877373 3.82356342819 0.00594577569097
0.516511334666 3.8124769669 -0.00640860242894
0.540737924889 3.79915875509 -0.0157994727092
0.562499553356 3.78355959192 -0.0215883116621
0.581480008106 3.76558703159 -0.0234587315143
0.597616130599 3.74521337016 -0.0213408136399
0.610858097941 3.72260403239 -0.015315716801
0.620995265514 3.6982275518 -0.00555853372282
0.627622066677 3.67290222551 0.00765461329287
0.630254756201 3.64774552102 0.0238914315906
0.628543504779 3.62401947065 0.0425089107019
0.622482270583 3.60290074952 0.0626553465238
0.612517830213 3.58523553805 0.0833628786019
0.599499695265 3.57135420254 0.103721831862
0.58447814411 3.56101162774 0.123083249342
0.568421863718 3.55348615389 0.141209309892
0.551963563097 3.54782257788 0.158296851322
0.535275823883 3.54315758245 0.174838301156
0.518131698975 3.53903519228 0.191344329103
0.5001330481 3.53561668294 0.208011187327
0.481022014352 3.53371622288 0.224449398667
0.460954225484 3.53464286575 0.23958354798
0.440621700852 3.53988612584 0.251784320272
0.421166900414 3.55072844044 0.259218285595
0.403907576969 3.5678888935 0.260323971753
0.389965761971 3.59129239072 0.254272144764
0.379935027751 3.6200209651 0.241263369836
0.373711681055 3.65245162243 0.222560657285

/group/C_ant/6
6
posId 6
0.348871671306 3.70990125289 0.165097576147
0.340571880917 3.74891252784 0.144045844246
0.334620250923 3.78474154283 0.123457848633
0.331677708459 3.8140986101 0.105138038448
0.332684715697 3.83506201325 0.0897246715077
0.33855544013 3.84744117917 0.0766652811416
0.349829739794 3.85263186959 0.0645789756264
0.366408611231 3.8530218438 0.051870451132
0.387472122194 3.85115212967 0.0373780057793
0.411615329627 3.84891338455 0.0208335069395
0.437160467608 3.84703390979 0.00298620833255
0.462541199484 3.84500585266 -0.0146338772888
0.486629966284 3.84144008432 -0.0302096603171
0.508901407963 3.83469478305 -0.0421990742012
0.529385109599 3.82353905732 -0.0497636480874
0.548437000034 3.80761820745 -0.0529223522392
0.566422423777 3.78757531826 -0.0523988894486
0.58343196935 3.76481857983 -0.0492458435338
0.599133912055 3.7410531141 -0.0444066406582
0.612812024569 3.71777239505 -0.0383883024603
0.623566004434 3.69590185894 -0.0311625927017
0.630591131251 3.6757113273 -0.0223145532024
0.633426661853 3.65699673901 -0.011355896122
0.632078419705 3.63942303717 0.00194328848536
0.626972963086 3.62286186264 0.017352789467
0.618767876235 3.60757154295 0.0341987239793
0.60809881333 3.59414479141 0.0515898500693
0.595367258119 3.58325771536 0.0687522668677
0.580654815651 3.57534628172 0.0853199259041
0.563797733589 3.57037391766 0.101441230582
0.544589994189 3.56781952023 0.117635080314
0.523030576818 3.56692144942 0.134434793797
0.499511258478 3.56709760028 0.151953517066
0.474863382712 3.56837212858 0.169550767379
0.450236994925 3.57161480561 0.185755732634
0.42685224821 3.57845359058 0.198514873444
0.405714936775 3.59083792552 0.205710654618
0.387404725908 3.61036695657 0.205790114691
0.372018933406 3.63760097761 0.19828848728

/group/C_ant/9
9
posId 9
0.340181993846 3.69029279902 0.137999237861
0.361223535171 3.65828436378 0.144422392631
0.382871343696 3.63039989778 0.147704597434
0.40419153762 3.60868241492 0.147150550431
0.424613844341 3.5941406028 0.142493111493
0.443964428172 3.58661349181 0.133959606841
0.46240913231 3.58493255831 0.122204567051
0.480325588722 3.58732614251 0.108132358927
0.498138605096 3.59194404505 0.0926662161222
0.51615963822 3.59735055322 0.0765352283958
0.534466872991 3.6028499804 0.0601434055744
0.55284930719 3.60856418224 0.0435575799674
0.570820474839 3.61525861761 0.0266124810255
0.587690196581 3.6239883007 0.00909405479458
0.60267062841 3.63568471308 -0.00906222167962
0.614988621184 3.65081503326 -0.0276250922238
0.623980190553 3.66921417962 -0.0460227006492
0.62915252079 3.69012936054 -0.0634151944229
0.630210656898 3.71244641268 -0.0788625211456
0.627055926938 3.7350099986 -0.091534373948
0.619768298596 3.75692371115 -0.100895689253
0.608584360056 3.77772877733 -0.106809076736
0.593877579356 3.79740612932 -0.10952241759
0.576140650338 3.81621004247 -0.109546902018
0.555964283674 3.83440080133 -0.107466035899
0.534005247335 3.85197904655 -0.103738258084
0.510939665444 3.86852382951 -0.0985576320859
0.487404439903 3.88320019207 -0.091817990612
0.463937462014 3.89494242842 -0.0831920301654
0.440932694272 3.90275613454 -0.0722990699973
0.418626477494 3.90603711667 -0.058905698894
0.397125463574 3.9047939122 -0.0430919208174
0.376475488603 3.89968781935 -0.0253255695248
0.356757574799 3.89186199896 -0.0064166176292
0.338186263628 3.8826011786 0.012638540564
0.32118057963 3.87292300053 0.0308769471286
0.306381475302 3.86323115266 0.0475855399153
0.294601506017 3.85314846113 0.0624462586267
0.286709992444 3.84159741976 0.0755630524149
0.283475350047 3.82712098783 0.0873603948915
0.285400273587 3.80836074262 0.0983830676917
0.292590689037 3.78455641106 0.109058304199
0.30469377778 3.75591766352 0.119493956974

/group/C_ant/12
12
posId 12
0.376657283268 3.64099270735 0.0951106199885
0.403958687301 3.61872151982 0.0915695321043
0.430319026459 3.6015631791 0.0855479727637
0.454978568854 3.59047282386 0.0769436034095
0.477703163709 3.58551534632 0.0658623316435
0.498768906203 3.58587944144 0.0526193781663
0.518804872486 3.59013109987 0.0376846841128
0.5385322968 3.59663416789 0.0215922835396
0.558471035973 3.60401379167 0.00484421646216
0.578696561194 3.61152463624 -0.0121597639038
0.598718670019 3.6192143472 -0.0291451042228
0.61751967788 3.62783515454 -0.0459331200272
0.633744671801 3.6385335351 -0.0623727529508
0.645992836744 3.65241558494 -0.0782603775489
0.653129887264 3.6701232082 -0.09327913597
0.654535912169 3.69155185551 -0.106983119544
0.650222136905 3.7157958522 -0.118836816986
0.640788398679 3.74133641652 -0.12830143457
0.627238981353 3.76641248176 -0.13494313053
0.610714178502 3.7894587461 -0.138529410415
0.592216875467 3.80947615321 -0.139081972282
0.572411450565 3.82622290127 -0.136866772368
0.551547617608 3.84017150534 -0.132321219801
0.529522535621 3.85225105821 -0.125938206501
0.506052907229 3.86346038894 -0.118140817195
0.480897551782 3.8744764982 -0.109185418787
0.454059194391 3.88538163689 -0.0991229602083
0.425904778815 3.89559252913 -0.0878309697287
0.397172288635 3.9040096474 -0.0751071804906
0.368869117793 3.90933428144 -0.060796601101
0.342100422364 3.91044879919 -0.0449131425804
0.317885129908 3.90673747597 -0.027718017503
0.297016777869 3.89824694345 -0.00972979739681
0.280007063317 3.88563928664 0.00833858269147
0.267118995327 3.86995936533 0.025698688557
0.25846462542 3.85229872603 0.0416274596337
0.2541203668 3.83347176939 0.0555898663485
0.254208281774 3.81381485464 0.0673089763203
0.258905881139 3.79317738445 0.0767652351656
0.268375010134 3.77110914695 0.0841282279464
0.282632605286 3.74718138653 0.0896442851327
0.301411257589 3.72133210041 0.0935158812693
0.324066564531 3.69411451422 0.0958100949874

/group/C_ant/15
15
posId 15
0.366905795937 3.63441533448 0.0590647287165
0.402781866855 3.61759296734 0.0499093119962
0.43920566144 3.60377912751 0.0389759424032
0.474499474309 3.59382678603 0.0266595057134
0.507164686017 3.58836402788 0.0133798791836
0.536123850191 3.58771045398 -0.000494857042599
0.560857115402 3.59184799781 -0.0147006852973
0.581399443953 3.60044783638 -0.0290897872047
0.598202399758 3.61294254279 -0.0435989572052
0.611900582426 3.62862358947 -0.0581839691555
0.623048268168 3.64674082282 -0.072740320305
0.631899562808 3.6665831169 -0.0870358730171
0.638293232634 3.68752698965 -0.100678761599
0.64167457266 3.70905017834 -0.113134927882
0.641248929474 3.73071708065 -0.123796110417
0.636224991873 3.7521498607 -0.132084667383
0.626080585458 3.77300114596 -0.137570234362
0.61077639702 3.79294126995 -0.140068142409
0.590855923177 3.81166608903 -0.139692358032
0.567399681977 3.82892277898 -0.136845968633
0.541840489412 3.84454341414 -0.132147433526
0.515684060929 3.8584719349 -0.126307085939
0.49020531365 3.87077068839 -0.119981469971
0.466198452381 3.88159803708 -0.11363954033
0.443846026832 3.89115710959 -0.107472732346
0.422741927593 3.89962514157 -0.10137079149
0.402063639979 3.90708022583 -0.0949695046496
0.380850421307 3.91344533621 -0.0877590460208
0.358316592964 3.91846703391 -0.0792269441985
0.334120084439 3.92173865161 -0.0690014170102
0.308518105533 3.92276679362 -0.0569610808578
0.282371233281 3.92106851984 -0.043285710686
0.256996498477 3.91627769779 -0.0284375434104
0.233908871871 3.90823524184 -0.0130797649086
0.214518681173 3.89704056599 0.0020460746105
0.199862613501 3.88305015922 0.016252701466
0.190435562772 3.866821754 0.0290175964146
0.186162615932 3.84901599191 0.0400460663794
0.186512533609 3.83027836789 0.0492748160517
0.190716369785 3.81112969859 0.0568196791707
0.198027458587 3.79189188043 0.0628853575221
0.207949119283 3.77266750086 0.0676639748819
0.220366591111 3.75337887988 0.0712507848882
0.235547011146 3.73385753371 0.0735992994064
0.254008201249 3.71396249146 0.0745262826403
0.276293580898 3.69369850031 0.0737628404089
0.302716767381 3.67330478269 0.0710351494066

/group/C_ant/18
18
posId 18
0.344719227176 3.61261721291 0.0407809910333
0.391396464563 3.60477808208 0.0270847274472
0.434828176835 3.59742332004 0.0143652730444
0.473300183627 3.59134606014 0.00292173778602
0.506070410263 3.58757633014 -0.00739347458587
0.533325695204 3.58718778487 -0.0170810802294
0.555946511274 3.59108312544 -0.0268233486896
0.575142593698 3.59980188931 -0.0372749358651
0.592049154476 3.61339037944 -0.0488645548884
0.607379137003 3.63136109871 -0.0616530046353
0.621210873566 3.652750786 -0.0752798915705
0.632956590662 3.67626592043 -0.0890109666535
0.6415135265 3.70048670494 -0.101875017422
0.645556189106 3.7240888733 -0.112858930825
0.643895483027 3.74603963287 -0.121116471954
0.635815547494 3.76573021662 -0.126143433455
0.621305442961 3.78302142446 -0.127879695281
0.601128620276 3.79819707419 -0.126715533309
0.576712209343 3.811839381 -0.123401345576
0.549881312758 3.82465581836 -0.118881817725
0.522500525889 3.83729571873 -0.114092439331
0.496107134283 3.85019506145 -0.109764387962
0.47162265145 3.8634797961 -0.106281328882
0.449211035404 3.87694372582 -0.103619279677
0.428317350729 3.89009982087 -0.101381280276
0.40787792584 3.9022877847 -0.0989167041581
0.386652222375 3.91280932638 -0.095495710784
0.36359730936 3.92105831047 -0.0904970195895
0.338194993696 3.92661647248 -0.0835646890584
0.310651989538 3.92929559303 -0.0746974340726
0.28192276953 3.92912128148 -0.0642503360696
0.253546249637 3.92626830172 -0.0528497581854
0.22733162281 3.92096911175 -0.0412429656254
0.204965175195 3.91342320788 -0.0301195302502
0.187630169049 3.90373363242 -0.0199484155085
0.175730921801 3.89188903152 -0.0108710761657
0.16878997063 3.87779698191 -0.00267776271627
0.165548523191 3.86136012226 0.00512547681021
0.164253939524 3.84257447787 0.0131732855918
0.163074333861 3.82162232865 0.0220537739515
0.160549571219 3.79893188762 0.0321215421145
0.155977181602 3.77518310504 0.0433559490835
0.149643748492 3.75125153086 0.0553001891192
0.142844723562 3.72809741087 0.0670988857691
0.137681318158 3.70662141491 0.077629668264
0.136672004771 3.68751810852 0.0857026198713
0.14225732199 3.67116097635 0.0902855326363
0.156300881901 3.65754757872 0.0907062694264
0.179691259454 3.64632120405 0.086787821244
0.21212833339 3.6368687682 0.0788859757012
0.252138297505 3.6284773974 0.0678207121139

/group/C_ant/21
21
posId 21
0.379583948604 3.58596832607 0.00907641891667
0.409630019718 3.59207075404 -0.00129216434039
0.437884111431 3.60005392747 -0.0118037843234
0.464704421239 3.60950334144 -0.0224167681222
0.490410928517 3.62013381437 -0.0331227552587
0.515101362017 3.63183333724 -0.043910743061
0.538529044025 3.64465584367 -0.0547308953996
0.560071054583 3.65876540287 -0.0654668193819
0.578794464319 3.67434641595 -0.0759233960002
0.593606135992 3.69150291681 -0.0858339961334
0.603452796527 3.71017299066 -0.0948867091162
0.607526921899 3.73008090526 -0.102764969349
0.605432889987 3.75074058007 -0.109194623641
0.597276981335 3.77151160236 -0.113987790264
0.583661977419 3.79169607273 -0.117074218233
0.565588355761 3.81065421645 -0.11851321469
0.54428456462 3.82791144237 -0.11848308337
0.521003958673 3.8432307126 -0.117249588018
0.496832350882 3.85663154988 -0.115119246738
0.472546473693 3.86834912269 -0.112386360934
0.448550943566 3.87874086656 -0.109283930025
0.424902645389 3.88816078289 -0.105947746928
0.401411194015 3.8968299227 -0.102400211488
0.37778699885 3.90473357189 -0.0985563491298
0.353798386287 3.91157069945 -0.0942500594199
0.329398473607 3.91677028647 -0.0892746970011
0.30479109249 3.91957458505 -0.0834295217232
0.280420891686 3.91917438255 -0.0765628483664
0.256891981766 3.91486933229 -0.0686039628802
0.234837508371 3.90622009431 -0.059578707232
0.214775036457 3.89315990396 -0.049607382716
0.196986585255 3.87604114981 -0.0388874160631
0.18145657553 3.8556059142 -0.0276662277904
0.167887095356 3.83288531139 -0.016211302801
0.155790986474 3.80904738347 -0.00478430475422
0.144643753689 3.7852240173 0.00637567924091
0.134059849568 3.76235149474 0.017057537053
0.123951237553 3.74105600058 0.027073174369
0.114628263457 3.72160545212 0.0362459944895
0.106814488123 3.70393461454 0.0443982822119
0.101565758398 3.68773482229 0.0513431213941
0.100105263331 3.67258618247 0.0568851065469
0.103605760051 3.65810180599 0.0608315659066
0.112963074061 3.64405213987 0.063012944419
0.128608322322 3.63044304984 0.0633081801514
0.150399154584 3.61753254021 0.0616690712585
0.177614109452 3.60578526395 0.0581372655604
0.20905244763 3.59577799891 0.0528487507507
0.243219347656 3.58807988751 0.046023328476
0.278558125213 3.58313612434 0.0379399312099
0.31368123846 3.58118194405 0.0289019961416

/group/C_ant/24
24
posId 24
0.331457856859 3.5670602156 0.00125350531884
0.371078296521 3.56612406199 -0.00837971727685
0.407404592485 3.56753451917 -0.0179388563615
0.439572331811 3.57096797055 -0.0271035202918
0.467390353593 3.57613395917 -0.0357327300409
0.491291795502 3.58285561981 -0.043878414196
0.512171891194 3.59111695536 -0.0517598894766
0.531143293676 3.60106473926 -0.0597031279798
0.549255414126 3.61296267814 -0.0680557084465
0.567231235389 3.62710605434 -0.0770934875086
0.58527190439 3.6437141781 -0.0869371545249
0.60296669246 3.66282367914 -0.0974954718174
0.619326042688 3.68420669159 -0.108447348847
0.632932182851 3.70733400781 -0.119267797588
0.642179602989 3.73139498062 -0.129294598096
0.645560801179 3.75537491749 -0.137824731857
0.641944288144 3.77817909663 -0.144223810559
0.630793470313 3.79878266439 -0.148028974292
0.612286327259 3.81637956786 -0.149026609014
0.587314535738 3.83050264451 -0.147290600032
0.55736323084 3.84109136518 -0.143173890013
0.524294599348 3.84849277815 -0.137254526692
0.490075783331 3.85339327389 -0.130245585785
0.456500903498 3.85669160784 -0.12288480055
0.424956738319 3.85933473102 -0.115823220922
0.396271944099 3.86214523072 -0.109532129121
0.370672716644 3.86567114299 -0.104243808192
0.347846915319 3.87008513443 -0.0999353192892
0.327098037892 3.8751512274 -0.0963564440883
0.307554073187 3.88026499642 -0.0930949233905
0.288387281298 3.88455979007 -0.089665587916
0.269000956404 3.88705954887 -0.085606139328
0.249148000384 3.88685044782 -0.0805618665621
0.228961714212 3.88324044814 -0.0743444809923
0.208898300432 3.87587845836 -0.0669558769452
0.189609206925 3.86481264159 -0.0585748072259
0.17177581588 3.85047893637 -0.0495117608461
0.155946191432 3.83362386169 -0.040143303518
0.14241223696 3.81517767416 -0.030840643503
0.131156041187 3.7961026783 -0.0219075834057
0.121878462817 3.77724535467 -0.0135403129117
0.11410443484 3.75921931925 -0.0058163130938
0.107341968031 3.74233938621 0.00128690450538
0.101259095363 3.7266165784 0.00784903509486
0.0958377557163 3.71181190888 0.0139511708768
0.0914670687588 3.69753551148 0.0196206579278
0.0889500224446 3.68336940235 0.024790090529
0.0894150209619 3.66898836473 0.02928075895
0.0941435317748 3.6542548061 0.0328154702626
0.104343197049 3.63926955116 0.0350591584638
0.120908483183 3.62437007729 0.0356794567119
0.144215514807 3.61007868137 0.0344147397419
0.173993055814 3.59701324141 0.0311350591391
0.209298381344 3.58578055463 0.0258823636374
0.248607474207 3.57687525354 0.018880270427

/group/C_ant/27
27
posId 27
0.336283090314 3.55758212437 -0.0206690021583
0.380367810474 3.54883321333 -0.0302167462738
0.420077075383 3.5429712975 -0.0395184026082
0.454114888506 3.54070227786 -0.0484492234661
0.482270786221 3.54249656089 -0.0571125903429
0.505251416351 3.54856297578 -0.0657828573715
0.524318988478 3.55886052206 -0.0748061948322
0.540836994963 3.57313434984 -0.084483375634
0.555841526647 3.59096007037 -0.094962765279
0.569743859626 3.61178330373 -0.106169140517
0.582230955425 3.63494787173 -0.117785075352
0.592376035641 3.65971380679 -0.129288773734
0.598916157916 3.68527267653 -0.140038656011
0.600612237093 3.71077047532 -0.149384116952
0.596589703738 3.73534654536 -0.156776325574
0.586568723979 3.75819117395 -0.161853980062
0.570927778573 3.77861650463 -0.164486105997
0.550593162401 3.79612782358 -0.16476527727
0.526795845179 3.8104777746 -0.162957029726
0.500772637525 3.82168646364 -0.159421517143
0.473501199406 3.83001620845 -0.154529068791
0.44554509175 3.83589975205 -0.148590996805
0.417050056621 3.8398326199 -0.141821125328
0.387886289877 3.84225077448 -0.134333897665
0.357887045713 3.84342076136 -0.126174331756
0.327104273816 3.84336910702 -0.117366480282
0.295995743824 3.84187039674 -0.107962720055
0.265477268933 3.83850062757 -0.0980772058454
0.236813019022 3.83274703188 -0.0878927162502
0.211365529892 3.82415136354 -0.0776390655237
0.190271088085 3.81245427692 -0.0675505864624
0.174132926789 3.7977064772 -0.057817151321
0.162825909759 3.78031857831 -0.0485457270145
0.155480838857 3.76103483982 -0.0397467670875
0.150670342639 3.7408331612 -0.0313525368435
0.146763511672 3.72077083156 -0.0232647721014
0.142367778179 3.70180845087 -0.015419664185
0.13674749303 3.68465000601 -0.00785180522915
0.130107813398 3.66963391682 -0.00073738680469
0.123661127878 3.65669868263 0.00559877135566
0.119444743231 3.64543021575 0.0107188305669
0.119920149064 3.63517996731 0.0141453097922
0.127440131787 3.62522775301 0.0154566629468
0.14370575196 3.61495424736 0.0143823906514
0.169341153493 3.60398732616 0.0108735939417
0.20368832612 3.5922936821 0.0051297402435
0.244872443917 3.58020037374 -0.00242748263672

/group/C_ant/30
30
posId 30
0.31494386856 3.65123282718 -0.0759285650235
0.343381354184 3.64955199068 -0.0857139364538
0.372815708231 3.64227618695 -0.0936028156972
0.403006376019 3.63050739636 -0.0999524637537
0.433409572132 3.61644200891 -0.105451274462
0.46318443699 3.60300869863 -0.11097454831
0.491255037256 3.59333909439 -0.117393177905
0.516416957315 3.5901747364 -0.125372968982
0.537469485249 3.59532999452 -0.13520601886
0.553350623772 3.6093218979 -0.146710655754
0.563252901365 3.63124564945 -0.15922370004
0.566702831815 3.65892541904 -0.171690707226
0.563594660029 3.68931393615 -0.182840035355
0.554177987153 3.71906309594 -0.19140912017
0.539007086341 3.74515201889 -0.196379893838
0.518865557091 3.76544635386 -0.197177313692
0.494682375104 3.779075895 -0.193791226231
0.467454132674 3.78655419578 -0.186796138595
0.438183912988 3.78961633474 -0.177263094373
0.407841047994 3.79080850673 -0.166578839999
0.377339585513 3.79291379752 -0.156205606999
0.347528235097 3.79833186519 -0.147426472327
0.319182090906 3.8085394153 -0.141124056456
0.292987102107 3.82374146498 -0.137633732951
0.269511852728 3.84278400519 -0.136697912107
0.249166770871 3.86334501212 -0.137528299954
0.232156952788 3.88236397887 -0.138962296902
0.218439735234 3.89662198046 -0.139682039555
0.207700569951 3.90335462629 -0.138453482039
0.199359791558 3.90077505511 -0.1343404556
0.192618442516 3.88840420479 -0.1268551379
0.186544165951 3.86714648585 -0.116020275054
0.180189724542 3.83910194159 -0.10233681044
0.172728768911 3.80715980113 -0.0866694276814
0.163587881193 3.77446178357 -0.070078032777
0.152552075998 3.74384766593 -0.0536322933804
0.139823539494 3.71739573927 -0.0382473545991
0.126020204972 3.69614724218 -0.0245718389292
0.112110676841 3.68006208496 -0.0129459864436
0.0992932036287 3.66820237667 -0.00343135830517
0.088836701752 3.65909146851 0.0041024232807
0.0819091792541 3.65115989142 0.00986042048066
0.0794217610103 3.64317335478 0.0140066405681
0.0819141867445 3.63454512194 0.0165798076272
0.0895004670216 3.62546372954 0.0174616950681
0.101882634536 3.61681065509 0.0164053711974
0.118428236116 3.60989141931 0.0131154593548
0.138295720626 3.60604689106 0.00735923385886
0.160583397294 3.60623965548 -0.000920870466041
0.184473796688 3.61071696012 -0.0115240352467
0.209346785349 3.61883541913 -0.023961773049
0.234841337587 3.6290968253 -0.0374951472902
0.260856143355 3.63939688563 -0.051235617791

/group/C_ant/33
33
posId 33
0.239955852201 3.68311474336 -0.0857503228774
0.234646076614 3.70751265908 -0.0941617049136
0.213006602846 3.72182899758 -0.0898346875193
0.185854854838 3.73619496452 -0.0827738040934
0.162360698898 3.7526613507 -0.0784945919147
0.144351446059 3.75961273611 -0.0726422189633
0.129821687772 3.74683178905 -0.0595794771342
0.117665712429 3.72082420352 -0.0417043403111
0.106820917349 3.69882186766 -0.0263015671809
0.0939287392303 3.68853890992 -0.0151907342245
0.0767361466994 3.68026481078 -0.0028406929868
0.0605897179342 3.66149674333 0.0137461154769
0.057587715998 3.63428481903 0.0275901363705
0.0756483747781 3.61253171108 0.0284258805458
0.109074315056 3.60413558904 0.0155198030525
0.142921170109 3.60292603114 -0.00085645957238
0.167382712734 3.60071273876 -0.0120843803343
0.185533260499 3.60139950333 -0.0214719483812
0.205469144806 3.61653433306 -0.0383056713489

/group/C_ant/36
36
posId 36
0.335343173315 3.58448113117 -0.126945488683
0.333742920632 3.62152905161 -0.144476959324
0.324830286436 3.65156073559 -0.153078762825
0.308926902002 3.6737659531 -0.152578623437
0.287291424935 3.68949921696 -0.144587730179
0.261875763677 3.70137276419 -0.131863103402
0.234907775286 3.71205688998 -0.117394347262
0.208421662502 3.723211673 -0.103518233868
0.183875042777 3.73490012553 -0.0913402623402
0.161963887062 3.74564440919 -0.0806267338645
0.142681979987 3.75305339987 -0.070165487239
0.125591583288 3.75475416312 -0.0584356892126
0.110203352628 3.74926862908 -0.0443304247145
0.0963293452479 3.73651802681 -0.0276714742517
0.0842846784306 3.71779184952 -0.00934218146362
0.0748670469192 3.69522589543 0.0089912379118
0.0691206800994 3.67101796439 0.0254496590087
0.0679662058529 3.64670280382 0.0385798609964
0.071824980138 3.62277671554 0.0478208285028
0.0803699284935 3.59881953003 0.0536256805796
0.0924938434303 3.57406119592 0.0571988795785
0.106514485686 3.54815736849 0.0599534608861
0.120558032582 3.52184270836 0.0628986524465
0.133004543781 3.49716053738 0.0661957636399
0.142860268719 3.47711585094 0.0690591831298
0.149947439098 3.46481445058 0.0700513398722
0.154863114359 3.46235686998 0.0676716149826
0.158733408994 3.4698755248 0.0610236427066
0.162852516878 3.48508919464 0.0503062026977
0.168326438305 3.50359884307 0.0369262523055
0.175830006181 3.51990931364 0.0231619158965
0.18553818264 3.5289121345 0.0114642347178
0.19722664882 3.52739127204 0.00362262610504
0.210476420666 3.51507857358 8.11367550237e-05
0.224884020393 3.49490578899 -0.000343646664265
0.240183933499 3.47234022125 -0.000217284350465
0.256230969095 3.45397481408 -0.00276244578102
0.272851046749 3.44577847789 -0.0108653666374
0.289626911108 3.45152129584 -0.0261226929493
0.305718374032 3.47183561983 -0.0482348998697
0.319811870487 3.50417507122 -0.0749484289821

/group/C_ant/39
39
posId 39
0.346952704681 3.51347413507 -0.15454670402
0.354732153776 3.53580481657 -0.177666428703
0.360107704232 3.55765619359 -0.197425852934
0.363335170213 3.57855483507 -0.213873522352
0.364729673676 3.59832149031 -0.227307275297
0.364582373722 3.61707911192 -0.238172354416
0.36309200171 3.63521454141 -0.246951168806
0.360323252875 3.65329845138 -0.254062843086
0.356198823179 3.67197472752 -0.25978783571
0.350525540223 3.69183544267 -0.264227719325
0.343048751429 3.71330009954 -0.267303656121
0.33352400908 3.7365174669 -0.268790333391
0.321792020867 3.76130513045 -0.268376305037
0.307842336172 3.78713631351 -0.265737766389
0.291853373239 3.81317646229 -0.260611362618
0.27420075543 3.83836464696 -0.252852830996
0.2554317188 3.86152817369 -0.242471773095
0.236209531921 3.88151397227 -0.229637917671
0.217237322591 3.89731805996 -0.214659883303
0.199174458055 3.90819500496 -0.197942620817
0.182560004487 3.91373267776 -0.179933464253
0.167756550218 3.9138831037 -0.161068385551
0.154924035802 3.908946995 -0.141729372558
0.144027841174 3.89951644728 -0.122221015114
0.134879199086 3.88638623593 -0.10276997661
0.127200142146 3.87044822953 -0.0835459283228
0.120700704033 3.85258506618 -0.0646977391697
0.115153800878 3.83357825171 -0.0463951939224
0.110453548412 3.81404250799 -0.0288649721436
0.106645692467 3.79439317696 -0.0124104016713
0.103923851403 3.77484768374 0.00259249024367
0.102591517444 3.75545648829 0.0157253893196
0.102996140435 3.73615454224 0.0265817676603
0.105446986452 3.71682171109 0.0348364479644
0.110131852076 3.69734026942 0.0403183577484
0.117048485148 3.67763937429 0.0430721276109
0.125964526871 3.65771993659 0.0433947232442
0.136415248805 3.63765781468 0.0418364609304
0.147742053297 3.61758786637 0.0391611112051
0.159167696752 3.59767523753 0.0362665054366
0.169897678996 3.5780826272 0.0340740115121
0.17923234895 3.5589427307 0.0334012373697
0.186671874742 3.5403435728 0.034836274724
0.191996769244 3.52233131979 0.0386329403801
0.195310108563 3.50493103486 0.0446444905132
0.197033397366 3.4881815366 0.0523083727993
0.197855281444 3.47217689939 0.0606874369154
0.198639795973 3.45710493891 0.0685647305152
0.200307329468 3.44327273641 0.0745808668137
0.203705900074 3.43111100015 0.0773962668753
0.209491946173 3.42115258602 0.0758564479076
0.218038357701 3.41398520317 0.069137646225
0.22938316109 3.41018337525 0.0568526134144
0.243225833913 3.41022918259 0.0391020407791
0.258970730528 3.41443431651 0.0164648915322
0.275809783356 3.42287691003 -0.0100702614064
0.29283070431 3.43536519206 -0.0392223538196
0.309133306716 3.45143638038 -0.0695661114977
0.323935860222 3.47039391108 -0.0996901615935

/group/C_ant/42
42
posId 42
0.301838236921 3.46940401874 -0.132523923149
0.306975753182 3.47955706811 -0.161565708243
0.312183214919 3.48974710324 -0.190909344561
0.317516122847 3.49944777699 -0.220280925187
0.322999109111 3.50822377054 -0.24937251374
0.328621584654 3.51575241904 -0.277845467455
0.334335917368 3.52183801095 -0.305336676627
0.340058300633 3.52641800674 -0.331467634072
0.345672292671 3.52956094141 -0.355856042214
0.351034828191 3.53145630481 -0.378129469604
0.35598433676 3.53239719923 -0.397940396528
0.360350458377 3.53275702249 -0.41498185313
0.363964735261 3.53296178905 -0.429002763185
0.366671587437 3.53345995696 -0.439822069677
0.368338853204 3.53469176077 -0.447340738636
0.3688671958 3.53706005067 -0.451550815669
0.368197743655 3.540904508 -0.452540841958
0.36631743923 3.54648085599 -0.450497116301
0.363261713932 3.55394632954 -0.445700507126
0.3591142748 3.56335223354 -0.438518760546
0.354003971746 3.57464393419 -0.429394503356
0.348098900368 3.58766812488 -0.418829387852
0.341598072687 3.60218672071 -0.407365053524
0.334721145015 3.61789629587 -0.39556177468
0.327696818527 3.63445161467 -0.383975810724
0.320750615548 3.65149154386 -0.373136567546
0.314092777525 3.66866548832 -0.363524708059
0.307907026137 3.68565847258 -0.355552314831
0.302340877279 3.70221309873 -0.349546109525
0.297498101973 3.71814683843 -0.345734577647
0.293433794679 3.73336344815 -0.3442396419
0.290152346528 3.74785770889 -0.34507328504
0.287608439229 3.76171315785 -0.348139257681
0.285710986243 3.77509296708 -0.353239733679
0.284329763696 3.78822460149 -0.360086511448
0.28330430589 3.8013793223 -0.368316119512
0.282454500193 3.81484796417 -0.37750798266
0.281592212272 3.82891467955 -0.387204653018
0.280533211768 3.84383049463 -0.396933016832
0.279108654376 3.85978854722 -0.406225357651
0.277175409693 3.87690277622 -0.414639191285
0.274624602799 3.89519161102 -0.42177488435
0.271387856197 3.91456788207 -0.427290220068
0.267440869607 3.93483576246 -0.430911272285
0.262804148412 3.95569508184 -0.432439178946
0.257540875923 3.97675285953 -0.431752655071
0.25175210822 3.99754141606 -0.428806337302
0.245569641111 4.01754197445 -0.423625291885
0.239147045886 4.0362122841 -0.416296231192
0.232649484424 4.05301651656 -0.40695615801
0.226242987723 4.06745551366 -0.39577928187
0.220083910341 4.07909542553 -0.382963121014
0.214309255067 4.087592863 -0.368714714136
0.209028498545 4.09271490021 -0.353237818315
0.204317444203 4.09435258625 -0.33672186814
0.200214490394 4.09252703804 -0.319333323355
0.19671953856 4.0873876638 -0.30120984907
0.19379558918 4.0792025766 -0.282457566225
0.191372893927 4.06834176686 -0.263151394363
0.189355362687 4.05525407777 -0.243338298091
0.187628774919 4.04043943783 -0.223043056529
0.186070226122 4.02441812133 -0.202276013596
0.184558159535 4.00769901131 -0.181042146299
0.182982295925 3.99074891474 -0.159350715148
0.181252782671 3.9739649218 -0.137224739407
0.179307936763 3.95765161302 -0.114709570384
0.177120051071 3.94200461148 -0.0918799152236
0.174698863057 3.92710157114 -0.0688447854777
0.172092441292 3.91290121378 -0.0457499999448
0.16938541738 3.89925050541 -0.0227780487953
0.166694667777 3.88589953329 -0.000145313325395
0.16416271981 3.87252314063 0.0219031801522
0.161949307765 3.85874793034 0.0431011253382
0.160221628211 3.84418289189 0.0631699315747
0.159143930641 3.82845165854 0.0818287567556
0.158867124335 3.81122428391 0.0988049223255
0.159519082153 3.7922464437 0.11384404008
0.161196276735 3.77136412112 0.126719212604
0.16395729744 3.74854211286 0.137238745637
0.167818672917 3.72387507895 0.145251925586
0.172753272811 3.6975903309 0.150652560214
0.178691392571 3.67004207622 0.153380144683
0.185524449077 3.64169738237 0.153418686843
0.193111043244 3.61311465271 0.150793392474
0.201284990477 3.58491588801 0.145565561324
0.209864790863 3.55775440852 0.137826167469
0.218663917058 3.53228000698 0.12768868394
0.227501244987 3.50910367435 0.115281755666
0.236210944362 3.48876407506 0.100742323173
0.24465118315 3.47169784607 0.0842097523862
0.252711080031 3.45821555967 0.0658214363919
0.260315456439 3.44848483907 0.0457102095402
0.26742708703 3.44252167082 0.024003761588
0.274046314915 3.44019044768 0.000826070664698
0.280208074411 3.44121273151 -0.0236992992202
0.28597653794 3.44518418428 -0.0494443550127
0.291437763364 3.45159860942 -0.0762707486788

/group/C_ant/45
45
posId 45
0.237989586652 3.64410868144 -0.243303738641
0.239050679956 3.6691827095 -0.227125982951
0.240528493649 3.69212067041 -0.208770298529
0.242433608307 3.71254387826 -0.188294440534
0.24474950924 3.73028494178 -0.165872543838
0.247437435874 3.74535968719 -0.141770900258
0.250443260208 3.75791178597 -0.116319017951
0.253705171304 3.76814015141 -0.0898810325395
0.257160896818 3.77622173281 -0.0628319684641
0.260753337238 3.78224299966 -0.0355421031151
0.264433799153 3.78615207193 -0.00837097364234
0.268162442078 3.78774030406 0.0183293394222
0.271906034362 3.78665761485 0.0442038172313
0.275633575265 3.78246061978 0.0688805740869
0.279310713271 3.77468741768 0.0919577751278
0.282894118742 3.76294846795 0.112995840531
0.286327016666 3.7470200206 0.131518674287
0.289536942959 3.72692548829 0.147026284001
0.292436473658 3.70299117392 0.159019312287
0.294927233568 3.67586579442 0.167033950108
0.296906981949 3.64649789407 0.170683754569
0.298279070848 3.61607090743 0.169703348036
0.298963150251 3.58590154978 0.163988082145
0.298905716994 3.557312568 0.153623672275
0.298089016131 3.53149492532 0.138900596973
0.296536923249 3.50937663204 0.120309642191
0.294316754591 3.49151533163 0.0985171669477
0.291536431467 3.47802936408 0.0743211983725
0.288337005714 3.46857762058 0.0485919973206
0.284881158044 3.46239261443 0.0222029271072
0.281338830048 3.45836456963 -0.00404100114559
0.277871567845 3.45516782594 -0.0294688726871
0.274617381707 3.45141533084 -0.053596208379
0.271677926228 3.44582317041 -0.076157533225
0.269109574116 3.43736550342 -0.097114985057
0.266919518251 3.42540114093 -0.116641542708
0.265067443912 3.40975627257 -0.135080474129
0.263472639714 3.39075308422 -0.152885499698
0.262025747088 3.36918058527 -0.170548564664
0.260603770077 3.34621103342 -0.188523705112
0.259086554721 3.32327201219 -0.207156060993
0.257372754969 3.30188962991 -0.226624552435
0.255393356184 3.28352177929 -0.246905146646
0.253121122752 3.26940148528 -0.267759191597
0.250574836817 3.260408944 -0.288748279368
0.247817837899 3.25698711154 -0.309273899645
0.24495107682 3.25911012956 -0.32863715053
0.242101572949 3.26630720088 -0.346111362204
0.239407725559 3.27773761487 -0.361018958068
0.237003307496 3.29230635618 -0.372803415061
0.235002115333 3.308804907 -0.381087841909
0.233485147847 3.32605907013 -0.38571338125
0.232491848889 3.34306522788 -0.386753139924
0.232016426449 3.35909842178 -0.384500341591
0.232009615559 3.37377969614 -0.379432498993
0.232385572144 3.38709572703 -0.372156231636
0.233032955132 3.3993701012 -0.363339560741
0.233828754763 3.41119187081 -0.353639833705
0.23465311761 3.42331236737 -0.343635719058
0.235403339258 3.43652502581 -0.333770958097
0.23600534964 3.45154468124 -0.324315883011
0.236421378682 3.46890227594 -0.315350350652
0.236653009783 3.48886827417 -0.306769015839
0.236739434261 3.51141373169 -0.298307137059
0.236751330258 3.53621253441 -0.289582720289
0.236781324534 3.56268257152 -0.280149058551
0.236932386845 3.59005833748 -0.269550818009

/group/C_ant/48
48
posId 48
0.157914657446 3.527134998 -0.330014572722
0.159058621504 3.54788318416 -0.332662179382
0.159456594317 3.56655856182 -0.336899323492
0.159078529138 3.58332872855 -0.342862699065
0.157970259626 3.59850989514 -0.350509305758
0.156247794076 3.61252989994 -0.359622490471
0.154086551631 3.62588309369 -0.36983048121
0.151706588772 3.63908105891 -0.380635483788
0.149355158425 3.65260344039 -0.391450639386
0.147288113121 3.66685309624 -0.401641625299
0.145751695831 3.68211933918 -0.41056945939
0.1449661584 3.69855226871 -0.417631150624
0.14511242083 3.71615016719 -0.422295205814
0.146322659271 3.73476074182 -0.424129613142
0.148675318859 3.75409574956 -0.422820712204
0.152194627562 3.77375735492 -0.418182249573
0.156854278526 3.79327355006 -0.410154822769
0.162584588918 3.81213920248 -0.398796749602
0.169282165011 3.82985885537 -0.384268089005
0.176820930248 3.84598732556 -0.366810024102
0.18506331843 3.8601644275 -0.346722060591
0.193870499696 3.87214076857 -0.32433947961
0.203110682682 3.88179245007 -0.300013225977
0.212664801646 3.88912358453 -0.274093945182
0.222429223693 3.89425670148 -0.246921260929
0.232315464063 3.89741225134 -0.218818678568
0.242247240545 3.89887942487 -0.190093784659
0.252155496263 3.89898129116 -0.161042764928
0.261972243507 3.89803774898 -0.131957749537
0.271624207513 3.89632994127 -0.103135168989
0.281027265867 3.89406958947 -0.0748831988432
0.290082585277 3.89137618547 -0.0475264968816
0.29867516278 3.88826418492 -0.0214067780418
0.306675203176 3.88464135611 0.00312170623352
0.313942437074 3.88031834725 0.0257020722936
0.320333138075 3.87502844827 0.045989679942
0.32570926936 3.86845554335 0.0636708871863
0.329948913597 3.86026747106 0.078484006426
0.332956945424 3.8501515031 0.0902403593689
0.334674814446 3.8378484677 0.0988431136262
0.335088330557 3.82318219485 0.104301610176
0.334232482993 3.8060814333 0.106739163756
0.332192568671 3.78659213529 0.106392818971
0.329101232804 3.76487895332 0.103604231363
0.32513140508 3.74121585013 0.098801652979
0.320485512215 3.71596678855 0.0924738603948
0.315381723895 3.68955843635 0.0851376868323
0.31003830701 3.66244760166 0.0773015273453
0.304657390438 3.63508662921 0.0694277041152
0.299409554952 3.60789018748 0.0618968509469
0.294420646463 3.58120674116 0.0549774671091
0.289762063543 3.55529754445 0.0488034913733
0.285445502394 3.53032525137 0.0433621751282
0.28142277587 3.5063532898 0.038493732381
0.277590889229 3.48335607703 0.0339032802858
0.273802092285 3.46123906891 0.0291845392195
0.269878177267 3.4398666362 0.0238537284228
0.265627895173 3.41909494904 0.0173911649171
0.260866057976 3.39880650216 0.00928733547765
0.255432708953 3.37894268577 -0.000910265869903
0.249210697667 3.35953092593 -0.0135534108405
0.242140096378 3.3407033747 -0.0288562345418
0.234228134295 3.32270488712 -0.046868387417
0.225553686163 3.30588900939 -0.0674607002199
0.216265801879 3.29070183051 -0.0903248257758
0.206576265768 3.27765471379 -0.114987185027
0.196746684181 3.26728801473 -0.1408363636
0.187071073471 3.26012880605 -0.16716198008
0.177855315531 3.25664627968 -0.193202075629
0.169395129533 3.25720881641 -0.218195341145
0.161954351212 3.26204667188 -0.241434067342
0.155745301531 3.27122382175 -0.26231361345
0.150912865242 3.28462177256 -0.280374450671
0.147523600006 3.30193714076 -0.295333425986
0.145560784191 3.3226936201 -0.307101760426
0.144925821826 3.3462677021 -0.315788369824
0.145445898674 3.37192629964 -0.321688283737
0.146887269455 3.39887335931 -0.325257138708
0.148973097002 3.42630173239 -0.327073833668
0.151404398859 3.45344608102 -0.327794364723
0.153882416286 3.47963247314 -0.328100526807

/group/C_ant/51
51
posId 51
0.225380299313 3.56603266658 -0.0513056935409
0.235877805076 3.58437622232 -0.0358708210537
0.24682311919 3.60333965623 -0.0196828217488
0.25815734212 3.62303924124 -0.00295593162497
0.269719659878 3.64343012911 0.0139358855724
0.281245693326 3.66429775792 0.0304598349522
0.292380291637 3.68527870496 0.0459439761511
0.302703998242 3.70590549852 0.0596169729985
0.31177044172 3.72566631911 0.0706663526962
0.319150254432 3.74406857814 0.0783107471431
0.324476046342 3.76069531865 0.0818789390269
0.327482628918 3.77524518763 0.0808866568688
0.328037157143 3.78755003608 0.0751013150551
0.32615508295 3.79756842466 0.0645854848548
0.321999628057 3.80535772546 0.0497118276146
0.315864638178 3.8110313638 0.0311453363184
0.308142873622 3.81471038959 0.00979264717417
0.299283715084 3.81647955698 -0.0132776071995
0.289745647431 3.81635725393 -0.0369355005613
0.279949534641 3.81428609072 -0.0601005769941
0.270238526595 3.81014714509 -0.0818498907756
0.260849471949 3.8037964045 -0.101510346112
0.251899092458 3.79511759359 -0.118723853623
0.243386136819 3.78408207344 -0.133476850365
0.235208567617 3.77080447223 -0.14608993441
0.227192849608 3.75558254797 -0.157168211954
0.219130877638 3.73891159457 -0.167517815273
0.210819214749 3.72146726502 -0.178038283152
0.202095213249 3.70405549437 -0.189603538686
0.19286525808 3.68753353731 -0.20294564597
0.183121686488 3.67271116194 -0.218555183552
0.17294669252 3.6602449533 -0.236609985344
0.162503451531 3.65054081425 -0.256940449199
0.152016512104 3.64367969855 -0.279035074058
0.141744938173 3.63937928311 -0.302084960238
0.131952543053 3.63699994035 -0.325061339749
0.122879731607 3.63559757498 -0.346816394257
0.114720954811 3.63401944608 -0.366195139983
0.107610684576 3.6310329253 -0.382145293826
0.101619324486 3.62547215095 -0.393812841041
0.096758828505 3.61638447801 -0.400613332348
0.0929962663402 3.6031579852 -0.402272380881
0.0902723891055 3.58561322796 -0.398832900242
0.0885215899724 3.56404670123 -0.390630753403
0.0876896124529 3.53921953658 -0.378244116022
0.0877459246634 3.51229198351 -0.362424540862
0.0886887450279 3.48471124601 -0.344019143728
0.0905420878896 3.45806629028 -0.323893410358
0.0933456620415 3.43392746822 -0.302862942543
0.0971397558176 3.41369063097 -0.281640291281
0.101948161961 3.39844459248 -0.260800263035
0.107762579972 3.38887747616 -0.240764191219
0.114531716718 3.38523212051 -0.221801085448
0.122157520178 3.38731409977 -0.204041671698
0.130499752218 3.39454896907 -0.187500348872
0.139388634596 3.4060790395 -0.172100078262
0.148643830262 3.42088519172 -0.157696091384
0.158096796149 3.43791657958 -0.14409580427
0.16761277477 3.45621087278 -0.131074121484
0.177108521186 3.47498989735 -0.118385024281
0.186562336969 3.493719763 -0.105771618992
0.196014048655 3.51213014597 -0.0929774187371
0.205554074149 3.53019347339 -0.0797614237202

/group/C_ant/54
54
posId 54
0.134688420967 3.63047892762 -0.256370130292
0.126274192116 3.59997186335 -0.247259384096
0.119508346741 3.56998113196 -0.233949272428
0.114504229034 3.54107874429 -0.216739045293
0.111314714286 3.51397649713 -0.196255962936
0.109973264207 3.4895092139 -0.17331824247
0.110527871124 3.4685819218 -0.148779036978
0.113055578844 3.4520849619 -0.123391419835
0.117650917847 3.44078903642 -0.0977267909243
0.124389210473 3.43523822158 -0.0721637005203
0.133273359003 3.43566149727 -0.0469447160822
0.144178452418 3.44192157741 -0.0222804757939
0.156810777466 3.4535139075 0.00153291665974
0.170695873583 3.46961970037 0.0240212342135
0.185204413706 3.48920660017 0.0444966186339
0.199616171339 3.51116112953 0.0620973411793
0.213213084763 3.53443050065 0.0759014166221
0.225384635643 3.55814910495 0.0850926084328
0.235724344775 3.58172759927 0.0891417483338
0.24409635675 3.60488951345 0.0879591024736
0.250656023873 3.62765031651 0.0819768198931
0.255817204531 3.65024485684 0.0721339205368
0.260169848075 3.67301879132 0.0597570358679
0.264362013222 3.69630606858 0.0463536157331
0.268968421481 3.72031646067 0.0333551971095
0.27437116497 3.74505423191 0.0218616836312
0.280676390985 3.77028200471 0.0124400942474
0.287683945443 3.79553428984 0.00502197752055
0.294916451374 3.82017506142 -0.00107562743105
0.301702320192 3.84348529009 -0.00700615107274
0.307296276248 3.86476120963 -0.0141527714627
0.311013440075 3.88340322261 -0.023838236334
0.31235046203 3.89897873552 -0.0370435480838
0.311070152334 3.91124892007 -0.0541926394228
0.307233855806 3.9201578008 -0.0750468226665
0.301176771054 3.92579024398 -0.0987300952135
0.293433153305 3.92831157344 -0.123879188323
0.284628364255 3.92790440767 -0.14888641126
0.275360944654 3.92471743893 -0.172184426551
0.266099048664 3.91883667831 -0.192514129549
0.257111574741 3.91028334127 -0.209121422476
0.248446163038 3.89903567068 -0.221844738644
0.23995579476 3.88506627192 -0.231079065747
0.231365362938 3.86838330761 -0.237628647358
0.222361544786 3.84906385605 -0.242483734133
0.212685269118 3.82727075751 -0.246571736074
0.202206771314 3.80324947919 -0.250536812708
0.19096831072 3.7773075089 -0.254593798643
0.179187761144 3.74978394633 -0.25848449659
0.167225493602 3.72101992161 -0.261540994162
0.155525090872 3.69134041357 -0.262837123367

/group/C_ant/57
57
posId 57
0.142324535515 3.65671087117 -0.277913972367
0.128791831244 3.63578182729 -0.289873973056
0.115153164058 3.61439661288 -0.300849039335
0.101410176773 3.59248334926 -0.310563106441
0.0875958691472 3.56999968963 -0.318642421096
0.0737850920627 3.54696008276 -0.324646982338
0.0600989782941 3.52345525043 -0.328113213324
0.0467026467812 3.49966148669 -0.328603406258
0.0337963945869 3.47583870385 -0.32575656317
0.0216014385478 3.45231758024 -0.319334942273
0.0103419787213 3.42947752459 -0.309260958866
0.000225837545461 3.40771829258 -0.295640049698
-0.00857387909565 3.38742883464 -0.278766584726
-0.0159337741214 3.36895723055 -0.259111732946
-0.0217898992292 3.35258534974 -0.237294150095
-0.0261410000133 3.33851119949 -0.214036229618
-0.0290448454681 3.32684088076 -0.190110228302
-0.0306080965562 3.31759080273 -0.166279664891
-0.0309709856579 3.31069947769 -0.14324187139
-0.0302887332364 3.30604700195 -0.12157740237
-0.0287120365102 3.30347938118 -0.101711204191
-0.0263690754477 3.30283430006 -0.0838891143182
-0.02335128024 3.30396483521 -0.0681715617736
-0.0197046176824 3.3067579743 -0.0544444752705
-0.0154274442014 3.31114558063 -0.0424455932425
-0.0104751316579 3.31710652476 -0.0318028170745
-0.00477080635196 3.32465994721 -0.0220801270078
0.00177923734489 3.33385085145 -0.0128260057357
0.00926748001285 3.34473029112 -0.00361933534444
0.017766838935 3.35733316588 0.00589167606818
0.0273144375003 3.3716569778 0.0159609142136
0.0378995910812 3.38764477824 0.0267281046834
0.0494575674987 3.40517496938 0.0382153233684
0.0618699299216 3.42405968884 0.0503352170309
0.0749714168731 3.44405232414 0.0629086185211
0.0885624678022 3.46486343168 0.0756883565199
0.10242577242 3.48618314354 0.0883856441335
0.116344701842 3.50770719403 0.100695512716
0.130121236778 3.5291631173 0.112318299795
0.143591074163 3.55033303968 0.12297510653
0.1566339608 3.57106984039 0.132416269319
0.169177923992 3.59130424278 0.140423075279
0.181196865355 3.61104153001 0.146804023102
0.192701852884 3.6303479117 0.151387740289
0.203727276245 3.64932793105 0.154015106027
0.214313714035 3.66809552069 0.154533141267
0.224489810965 3.68674222728 0.152792820244
0.234255618493 3.70530660985 0.148652196632
0.243569693101 3.72374880219 0.141985238786
0.25234179072 3.74193371074 0.132695682136
0.260432300479 3.75962535116 0.120734195809
0.267658713378 3.77649352475 0.106116378854
0.273808528736 3.79213255812 0.0889386719467
0.278657176633 3.80609035683 0.0693892682071
0.281988882964 3.81790474087 0.0477515476745
0.28361800841 3.82714309627 0.0243983980605
0.283408304729 3.83344091373 -0.000223083319906
0.281287763332 3.83653485142 -0.0256157317083
0.277257254048 3.83628655328 -0.0512632706275
0.271391901049 3.83269450485 -0.0766649926434
0.263835024429 3.82589259179 -0.101370369151
0.254785379141 3.81613557238 -0.125009546979
0.244479234624 3.80377319784 -0.147315957816
0.233169456526 3.7892160266 -0.168138036104
0.221104099136 3.77289692202 -0.187438233024
0.208507050296 3.75523268244 -0.205278992051
0.195562986348 3.73659017514 -0.221796937657
0.182408329698 3.71726074191 -0.237168025989
0.169129128066 3.69744559266 -0.251567623284

/group/C_ant/60
60
posId 60
0.0698320318257 3.54792230068 -0.234682046317
0.0913362691378 3.57401170305 -0.250207309521
0.112797045633 3.60008451919 -0.26545152325
0.13351968309 3.62520313563 -0.280568157649
0.152943282699 3.6486452833 -0.295440852562
0.17068003025 3.6699593409 -0.309659171028
0.18653261203 3.68898405899 -0.322540880881
0.200488258135 3.70583096065 -0.33319930995
0.212691003846 3.72083270495 -0.340647553408
0.223396587107 3.73446524785 -0.343925627693
0.232916596581 3.74725507314 -0.342232909921
0.241559755065 3.75968462144 -0.335046948728
0.249578402006 3.77210906852 -0.322211199158
0.257127313698 3.78469580461 -0.303978246611
0.264240111348 3.79739460694 -0.281001100159
0.270825929101 3.80994206111 -0.254272317219
0.276686113637 3.82189890291 -0.225018057231
0.281547912767 3.83271431091 -0.19456060737
0.285109774936 3.84180743253 -0.164167551179
0.287091345507 3.84865409357 -0.134907884744
0.287280713945 3.85286603988 -0.107534696457
0.285571999116 3.85425126072 -0.0824105851403
0.281987867239 3.85284675961 -0.0594862568145
0.276683830602 3.84891915603 -0.0383354993803
0.269933843746 3.84293313921 -0.0182419909055
0.262099410663 3.83549238575 0.00167376880825
0.253586755472 3.82726144359 0.0223046980108
0.244798259271 3.81887972493 0.0444050553428
0.236085099395 3.81087977398 0.0684569482625
0.22770775033 3.8036212496 0.09457383725
0.21980977105 3.79724970679 0.122454407495
0.212408302373 3.79168562756 0.151393295903
0.205402230052 3.78664477451 0.180347387923
0.198596399579 3.78168645647 0.208048816025
0.191737973517 3.77628235352 0.23314945136
0.184559334534 3.7698957137 0.254377458134
0.17682109883 3.76205940748 0.270684953351
0.168348930419 3.75244169015 0.281367180967
0.159058909573 3.74089050884 0.286137661369
0.148968043335 3.72745049957 0.285149932172
0.138188833803 3.71235095629 0.278963881024
0.126909290304 3.6959674052 0.268462245481
0.115362013495 3.67876334299 0.254729560175
0.103787655778 3.6612216166 0.238910739266
0.0923989203499 3.64377640666 0.222068925504
0.081351168649 3.62675660616 0.205061902949
0.0707246722957 3.61034958538 0.188453340868
0.0605217203674 3.59459116743 0.172469875113
0.0506794443716 3.57938357141 0.157008316025
0.0410967002599 3.564538714 0.141690073669
0.0316710272403 3.54984024131 0.125953245404
0.0223399392005 3.53511459317 0.109167661012
0.0131198706924 3.52029974664 0.09075524621
0.004136151495 3.50550030691 0.070297739275
-0.00436156501701 3.49101933125 0.0476160908679
-0.0120020769183 3.47736045709 0.0228104271521
-0.0183147467716 3.46519811466 -0.00374442942748
-0.022769312767 3.45531823984 -0.0314461214132
-0.024829127159 3.44853629871 -0.0595464226422
-0.0240114449224 3.44560295238 -0.0872541083999
-0.0199471158509 3.44710981037 -0.1138426453
-0.0124317976287 3.45340811718 -0.138745720766
-0.00146165926403 3.4645518097 -0.161625601336
0.0127516157402 3.48027334478 -0.182403544212
0.0297891287238 3.49999643675 -0.20124735438

/group/C_ant/63
63
posId 63
0.075001408516 3.59639840151 -0.203481461342
0.104158194121 3.62519578746 -0.212727052724
0.132040594316 3.65458535211 -0.215917329308
0.15667922868 3.68237934555 -0.213168669014
0.176619165341 3.70691088809 -0.204721611718
0.191098875007 3.72724203672 -0.190901981449
0.200096665865 3.74321562053 -0.172117373844
0.204242664451 3.75535107939 -0.148881844924
0.204622214878 3.76461838267 -0.121850981236
0.202517542796 3.77214848177 -0.0918450020968
0.199144190013 3.77894834666 -0.059840437705
0.19543541503 3.78568193277 -0.0269203609386
0.191912951887 3.79255795107 0.00581367102335
0.188660358554 3.79933686453 0.0373518024648
0.185391331108 3.80544057737 0.0668831179675
0.181585537697 3.81012599045 0.0938728565965
0.176653098792 3.81267301982 0.11808831526
0.170087786428 3.81254054122 0.139564417162
0.161577568739 3.80945814448 0.158515446906
0.151056142681 3.80344274066 0.175214011
0.138696026873 3.79475065092 0.189867770772
0.124857968366 3.78379180695 0.202526086089
0.110019346911 3.77103904044 0.213041660471
0.0947044759598 3.75696106062 0.221098191656
0.0794330663208 3.74199472811 0.226297473711
0.0646924490547 3.72655521171 0.228282983057
0.0509282900767 3.71106721086 0.226866155729
0.0385411542393 3.69599166903 0.222119402525
0.0278748069243 3.68182320886 0.214407265544
0.0191870043675 3.66904381575 0.204342349312
0.0126030371633 3.65803501569 0.19267200215
0.00806316817485 3.64896873416 0.180120252728
0.00528344969766 3.64171035279 0.167222400423
0.00375190432921 3.63577145329 0.154193456824
0.00277703958295 3.63034214367 0.140865159718
0.00159371406584 3.6244147981 0.126710961132
-0.00048472538006 3.6169867669 0.110957924417
-0.00389503195833 3.60730549871 0.0927638807847
-0.00867139092117 3.59510236962 0.0714225733736
-0.0143518713889 3.58075670611 0.0465526939606
-0.019976367055 3.56534140661 0.0182303162298
-0.0241910055807 3.55052481604 -0.0129627391757
-0.0254508115785 3.53833509371 -0.0459829322935
-0.0222887835457 3.53082580538 -0.079449281658
-0.0136013544971 3.52970682566 -0.111818956993
0.0011076968133 3.53601626885 -0.141576074156
0.0215778810228 3.54990366785 -0.167395917073

/group/C_ant/66
66
posId 66
0.141304378562 3.7055597998 -0.192785103821
0.138184158412 3.71099554883 -0.170055336064
0.133849421618 3.71700342609 -0.142585856887
0.130697573501 3.72540107849 -0.111890892321
0.130267787612 3.73715897501 -0.0794654465165
0.132808570051 3.75206234882 -0.0465393044817
0.137235381084 3.7687144038 -0.0139562371803
0.141487503227 3.7848805014 0.0177964925116
0.143168969421 3.79806884498 0.0484354364185
0.140271847732 3.80617251487 0.0776733507432
0.131759264817 3.80798297476 0.105041139571
0.117836099548 3.80343029113 0.129809979812
0.0998394941115 3.79349459159 0.151045760057
0.0798039731684 3.7798368729 0.167778709624
0.0598563885359 3.76428126161 0.179228554997
0.0416417893145 3.74831866114 0.185004660837
0.0259593594226 3.73278286031 0.185208598738
0.0127075935089 3.7177832874 0.180400442585
0.00112899863462 3.7028880985 0.171437725725
-0.00975518063321 3.68746867642 0.159240518084
-0.0206867314498 3.67106950123 0.144561747371
-0.0318516340988 3.65367011214 0.127839640562
-0.0428030218745 3.63575507092 0.109179808104
-0.0526345496763 3.61818389859 0.0884684175465
-0.0603203415278 3.60192751231 0.0655714097916
-0.0650798887061 3.58778379505 0.0405442851784
-0.06662321533 3.57618665473 0.0137734800556
-0.0651832401774 3.56718086108 -0.0140048622784
-0.0613285367179 3.56056575898 -0.0418184894008
-0.055638059484 3.55614118174 -0.0686663491805
-0.0483765717074 3.55394520232 -0.0937457603355
-0.0393135547106 3.5543728083 -0.116616345407
-0.027776793839 3.55810827334 -0.137238033613
-0.012942629654 3.56587650601 -0.155863812835
0.00572968865379 3.57809343831 -0.172819395494
0.0280769206998 3.59454437035 -0.188243650117
0.0529911844194 3.61422249668 -0.201880775383
0.0784755128186 3.6354139021 -0.213001305073
0.10201448462 3.65603414302 -0.220488309488
0.121168816959 3.67413237126 -0.223071065854
0.134217981663 3.68841302672 -0.219639196147

/group/C_ant/69
69
posId 69
0.0415418674039 3.63878980613 -0.227344059985
0.0681954734033 3.66724847325 -0.222002985319
0.0918600450763 3.69372093428 -0.21320372302
0.111336866871 3.71697263749 -0.201033842484
0.125932120063 3.73628471385 -0.185558531668
0.135555920679 3.75154363417 -0.166854906434
0.140697269947 3.76320289038 -0.145055986682
0.142275165233 3.77211970987 -0.120395051895
0.141398588638 3.77930236452 -0.0932417032255
0.139093094436 3.78562829758 -0.0641228024624
0.136061813741 3.79160272782 -0.0337239605995
0.132540565618 3.79721839764 -0.00286993231392
0.128282298779 3.80195170028 0.0275151491835
0.122671923631 3.80489527304 0.0564643928915
0.114938220232 3.80499185011 0.0830361764718
0.104404503761 3.80130840568 0.106386263381
0.0907109672091 3.79328037227 0.125835308438
0.073951273992 3.78086528563 0.140922492116
0.0546909287787 3.76457057271 0.151436714012
0.0338678039084 3.7453539869 0.157419029608
0.012606483403 3.72442787715 0.159133856836
-0.00800088533701 3.70302117303 0.157011511198
-0.0270891740853 3.68215997903 0.151570012586
-0.0441431662283 3.66251801326 0.143328701689
-0.0590247483484 3.644365602 0.132728827018
-0.0719082323689 3.62761779873 0.120076020343
-0.0831518199068 3.61195680163 0.105516156381
-0.0931469925414 3.59698812765 0.0890499294214
-0.102187844235 3.58238746684 0.0705837374356
-0.110390311963 3.56800502257 0.0500067990448
-0.117671888874 3.55391194335 0.0272786038778
-0.123782635192 3.54039262293 0.00250823778543
-0.128364637128 3.52790084166 -0.0239914630586
-0.131013474406 3.51700287442 -0.0516868146616
-0.131321977598 3.5083262265 -0.0798473479836
-0.1289001652 3.50252150408 -0.107606498709
-0.123379980778 3.50023230902 -0.134046871284
-0.114423280692 3.50205953642 -0.158293312351
-0.101752330982 3.50850590993 -0.179596116955
-0.0852131302431 3.51989472648 -0.197389646223
-0.0648661742616 3.53627083706 -0.211317610807
-0.0410825606274 3.55730652194 -0.221223755483
-0.0146121455829 3.58224405504 -0.227113889206

/group/C_ant/72
72
posId 72
-0.0411481434729 3.60094363319 -0.21187658439
-0.0447780961011 3.59726025482 -0.176877808309
-0.0469887402028 3.59523487222 -0.142303558897
-0.0484499722953 3.59405923454 -0.109517939775
-0.0496047107615 3.59320089777 -0.0793040971955
-0.0505611085911 3.59252915875 -0.0518952433755
-0.0510688158357 3.59234023363 -0.0271370726425
-0.050585570343 3.59327525372 -0.00472444233707
-0.0484179256496 3.59615128367 0.0155614217856
-0.0439014071995 3.60174722104 0.0336847700731
-0.0365755950368 3.61059754223 0.0493025279962
-0.0263110928037 3.6228445616 0.0618376254303
-0.0133576802414 3.63818477857 0.0706515405251
0.00169703192417 3.65592091939 0.0752598509609
0.0180465889869 3.67510463314 0.0755218295022
0.0348312079272 3.69473233008 0.0717423931453
0.0513076373393 3.71394407742 0.064649924489
0.0669810375183 3.73217589568 0.0552495419601
0.0816672310807 3.74922892522 0.0445881703126
0.0954722388805 3.76524115489 0.0334948666421
0.108697531964 3.78057280379 0.0223695104413
0.12169826202 3.79563836048 0.0110821583491
0.134733035343 3.81073107258 -0.000983279442209
0.147844779746 3.82588619557 -0.0147462701723
0.160802894914 3.84081769715 -0.0311516214613
0.173119880138 3.85494272009 -0.0508676802126
0.184135677296 3.8674845498 -0.0740412137785
0.193145426829 3.8776244644 -0.100176772176
0.199535835304 3.88466104242 -0.128177047799
0.202894540196 3.88813523766 -0.15653887302
0.203065711449 3.88789059756 -0.183658053311
0.200141007473 3.8840571194 -0.208166312395
0.19439338914 3.87696897478 -0.229213406102
0.186177050629 3.86704460907 -0.24661999455
0.175825501434 3.8546674859 -0.260859201207
0.163579257431 3.84010434906 -0.272868708282
0.14956491764 3.82348579241 -0.283739368813
0.133831407033 3.80485462454 -0.294359116715
0.116431413333 3.78426647989 -0.305103759998
0.0975216056333 3.76191036356 -0.315655553074
0.0774482706157 3.73820918082 -0.324998876939
0.0567876579013 3.71386414633 -0.331597971579
0.0363220483151 3.68982147165 -0.333715867044
0.0169502648445 3.66716108252 -0.329798214459
-0.000449771018794 3.64692953208 -0.318829679777
-0.0151740096957 3.6299565462 -0.300577918817
-0.0268218103901 3.61670183024 -0.275668806726

/group/C_ant/75
75
posId 75
-0.0132271801337 3.70613233245 -0.25897010382
-0.0256774741301 3.6810469202 -0.23911116785
-0.038413056042 3.65571658123 -0.219636216997
-0.0505468540852 3.63135811768 -0.20050913241
-0.0609820975225 3.6093680388 -0.181410723867
-0.068620284831 3.59108121402 -0.161858915986
-0.072569700886 3.5775450175 -0.141370273572
-0.0723100305101 3.56935738099 -0.119629112956
-0.0677795598096 3.56660066928 -0.0966271005352
-0.0593696446571 3.56887999465 -0.0727411789946
-0.047832170196 3.57545025218 -0.0487300458705
-0.034124667432 3.58539664273 -0.0256466313932
-0.0192302548565 3.59782328196 -0.00468228651589
-0.00399294205303 3.61200579125 0.0130264176399
0.0109973689398 3.62747576916 0.0265887364451
0.0254497499177 3.6440243621 0.0355090277643
0.0393444798059 3.66163366992 0.0397632127775
0.0528475867303 3.6803628987 0.0397867098075
0.066195342631 3.70022645734 0.0363768044934
0.0795813850446 3.72110115396 0.0305302795189
0.0930755841113 3.74268955838 0.0232502364199
0.106592908449 3.76454933842 0.0153615915444
0.119915474837 3.78617867033 0.00737166634
0.132755795549 3.80713099951 -0.000598463229125
0.144837997044 3.82712304678 -0.00880200718443
0.155969402294 3.84610062686 -0.017781212503
0.166078423473 3.8642375385 -0.028230796108
0.175205162639 3.88186082112 -0.0408410160883
0.183445588586 3.89931638971 -0.0561529547155
0.190864685902 3.91680699587 -0.0744529291496
0.197404542428 3.93424475155 -0.0957218065681
0.202816938094 3.9511600863 -0.119641374805
0.206645405921 3.9666976461 -0.145647227827
0.208269885475 3.97970974946 -0.173008857857
0.207010854909 3.9889343071 -0.200914641473
0.202273324635 3.99322240256 -0.228542441022
0.193698626957 3.99176651438 -0.2551043216
0.181286969495 3.98427742134 -0.279863937858
0.165457872302 3.97106727719 -0.302134512554
0.14702826203 3.95301626948 -0.321271353514
0.127106376819 3.9314261898 -0.336673888476
0.106919448047 3.90779009671 -0.347808025811
0.0876095831689 3.88352690475 -0.354251543315
0.0700412681422 3.85973842647 -0.35575557246
0.0546630296582 3.83704192252 -0.352306972236
0.0414549610129 3.81551447882 -0.344172066569
0.0299753236778 3.79476034406 -0.331903429813
0.0194974646741 3.77408456221 -0.316298251221
0.00920790931874 3.75273229083 -0.298307845004

/group/C_ant/78
78
posId 78
-0.0221682182469 3.62894258476 -0.0690913058002
-0.0437260815539 3.61731289663 -0.0971157885925
-0.0625897029465 3.61039029041 -0.126157535067
-0.0777986493228 3.60838258263 -0.154536968295
-0.088904727495 3.61105355555 -0.181007451384
-0.0960217928456 3.61777736775 -0.204932945384
-0.0997377038786 3.62768048473 -0.226304732174
-0.100913139687 3.63983660901 -0.245599903109
-0.100422889357 3.65346472703 -0.263526282367
-0.0989105840901 3.66807852256 -0.280727341404
-0.0966233575217 3.683547831 -0.297528728229
-0.0933699130159 3.70005627925 -0.31379348959
-0.0886105310846 3.7179673617 -0.328920490867
-0.0816506111664 3.73763616372 -0.341979511566
-0.07188086346 3.75921880594 -0.351938776811
-0.0589952187091 3.78253229012 -0.357916838836
-0.0431251277441 3.80700360517 -0.359387105447
-0.0248537600724 3.83172256019 -0.356280329044
-0.00510836214654 3.85558464588 -0.34896246315
0.0150363755299 3.87748610234 -0.33810266595
0.0345865760365 3.89651990774 -0.324477773264
0.0528241305999 3.91212217357 -0.308776129691
0.0694147178017 3.92413298079 -0.291460728629
0.0844018242219 3.93275971137 -0.27273052923
0.0980935730642 3.93845752951 -0.252586357781
0.110880338446 3.94176336311 -0.230974059558
0.123040506017 3.94313059089 -0.207952923119
0.134593805642 3.94280892552 -0.183829395652
0.145246010937 3.94079890352 -0.159207193825
0.154440319599 3.93688766409 -0.134931708713
0.161498007797 3.93074911803 -0.111940903027
0.165803803405 3.92207404191 -0.0910661335796
0.166977955232 3.91068901308 -0.0728447369413
0.164981195909 3.8966290191 -0.0574057873657
0.160119427484 3.88014486628 -0.0444707857336
0.152945816553 3.86164796083 -0.0334775948663
0.144089805958 3.8416149689 -0.0237984150389
0.134065731415 3.82048716162 -0.0149921728549
0.123121185348 3.79860019053 -0.00701772583188
0.111174541041 3.77616939146 -0.000341482221125
0.0978650778598 3.75333681553 0.0040999910917
0.0827054444379 3.73026492655 0.00508226157975
0.0652946681874 3.70724495289 0.00137904736052
0.0455299712405 3.6847806746 -0.00792008905073
0.0237534156501 3.66361349647 -0.023144043668

/group/C_ant/81
81
posId 81
-0.0352632904095 3.64226558503 -0.0646809401531
-0.0572481501879 3.63286615662 -0.0908493344098
-0.0763269370326 3.6284357871 -0.118391962179
-0.0915684779391 3.62941000314 -0.146248978616
-0.102613581707 3.63566600873 -0.173634402331
-0.109733309756 3.6464910542 -0.200096761799
-0.113734200215 3.66068694515 -0.225489275743
-0.115730440984 3.67679430948 -0.249863209494
-0.11683840532 3.69338753911 -0.273317432526
-0.117870554878 3.7093702247 -0.295847511913
-0.119107533411 3.7241974513 -0.31723637321
-0.120208536213 3.73796699945 -0.337016198652
-0.120285383264 3.75135273725 -0.354511281125
-0.118124023567 3.76539254 -0.36894944209
-0.112499254315 3.78117997787 -0.379611280331
-0.102504140714 3.79953419488 -0.385976784924
-0.0878113429027 3.82072919449 -0.38783018874
-0.068800465736 3.84435016075 -0.385295820411
-0.0465192967994 3.86931372988 -0.378796764072
-0.0224886585963 3.89404897044 -0.368949092207
0.00160024685581 3.91679637328 -0.356421574874
0.0242207498621 3.93595337487 -0.341799460641
0.0442957258186 3.95038407754 -0.325488885715
0.0613646912653 3.95962051554 -0.307686361801
0.0755962253716 3.96391040821 -0.288419037936
0.087648998613 3.96410464993 -0.267641254934
0.0984229773235 3.9614169621 -0.245356918433
0.108768977795 3.95711824863 -0.221729855629
0.119232952039 3.95224181551 -0.197147662546
0.129899436205 3.9473696879 -0.172217713763
0.140370076953 3.94254684604 -0.147693395585
0.149876000761 3.93733584854 -0.124348888951
0.157487102274 3.93098825048 -0.102836327932
0.162356634748 3.92268089158 -0.0835654981834
0.163932210414 3.91175167503 -0.0666414826908
0.162076078013 3.89787388623 -0.0518808887653
0.157064767306 3.88112856617 -0.0389063349042
0.149473135469 3.8619648452 -0.0272973207159
0.139980749893 3.84106982332 -0.0167592884381
0.129160277787 3.81919377668 -0.00726613803545
0.117312146333 3.79698665964 0.000863340487223
0.104395972786 3.77489555336 0.00697883305218
0.0900810148521 3.75315203154 0.0102029137845
0.0739030522865 3.73184952906 0.00960442706959
0.0554834341169 3.71108213601 0.00440066898004
0.0347464471325 3.69109613479 -0.00585988779153
0.0120693372118 3.67239996703 -0.0211784609883

/group/C_ant/84
84
posId 84
-0.00743982938661 3.69661414595 -0.0201715153774
-0.0272417334247 3.67905983602 -0.0268590117975
-0.0469161443799 3.66274643688 -0.0355388792933
-0.06616030857 3.64816324652 -0.0465075304056
-0.0844774503519 3.63590639592 -0.0598782504669
-0.101227490845 3.62659521549 -0.0755285381417
-0.115722772903 3.62077021066 -0.0931014577804
-0.127347746182 3.61879533411 -0.112061168855
-0.135675268985 3.62078683524 -0.131789862685
-0.140552177994 3.62658538521 -0.151703251464
-0.142133136194 3.63577866798 -0.171356917938
-0.140853098238 3.64777035973 -0.190517449244
-0.137342480461 3.66188097327 -0.209180064274
-0.132302163117 3.67745882717 -0.22752668658
-0.126364795984 3.69397708927 -0.245832349114
-0.119972359469 3.71109599813 -0.264340253116
-0.113296707837 3.72867728996 -0.283133854288
-0.106220567007 3.74674876193 -0.302036095274
-0.0983832270593 3.76542830279 -0.320560838824
-0.0892809215817 3.78482601272 -0.337930717027
-0.0783998249426 3.80494808235 -0.353161353203
-0.0653524410577 3.82562573455 -0.365197383835
-0.0499875155757 3.84648681354 -0.373074144748
-0.032449619114 3.86697782161 -0.376072883057
-0.0131758597448 3.88643257103 -0.373838279289
0.00716876869421 3.90417278869 -0.366434738001
0.0278022807358 3.91961845687 -0.354330652745
0.047957597137 3.93238313246 -0.338314867633
0.0670058526811 3.94233256023 -0.319363541172
0.0845438777664 3.94959290789 -0.298485510143
0.100427113145 3.95450610639 -0.276577922054
0.114741885705 3.95754156262 -0.254320625021
0.12772491101 3.95918326542 -0.232128400821
0.139649917114 3.95981682762 -0.210166785921
0.15070867563 3.95964105358 -0.188422987992
0.160914822327 3.95862318734 -0.166811474828
0.170053436625 3.95650731497 -0.145286828482
0.177688700764 3.95287365482 -0.123935902624
0.183228538606 3.94723531606 -0.103027197386
0.186032026794 3.93915104151 -0.0830062076004
0.185535576569 3.92832926299 -0.0644387246973
0.181369629196 3.91470116032 -0.0479165815512
0.17343983769 3.89844773911 -0.0339492267196
0.161954875812 3.87997651611 -0.0228677693642
0.147395214271 3.85985478559 -0.0147650462574
0.130430607341 3.83871603419 -0.00948660612268
0.111805549305 3.81716170145 -0.00667535396057
0.0922189450945 3.79568090391 -0.00585982308112
0.0722251046535 3.77460591188 -0.00656565246291
0.0521777466687 3.7541122609 -0.00842428201978
0.0322282710842 3.73426150021 -0.0112534449192

/group/C_ant/87
87
posId 87
0.0628635173233 3.81534164305 -0.0645715648628
0.0656683783774 3.82849510839 -0.10485540756
0.0656226727869 3.8391462501 -0.144514478504
0.0627185903447 3.84677487507 -0.181642369305
0.0570649231712 3.85112810969 -0.214970306534
0.0489489513405 3.85231181718 -0.244018342479
0.0388660451298 3.85081212226 -0.269085290249
0.0275015203315 3.84743558629 -0.291081871361
0.0156608366522 3.84317512551 -0.311245270101
0.00415748200398 3.83902641517 -0.330798518524
-0.00632037357074 3.8357921426 -0.350629292741
-0.0153360747503 3.83391600872 -0.371057369276
-0.0227942517424 3.8333835766 -0.391739451673
-0.0289708816707 3.83371378691 -0.411729014224
-0.0344721247462 3.83404600675 -0.429674235969
-0.0401254617563 3.83330698895 -0.44410677019
-0.0468216446032 3.83042463751 -0.453754756374
-0.0553374871026 3.82454493222 -0.457809347958
-0.0661748578996 3.81520718358 -0.456085848921
-0.0794490146953 3.80244132223 -0.449045462618
-0.0948499345764 3.78676737147 -0.437675857767
-0.111685478045 3.76909803358 -0.423260853119
-0.128998226994 3.7505658925 -0.407094215762
-0.145732344526 3.73231258786 -0.390204320935
-0.160916216669 3.71528498295 -0.373152707389
-0.173823305313 3.70008118745 -0.35595142149
-0.184078341854 3.68687783968 -0.33811581539
-0.191687735415 3.67545189491 -0.318837769889
-0.196989321942 3.66528936723 -0.297236512442
-0.200533813127 3.65575464546 -0.272626697053
-0.202924776512 3.64628128152 -0.244740175829
-0.204652564728 3.63654126316 -0.21384955603
-0.205958490156 3.62655545963 -0.180765368327
-0.206758589317 3.61672175234 -0.146708842621
-0.206643133436 3.6077561106 -0.113091787629
-0.204951563239 3.60056126622 -0.0812569668692
-0.200906388734 3.59605331882 -0.0522415135437
-0.193777304506 3.59498511674 -0.0266201745442
-0.18304093191 3.5978048323 -0.00446585545801
-0.168503346935 3.60457907598 0.0145634238875
-0.150361323132 3.61499442664 0.0310327979758
-0.129191903826 3.62843307868 0.0454815522016
-0.105875362499 3.64410166369 0.0581791833095
-0.0814703432402 3.66118101534 0.0689490267332
-0.0570689958454 3.67896122807 0.0771072255608
-0.0336623772878 3.6969314582 0.0815384352796
-0.0120419705547 3.71480617076 0.0808976185726
0.00724685563979 3.73248591746 0.0738969631585
0.0238967268797 3.74996726346 0.0596154231276
0.0377857650993 3.76722917833 0.0377607697401
0.0489008186866 3.7841290143 0.00882233222018

/group/C_ant/90
90
posId 90
0.0326648796501 3.80746274787 -0.0160564566473
0.0078828517657 3.78890576199 -0.00352219135443
-0.0167568685169 3.77078833647 0.00613759464449
-0.0412769902632 3.75321487155 0.0119126496667
-0.0656740841051 3.73627293311 0.0130859013767
-0.0898312403952 3.72007776861 0.00936505921126
-0.113462573971 3.70480577414 0.000922616032916
-0.13610395319 3.6907077558 -0.011662022785
-0.157153387349 3.67809768648 -0.0275420088075
-0.175952702446 3.66731859436 -0.0457893743203
-0.19189220361 3.65869285149 -0.0655833031439
-0.204514274504 3.65246814101 -0.086355871069
-0.213591656528 3.64877181272 -0.107861622465
-0.219161570496 3.64758482172 -0.130156013943
-0.221506683679 3.64874229199 -0.15348983923
-0.221085956906 3.65196187408 -0.17814706573
-0.218429886655 3.65689479738 -0.204267295469
-0.214022954684 3.6631892787 -0.231698068474
-0.20819929604 3.67055294551 -0.259915489897
-0.201074933109 3.67880087255 -0.288035722102
-0.192531968882 3.68787875975 -0.31491843034
-0.1822586623 3.6978560681 -0.339341297311
-0.169836901619 3.70889041297 -0.360207367901
-0.154858045477 3.72117075129 -0.376738347486
-0.137041794789 3.73485150128 -0.388609156457
-0.116332111813 3.74999167671 -0.395991648282
-0.0929493538785 3.76651197277 -0.399495621715
-0.067387563929 3.78417877205 -0.400018511292
-0.0403580396313 3.80261814117 -0.398536100844
-0.0126921302967 3.82135638655 -0.395880434835
0.0147749812174 3.83987808267 -0.392554563869
0.0413139375957 3.85768893163 -0.388625967129
0.0663807359651 3.87437012853 -0.383723126842
0.0896498787403 3.88961321011 -0.37713666556
0.110995833306 3.90322909555 -0.368002895278
0.130429509077 3.91513108338 -0.355528908805
0.148006808474 3.92529755353 -0.339208734159
0.163732618194 3.93372467288 -0.318981788035
0.177484450292 3.94038149208 -0.295297560545
0.188975150848 3.94517899788 -0.269071307692
0.197764794329 3.94796116915 -0.24153983735
0.203320234535 3.94852071261 -0.214048774962
0.205109483186 3.94663618668 -0.187817962934
0.202709744517 3.94212204593 -0.163736447957
0.195904473395 3.93487995533 -0.142231775266
0.184747043808 3.92493926344 -0.123241577363
0.169576003974 3.91247688825 -0.106292510626
0.150977753923 3.89781150189 -0.09066764105
0.129704313466 3.88137272414 -0.0756238067548
0.106563932728 3.86365169464 -0.0606096747952
0.0823083166783 3.84514357987 -0.0454355455627

/group/C_ant/93
93
posId 93
0.000224437771077 3.81135425999 -0.019990287559
-0.0275749724889 3.79374528747 -0.00581554076966
-0.0560399301812 3.77579209659 0.00645167054116
-0.0846612347771 3.75784915648 0.0156244082387
-0.112823462565 3.74033475466 0.0205622558701
-0.139816936102 3.7237166395 0.0203742245347
-0.164875796652 3.70848324067 0.014573610546
-0.187240296866 3.69510264787 0.00315516402634
-0.206235275418 3.6839747249 -0.0134178257192
-0.221351766474 3.67538415251 -0.0343094952834
-0.232316113127 3.66946318948 -0.0584661075294
-0.239131592206 3.66617215666 -0.0847937999763
-0.242081526065 3.66530309868 -0.112320600081
-0.241689518046 3.66650816925 -0.14030956804
-0.238640532005 3.6693497506 -0.168302778362
-0.233674397865 3.67336505797 -0.196092779179
-0.227469295776 3.67813488917 -0.223635177126
-0.220535523318 3.68334493683 -0.250929155195
-0.213138695277 3.68882901164 -0.277899080751
-0.205266579646 3.6945865088 -0.304308580833
-0.196645948391 3.70077094953 -0.32972915737
-0.186806642787 3.70765158412 -0.353570952536
-0.175181344453 3.71555485339 -0.375167209646
-0.161223042584 3.72479603523 -0.39389020684
-0.144519181809 3.73561297319 -0.409268291258
-0.124882528184 3.74811311656 -0.421073073455
-0.102403631625 3.76224236591 -0.429352998616
-0.0774573492246 3.77777999978 -0.434402682411
-0.0506646412775 3.79435912259 -0.436673424042
-0.0228189779913 3.81150758575 -0.436645318754
0.00520740190257 3.82870105423 -0.434691724222
0.0325595456837 3.84541839897 -0.430969901769
0.0584813914124 3.86119008033 -0.425366563042
0.0823704716791 3.87563242302 -0.41751484015
0.103799727188 3.88846409126 -0.406882602824
0.122507562358 3.89950486825 -0.392914895624
0.138363503582 3.9086602094 -0.375199593003
0.151320886882 3.91589730513 -0.353618469036
0.161369187402 3.92121917656 -0.328447541118
0.168496877228 3.92464261119 -0.300380613811
0.172671690976 3.92618384141 -0.270466320388
0.173840007233 3.92585334078 -0.239968047629
0.171942039432 3.92365862862 -0.210173658718
0.166935877692 3.91961213612 -0.182193902769
0.158821940806 3.91374039881 -0.15679201199
0.147660313936 3.90609120794 -0.134281275097
0.133576376983 3.89673667807 -0.114513455126
0.116754183774 3.88577202604 -0.0969617576757
0.0974210775556 3.87331163871 -0.0808818179064
0.0758298964637 3.85948519251 -0.0655173022036
0.0522460212144 3.84443680434 -0.0503069377902

/group/C_ant/96
96
posId 96
-0.110327913935 3.76704384532 -0.0196387047262
-0.0832546303262 3.78280547629 -0.00178339763868
-0.0569169405757 3.79807675814 0.0124067717755
-0.032020211708 3.81245196535 0.0227189528422
-0.00874509860899 3.82583253778 0.0293727094617
0.0131690641465 3.83837689207 0.032881081089
0.0342300252003 3.85038536208 0.0338211957318
0.0549450878451 3.86215439101 0.0325839263644
0.075591030766 3.87384178762 0.029181422638
0.096065246208 3.88538061353 0.0231772149646
0.115857017315 3.89646445852 0.0137695442808
0.134142520071 3.90660587578 1.41310259527e-05
0.149971619032 3.91524870794 -0.0188694763293
0.162489062438 3.92190000366 -0.0431912057333
0.171124465504 3.92624246135 -0.0725710146913
0.175696597368 3.92819507093 -0.105873822201
0.176404392801 3.92790572312 -0.141325937389
0.173711657042 3.92568017324 -0.176791492957
0.168164326735 3.92187075673 -0.210143721096
0.160198972177 3.91676005527 -0.239639459116
0.150003191431 3.91047586458 -0.264203559529
0.137472188144 3.90296404056 -0.283553501434
0.122276107388 3.89402805335 -0.298136944757
0.10401854394 3.88342366504 -0.30890445557
0.0824382613087 3.87098015601 -0.316982451737
0.0575920799591 3.85671103234 -0.323335821874
0.0299613900099 3.84087971691 -0.32850917388
0.000446591710793 3.8239986492 -0.332510851404
-0.0297534174562 3.80675971607 -0.334862127557
-0.0593454825145 3.78991426283 -0.3347874058
-0.0871736551099 3.77413606994 -0.331483049064
-0.11241252289 3.75990609849 -0.324383212247
-0.134667406231 3.74745181756 -0.313345740043
-0.153953157159 3.73675818738 -0.298707816421
-0.170558705074 3.72764642674 -0.281201336183
-0.184838261096 3.71989665142 -0.261759844959
-0.196992277757 3.7133772318 -0.241280066863
-0.206905216393 3.70814124039 -0.220412576238
-0.214091514569 3.70445949228 -0.199445069778
-0.217770190988 3.70277789002 -0.178311694137
-0.217051089199 3.70360887061 -0.156722277304
-0.211182623291 3.70738634332 -0.134368149214
-0.19979168083 3.71432490198 -0.111137723764
-0.18304675026 3.7243239155 -0.0872721838251
-0.161695452432 3.73694528689 -0.0634102455837

/group/C_ant/99
99
posId 99
-0.15379762556 3.75670269563 -0.0524454573598
-0.129299155733 3.77132033827 -0.0273366911198
-0.103625606149 3.7863002345 -0.0062391826502
-0.0783703987486 3.80076782311 0.0103866207259
-0.0546215341397 3.81413808286 0.0224130961353
-0.0328109769203 3.82619291709 0.0300076866821
-0.0127224200169 3.83707201482 0.0335555927553
0.00634752256387 3.84718095122 0.0335604387623
0.0253164914951 3.85704002956 0.0305436355371
0.04500032351 3.86711137905 0.0249618049969
0.0658320364328 3.87764670881 0.0171562198143
0.0876849193094 3.88859270795 0.00734013262702
0.10984277398 3.89957672046 -0.00437891957648
0.131123949313 3.90997554102 -0.0179522117187
0.15012795464 3.91904981997 -0.0333331977936
0.165543408584 3.92611060394 -0.0504266806298
0.176441203002 3.9306768536 -0.0690562314368
0.182480628358 3.93258520911 -0.0889564596769
0.183977792885 3.93202517145 -0.109789732952
0.181819601198 3.92949126711 -0.131180605485
0.177244452277 3.92566411812 -0.152757095307
0.171543344972 3.92124964507 -0.174186984079
0.165754272923 3.91681565728 -0.195199582363
0.16042399904 3.91266541679 -0.215588148525
0.155494322437 3.90877838356 -0.235193989953
0.150339071985 3.9048316367 -0.253878581347
0.143940972659 3.90029559066 -0.271493359562
0.135163420699 3.89457951435 -0.287857312419
0.123049474483 3.88719047571 -0.302749974532
0.107074563062 3.87786656597 -0.315922691321
0.0872918533893 3.86665221936 -0.327125347353
0.0643366854047 3.85389832836 -0.336140775374
0.0392920452862 3.84018889012 -0.342816205183
0.013451779959 3.82621432128 -0.347081264666
-0.0119565207025 3.81262473722 -0.348945298572
-0.036017612466 3.79990112918 -0.348472371832
-0.058280962799 3.78827735391 -0.345738854143
-0.0787812503237 3.77773246482 -0.340784207823
-0.0979230814237 3.76805455518 -0.333568916728
-0.116261279944 3.75895859608 -0.323953345955
-0.134235512153 3.75022647281 -0.311707499053
-0.151930589567 3.74183119509 -0.296554861313
-0.168928281655 3.73401071237 -0.278245289486
-0.184294125178 3.72726911252 -0.256644175075
-0.196709017849 3.72230119113 -0.231819789076
-0.204718686797 3.71985592782 -0.204109232132
-0.20704358846 3.72057040174 -0.174146326872
-0.202875116912 3.72481407525 -0.142841638102
-0.192085473055 3.73258198283 -0.111314190584

